71.049802287 38.40866445
71.05714034 38.409026184
71.064943482 38.411816712
71.076984091 38.412178447
71.089386434 38.409853007
71.11739506 38.398639221
71.155945679 38.37621165
71.217699016 38.325827128
71.300122925 38.298697001
71.334384399 38.280661927
71.358155558 38.251258037
71.36451176 38.206816305
71.359085734 38.184104513
71.340947306 38.140928854
71.334539429 38.111679993
71.316039266 38.083283793
71.302396688 38.042330221
71.272631063 37.997991842
71.265913127 37.972541199
71.255784546 37.949881083
71.254544312 37.939287415
71.258265015 37.926471659
71.263536011 37.924352926
71.271184123 37.926187439
71.281829468 37.924998881
71.319759969 37.900581767
71.341154013 37.89329539
71.360997762 37.902028707
71.379187866 37.912932434
71.501195923 37.946212057
71.537059367 37.944455058
71.567341757 37.928073629
71.597727499 37.898359681
71.590286093 37.891435038
71.593386678 37.879342753
71.595040324 37.857535299
71.594213501 37.83376414
71.590286093 37.815729065
71.57467981 37.798004049
71.537782837 37.779038798
71.529514608 37.761132915
71.531168254 37.751753642
71.540263306 37.730514629
71.542537069 37.719559225
71.540883423 37.709714865
71.529514608 37.678579814
71.524760376 37.647728984
71.522073202 37.637626241
71.517215617 37.629228821
71.505123332 37.615999655
71.501505982 37.610341085
71.497165161 37.566545309
71.511221151 37.485878398
71.501505982 37.445777487
71.49024052 37.423375753
71.487139933 37.409087219
71.494684692 37.370691631
71.496545044 37.328523662
71.49385787 37.30754303
71.487863404 37.294985657
71.48703658 37.267054546
71.450139607 37.216670024
71.453756958 37.192614645
71.446832316 37.183597107
71.441044556 37.168430074
71.433189738 37.127347311
71.431122681 37.066989237
71.433189738 37.054741924
71.439184204 37.044096578
71.456444133 37.022547506
71.45995813 37.010739441
71.45995813 36.969785868
71.463058716 36.948081767
71.471740356 36.930046692
71.528481079 36.856149394
71.538506307 36.836098938
71.545327596 36.790003561
71.552872356 36.76959137
71.563931112 36.750677796
71.577366984 36.733262838
71.611060018 36.7048408
71.653021281 36.687012431
71.699943482 36.678640849
71.748519328 36.678640849
71.797611939 36.686082255
71.836575969 36.699156392
72.12668746 36.872737529
72.152835734 36.895707703
72.186838826 36.9113915
72.195933879 36.918987936
72.21040328 36.936609599
72.220325155 36.945549622
72.259805949 36.9673054
72.360988404 37.000274964
72.405946899 37.007664693
72.474986613 36.997484436
72.508679647 37.011075338
72.657714478 37.028826192
72.666602824 37.038334656
72.672700643 37.057609965
72.714351848 37.109984029
72.76096399 37.187498678
72.790729614 37.220261536
72.830520467 37.239769389
72.877442668 37.246874898
72.902247356 37.253799541
72.924261515 37.274831849
72.995574992 37.309300029
73.067508586 37.315061951
73.087765748 37.326069031
73.099237915 37.339866638
73.11639449 37.369063823
73.132104126 37.384385885
73.170241333 37.408260396
73.179026326 37.410740866
73.200627075 37.404177959
73.211479126 37.408260396
73.260261679 37.450040792
73.276074667 37.459471741
73.296331828 37.464949443
73.321239868 37.4670165
73.345011027 37.464484355
73.361857544 37.456396994
73.378394003 37.452547099
73.440612427 37.479935608
73.485260864 37.480969137
73.605046835 37.445777487
73.674499959 37.431049703
73.71780481 37.43182485
73.753461548 37.428388367
73.74705367 37.403118592
73.745916789 37.394902039
73.745710083 37.352863262
73.7390955 37.338342184
73.722248983 37.322451681
73.704989054 37.310953674
73.6904163 37.305217591
73.651969035 37.302065328
73.630988403 37.295993348
73.609904419 37.281394756
73.597295369 37.261809387
73.60163619 37.240880432
73.617655884 37.233180644
73.659927205 37.243748475
73.680494425 37.242456563
73.688039184 37.236901347
73.702405233 37.221165874
73.709226522 37.21700592
73.71997522 37.217548524
73.736201619 37.227651266
73.746123495 37.230545146
73.768654419 37.2288915
73.783950643 37.225894267
73.798213339 37.228529765
73.836247192 37.256745097
73.856401001 37.261576843
73.89929244 37.265478415
73.955619751 37.286769104
73.976703736 37.290283102
74.052151326 37.312245586
74.163255657 37.330073954
74.187646932 37.338393861
74.206043742 37.355653789
74.207697388 37.389915263
74.223923788 37.403351136
74.250382121 37.403687032
74.279424276 37.397511699
74.303815552 37.400173035
74.315597779 37.426915588
74.320868774 37.413893128
74.332444296 37.420352681
74.34381311 37.420998637
74.353631632 37.415908509
74.368204386 37.396374818
74.378126262 37.393765158
74.389391724 37.393403422
74.418330526 37.389191793
74.435900513 37.392344055
74.454814087 37.393635966
74.476621541 37.386091208
74.512691691 37.377228699
74.521166626 37.375600891
74.529848267 37.375755921
74.631444133 37.381078593
74.660382935 37.393971863
74.788540487 37.33115916
74.816859172 37.306922913
74.862644491 37.244601135
74.892306763 37.231113587
74.813138468 37.215429789
74.794018189 37.213931173
74.783269491 37.219667257
74.743995402 37.288396912
74.737380819 37.296122538
74.721464477 37.297776185
74.709372192 37.290825704
74.698933553 37.28030955
74.676299276 37.263721415
74.670924927 37.261344299
74.650977824 37.259638977
74.646326945 37.254833069
74.643019653 37.248373515
74.629997193 37.238296611
74.627206665 37.234317525
74.623279256 37.230803528
74.615011027 37.228374736
74.609016561 37.230183411
74.596510865 37.240751241
74.589999634 37.243360901
74.575943645 37.242146505
74.532225382 37.232198792
74.500082642 37.231630351
74.487266886 37.225945943
74.476621541 37.210055441
74.467629842 37.18992747
74.456674439 37.17731842
74.44158492 37.170548808
74.420294231 37.168068339
74.382260376 37.172047425
74.36830774 37.167060649
74.366137329 37.147759501
74.382570434 37.126572164
74.414403117 37.107839457
74.476621541 37.083138123
74.494088176 37.066472473
74.50576705 37.047042135
74.519202922 37.030247294
74.542353963 37.021669006
74.547418254 37.01567454
74.549278606 37.008930766
74.548141724 37.00164439
74.544214315 36.994022115
74.537393026 36.962241109
74.521373331 36.958494568
74.501736287 36.972421367
74.483649536 36.993970439
74.480342244 36.996915995
74.476621541 36.99931895
74.456984497 37.00438324
74.435590454 37.003220521
74.394042603 36.994022115
74.368101033 36.976762187
74.284591919 36.934232483
74.235706015 36.902167257
74.21172815 36.895139262
74.145995728 36.901702169
74.129665975 36.898420716
74.115299927 36.889532369
74.108788696 36.875631409
74.103931112 36.841318258
74.094319295 36.831241354
74.035304809 36.815583394
74.006366007 36.815738424
73.976703736 36.824833476
73.94693811 36.830879618
73.865082642 36.872582499
73.834076783 36.882866109
73.772891887 36.892012838
73.711841991 36.894138894
73.711334904 36.894156553
73.711128302 36.894163748
73.709482565 36.894221061
73.640083456 36.896637878
73.509342082 36.878680318
73.476889282 36.882866109
73.445883423 36.88648346
73.37973759 36.879248759
73.331781861 36.882090963
73.281862427 36.867983297
73.267496379 36.866536357
73.252716919 36.868034973
73.223468058 36.874339498
73.191842082 36.877026673
73.042497192 36.864262594
73.026270793 36.859456685
73.002292928 36.846124166
72.990510702 36.841576641
72.976764771 36.842093404
72.945862264 36.852221985
72.921057576 36.8473644
72.896873006 36.836977437
72.867727498 36.830414531
72.779360799 36.82679718
72.695851685 36.836719055
72.629602499 36.832946676
72.565213664 36.820596008
72.51674117 36.800597229
72.454109334 36.757964173
72.433128703 36.753416646
72.387343384 36.755793762
72.346208944 36.744890035
72.301973918 36.742719625
72.213607219 36.726441549
72.169682251 36.711352031
72.153455852 36.702101949
72.149631796 36.68933787
72.164617961 36.670062562
72.171645956 36.653629456
72.154179321 36.645464579
72.096095011 36.638901672
72.070876912 36.632287089
72.059094686 36.627119446
72.050413045 36.618644512
72.052170044 36.610376282
72.056304159 36.601901347
72.054960571 36.592857972
72.038837525 36.580455627
71.997806438 36.57244578
71.977032511 36.56304067
71.960909465 36.549604797
71.9134705 36.527590637
71.899724569 36.518340556
71.887632283 36.508005269
71.874713176 36.499065246
71.858590129 36.494155986
71.793787882 36.490745341
71.773220662 36.48004832
71.77456425 36.448422343
71.79151412 36.421292216
71.794408 36.407597962
71.782625773 36.396539205
71.766916138 36.39183665
71.750999797 36.391113179
71.73632369 36.395919088
71.706868123 36.421447245
71.649300578 36.452763163
71.629146769 36.459532776
71.6104399 36.457930806
71.600724731 36.449300843
71.588735799 36.418450013
71.580364217 36.402326965
71.572302694 36.39168162
71.547187948 36.371631165
71.54222701 36.356386618
71.55266565 36.340987041
71.558350057 36.327861227
71.538919718 36.319282939
71.514631795 36.315200501
71.495821574 36.309619446
71.47907841 36.300524394
71.40275232 36.231381327
71.382443481 36.218565573
71.319139852 36.200582174
71.313972209 36.194019267
71.309011271 36.172728577
71.302086629 36.163323467
71.292681518 36.157897441
71.262295776 36.146115215
71.223073364 36.125392965
71.217699016 36.118054912
71.212634726 36.096815898
71.207622111 36.087617493
71.175376017 36.061159159
71.16591923 36.045707906
71.169913422 36.030801746
71.170931844 36.027001037
71.181887248 36.018836162
71.217854044 36.002713114
71.231910034 35.993979798
71.257438192 35.971552226
71.284309936 35.962457174
71.312525269 35.957392883
71.341567424 35.947264303
71.35639856 35.933053284
71.360687704 35.900290426
71.371333049 35.885149231
71.416704956 35.858845927
71.431019328 35.843704733
71.464402303 35.794715474
71.470913534 35.779936015
71.472050415 35.769962463
71.471016887 35.7613325
71.47112024 35.752289124
71.475564413 35.741023661
71.481352173 35.73409902
71.496131633 35.724590556
71.502746216 35.719061178
71.515355266 35.701491191
71.519799438 35.683766175
71.514011678 35.665576071
71.495924926 35.64661082
71.483315877 35.626560364
71.492720988 35.609558818
71.512771443 35.596277975
71.567858521 35.574212138
71.584188274 35.564186911
71.593490031 35.549355774
71.592869914 35.530183817
71.586048625 35.512097066
71.581707805 35.493131816
71.587805624 35.47091095
71.593421979 35.464193788
71.600724731 35.455459696
71.613953898 35.443212382
71.622428833 35.429621481
71.62087854 35.410139465
71.611060018 35.395463359
71.562277466 35.360581767
71.531581665 35.327922262
71.529824667 35.300895488
71.547808064 35.275625712
71.6032052 35.22338084
71.633694296 35.203123678
71.637931763 35.189687806
71.629250122 35.170102438
71.604135376 35.138166402
71.53499231 35.098582256
71.508947388 35.072020569
71.507500448 35.028198954
71.51297815 35.01812205
71.511324504 35.008716939
71.504296509 35.000603739
71.493444458 34.994195862
71.493444458 34.994144185
71.493341105 34.994144185
71.493341105 34.994040833
71.485382935 34.983498841
71.476701295 34.960296123
71.469569947 34.949702454
71.45995813 34.942674459
71.445238797 34.937756748
71.324927612 34.897560934
71.28947758 34.875030009
71.270822388 34.844282532
71.255629517 34.810227763
71.203074585 34.748164368
71.18953536 34.737053935
71.150933065 34.720310771
71.080601441 34.672923483
71.070162801 34.661244609
71.068767537 34.645948385
71.07626062 34.623624166
71.079877971 34.602901916
71.076570679 34.578510641
71.065821981 34.558460185
71.047528524 34.551122132
71.006962525 34.556341451
70.985826864 34.556186422
70.983355947 34.555256107
70.968670289 34.549726868
70.956991415 34.532001852
70.955647827 34.51001353
70.961228882 34.487611796
70.970840698 34.46887909
70.991511272 34.443066711
71.019829956 34.414437969
71.050939169 34.38978831
71.122045939 34.356818746
71.126386759 34.332220764
71.097086223 34.262457581
71.096879517 34.244344991
71.10654301 34.209385885
71.109488566 34.189206238
71.108093302 34.165228373
71.101788778 34.151818339
71.073883504 34.125256653
71.062773071 34.10530955
71.063858277 34.088928121
71.067268921 34.07301178
71.062618042 34.054253235
71.046701701 34.041876729
70.997712443 34.03332428
70.977145223 34.027407328
70.965724732 34.013816427
70.953994182 34.004824727
70.939731486 34.000923157
70.921231323 34.002240906
70.894307903 34.009372254
70.884334351 34.007046815
70.87999353 33.994256898
70.862216837 33.964775492
70.791316773 33.953561707
70.656182902 33.954750265
70.521979207 33.938704732
70.491490112 33.93960907
70.40896285 33.954414368
70.328192587 33.95728241
70.309899129 33.961674907
70.275585978 33.976170146
70.218845256 33.980691834
70.002837769 34.043788758
69.969093058 34.045726623
69.916021363 34.038879497
69.889252971 34.031205546
69.87261316 34.017227071
69.870442749 34.001336568
69.873853394 33.986324565
69.871993042 33.971519267
69.854216349 33.956352234
69.841090536 33.941805319
69.847188355 33.926948344
69.876488891 33.902557068
69.885428914 33.889457093
69.898761434 33.851500753
69.907546428 33.83561025
69.931317586 33.806438904
69.94010258 33.791478577
69.947233928 33.771970724
69.957517538 33.752695415
69.972658733 33.744840597
69.996478143 33.742090995
70.011829468 33.740318909
70.065572958 33.721017762
70.108154338 33.727296448
70.118127889 33.716521912
70.126551147 33.676963603
70.132545613 33.661434835
70.136886434 33.65629303
70.145981486 33.649885152
70.162517944 33.643244731
70.170217733 33.638671366
70.174093466 33.632108459
70.173473348 33.607872213
70.153009481 33.544749451
70.151355835 33.525861715
70.154973185 33.506612244
70.163758179 33.488654683
70.177607463 33.473410136
70.18546228 33.468965963
70.213367554 33.461343689
70.220447225 33.456021017
70.227836955 33.439949646
70.233004598 33.432611593
70.285714559 33.382873027
70.301579224 33.351789653
70.294447876 33.31894928
70.124794149 33.199034119
70.105363811 33.189809876
70.083659709 33.191282654
70.059785197 33.198052267
70.04800297 33.194073181
70.014516642 33.140768942
70.00686853 33.13180308
69.994724568 33.127333069
69.96573409 33.129400126
69.955812216 33.127694805
69.880933065 33.089247539
69.83871342 33.086663717
69.771844116 33.114775696
69.732983439 33.109297994
69.686009562 33.080772604
69.667767782 33.077000224
69.658776082 33.078421326
69.650197794 33.081857809
69.640689331 33.084234925
69.608339885 33.079067282
69.587772664 33.07953237
69.547516724 33.075010682
69.514185425 33.056691386
69.487727092 33.028372701
69.478125248 33.011350078
69.468503459 32.994292095
69.487210327 32.885874939
69.477288452 32.856832785
69.471449016 32.852233582
69.445559123 32.835671285
69.421064494 32.806809998
69.387164754 32.78533844
69.376312703 32.771876729
69.378069703 32.7523172
69.383237346 32.744462383
69.390420369 32.737899476
69.399153687 32.732964376
69.407731974 32.729941305
69.414656616 32.725574646
69.417240438 32.718004049
69.41910079 32.7004599
69.429126017 32.667361146
69.426025431 32.655087992
69.413933146 32.635476787
69.361223186 32.568478293
69.343549846 32.55605011
69.302105347 32.543776957
69.281951538 32.532795715
69.251565796 32.500549621
69.232858927 32.462670797
69.228001343 32.421303813
69.238543335 32.378283183
69.264433228 32.322369284
69.268102254 32.301336976
69.266965372 32.279581197
69.259989054 32.236818949
69.259523966 32.19452179
69.251875855 32.152250469
69.251049031 32.13064972
69.2706344 32.035978495
69.302157023 31.959910787
69.304792521 31.946940003
69.301157299 31.941281701
69.298849731 31.937689922
69.250945679 31.907045797
69.223763876 31.881931051
69.114313192 31.737753804
69.100050497 31.724007874
69.084754272 31.715791321
69.071628458 31.697859599
69.040105835 31.673106588
69.004035685 31.651092428
68.977267293 31.641480611
68.940990438 31.643651022
68.906987346 31.634297588
68.843528686 31.606495666
68.803841186 31.602568258
68.7772795 31.618587952
68.731184123 31.675535381
68.70544926 31.701270244
68.697904501 31.71594635
68.694907267 31.756357321
68.688292684 31.768604634
68.675786987 31.774702453
68.619459676 31.783487448
68.561065308 31.811806132
68.527475627 31.822968242
68.505099731 31.822658183
68.481483602 31.815681865
68.438178752 31.796044821
68.418748413 31.78302236
68.422210734 31.773152161
68.439574016 31.766589254
68.461433146 31.763592021
68.521274455 31.764780579
68.540601441 31.762506816
68.549799846 31.753515117
68.536829061 31.74100942
68.515176636 31.729950663
68.498020061 31.725248108
68.460968059 31.730467428
68.356064901 31.762506816
68.31653243 31.765193991
68.276948283 31.763592021
68.255037475 31.766382548
68.242635132 31.776924541
68.232299845 31.790153707
68.206823365 31.807878723
68.184757528 31.81821401
68.159126018 31.825913798
68.138558798 31.824673564
68.125743042 31.811496074
68.104504029 31.768759664
68.098340426 31.759123609
68.093496948 31.751551412
68.060475708 31.725558167
68.055566447 31.716566468
68.052259155 31.695430807
68.046574748 31.688402812
67.994071493 31.663443095
67.977328329 31.651867574
67.966062867 31.638224996
67.955210816 31.633212382
67.914696493 31.631352031
67.884310751 31.635641175
67.870668172 31.635176087
67.842711223 31.623497213
67.781164591 31.564172669
67.748280164 31.544392093
67.726697632 31.531409811
67.69631189 31.520816142
67.66546106 31.518128967
67.600503784 31.530479635
67.56898116 31.529859517
67.556113729 31.512186178
67.563400106 31.497251689
67.578076213 31.482110494
67.591098674 31.464798889
67.596989787 31.42567983
67.611459188 31.410797018
67.631406291 31.400099996
67.651146688 31.395294088
67.734294068 31.404750875
67.770364217 31.394673971
67.775066772 31.352764384
67.764731486 31.334057516
67.749435262 31.328011373
67.709024292 31.329303284
67.692797892 31.325220846
67.678948608 31.316590882
67.665926148 31.306255595
67.60215743 31.271115621
67.583657267 31.265224508
67.530223836 31.25664622
67.493326864 31.242951965
67.433898966 31.236079
67.364600871 31.210705872
67.346204061 31.207760315
67.282176961 31.212772929
67.230293823 31.210602519
67.213757365 31.212256165
67.193190145 31.218509013
67.156706583 31.235923971
67.136759481 31.241091614
67.116864055 31.240316468
67.078468465 31.232048238
67.058211304 31.232358297
67.035266968 31.235923971
67.022864624 31.239386292
67.015268189 31.244657288
67.013872925 31.252667135
67.017903686 31.258713277
67.023433065 31.264862773
67.02596521 31.273027649
67.023898153 31.295300191
67.016818482 31.309149475
67.002090698 31.315867411
66.943282918 31.31473053
66.905920858 31.305532125
66.838483113 31.277006734
66.808614136 31.254734192
66.785308065 31.231789856
66.759521525 31.21478831
66.721280965 31.21029246
66.696993042 31.195823059
66.663093303 31.08311676
66.643973022 31.060172424
66.550025268 30.976973368
66.527494345 30.968343405
66.392308797 30.944623922
66.375358927 30.936717428
66.366263876 30.922868144
66.267975301 30.601389059
66.264926391 30.557825826
66.281927938 30.518138326
66.306112508 30.491111552
66.31376062 30.478295797
66.319393351 30.45783193
66.321822144 30.437368063
66.303011922 30.305283101
66.305285685 30.24477
66.300893188 30.225598043
66.236349325 30.111599834
66.221724894 30.073721009
66.219296102 30.057856344
66.225238891 30.044420471
66.260430542 30.023129781
66.301564982 29.986749573
66.332364136 29.966079
66.340529013 29.956570536
66.336808309 29.95202301
66.328436727 29.949542541
66.322442261 29.946545309
66.301771688 29.915694479
66.275210001 29.885153707
66.195628296 29.835337627
66.110465536 29.813633525
66.052381226 29.798854065
65.994296915 29.78402293
65.936109253 29.769295146
65.878231649 29.754489848
65.820147339 29.739736226
65.762063029 29.724905091
65.704030395 29.710151469
65.645842733 29.695346171
65.587810099 29.680566712
65.529725789 29.665735576
65.471744832 29.650956116
65.413660523 29.636176656
65.355782919 29.621423035
65.297595256 29.606643576
65.239510945 29.591838278
65.181426636 29.577110494
65.03637089 29.540161845
64.986606486 29.541557109
64.820311727 29.567886251
64.683885946 29.568816427
64.499477017 29.57020296
64.477696981 29.57036672
64.207739299 29.499983419
64.172599325 29.484299622
64.149758342 29.458461406
64.113378134 29.396294658
64.086092977 29.386605326
63.971991414 29.42957428
63.787919963 29.46058014
63.568605184 29.497477112
63.415953003 29.484971415
63.366808716 29.480940654
63.317767782 29.476909892
63.268675171 29.47287913
63.219685913 29.468796692
63.170696656 29.464765931
63.121604045 29.460786845
63.072614787 29.456756084
63.023625529 29.452673645
62.974532918 29.448642883
62.92554366 29.44463796
62.87645105 29.44058136
62.827461792 29.436602275
62.778420858 29.432519837
62.729379924 29.428489075
62.680390666 29.424458313
62.631349732 29.420427551
62.602581132 29.418069628
62.477508993 29.407818502
62.374466186 29.424871725
62.279433228 29.451485087
62.196285848 29.474920349
62.11298344 29.498226421
62.029629354 29.521635844
61.946533651 29.545045268
61.863231242 29.568351339
61.779928833 29.591786601
61.696626424 29.615196025
61.613427368 29.638502096
61.530228312 29.661859843
61.446925904 29.685320944
61.363726848 29.708627015
61.280424439 29.7320106
61.197225383 29.755342509
61.114026327 29.778726094
61.030620564 29.802161357
60.947421508 29.825519104
60.876004679 29.845517884
60.844378703 29.85817861
60.902152954 29.916883036
60.97811731 29.994139303
60.978427368 29.994397685
61.133043253 30.154284566
61.215622193 30.239705709
61.27215621 30.298306783
61.380366658 30.410289612
61.461705363 30.494522196
61.461705363 30.494573873
61.576220337 30.613894755
61.702620891 30.745514628
61.785199829 30.831400859
61.802253052 30.847058818
61.799772583 30.852381491
61.798428996 30.853466695
61.799875936 30.87150177
61.802356404 30.878529765
61.80835087 30.881423646
61.804526815 30.949739888
61.800185995 30.961418762
61.819306275 30.993923238
61.826437622 31.014955546
61.826334269 31.034592591
61.821476684 31.054488017
61.809281046 31.087147522
61.791814413 31.118928528
61.789333944 31.129315491
61.787680298 31.158616029
61.779205363 31.181095276
61.752436971 31.21912913
61.742721802 31.239541321
61.742308391 31.259436748
61.749233032 31.302379863
61.742308391 31.320880025
61.706548299 31.359844055
61.686911255 31.373176575
61.661176391 31.381909892
61.60625863 31.388741288
61.490850871 31.403097229
61.294790487 31.427643535
61.125148649 31.448887156
61.12353479 31.449089254
60.955999797 31.470069885
60.855024048 31.482730611
60.821744425 31.494667868
60.809962199 31.588357239
60.794976034 31.636674704
60.792598918 31.660084127
60.80531132 31.733981426
60.791462036 31.826533916
60.789291626 31.874954733
60.796733032 31.936759746
60.794976034 31.958463847
60.791048625 31.969160868
60.786087688 31.97897939
60.78402063 31.989263
60.792598918 32.011277161
60.786707804 32.016909892
60.778336222 32.021044006
60.774925578 32.027193502
60.782677043 32.042541402
60.808825317 32.071170146
60.814819783 32.087861633
60.828255656 32.167443339
60.830322713 32.248885397
60.796319621 32.355907288
60.752291301 32.494580994
60.711673625 32.610310364
60.674880005 32.715601095
60.64005009 32.815517477
60.60615035 32.91235911
60.577521607 32.99434377
60.562948853 33.058267518
60.561501912 33.137306621
60.567599731 33.151285096
60.615968873 33.206191305
60.670332479 33.267712098
60.719011678 33.323031719
60.757045533 33.366336568
60.785880981 33.387782288
60.81864384 33.404887187
60.829082479 33.416281841
60.834663534 33.436254781
60.832803182 33.453463034
60.829289184 33.470128682
60.832183065 33.484494731
60.849856405 33.49436493
60.89729537 33.497026265
60.912074829 33.501522116
60.919788293 33.512570519
60.920859822 33.514105326
60.911971476 33.528445536
60.895124959 33.541132101
60.87962203 33.548702698
60.846032348 33.55578237
60.807378377 33.558159486
60.73389449 33.554852194
60.655553019 33.559890645
60.574834432 33.587795919
60.511789185 33.638387146
60.486881145 33.711380107
60.494942668 33.744117126
60.525845174 33.80214976
60.528015585 33.841449687
60.499386841 33.994256898
60.48846068 34.08092732
60.486777791 34.094276632
60.492772257 34.139028422
60.520884237 34.18613149
60.552406861 34.220057068
60.587443482 34.250261943
60.634985799 34.271216736
60.650592082 34.285350241
60.64366744 34.30664093
60.714360799 34.310129089
60.815956665 34.315270895
60.89047408 34.318914083
60.879105266 34.33764679
60.804897908 34.417486878
60.78908492 34.443480123
60.779369751 34.455081482
60.767277466 34.464150696
60.742782837 34.473452454
60.73389449 34.480428772
60.725316203 34.504277446
60.718908325 34.511150411
60.710330038 34.515129497
60.699684692 34.516395569
60.714360799 34.537427877
60.73926884 34.548021546
60.794045858 34.554119365
60.818953898 34.559907125
60.83848759 34.570914205
60.883859497 34.613702291
60.888923788 34.621660462
60.895435018 34.628326722
60.90887089 34.634682922
60.922823527 34.636543274
60.935845988 34.635664775
60.947524862 34.637990214
60.957963501 34.649410706
60.961994263 34.673750306
60.958686971 34.699588521
60.959927206 34.723204651
60.978013957 34.740619609
61.009639933 34.760980123
61.029070272 34.78971222
61.03475468 34.806248678
61.06545048 34.814723613
61.073408651 34.847693177
61.077749472 34.883039856
61.077026001 34.891721496
61.072581828 34.910325013
61.071548299 34.920556946
61.074752238 34.933114319
61.088911581 34.951924541
61.092012166 34.96148468
61.095319458 34.981018372
61.109892212 35.018535462
61.115886678 35.059876608
61.123121379 35.074190979
61.147305949 35.102096252
61.136763956 35.111191305
61.135213664 35.119407857
61.137900838 35.128296204
61.139864543 35.139665019
61.137074016 35.143902487
61.10152063 35.183228252
61.096352987 35.193201802
61.102347453 35.197697653
61.112372681 35.202038472
61.112786093 35.211650289
61.107928508 35.221262105
61.102347453 35.225602926
61.101623983 35.235318095
61.102450806 35.256660462
61.108341919 35.277951152
61.122707967 35.287666321
61.143998657 35.288079732
61.167873169 35.291387024
61.187096802 35.300378723
61.195054973 35.31810374
61.190404094 35.369573466
61.195054973 35.39008901
61.200842733 35.401147766
61.221823364 35.424247132
61.227301067 35.434479065
61.235982707 35.46584666
61.247041463 35.485070293
61.270502563 35.50842804
61.283835083 35.527289938
61.290036255 35.548063863
61.287555787 35.568269349
61.277013794 35.609197082
61.269675741 35.61849884
61.283318319 35.622632956
61.335718221 35.630901184
61.344193156 35.630901184
61.35153121 35.627800599
61.36093632 35.621030986
61.360109497 35.618395488
61.35153121 35.607130026
61.363933553 35.598241679
61.365483846 35.598500061
61.367654256 35.597983297
61.383467245 35.586459453
61.383880656 35.582118632
61.379953247 35.571318258
61.380263305 35.567339173
61.386877889 35.559536032
61.393182414 35.553593241
61.401243937 35.549820862
61.412612752 35.548322246
61.419309088 35.545891384
61.427702271 35.542844543
61.492711223 35.494165344
61.538703247 35.452307434
61.604745728 35.430603332
61.739621216 35.413756816
61.799049113 35.417477519
61.919351847 35.451842346
61.977746216 35.450912171
62.007460164 35.438923239
62.033815145 35.42398875
62.136341187 35.341358134
62.163884725 35.326165263
62.219023478 35.306269836
62.233699585 35.29376414
62.24434493 35.278054505
62.251217896 35.260381165
62.252613159 35.242811178
62.250959513 35.202348532
62.256850627 35.18715566
62.275712525 35.151033835
62.28620284 35.140646871
62.302015828 35.147519837
62.399322551 35.255936992
62.431878703 35.280638326
62.458905477 35.281878561
62.524586222 35.232165833
62.53548995 35.227359924
62.545515177 35.228031718
62.555437052 35.230408834
62.56618575 35.230770569
62.595641317 35.220590312
62.604529663 35.219401754
62.621066122 35.222709045
62.693619832 35.248392232
62.708605998 35.256040345
62.721628458 35.266427308
62.734237508 35.280741679
62.760489136 35.302445781
62.823063429 35.327514064
62.827565145 35.329317525
62.918205607 35.388176982
62.985281616 35.414583639
63.005538778 35.418407695
63.047086629 35.421353251
63.066827027 35.425590719
63.080211222 35.437062887
63.086257365 35.455666403
63.090494832 35.493545228
63.100726766 35.524964499
63.097212769 35.535454814
63.080572957 35.54651357
63.077369018 35.558760885
63.074940227 35.6098172
63.076645549 35.624700012
63.103155558 35.646042379
63.17989506 35.66645457
63.207696981 35.683197734
63.213588094 35.692292786
63.214414917 35.699269105
63.209350627 35.704488424
63.183925822 35.712343242
63.177259563 35.716890768
63.16325525 35.732290345
63.112043905 35.769910787
63.105687704 35.782881572
63.101295207 35.800554912
63.091321655 35.813318991
63.084397013 35.826083069
63.088634481 35.843394674
63.104085734 35.856468811
63.125273072 35.860241191
63.342934204 35.856262106
63.430215698 35.871041565
63.511089315 35.901840719
63.525920451 35.91269277
63.549588257 35.939047751
63.56343754 35.950623271
63.582092732 35.95904653
63.602298218 35.96266388
63.725701538 35.968865052
63.765905802 35.97728831
63.859853556 36.022091777
63.889825887 36.029636536
63.906327061 36.031732344
63.921968628 36.033718974
63.949977254 36.028861389
64.045113566 35.99873403
64.045578654 36.011291402
64.036380249 36.058575338
64.03622522 36.076403707
64.044648479 36.092320049
64.057257528 36.105239156
64.123351684 36.146063538
64.158698365 36.160274556
64.195905395 36.165907288
64.237143189 36.160429586
64.253731323 36.154848531
64.266133667 36.152471416
64.276055542 36.159241028
64.291868531 36.199445292
64.303650757 36.211537578
64.318946981 36.21975413
64.337240438 36.225955302
64.410879354 36.239856262
64.444572388 36.249984843
64.477696981 36.271637268
64.498160848 36.291429342
64.576657349 36.389614564
64.594382365 36.424186097
64.605854533 36.461083069
64.610505412 36.500925598
64.607766561 36.521647848
64.593710571 36.559836731
64.589008016 36.580248922
64.588801311 36.600454407
64.592005249 36.621073303
64.604821004 36.660554098
64.621357463 36.692593485
64.728548629 36.850569547
64.76522465 36.904621888
64.778763875 36.93846995
64.774629761 36.97758901
64.755612834 37.05363088
64.76016036 37.092620748
64.778763875 37.118045553
64.807909383 37.135512187
64.989086955 37.213672791
65.063087606 37.233232321
65.487921779 37.241997468
65.501407105 37.242275696
65.536857137 37.257106833
65.58315922 37.308059795
65.6112712 37.331055806
65.624086955 37.345137635
65.629461304 37.365420634
65.628892863 37.387538147
65.620986369 37.430403748
65.625740601 37.452805481
65.635765829 37.474096171
65.648168172 37.493836568
65.648271525 37.493939922
65.648323202 37.493991598
65.648323202 37.494146627
65.658710164 37.510269674
65.668838745 37.520553284
65.681034384 37.52639272
65.698294312 37.529415792
65.739428752 37.529054057
65.752657918 37.537864889
65.75885909 37.564116517
65.761442912 37.578379212
65.77653243 37.57290151
65.796479533 37.569335836
65.804334351 37.565305074
65.821077515 37.535177715
65.829087362 37.525617574
65.83606368 37.51915802
65.85518396 37.507944235
66.079666382 37.440868225
66.097856486 37.428414205
66.12560673 37.398700257
66.142918335 37.385057679
66.163072143 37.376892802
66.174647665 37.375497538
66.207720581 37.376892802
66.218469279 37.374799906
66.232525269 37.365420634
66.241878703 37.3633019
66.250847716 37.359650022
66.257743368 37.356842346
66.274383179 37.343277283
66.294433634 37.331210836
66.320685262 37.329143778
66.389621623 37.347178854
66.413496135 37.349633484
66.423624715 37.345680237
66.438662557 37.327903544
66.451064901 37.322942607
66.461451864 37.324441223
66.469926799 37.329763896
66.485223023 37.343406474
66.502896362 37.355653789
66.51958785 37.3641804
66.539018189 37.369089661
66.564598022 37.370691631
66.588575887 37.368469543
66.654670044 37.346145325
66.667020711 37.344310811
66.694099162 37.343406474
66.704744507 37.346532899
66.724433227 37.360149638
66.73497522 37.3633019
66.86576827 37.367926941
66.957648966 37.385212708
67.005914754 37.384385885
67.024104858 37.377487081
67.064102417 37.354568583
67.085083049 37.349633484
67.097382039 37.340590108
67.113918498 37.297181905
67.123323609 37.281963196
67.143477417 37.271860453
67.187815796 37.258243714
67.207969605 37.243464254
67.217994832 37.226256003
67.22528121 37.207704163
67.236753377 37.192407939
67.259129272 37.1851474
67.281453491 37.188661398
67.319590698 37.208427633
67.345222209 37.213026836
67.369510132 37.214680481
67.391162557 37.219589742
67.411264689 37.227909648
67.431108439 37.239769389
67.46397465 37.266279398
67.48237146 37.277363993
67.503145386 37.281963196
67.526141398 37.272893982
67.545003296 37.231526998
67.561384725 37.219899801
67.572185099 37.223155416
67.579936564 37.23266388
67.586034383 37.242611593
67.592287231 37.247184957
67.602725871 37.248270162
67.621794474 37.252921041
67.63316329 37.254057923
67.644635457 37.251215719
67.666442912 37.238012391
67.677501668 37.233542379
67.690162394 37.232250468
67.725870809 37.233542379
67.746593058 37.229408265
67.764266398 37.220881653
67.775996948 37.207549134
67.780544475 37.188868103
67.771966187 37.124970195
67.773051392 37.109984029
67.785350382 37.096548157
67.808036337 37.083241476
67.832892701 37.073087057
67.878109579 37.064431254
67.891958862 37.052028911
67.902500855 37.034381409
67.918417196 37.013814189
67.929269246 37.006243592
67.952937053 36.996244202
67.961825399 36.989939677
67.996190226 36.955781555
68.002029663 36.947487488
68.006060425 36.938676657
68.011124715 36.930873516
68.020219768 36.925680034
68.024819692 36.925518466
68.032725464 36.925240784
68.044714396 36.929219869
68.05494633 36.934645894
68.121092163 36.980276185
68.133391154 36.986529032
68.15199467 36.992781881
68.167962688 37.006088562
68.186411173 37.018310038
68.212559448 37.021255595
68.253745565 37.010222677
68.277775106 37.010067648
68.288317098 37.024407857
68.281599162 37.066472473
68.280772339 37.086652121
68.288317098 37.103214417
68.307282349 37.114221497
68.326661011 37.113032939
68.34609135 37.106909281
68.365831746 37.103214417
68.391876669 37.105436503
68.411462036 37.113368836
68.418024943 37.128277486
68.403710571 37.151635234
68.465773967 37.155355937
68.513316284 37.163985901
68.523858276 37.164657694
68.532746623 37.168998515
68.54654423 37.188222148
68.551453491 37.192614645
68.571400595 37.194707541
68.608814332 37.204086813
68.626901083 37.206257222
68.630776815 37.21382782
68.636409546 37.229925029
68.648605184 37.244368591
68.671239461 37.247184957
68.665451701 37.259380595
68.662661173 37.263721415
68.657545207 37.267674662
68.668862345 37.278294169
68.686949096 37.27901764
68.725913127 37.27452179
68.746532023 37.276227112
68.759606161 37.27524526
68.771285034 37.270723572
68.808492065 37.25162913
68.820377645 37.25090566
68.824615113 37.26062083
68.82203129 37.281963196
68.810197388 37.312090556
68.813814738 37.323407695
68.835828898 37.329143778
68.856757853 37.324906311
68.868023316 37.312142233
68.877015015 37.296096701
68.890295858 37.281963196
68.904713582 37.2766922
68.915824016 37.279069316
68.921146688 37.287957663
68.917632691 37.302427064
68.912981812 37.306767883
68.896755412 37.316483053
68.890295858 37.322942607
68.885076538 37.334828186
68.887867066 37.338135478
68.893654826 37.337153625
68.897168824 37.335965068
68.965433391 37.329143778
68.985225464 37.320358785
69.005482626 37.305527649
69.021037232 37.287957663
69.035765015 37.251577454
69.055608765 37.237108053
69.078398072 37.225170797
69.096433146 37.213026836
69.114313192 37.17747345
69.12361495 37.169205221
69.145732463 37.156957907
69.151003459 37.155045878
69.245674683 37.10388621
69.265776815 37.105410666
69.285620565 37.112929586
69.308616678 37.116882043
69.312078898 37.117477112
69.323912802 37.12099111
69.334764852 37.129052633
69.350836223 37.144142151
69.391195516 37.164657694
69.407731974 37.17747345
69.442148479 37.223620504
69.445197388 37.236410421
69.426852254 37.239459331
69.409850708 37.245660503
69.417912231 37.267674662
69.409695679 37.276743877
69.403081095 37.31116038
69.39460616 37.326069031
69.389438517 37.332916158
69.386441285 37.341520284
69.384890991 37.350899557
69.38447758 37.360149638
69.385821167 37.363146872
69.388508341 37.363766988
69.390885457 37.365317281
69.391195516 37.370691631
69.388301636 37.375109966
69.378948202 37.377125346
69.377036174 37.380665182
69.376312703 37.418854065
69.378379761 37.437405905
69.38447758 37.453270569
69.389645223 37.458799947
69.404011271 37.466861471
69.41171106 37.47252004
69.415586792 37.477506816
69.421787964 37.489495748
69.425405314 37.49424998
69.469743694 37.520139873
69.491447795 37.53698639
69.508656046 37.57897349
69.528654826 37.586027324
69.664977255 37.576157125
69.687301473 37.579593608
69.729572795 37.594088848
69.75427413 37.596672669
69.7622323 37.595794169
69.784453166 37.59041982
69.791842895 37.586104838
69.802229858 37.581505636
69.812668498 37.585846456
69.823003785 37.592951966
69.832925659 37.596672669
69.853286174 37.601220194
69.895247436 37.618170065
69.91881189 37.617136536
69.935244996 37.605664368
69.944546753 37.58969635
69.955398804 37.575485331
69.976586141 37.569335836
69.989505249 37.567320455
69.994672892 37.562256165
69.998496948 37.555589905
70.004187462 37.551370519
70.007592001 37.548846131
70.016893758 37.545978089
70.04800297 37.541430562
70.041698446 37.548846131
70.069190308 37.545202942
70.099059286 37.536572978
70.129134969 37.532283834
70.157867065 37.541430562
70.192696981 37.576027934
70.199414917 37.57928355
70.201947062 37.587991029
70.21646814 37.617136536
70.218431845 37.617446595
70.237655477 37.618118388
70.240962769 37.617136536
70.246078736 37.62127065
70.248300822 37.623337708
70.253933553 37.630804952
70.255225464 37.637471212
70.253881877 37.646592102
70.253571818 37.654576111
70.257705933 37.658090108
70.262563517 37.660880636
70.27512089 37.675479228
70.277032918 37.687984925
70.280546916 37.696046448
70.283079061 37.704831442
70.281890503 37.719559225
70.271761923 37.748704733
70.269591512 37.762631531
70.27512089 37.774181213
70.265560751 37.781209208
70.256517375 37.791802878
70.249851115 37.804877015
70.24716394 37.819165548
70.240342652 37.827562968
70.20747644 37.835624492
70.196004273 37.839913636
70.179157756 37.860790914
70.165205119 37.889910584
70.160502564 37.920658061
70.172129761 37.946082866
70.192231893 37.932879538
70.214711141 37.929262187
70.238120565 37.932362773
70.261529989 37.939287415
70.253675171 37.947400615
70.250161174 37.955617167
70.250419556 37.964143779
70.253933553 37.97339386
70.260909872 37.976468608
70.272692099 37.97817393
70.283750855 37.981868795
70.288711792 37.990808818
70.293776083 37.996105652
70.298583157 37.998134279
70.317960653 38.006311748
70.326280558 38.011272685
70.371187378 38.058298238
70.415370727 38.094523418
70.425964397 38.100647074
70.460070842 38.112248434
70.470302775 38.120516663
70.482601766 38.13736318
70.508543335 38.192501933
70.537947225 38.238054708
70.547197306 38.26265269
70.559392944 38.268182068
70.573035523 38.27105011
70.583060751 38.275080872
70.596599976 38.309187318
70.596703328 38.317584737
70.595566447 38.327790833
70.595773152 38.338177796
70.60001062 38.347066142
70.609312378 38.351200257
70.632101685 38.350115052
70.641351766 38.354197489
70.676698446 38.374919739
70.684759969 38.386650289
70.664864543 38.398639221
70.664864543 38.405408834
70.683313029 38.414581401
70.741810751 38.419438985
70.754213094 38.43646637
70.76108606 38.443520203
70.777260783 38.446465759
70.808886759 38.446362407
70.817981812 38.444992981
70.834104858 38.440600484
70.843044881 38.440161235
70.849814494 38.442822571
70.853586874 38.447421774
70.859322957 38.451659241
70.871001831 38.453209534
70.912239624 38.437654928
70.936217489 38.433004049
70.946759481 38.443235983
70.943452189 38.465947775
70.950738566 38.473053284
70.974044637 38.473673402
70.986808716 38.470908712
70.998229207 38.465663554
71.008564494 38.458583883
71.018641399 38.449824727
71.024584188 38.441918233
71.03295577 38.423650615
71.039467 38.415330709
71.049802287 38.40866445
