-58.441029426 6.904771226
-58.460519986 6.883368231
-58.463490364 6.900295315
-58.457508918 6.923041083
-58.447010871 6.943060614
-58.431752082 6.954657294
-58.422515429 6.968329169
-58.4189347 6.972113348
-58.409657356 6.973618882
-58.378570116 6.972113348
-58.333607551 6.965277411
-58.334706184 6.96100495
-58.391021288 6.919867255
-58.441029426 6.904771226
-59.609852668 8.24209219
-59.605946418 8.240301825
-59.599720832 8.240952867
-59.543446418 8.229478257
-59.5361222 8.222479559
-59.523019986 8.206488348
-59.433745898 8.130316473
-59.456776496 8.167222398
-59.491688606 8.201320705
-59.533558723 8.228908596
-59.608631965 8.259426174
-59.700672981 8.322739976
-59.761301236 8.35545482
-59.769520637 8.366522528
-59.781849739 8.394191799
-59.779530403 8.407131252
-59.755848762 8.410874742
-59.73936927 8.403631903
-59.703968879 8.375555731
-59.663238085 8.36347077
-59.643381314 8.350002346
-59.611236132 8.322739976
-59.545399543 8.283758856
-59.45409095 8.242621161
-59.347889778 8.166815497
-59.16515052 8.05874258
-59.104807095 8.013617255
-59.09012938 8.000027174
-59.075429988 7.980789417
-59.021432894 7.931002064
-58.884751931 7.7786875
-58.833416381 7.738300239
-58.804192894 7.696217931
-58.778616958 7.662363706
-58.75405335 7.612114488
-58.737629502 7.588334206
-58.733918043 7.594694043
-58.743901509 7.619352058
-58.74200436 7.630278444
-58.728217169 7.629295072
-58.703433725 7.620962696
-58.682377269 7.603534104
-58.663163234 7.585201298
-58.646717045 7.565057085
-58.630292467 7.540351087
-58.609314612 7.506494794
-58.584055142 7.475775458
-58.568180263 7.453340613
-58.489735481 7.376125393
-58.471587694 7.345404364
-58.464222786 7.312201239
-58.474191861 7.279974677
-58.467355924 7.287420966
-58.472523567 7.244452216
-58.467355924 7.116115627
-58.485015429 7.010809637
-58.49738522 6.994818427
-58.519602017 6.977647203
-58.535633918 6.965277411
-58.550689257 6.947088934
-58.561594205 6.927232164
-58.568186002 6.906805731
-58.574045377 6.868394273
-58.597727017 6.808294989
-58.599842903 6.787258205
-58.597727017 6.721625067
-58.599842903 6.711330471
-58.609201627 6.698919989
-58.611398892 6.687811591
-58.611398892 6.509711005
-58.617014127 6.488145249
-58.619943814 6.476874091
-58.686431444 6.382473049
-58.682240364 6.379828192
-58.679595507 6.376206773
-58.648833788 6.404201565
-58.638661262 6.41034577
-58.635609504 6.414374091
-58.632923957 6.420070705
-58.628895637 6.423325914
-58.615386523 6.417385158
-58.606800911 6.416327216
-58.6021491832 6.41656374412
-58.601999478 6.416571356
-58.590240038 6.417222398
-58.597727017 6.423407294
-58.581166145 6.463446356
-58.577219205 6.594712632
-58.567005989 6.63670482
-58.461537239 6.821844794
-58.43488522 6.857814846
-58.398426887 6.883368231
-58.354400194 6.894354559
-58.312163866 6.892157294
-58.273833788 6.880519924
-58.214100715 6.849188544
-58.194488085 6.830959377
-58.189564582 6.82811107
-58.186512825 6.824530341
-58.178212043 6.817572333
-58.173695442 6.815375067
-58.169667121 6.813421942
-58.165679491 6.817857164
-58.162220832 6.829535223
-58.153716601 6.83222077
-58.067863405 6.821702861
-58.005674541 6.791757882
-57.985813017 6.775223291
-57.956054765 6.752912016
-57.918596675 6.716302682
-57.891891302 6.696441843
-57.838075397 6.645302221
-57.806138349 6.613178006
-57.796986153 6.598146822
-57.778857438 6.590347242
-57.756981312 6.56770074
-57.699625453 6.521614996
-57.667938586 6.495933437
-57.646819243 6.477809403
-57.633252593 6.463473072
-57.61817511 6.448377075
-57.598577747 6.427246229
-57.577992317 6.378159898
-57.547622019 6.307144584
-57.536673479 6.293162901
-57.533522449 6.273656378
-57.528912725 6.265709146
-57.520427342 6.277992549
-57.518692122 6.287130867
-57.517041977 6.298223379
-57.517037169 6.315075983
-57.504191831 6.329039534
-57.494261272 6.334821824
-57.490632657 6.338920939
-57.486070433 6.339505005
-57.466370228 6.337906198
-57.445591347 6.330366451
-57.42894481 6.322750581
-57.408800536 6.312764897
-57.377430793 6.294338283
-57.365044047 6.287483771
-57.33046619 6.264391639
-57.28982367 6.234738597
-57.20749373 6.151377836
-57.186659818 6.121188246
-57.167307095 6.085109768
-57.158436653 6.044378973
-57.155357469 6.019666901
-57.151888385 6.007802647
-57.146752167 5.99758987
-57.144435935 5.989022398
-57.143613225 5.977984624
-57.158314582 5.998928127
-57.165760871 6.005682684
-57.147926024 5.969916189
-57.141964525 5.955741944
-57.141683997 5.93417812
-57.140004036 5.91791413
-57.137258976 5.882091552
-57.153675911 5.847113348
-57.158192512 5.828599351
-57.165435351 5.811346747
-57.170020576 5.799621837
-57.170614668 5.779035644
-57.180675734 5.754928247
-57.183054672 5.731410052
-57.159573204 5.692911985
-57.161517506 5.63890569
-57.173328786 5.607472667
-57.185658332 5.587347723
-57.196929491 5.564764716
-57.247670051 5.491848049
-57.247670051 5.484930731
-57.256939657 5.464086202
-57.260091919 5.448195699
-57.261228801 5.42674998
-57.265207886 5.403366395
-57.275491496 5.387398377
-57.324119019 5.338589987
-57.332283895 5.327867127
-57.335694539 5.316885885
-57.331715455 5.307609965
-57.322827108 5.307609965
-57.308409384 5.31347524
-57.298332479 5.31102061
-57.292027955 5.311330668
-57.288824016 5.308540141
-57.287273723 5.238699442
-57.285465048 5.230818787
-57.280452434 5.225341085
-57.27166744 5.222860616
-57.263037476 5.223997497
-57.256422893 5.228286641
-57.253787395 5.234927063
-57.264019328 5.247045186
-57.269186972 5.256708679
-57.267429973 5.266294657
-57.259006714 5.271203919
-57.247637899 5.27177236
-57.237612671 5.26872345
-57.233323527 5.262573954
-57.232521702 5.26057212
-57.225727092 5.243608704
-57.192395793 5.203171896
-57.18490271 5.183147278
-57.189811972 5.16922048
-57.202007609 5.157619121
-57.217768922 5.148549907
-57.233323527 5.142116191
-57.238749553 5.162011617
-57.247276164 5.172372742
-57.25993689 5.17630015
-57.277713583 5.176920268
-57.288979045 5.171029155
-57.295541952 5.157205709
-57.302208212 5.128473612
-57.317091024 5.094754741
-57.32019161 5.083411764
-57.321431844 5.070156759
-57.316935995 5.058968811
-57.280452434 5.0261026
-57.290477661 5.020289001
-57.298694215 5.021115824
-57.306497356 5.024448955
-57.315230672 5.0261026
-57.329441692 5.02408722
-57.338071655 5.020754089
-57.345513061 5.016619975
-57.356210084 5.012434184
-57.381376506 5.005742086
-57.460493123 4.997628886
-57.47733964 4.992487081
-57.490258749 4.991350199
-57.496873332 4.994657491
-57.512221233 5.009152731
-57.517595581 5.012434184
-57.543278768 5.011090597
-57.566223104 5.007085673
-57.610096395 4.991350199
-57.649370483 5.00842926
-57.68693925 5.006258851
-57.720477254 4.989799906
-57.747297323 4.964013367
-57.762335165 4.935539653
-57.773962362 4.926444601
-57.798456991 4.923059795
-57.810962688 4.925540263
-57.820574504 4.930294495
-57.830237996 4.933059184
-57.84279537 4.929881083
-57.850340129 4.922801412
-57.870700644 4.888927511
-57.884188192 4.872261861
-57.902429973 4.85272817
-57.918501343 4.829757996
-57.925374309 4.796142476
-57.91782955 4.782370707
-57.901138062 4.773921611
-57.884549927 4.762862854
-57.871165731 4.721728414
-57.844345663 4.687518616
-57.836025757 4.669845276
-57.837421021 4.650880025
-57.845430868 4.633516744
-57.863310914 4.607730204
-57.879123902 4.556828918
-57.896073771 4.528510234
-57.914470581 4.484068502
-57.921860311 4.450943909
-57.931317098 4.437843933
-57.942789267 4.425105693
-57.952659464 4.409731954
-57.95663855 4.391438497
-57.953486288 4.375703024
-57.948060262 4.360484314
-57.945269735 4.343922018
-57.947388469 4.318755595
-57.953848023 4.299015198
-57.964958456 4.28203949
-58.052033244 4.19310435
-58.065934204 4.171839498
-58.067691203 4.151143087
-58.055082153 4.10807078
-58.042008016 4.023037211
-58.032137817 3.98771637
-58.007901571 3.957278951
-57.942117473 3.90544749
-57.925839397 3.886404724
-57.875144816 3.812197368
-57.853854127 3.76667043
-57.849616659 3.747472636
-57.846929485 3.702100729
-57.840986694 3.680990906
-57.829772909 3.662439066
-57.813133098 3.651845398
-57.764247193 3.631588236
-57.726109986 3.607196961
-57.722492636 3.59996226
-57.717480022 3.58244395
-57.709521851 3.567690329
-57.708643352 3.564124654
-57.707351441 3.560662334
-57.702855591 3.555675558
-57.697998006 3.5536085
-57.687249308 3.55216156
-57.685130575 3.549164327
-57.681254842 3.547303976
-57.660429241 3.535185852
-57.644047812 3.516659851
-57.645494752 3.498986511
-57.660687622 3.469505107
-57.660532593 3.462993877
-57.658362183 3.450617371
-57.658930624 3.443899435
-57.663994914 3.425838521
-57.664615032 3.417544454
-57.662547974 3.407079976
-57.658207153 3.395220235
-57.654848186 3.390130107
-57.649938924 3.385944315
-57.641463989 3.382430318
-57.613248658 3.376642558
-57.596402141 3.367237447
-57.596192594 3.367120724
-57.565137899 3.34982249
-57.554234172 3.346747742
-57.545035767 3.348143006
-57.535268921 3.36778005
-57.52240149 3.365247904
-57.509637411 3.357677307
-57.503901327 3.353336487
-57.495839804 3.352974752
-57.487984986 3.351527812
-57.482042196 3.348556417
-57.479716756 3.343388774
-57.476254436 3.338944601
-57.468761353 3.343182068
-57.461681682 3.349977518
-57.459201213 3.353336487
-57.430934205 3.360622864
-57.423957887 3.369382019
-57.425043091 3.387494609
-57.393468791 3.373826193
-57.366752076 3.365609639
-57.34003536 3.370157166
-57.308409384 3.394910177
-57.28355302 3.343802185
-57.280452434 3.329772034
-57.282777873 3.295045471
-57.284224814 3.288792623
-57.292493042 3.276286926
-57.290270956 3.267967021
-57.284018107 3.259750468
-57.280452434 3.247813212
-57.281744345 3.235927632
-57.287118693 3.215360412
-57.287945517 3.203113099
-57.285671753 3.192106018
-57.274923055 3.169006653
-57.277713583 3.156914368
-57.284173137 3.148956197
-57.286033489 3.142393291
-57.274923055 3.134280091
-57.264897828 3.132626444
-57.254975952 3.135830384
-57.246242636 3.141618144
-57.239473023 3.147870992
-57.237612671 3.144873759
-57.237405966 3.14399526
-57.236734172 3.143478495
-57.233323527 3.14166982
-57.248568075 3.112369283
-57.239473023 3.094127503
-57.222213094 3.078262838
-57.21285966 3.056041972
-57.211774456 3.048342184
-57.207020224 3.035681458
-57.205986695 3.028136699
-57.20924231 3.024054261
-57.223246623 3.02477773
-57.226450562 3.021263733
-57.224693563 3.009171448
-57.221799683 3.000438131
-57.221179565 2.992583313
-57.226450562 2.983384908
-57.234615438 2.970362448
-57.221851359 2.963024394
-57.188623413 2.959510397
-57.183817505 2.944679261
-57.194721232 2.930623271
-57.210327515 2.918220927
-57.219629273 2.908299052
-57.20634843 2.856570943
-57.202265992 2.846235657
-57.194256145 2.841998189
-57.191052206 2.832593078
-57.186608032 2.823239644
-57.1746191 2.818950501
-57.165265666 2.821069234
-57.14521521 2.830422669
-57.133381307 2.832593078
-57.126404989 2.826030171
-57.143664917 2.790011698
-57.137050334 2.771149801
-57.133743043 2.773423564
-57.099533244 2.778591207
-57.089869751 2.773888652
-57.092143515 2.763036601
-57.09901648 2.750375875
-57.102943888 2.740454
-57.097724569 2.727379862
-57.071886353 2.700094707
-57.061964478 2.681749573
-57.055970012 2.642372131
-57.048011841 2.636481018
-57.027237915 2.648211568
-57.020468303 2.635447489
-57.023155477 2.623665263
-57.027909709 2.610591125
-57.027237915 2.59358958
-57.022380331 2.584546204
-56.997110556 2.555142314
-56.995301881 2.547855937
-57.000572876 2.514162903
-56.994113322 2.504861146
-56.980005656 2.50971873
-56.959593465 2.524704895
-56.95127356 2.515454814
-56.952617147 2.504551086
-56.957526409 2.49349233
-56.959593465 2.483777161
-56.956363689 2.47003123
-56.951635295 2.461246236
-56.935072998 2.445898336
-56.930241252 2.436183167
-56.932024089 2.425796204
-56.938457804 2.411430155
-56.930835531 2.393291728
-56.895049601 2.362079163
-56.883887492 2.339754944
-56.884430094 2.303736471
-56.880140951 2.294796448
-56.870865031 2.290145569
-56.847791504 2.285856425
-56.838877319 2.281102193
-56.826190756 2.261671855
-56.816346396 2.217591858
-56.80874996 2.195784404
-56.801463582 2.165967103
-56.705190389 2.029644674
-56.67780188 2.01840505
-56.579771688 2.01680308
-56.542073731 1.997166036
-56.536492676 1.988639425
-56.529387167 1.981792298
-56.520963909 1.976728007
-56.499983277 1.969984232
-56.491198283 1.962904562
-56.485100464 1.953215231
-56.481819011 1.941613871
-56.528508667 1.924018046
-56.558920248 1.906654765
-56.574862427 1.905466207
-56.590106975 1.912985128
-56.604421346 1.924586487
-56.620234334 1.934560039
-56.639561321 1.936859639
-56.656407837 1.930064188
-56.669662842 1.919858094
-56.683951376 1.912106628
-56.704105185 1.912830099
-56.72415564 1.916137391
-56.737643189 1.912985128
-56.780637981 1.87905955
-56.792730266 1.873530172
-56.806476197 1.873581848
-56.877634644 1.885648295
-56.890708781 1.890195821
-56.906831828 1.903244121
-56.913446412 1.912830099
-56.921921347 1.918101094
-56.943522095 1.918256124
-56.976853394 1.914587097
-56.993234823 1.914845479
-57.011166545 1.918566182
-57.037469849 1.932389628
-57.055970012 1.948073425
-57.067803915 1.968692322
-57.074056763 1.997166036
-57.104494182 2.021453959
-57.152914999 2.002204488
-57.238439494 1.948538513
-57.258644979 1.952233378
-57.294818482 1.974841817
-57.319416463 1.977141419
-57.3414823 1.968847351
-57.356158407 1.955282287
-57.368767457 1.939650167
-57.384528768 1.925206604
-57.405561076 1.914277039
-57.419513713 1.90918691
-57.429487265 1.900298564
-57.454291952 1.833816834
-57.464782267 1.815730082
-57.531289836 1.731549175
-57.561158814 1.708966573
-57.607874309 1.697106832
-57.638570109 1.696176656
-57.723112753 1.711653748
-57.758821167 1.713462423
-57.790757203 1.704935812
-57.87147579 1.669253235
-57.90537553 1.648556824
-57.922222047 1.642484843
-57.939016887 1.643311666
-57.969144247 1.655481465
-57.985008911 1.657703553
-57.991003377 1.650417175
-57.989763143 1.634604187
-57.983923707 1.604115092
-57.986972616 1.586829326
-57.993587199 1.568484192
-58.011157186 1.536186422
-58.027228557 1.516859436
-58.069138143 1.509004618
-58.116422079 1.510554912
-58.148616496 1.519081523
-58.155541138 1.52737559
-58.162879192 1.549183045
-58.170630656 1.5588207
-58.187270467 1.567605693
-58.197760783 1.565900371
-58.206959188 1.55995758
-58.21967159 1.55605601
-58.238585165 1.556701965
-58.260547649 1.560319315
-58.281993368 1.566572164
-58.29920162 1.57517629
-58.306332968 1.582772726
-58.31615149 1.598895772
-58.32049231 1.601221211
-58.331912801 1.593392233
-58.33873409 1.580188904
-58.344263469 1.565486959
-58.351394816 1.553317159
-58.360283163 1.54737437
-58.383124145 1.537219951
-58.390255493 1.530760397
-58.391702434 1.520838522
-58.385914673 1.499728699
-58.386379761 1.490194397
-58.413458212 1.472030131
-58.426430233 1.469805347
-58.498879354 1.457379863
-58.501754346 1.453781096
-58.513658814 1.4388797
-58.506992554 1.418183289
-58.48807898 1.378883362
-58.481722778 1.35805776
-58.481102662 1.333873189
-58.487613892 1.316458232
-58.51892981 1.267262268
-58.527146362 1.266848856
-58.535052856 1.271551412
-58.543062704 1.274393616
-58.542752645 1.27635732
-58.54673173 1.280439758
-58.552312785 1.284625549
-58.556963664 1.286899312
-58.561407837 1.285142314
-58.574171916 1.275375468
-58.580528117 1.27273997
-58.682589071 1.282455139
-58.697730265 1.281059876
-58.709202434 1.272274882
-58.736901001 1.232329
-58.752817342 1.214965718
-58.771937623 1.201271465
-58.795967163 1.191814677
-58.815965942 1.187267151
-58.834001018 1.185820211
-58.852036092 1.188714091
-58.872138225 1.197240702
-58.897873088 1.217807922
-58.906451376 1.238530172
-58.911722371 1.260234273
-58.927483684 1.284212138
-58.945983846 1.298991598
-58.96649939 1.310153707
-58.972024661 1.312311316
-59.011096151 1.327568664
-59.177959351 1.357127584
-59.24214148 1.377798157
-59.259918172 1.387435812
-59.272423869 1.404153138
-59.293817912 1.452108867
-59.302189494 1.462960918
-59.320327922 1.473528748
-59.324720419 1.490762838
-59.326942505 1.509521383
-59.338569702 1.524636739
-59.347690593 1.526032003
-59.368025269 1.520399271
-59.38016923 1.523344828
-59.383864096 1.527892354
-59.390969605 1.543653667
-59.394638631 1.549441427
-59.39972876 1.552025249
-59.412105266 1.553265483
-59.416833659 1.555280864
-59.425877035 1.565952046
-59.445514079 1.601014506
-59.45476416 1.611323954
-59.486002564 1.636076965
-59.502823242 1.657651876
-59.530728516 1.70307546
-59.551476604 1.720516256
-59.572715617 1.727156677
-59.590569825 1.724908752
-59.607933105 1.719999492
-59.628164429 1.718810933
-59.639662435 1.72175649
-59.649816854 1.727001648
-59.658963583 1.734081319
-59.680848551 1.75738739
-59.682476359 1.765603943
-59.666482504 1.787101339
-59.645476034 1.827693176
-59.646457886 1.839966329
-59.649119222 1.841361593
-59.655475424 1.839707947
-59.66798112 1.84270518
-59.705575725 1.857407125
-59.71722876 1.85805308
-59.73751176 1.850792542
-59.74968156 1.851309306
-59.758750773 1.862135518
-59.763556682 1.882573548
-59.765132813 1.904639384
-59.764538534 1.920529887
-59.760869508 1.93192454
-59.74836381 1.951251526
-59.743816284 1.961845194
-59.742808594 1.970966085
-59.745340739 1.997166036
-59.743532064 2.00566681
-59.737795981 2.022229106
-59.737098349 2.030419821
-59.74040564 2.041401063
-59.751464397 2.062252503
-59.752963013 2.075455831
-59.749836589 2.085971985
-59.738571127 2.103619487
-59.735393026 2.113515524
-59.735858114 2.123721619
-59.744979004 2.153513082
-59.745754151 2.190823466
-59.740224772 2.229477438
-59.741697551 2.263790588
-59.763246624 2.287975159
-59.772264161 2.290352275
-59.791849528 2.290869039
-59.801202963 2.29272939
-59.813631145 2.299188945
-59.844249431 2.325440572
-59.884066122 2.346007792
-59.903134725 2.359598694
-59.913444174 2.378718974
-59.911816366 2.387814026
-59.901506917 2.404505513
-59.901816977 2.415615947
-59.904039063 2.426209615
-59.905072592 2.447862041
-59.906777914 2.458765767
-59.935845907 2.523878072
-59.939514933 2.542998352
-59.939230714 2.555452372
-59.940729329 2.562997131
-59.949023397 2.579843648
-59.953131674 2.583926086
-59.966024944 2.588680318
-59.970985881 2.592556051
-59.970262411 2.595759989
-59.965327312 2.608058981
-59.965043091 2.613433329
-59.996462362 2.674773255
-60.000079712 2.694048564
-59.993723511 2.857294414
-59.972975423 2.939304911
-59.97041744 2.960440572
-59.973983114 3.017646382
-59.969228882 3.042709453
-59.959384521 3.066480611
-59.932667807 3.110043844
-59.927370972 3.114332988
-59.920756389 3.11676178
-59.914865275 3.119965719
-59.91160966 3.126425273
-59.912694865 3.133401591
-59.920187948 3.14399526
-59.921557373 3.150093079
-59.918379273 3.152831929
-59.905718547 3.154795634
-59.90321224 3.158671367
-59.905434327 3.165234274
-59.913935099 3.174639385
-59.916854818 3.181150615
-59.91667395 3.194173076
-59.911506307 3.201872864
-59.904245768 3.208229065
-59.897631186 3.217375794
-59.884014445 3.262540995
-59.879621949 3.272566223
-59.853732056 3.315380148
-59.843190064 3.349021505
-59.839986125 3.349874166
-59.8336816 3.350287578
-59.826808635 3.351941223
-59.821770183 3.356592102
-59.820995036 3.363490906
-59.827092855 3.376694234
-59.828488119 3.383412171
-59.824043946 3.431677959
-59.841355551 3.425399272
-59.838539185 3.443020935
-59.821356771 3.484387919
-59.829547486 3.509761048
-59.847634237 3.530457459
-59.863033814 3.552368266
-59.862878784 3.581720479
-59.837660685 3.609289857
-59.755546835 3.638125305
-59.717642172 3.673213603
-59.695059571 3.683057963
-59.686222901 3.690215149
-59.680125082 3.701687317
-59.679556641 3.71034312
-59.680771037 3.719153951
-59.68015092 3.731117045
-59.671805176 3.756231792
-59.659118612 3.768918355
-59.618294231 3.787185974
-59.59860551 3.802404683
-59.595401571 3.816538188
-59.599716553 3.833126322
-59.60250708 3.855683085
-59.596331747 3.87588857
-59.581784831 3.899194641
-59.563155478 3.91818573
-59.5445778 3.925704651
-59.534707601 3.927099915
-59.5292299 3.931905823
-59.527653769 3.939528097
-59.529591634 3.949449971
-59.536826335 3.957692362
-59.548686077 3.96192983
-59.580389567 3.967123311
-59.590001384 3.9667099
-59.596280071 3.970637309
-59.595375733 3.996372172
-59.599716553 4.002263285
-59.605736858 4.007146708
-59.619818685 4.032726543
-59.653692587 4.064197489
-59.663252727 4.079726258
-59.660100464 4.103187357
-59.648990031 4.11980133
-59.646173666 4.134038187
-59.667361003 4.150574646
-59.710329957 4.164449768
-59.726737223 4.176464539
-59.738467774 4.202767842
-59.740431478 4.213645732
-59.740534831 4.222327372
-59.737951009 4.240000712
-59.735522217 4.245840149
-59.726608033 4.257699891
-59.724489299 4.264056091
-59.726556356 4.270696513
-59.736684936 4.282091167
-59.738467774 4.286587016
-59.72779659 4.305293884
-59.693612631 4.34069224
-59.687385621 4.364463399
-59.687115058 4.371465559
-59.686739665 4.381180725
-59.690460368 4.384462179
-59.701958375 4.385650737
-59.713508057 4.38937144
-59.722344727 4.397717184
-59.729915324 4.407535706
-59.737951009 4.415571391
-59.796267863 4.448205058
-59.809626221 4.465749207
-59.817687745 4.456835022
-59.826240194 4.454612936
-59.847634237 4.460245667
-59.85236263 4.460762431
-59.86324052 4.460659078
-59.867633016 4.461976827
-59.871689616 4.468229675
-59.868847412 4.48091624
-59.87292985 4.48468862
-59.88582312 4.484740296
-59.905279297 4.475283509
-59.914555217 4.474353333
-59.919929565 4.479210917
-59.934295614 4.498253683
-59.943313152 4.503912252
-59.953131674 4.505875956
-59.964681357 4.506496074
-59.974551555 4.503705546
-59.978892375 4.495411479
-59.984550945 4.488796895
-59.996979126 4.4907606
-60.020698609 4.4988738
-60.040180624 4.495928243
-60.055606039 4.491587422
-60.066251384 4.494326274
-60.071548218 4.512542216
-60.076870891 4.519957785
-60.087774618 4.525538839
-60.098600831 4.526003927
-60.103845988 4.51799408
-60.106197266 4.506599427
-60.112010864 4.502155253
-60.120925049 4.502361959
-60.132862305 4.504868266
-60.148778646 4.513007304
-60.159992432 4.527786763
-60.164850017 4.546209412
-60.161542725 4.5652005
-60.134826009 4.593545024
-60.126221884 4.594991964
-60.106145589 4.595353699
-60.097076375 4.598557638
-60.087697103 4.607523499
-60.084286459 4.61692861
-60.083201254 4.627083028
-60.080669109 4.638322652
-60.075630656 4.650285747
-60.047053589 4.691756084
-60.038475302 4.708008321
-60.032454997 4.725423279
-60.030077881 4.744362691
-60.034522055 4.787796733
-60.020466065 4.832290141
-60.017959758 4.892234802
-60.011009278 4.921716207
-60.003593709 4.939828796
-60.000208903 4.95832896
-59.999278728 4.996879578
-59.981502035 5.057418518
-59.983104005 5.085943909
-60.011009278 5.100025737
-60.055115113 5.125088806
-60.075734009 5.14082428
-60.088703915 5.155393807
-60.091236939 5.158239238
-60.123017945 5.231852316
-60.131725424 5.243401998
-60.176554728 5.22714976
-60.190946615 5.239939677
-60.200300049 5.263452453
-60.213425863 5.267224833
-60.255206259 5.256450297
-60.27373226 5.247355245
-60.314065715 5.206918436
-60.333082642 5.193766785
-60.354993449 5.193172506
-60.398944255 5.2083137
-60.419795696 5.207228496
-60.427417969 5.200768942
-60.439122681 5.181390279
-60.448967041 5.174233094
-60.456356771 5.174698181
-60.463126384 5.180020853
-60.470025187 5.186867981
-60.477492432 5.191932271
-60.497413697 5.195937195
-60.553844361 5.188056539
-60.568287924 5.189710185
-60.579398357 5.19485199
-60.589707804 5.201208191
-60.601774252 5.20658254
-60.613556478 5.208933818
-60.672958537 5.213016256
-60.695179403 5.211931051
-60.739853679 5.202138367
-60.81690324 5.285079041
-60.892660889 5.368562317
-60.968496054 5.452071432
-61.044253703 5.535606385
-61.120011353 5.619115499
-61.195820679 5.70267629
-61.271604167 5.78610789
-61.347361817 5.869668681
-61.379607911 5.905299581
-61.396712809 5.94558136
-61.386274171 5.95658844
-61.352762004 5.975191956
-61.338085897 5.986793314
-61.291189535 6.061155701
-61.278554647 6.09304006
-61.269382081 6.10722524
-61.256101237 6.114382426
-61.222924968 6.120531921
-61.206517701 6.125777079
-61.194477091 6.13285675
-61.184736085 6.146008403
-61.173987387 6.171639913
-61.161119955 6.182879537
-61.147348185 6.185049948
-61.132697917 6.183551331
-61.121561645 6.186651916
-61.118357707 6.202568258
-61.118047649 6.216236674
-61.112854167 6.254141337
-61.114792033 6.264011536
-61.117944295 6.267241313
-61.12135494 6.2694634
-61.124145468 6.276233012
-61.129080567 6.283312683
-61.14670223 6.294216411
-61.151973226 6.303363139
-61.159492147 6.331268412
-61.160913249 6.342353007
-61.15481543 6.390567119
-61.149932008 6.404442241
-61.141095338 6.416457011
-61.138976603 6.424802755
-61.138563192 6.433070984
-61.13975175 6.441261698
-61.142593953 6.449426575
-61.153471843 6.464361064
-61.163031983 6.494281718
-61.170860962 6.509242045
-61.186131348 6.523323873
-61.200083985 6.531101176
-61.209669963 6.540971375
-61.211969564 6.561435242
-61.20478654 6.595825908
-61.190187948 6.632877909
-61.170654256 6.66850881
-61.1393125 6.704449768
-61.129829875 6.715844421
-61.110967977 6.719513449
-61.08905717 6.717498067
-61.070401978 6.711865336
-61.061229411 6.730081279
-61.040067912 6.726980693
-61.01867387 6.720443624
-61.000251221 6.734370422
-60.954595094 6.728737691
-60.933821167 6.731734925
-60.928369304 6.735869039
-60.901239177 6.764420268
-60.899482178 6.768554383
-60.899068767 6.776770935
-60.901290853 6.786021016
-60.911161052 6.800025329
-60.913383138 6.811213277
-60.90756954 6.815244039
-60.894572917 6.814158834
-60.872403728 6.808112692
-60.86571163 6.803306783
-60.858528605 6.796459656
-60.849614421 6.789948426
-60.837625488 6.786356913
-60.828297893 6.787132059
-60.805250204 6.792480571
-60.793519653 6.793824158
-60.773055786 6.788423971
-60.736468872 6.764782003
-60.721534383 6.759691874
-60.700347047 6.767081604
-60.684146485 6.784031474
-60.655801962 6.824571635
-60.639549724 6.837723287
-60.620687826 6.845888164
-60.548728394 6.863096415
-60.420958415 6.942213034
-60.394190023 6.948465881
-60.377343506 6.938544007
-60.368093425 6.988101705
-60.359696004 7.004896546
-60.344580648 7.017608948
-60.327553264 7.028564352
-60.31341976 7.040243225
-60.303575399 7.054144185
-60.295798096 7.070732321
-60.291586467 7.088302307
-60.292335775 7.105252177
-60.299932211 7.121013489
-60.312825481 7.132589009
-60.347577881 7.151915995
-60.348272875 7.152684071
-60.360109417 7.165765279
-60.372020834 7.172276509
-60.385172486 7.173310038
-60.401476401 7.170881246
-60.41581661 7.171346334
-60.426746175 7.176875713
-60.437133138 7.183748678
-60.449509644 7.18834788
-60.475322022 7.18850291
-60.496612712 7.180596416
-60.51286495 7.165196839
-60.534904948 7.125767721
-60.548004924 7.125509338
-60.617638916 7.18038971
-60.628413453 7.191138408
-60.643063721 7.220904032
-60.643554647 7.250669658
-60.631100627 7.277696432
-60.606761028 7.299452209
-60.60223934 7.306531881
-60.599965577 7.31392161
-60.599862224 7.321879781
-60.601774252 7.330148011
-60.610559245 7.343635559
-60.622005575 7.371540833
-60.628981893 7.384356588
-60.636087403 7.38983429
-60.645156617 7.393399963
-60.653243978 7.398464254
-60.65727474 7.408127747
-60.656913005 7.416551005
-60.6558278 7.42285553
-60.65626705 7.42879832
-60.660633708 7.436136373
-60.674198772 7.445489807
-60.68812557 7.44864207
-60.700657105 7.453499655
-60.723833985 7.495822652
-60.72969926 7.51034373
-60.730577759 7.525433248
-60.716495932 7.551581523
-60.671149862 7.566050924
-60.655621094 7.58522288
-60.64148759 7.610906067
-60.631694906 7.624600322
-60.625157837 7.629457906
-60.610662598 7.626822408
-60.601257487 7.633850403
-60.59745927 7.646717834
-60.599862224 7.661548971
-60.584514323 7.688524068
-60.58441097 7.699376119
-60.587718262 7.71834137
-60.586994792 7.727126363
-60.582085531 7.736324769
-60.559580445 7.763041483
-60.539840048 7.800093486
-60.52575822 7.813374329
-60.503278972 7.820867412
-60.418503785 7.819368795
-60.374759685 7.823606263
-60.350420085 7.841796367
-60.342410238 7.864792379
-60.320344401 7.884739482
-60.271871908 7.917760722
-60.267998437 7.921262469
-60.25329423 7.934555562
-60.24301062 7.950575256
-60.231125041 7.964114482
-60.183091797 7.982666321
-60.165728516 7.997032369
-60.149786337 8.013465475
-60.129219117 8.028813375
-60.107902589 8.03555715
-60.068008383 8.031758932
-60.046485149 8.032921652
-60.029586955 8.042817688
-60.019458374 8.060310161
-60.011009278 8.100436911
-59.999330404 8.115397237
-59.998012655 8.127050273
-60.0005448 8.138548279
-60.000673991 8.152940165
-59.993310099 8.168520609
-59.967678589 8.188390198
-59.957059082 8.200146587
-59.939721639 8.208440654
-59.889750529 8.219886983
-59.869209147 8.221127218
-59.84846106 8.227741801
-59.829289103 8.245105083
-59.816654216 8.267196757
-59.815594849 8.287763977
-59.855618245 8.352126974
-59.959694581 8.468166403
-60.020976574 8.55797676
-60.020985481 8.558010158
-60.00108802 8.548895575
-59.968169726 8.52757396
-59.932484504 8.491766669
-59.875314908 8.405218817
-59.837798632 8.369289455
-59.809396939 8.354681708
-59.760568814 8.341498114
-59.73542233 8.328924872
-59.680572069 8.28921133
-59.651844856 8.27366771
-59.62218177 8.267523505
-59.613107877 8.252142645
-59.611236132 8.25014883
-59.609852668 8.24209219
