-59.742494851 -52.35797258
-59.720248754 -52.36719966
-59.681173005 -52.363869607
-59.654092453 -52.355405399
-59.641989458 -52.3677903
-59.667308906 -52.379366409
-59.687520662 -52.39194077
-59.695821883 -52.406522726
-59.723177085 -52.398368278
-59.745443686 -52.389136026
-59.760908013 -52.378829879
-59.786389896 -52.381033919
-59.798459006 -52.368634275
-59.820693796 -52.358356532
-59.790304716 -52.342641709
-59.764871665 -52.338362642
-59.768427767 -52.3269608
-59.751687668 -52.309228125
-59.726288672 -52.30390233
-59.69232089 -52.303712519
-59.688744571 -52.315111362
-59.71246748 -52.319399132
-59.712263653 -52.332894509
-59.730790203 -52.344414801
-59.742494851 -52.35797258
-59.781809049 -52.138767185
-59.765858528 -52.166436456
-59.716542121 -52.163018488
-59.695179817 -52.166273696
-59.680165168 -52.17945729
-59.68480384 -52.184258722
-59.688872851 -52.191094659
-59.692250129 -52.1991513
-59.694447395 -52.208103123
-59.67686927 -52.215590102
-59.679188606 -52.229261977
-59.693267382 -52.242445571
-59.711252408 -52.248304946
-59.71971595 -52.249688409
-59.729969856 -52.253350519
-59.738596158 -52.258884373
-59.746693489 -52.274021092
-59.756011523 -52.273614191
-59.764230924 -52.266371352
-59.765004036 -52.254327081
-59.765492317 -52.252699477
-59.766346809 -52.251234633
-59.767567512 -52.24976979
-59.769520637 -52.248304946
-59.758697069 -52.240817967
-59.749501106 -52.227797133
-59.744984504 -52.211521092
-59.748402473 -52.193780206
-59.760975715 -52.180922133
-59.777007616 -52.174493097
-59.791005012 -52.166680597
-59.796864387 -52.149509373
-59.792144335 -52.130547784
-59.781809049 -52.138767185
-58.443999804 -52.004978123
-58.43854733 -52.005547784
-58.429514127 -52.004652602
-58.423817512 -52.00009531
-58.425119595 -51.993340753
-58.420806444 -51.992364191
-58.415598111 -51.994073175
-58.402211067 -52.002129816
-58.402007616 -52.003513279
-58.406483528 -52.005059503
-58.407826301 -52.012139581
-58.410796679 -52.020196222
-58.422474739 -52.020440363
-58.441273567 -52.01539479
-58.45026608 -52.01555755
-58.45026608 -52.019707941
-58.444203254 -52.029554946
-58.448963996 -52.033786717
-58.460072395 -52.032891534
-58.461252408 -52.035577081
-58.450754361 -52.039971613
-58.439849413 -52.036879165
-58.431304491 -52.030857029
-58.429514127 -52.032972915
-58.434193489 -52.042087498
-58.436431444 -52.051690363
-58.43472246 -52.060967706
-58.426177538 -52.072523696
-58.42707272 -52.078383071
-58.430043098 -52.082614842
-58.429351366 -52.088799738
-58.422759569 -52.096368097
-58.427601692 -52.100681248
-58.448312955 -52.098321222
-58.456166145 -52.093031508
-58.448963996 -52.087579034
-58.448353645 -52.080743097
-58.454009569 -52.080661717
-58.464751757 -52.082940363
-58.480580207 -52.077732029
-58.494984504 -52.070977472
-58.517974413 -52.063653253
-58.520415819 -52.0585263
-58.52074134 -52.049737238
-58.525624153 -52.041680597
-58.538400845 -52.034274998
-58.546742317 -52.025567316
-58.539621549 -52.018975519
-58.527333137 -52.013441665
-58.513335741 -52.008721613
-58.498850064 -52.006280206
-58.488921679 -52.002129816
-58.479644335 -52.000909113
-58.476958788 -51.999607029
-58.484120246 -51.995049738
-58.480580207 -51.99228281
-58.465646939 -51.992771092
-58.453968879 -51.995782159
-58.448231575 -52.000583592
-58.443999804 -52.004978123
-59.673980273 -51.970391534
-59.671701627 -51.98056406
-59.680287239 -51.987725519
-59.690174934 -51.989922784
-59.695871549 -51.988702081
-59.697621223 -51.985772394
-59.700062629 -51.982517185
-59.703765429 -51.979668878
-59.708851692 -51.979424738
-59.714833137 -51.980157159
-59.718902148 -51.976169529
-59.713002082 -51.963962498
-59.714914517 -51.956312758
-59.711293098 -51.945896092
-59.698882616 -51.938409113
-59.68871009 -51.940606378
-59.688303189 -51.947198175
-59.691639778 -51.955336196
-59.686350064 -51.962823175
-59.679921028 -51.965590102
-59.673980273 -51.970391534
-61.234974739 -51.831312758
-61.234974739 -51.837497654
-61.225656705 -51.840915623
-61.215565559 -51.841892185
-61.204945442 -51.840590102
-61.193999804 -51.837497654
-61.217518684 -51.862074477
-61.252268033 -51.861993097
-61.288807746 -51.846368097
-61.318186002 -51.824476821
-61.313303189 -51.821384373
-61.308338996 -51.819268488
-61.297678189 -51.817071222
-61.288726366 -51.819756769
-61.267323371 -51.823663019
-61.250640429 -51.833754165
-61.246083137 -51.829685154
-61.242421028 -51.817071222
-61.239165819 -51.812188409
-61.237212694 -51.805352472
-61.232899543 -51.799086196
-61.222279426 -51.796563409
-61.213531054 -51.797946873
-61.206166145 -51.801934503
-61.199696418 -51.8085263
-61.193999804 -51.817071222
-61.204986132 -51.819268488
-61.234974739 -51.831312758
-60.879302538 -51.858575128
-60.885650194 -51.870375258
-60.90729733 -51.899590753
-60.865712043 -51.899590753
-60.873605924 -51.908786717
-60.880604621 -51.927015883
-60.886789517 -51.934340102
-60.900786913 -51.940606378
-60.947621223 -51.947360935
-60.976429817 -51.953383071
-60.996693489 -51.952732029
-61.043812629 -51.940606378
-61.039540168 -51.930596613
-61.036976692 -51.926934503
-61.051340299 -51.926690363
-61.057606575 -51.920342706
-61.060536262 -51.912204685
-61.064930793 -51.906426691
-61.074818489 -51.903903904
-61.095936653 -51.902520441
-61.105865038 -51.899590753
-61.109486457 -51.897149347
-61.111805793 -51.89462656
-61.114613411 -51.892754816
-61.119536913 -51.892754816
-61.111805793 -51.870782159
-61.118641731 -51.856540623
-61.134348111 -51.848321222
-61.153065559 -51.844903253
-61.135650194 -51.831719659
-61.121896939 -51.825860284
-61.105946418 -51.82431406
-61.065256314 -51.824802342
-61.059478319 -51.823907159
-61.047230598 -51.807061456
-61.02839108 -51.788506769
-61.01667233 -51.78118255
-61.002268033 -51.776625258
-60.997670051 -51.776055597
-60.986887174 -51.776055597
-60.982329882 -51.776625258
-60.974598762 -51.780043227
-60.971831835 -51.783868097
-60.970936653 -51.787286066
-60.968658007 -51.789727472
-60.948394335 -51.796075128
-60.939808723 -51.803399347
-60.944203254 -51.813897394
-60.963124153 -51.823907159
-61.012196418 -51.841566665
-61.030181444 -51.858575128
-61.032622851 -51.866875909
-61.027455207 -51.869235935
-60.954945442 -51.853773696
-60.924549934 -51.836521092
-60.904855924 -51.829685154
-60.888539192 -51.819268488
-60.879302538 -51.796563409
-60.883656379 -51.788262628
-60.893299934 -51.7850888
-60.897938606 -51.780857029
-60.886789517 -51.769219659
-60.874012825 -51.761895441
-60.862863736 -51.760918878
-60.855051236 -51.766696873
-60.852040168 -51.779880467
-60.853911913 -51.788750909
-60.858550585 -51.798923435
-60.86432858 -51.808038019
-60.869374153 -51.813897394
-60.874989387 -51.823011977
-60.877105273 -51.8475888
-60.879302538 -51.858575128
-61.193999804 -51.693536066
-61.211171028 -51.699883722
-61.250477668 -51.698337498
-61.26667233 -51.704034113
-61.274322069 -51.714043878
-61.277333137 -51.725681248
-61.277211067 -51.755547784
-61.289540168 -51.752536717
-61.302113411 -51.747653904
-61.312408007 -51.739922784
-61.318186002 -51.728204034
-61.312001106 -51.708265883
-61.304351366 -51.694919529
-61.291818814 -51.686211847
-61.270375129 -51.680433852
-61.248850064 -51.680108331
-61.212961392 -51.690850519
-61.193999804 -51.693536066
-59.364857551 -51.354913019
-59.357329882 -51.361423435
-59.255970832 -51.387383722
-59.229074674 -51.399102472
-59.214019335 -51.413506769
-59.256906705 -51.412041925
-59.27448483 -51.417168878
-59.282866991 -51.432793878
-59.279164192 -51.447849217
-59.266346809 -51.448418878
-59.249867317 -51.444919529
-59.235178189 -51.447035415
-59.261830207 -51.4569638
-59.308216926 -51.490004165
-59.331369595 -51.501722915
-59.338002082 -51.490655206
-59.348459439 -51.487074477
-59.36058509 -51.489190363
-59.37230384 -51.494886977
-59.37230384 -51.501722915
-59.368641731 -51.507012628
-59.369862434 -51.512872003
-59.378529426 -51.528985284
-59.371408658 -51.526299738
-59.350575325 -51.522719008
-59.350575325 -51.528985284
-59.382232226 -51.556898696
-59.385812955 -51.563246352
-59.389068163 -51.590997003
-59.396148241 -51.597344659
-59.408518033 -51.601820571
-59.433176236 -51.621351821
-59.447377082 -51.625176691
-59.458607551 -51.62118906
-59.464100715 -51.612481378
-59.464507616 -51.60165781
-59.460438606 -51.591078383
-59.491566536 -51.614434503
-59.508615689 -51.623142185
-59.522531705 -51.618340753
-59.577137825 -51.652520441
-59.549427864 -51.651136977
-59.553578254 -51.662041925
-59.588002082 -51.690118097
-59.632394986 -51.741306248
-59.659535286 -51.7616513
-59.725656705 -51.799248956
-59.831369595 -51.894952081
-59.851470507 -51.920668227
-59.860951301 -51.936211847
-59.871734179 -51.94898854
-59.887033658 -51.957777602
-59.931060351 -51.965020441
-59.994862434 -51.994561456
-60.002512174 -51.965264581
-60.005726692 -51.96103281
-60.030913866 -51.958672784
-60.044300911 -51.955661717
-60.050119595 -51.951104425
-60.054351366 -51.940199477
-60.064198371 -51.940606378
-60.074615038 -51.945977472
-60.080881314 -51.951104425
-60.08315996 -51.961521092
-60.07127845 -51.982028904
-60.074045377 -51.991469008
-60.094105598 -51.998711847
-60.180409309 -51.994561456
-60.203602668 -52.002699477
-60.215443489 -52.003594659
-60.221424934 -51.994561456
-60.218088345 -51.988539321
-60.200103319 -51.97665781
-60.194081184 -51.968438409
-60.259877082 -51.985446873
-60.276031054 -51.994561456
-60.286529101 -52.012790623
-60.280669726 -52.028090102
-60.269195116 -52.044854425
-60.26301022 -52.067152602
-60.268137174 -52.08212656
-60.280344205 -52.094496352
-60.36042233 -52.153578383
-60.37222246 -52.159600519
-60.394276496 -52.158786717
-60.425363736 -52.144789321
-60.447336392 -52.145928644
-60.443226692 -52.147393488
-60.441883918 -52.152601821
-60.44253496 -52.158868097
-60.444243944 -52.163018488
-60.451039192 -52.165622654
-60.457915819 -52.161553644
-60.464751757 -52.155857029
-60.4814347 -52.14853281
-60.500111457 -52.129815363
-60.505970832 -52.125583592
-60.517567512 -52.122735284
-60.537098762 -52.111993097
-60.550363736 -52.111911717
-60.556548632 -52.116143488
-60.558338996 -52.122979425
-60.555287239 -52.129489842
-60.52839108 -52.137872003
-60.513172981 -52.151625258
-60.502186653 -52.169366144
-60.495757616 -52.186944269
-60.536610481 -52.217054946
-60.592762825 -52.236748956
-60.646717903 -52.233086847
-60.681304491 -52.193780206
-60.668324348 -52.194594008
-60.658518033 -52.196872654
-60.64956621 -52.197523696
-60.639068163 -52.193780206
-60.657866991 -52.184828383
-60.682525194 -52.167575779
-60.704497851 -52.148125909
-60.714833137 -52.132419529
-60.707264778 -52.129327081
-60.693999804 -52.119561456
-60.68858802 -52.10914479
-60.70425371 -52.104424738
-60.804921028 -52.101739191
-60.817860481 -52.104424738
-60.826079882 -52.111748956
-60.820139127 -52.115980727
-60.807118293 -52.118096613
-60.794300911 -52.118747654
-60.774077929 -52.12476979
-60.751454231 -52.139743748
-60.732248502 -52.157891534
-60.722279426 -52.173923435
-60.780344205 -52.173923435
-60.796783007 -52.172051691
-60.805043098 -52.167250258
-60.810210741 -52.160414321
-60.855458137 -52.122165623
-60.867298957 -52.115166925
-60.880238411 -52.113864842
-60.893788215 -52.114190363
-60.90729733 -52.111911717
-60.924916145 -52.10133229
-60.957590299 -52.073011977
-60.975575325 -52.064060154
-61.021595832 -52.057549738
-61.036936002 -52.046563409
-61.030181444 -52.022556248
-61.019764778 -52.012465102
-60.994699674 -52.015883071
-60.940785286 -52.029961847
-60.897206184 -52.031914972
-60.886789517 -52.036228123
-60.882394986 -52.045993748
-60.882883267 -52.057305597
-60.878325976 -52.065199477
-60.858876106 -52.064060154
-60.873158332 -52.029961847
-60.805490689 -52.024346613
-60.742176887 -52.008884373
-60.742176887 -52.002048435
-60.773996549 -51.990817967
-60.801014778 -51.987725519
-60.824370898 -51.979913019
-60.845204231 -51.954766534
-60.758412239 -51.954278253
-60.712961392 -51.961358331
-60.694406705 -51.982110284
-60.687570767 -51.982110284
-60.683664517 -51.974786066
-60.679514127 -51.970147394
-60.667062955 -51.96103281
-60.665394661 -51.971368097
-60.660267707 -51.980157159
-60.652455207 -51.983819269
-60.642567512 -51.978692316
-60.632191536 -51.971774998
-60.622547981 -51.971286717
-60.611927864 -51.973728123
-60.584055142 -51.97665781
-60.573801236 -51.979913019
-60.557199674 -51.98837656
-60.540638801 -51.999688409
-60.532053189 -51.99993255
-60.523060676 -51.98837656
-60.536732551 -51.982110284
-60.536732551 -51.975274347
-60.511301236 -51.975681248
-60.483021614 -51.972263279
-60.456044075 -51.965101821
-60.434315559 -51.954766534
-60.408436653 -51.925225519
-60.402943489 -51.920668227
-60.399891731 -51.916599217
-60.405506965 -51.908786717
-60.416656054 -51.904229425
-60.430572069 -51.909844659
-60.466786262 -51.930433852
-60.514719205 -51.941827081
-60.564320442 -51.94117604
-60.605580207 -51.926934503
-60.526193814 -51.930271092
-60.505970832 -51.923760675
-60.498646614 -51.920505467
-60.479237434 -51.915215753
-60.475249804 -51.909844659
-60.472035286 -51.900811456
-60.464426236 -51.891778253
-60.455189582 -51.884047133
-60.447336392 -51.879082941
-60.456654426 -51.86728281
-60.455637174 -51.85947031
-60.45042884 -51.852959894
-60.447336392 -51.844903253
-60.448557095 -51.835381769
-60.453684049 -51.813653253
-60.454741991 -51.799981378
-60.444488085 -51.782891534
-60.420318163 -51.770440363
-60.392893033 -51.765313409
-60.37222246 -51.769219659
-60.37995358 -51.777601821
-60.388335741 -51.78492604
-60.406361457 -51.796563409
-60.375721809 -51.791924738
-60.363107877 -51.791924738
-60.357980924 -51.799981378
-60.360707161 -51.809340102
-60.379709439 -51.837497654
-60.367990689 -51.842217706
-60.338734504 -51.858575128
-60.33722897 -51.842380467
-60.32933509 -51.830010675
-60.315825976 -51.823418878
-60.297108528 -51.824476821
-60.308990038 -51.809747003
-60.312652148 -51.798272394
-60.310780403 -51.765801691
-60.306996223 -51.756442967
-60.297759569 -51.750420831
-60.28636634 -51.747979425
-60.276031054 -51.748711847
-60.269439257 -51.753350519
-60.262318489 -51.76930104
-60.256174283 -51.776625258
-60.249338345 -51.775567316
-60.240223762 -51.770765883
-60.232289192 -51.769707941
-60.228871223 -51.779880467
-60.224517382 -51.782484633
-60.214711067 -51.778497003
-60.184071418 -51.761163019
-60.181223111 -51.742771092
-60.182362434 -51.721856378
-60.180409309 -51.707207941
-60.207183398 -51.701348566
-60.231841601 -51.704685154
-60.255686002 -51.711114191
-60.279774543 -51.71461354
-60.338449674 -51.709161066
-60.364003059 -51.714125258
-60.357980924 -51.735039972
-60.365956184 -51.746514581
-60.373280403 -51.746514581
-60.381703254 -51.742364191
-60.392689582 -51.741306248
-60.437570767 -51.759535415
-60.451039192 -51.762383722
-60.496083137 -51.762383722
-60.510161913 -51.765883071
-60.517730273 -51.774102472
-60.523060676 -51.783135675
-60.530506965 -51.789727472
-60.550648567 -51.789808852
-60.560902473 -51.774997654
-60.570383267 -51.757256769
-60.588246223 -51.748711847
-60.610178189 -51.742771092
-60.628977017 -51.727471613
-60.640126106 -51.707289321
-60.639068163 -51.686700128
-60.624989387 -51.669610284
-60.608876106 -51.671482029
-60.589995898 -51.680922133
-60.490101692 -51.700372003
-60.461577929 -51.700941665
-60.437977668 -51.694268488
-60.391997851 -51.67164479
-60.368804491 -51.666761977
-60.289947069 -51.67180755
-60.219593879 -51.654229425
-60.198841926 -51.656426691
-60.156971809 -51.682793878
-60.133127408 -51.689873956
-60.077381965 -51.693536066
-60.091949023 -51.674981378
-60.116037564 -51.664727472
-60.143869595 -51.660332941
-60.169911262 -51.659356378
-60.189808723 -51.653252863
-60.248768684 -51.611586196
-60.259388801 -51.607679946
-60.279611783 -51.602797133
-60.29027259 -51.597344659
-60.31761634 -51.570570571
-60.343576627 -51.568780206
-60.490386523 -51.526462498
-60.502552864 -51.519138279
-60.513050911 -51.498467706
-60.515288866 -51.486504816
-60.505970832 -51.481215102
-60.447336392 -51.481215102
-60.399240689 -51.489190363
-60.388783332 -51.48447031
-60.402943489 -51.464125258
-60.423491991 -51.450616144
-60.450103319 -51.44150156
-60.478016731 -51.435723566
-60.516102668 -51.432549738
-60.543771939 -51.434014581
-60.557199674 -51.432793878
-60.588531054 -51.421482029
-60.602162239 -51.419691665
-60.612049934 -51.417413019
-60.623199023 -51.411390883
-60.630726692 -51.403578383
-60.629505989 -51.395928644
-60.625843879 -51.385023696
-60.630970832 -51.372979425
-60.645985481 -51.35149505
-60.634673632 -51.352227472
-60.624256965 -51.35165781
-60.614613411 -51.349053644
-60.605580207 -51.344008071
-60.572661913 -51.358168227
-60.461577929 -51.385674738
-60.4267472 -51.399102472
-60.324452278 -51.453301691
-60.242909309 -51.478936456
-60.153146939 -51.487481378
-59.988636848 -51.467543227
-60.0126847 -51.449883722
-60.083607551 -51.445977472
-60.074045377 -51.423272394
-60.053089973 -51.405938409
-60.029611783 -51.392510675
-60.024037239 -51.379327081
-60.017486132 -51.375176691
-60.005726692 -51.382256769
-60.002064582 -51.388360284
-59.994862434 -51.413506769
-59.934437629 -51.381768488
-59.901478645 -51.372816665
-59.871937629 -51.3788388
-59.871937629 -51.385674738
-59.877593554 -51.388848566
-59.880441861 -51.392022394
-59.882435676 -51.395603123
-59.885609504 -51.399346613
-59.791615364 -51.410577081
-59.762074348 -51.419691665
-59.777902799 -51.424574477
-59.794789192 -51.426690363
-59.830393033 -51.426690363
-59.80182858 -51.447035415
-59.748524543 -51.447035415
-59.560373502 -51.419691665
-59.542551236 -51.415134373
-59.50885983 -51.395684503
-59.488392707 -51.392510675
-59.488392707 -51.399346613
-59.558745898 -51.431329034
-59.584584114 -51.439629816
-59.539296028 -51.455743097
-59.491322395 -51.456231378
-59.392811653 -51.432793878
-59.39964759 -51.423435154
-59.411610481 -51.414808852
-59.425363736 -51.408461196
-59.437489387 -51.40601979
-59.443959114 -51.400323175
-59.444569465 -51.37086354
-59.447377082 -51.358330988
-59.438954231 -51.358982029
-59.421620246 -51.357598566
-59.413238085 -51.358330988
-59.41510983 -51.353773696
-59.417632616 -51.342461847
-59.419504361 -51.337823175
-59.405262825 -51.337660415
-59.387074348 -51.340101821
-59.371490038 -51.345635675
-59.364857551 -51.354913019
-59.716808401 -51.347017198
-59.6893983 -51.35971972
-59.687848077 -51.339458054
-59.665640897 -51.341511925
-59.660383787 -51.357484471
-59.638101817 -51.365928912
-59.60048061 -51.368977289
-59.596946215 -51.380689703
-59.625967288 -51.385071096
-59.66347016 -51.396935602
-59.694150736 -51.407696489
-59.723186638 -51.409918092
-59.75231042 -51.39828143
-59.748993984 -51.383353716
-59.728575781 -51.372636518
-59.752508275 -51.368443363
-59.791740301 -51.372807605
-59.822528473 -51.361152115
-59.829411415 -51.350506596
-59.802122728 -51.348316249
-59.773132269 -51.34611547
-59.764718205 -51.327971031
-59.74423909 -51.328977583
-59.730522549 -51.338531363
-59.716808401 -51.347017198
-59.918039517 -51.338962498
-59.940988736 -51.344496352
-59.961333788 -51.344008071
-59.980865038 -51.336358331
-59.998199023 -51.325127863
-60.012521939 -51.311455988
-60.022816536 -51.296156508
-59.975738085 -51.286879165
-59.960316536 -51.286797784
-59.944935676 -51.289483331
-59.905873176 -51.303399347
-59.899281379 -51.303643488
-59.913807746 -51.309502863
-59.920318163 -51.309991144
-59.920318163 -51.317478123
-59.906483528 -51.329196873
-59.918039517 -51.338962498
-60.205799934 -51.302911066
-60.178293424 -51.30478281
-60.153146939 -51.303643488
-60.099191861 -51.295586847
-60.074289517 -51.299981378
-60.06371009 -51.320733331
-60.059234179 -51.324883722
-60.051503059 -51.335544529
-60.049143033 -51.346449477
-60.060658332 -51.35149505
-60.098500129 -51.3788388
-60.114165819 -51.401950779
-60.119007942 -51.40601979
-60.129383918 -51.405450128
-60.158355273 -51.395114842
-60.169911262 -51.392510675
-60.241281705 -51.401136977
-60.256092903 -51.399590753
-60.27440345 -51.3944638
-60.288685676 -51.385186456
-60.291493293 -51.371677342
-60.277455207 -51.357354425
-60.252756314 -51.349053644
-60.204660611 -51.344008071
-60.193674283 -51.348402602
-60.173451301 -51.367608331
-60.163075325 -51.372002863
-60.148304817 -51.371270441
-60.135406054 -51.369073175
-60.123443163 -51.364841404
-60.111561653 -51.358330988
-60.129709439 -51.347263279
-60.1845597 -51.327569269
-60.222971158 -51.319919529
-60.269886848 -51.298272394
-60.283518033 -51.289483331
-60.299794075 -51.274997654
-60.300892707 -51.268243097
-60.29027259 -51.262139581
-60.273915168 -51.260918878
-60.264963345 -51.267347915
-60.259144661 -51.2772763
-60.252430793 -51.286309503
-60.231800911 -51.297295831
-60.205799934 -51.302911066
-60.521107551 -51.315036717
-60.527007616 -51.316582941
-60.530181444 -51.310967706
-60.531158007 -51.305352472
-60.534413215 -51.300957941
-60.546498176 -51.298028253
-60.566070116 -51.295017185
-60.586293098 -51.284600519
-60.596669075 -51.263360284
-60.582875129 -51.254978123
-60.555246549 -51.26930104
-60.541249153 -51.279880467
-60.533436653 -51.283379816
-60.520171679 -51.29273854
-60.51659095 -51.30478281
-60.521107551 -51.315036717
-58.733509895 -51.328301691
-58.710031705 -51.330987238
-58.659087694 -51.330987238
-58.647613085 -51.334161066
-58.637603319 -51.339288019
-58.626454231 -51.343438409
-58.611398892 -51.344008071
-58.611398892 -51.337823175
-58.615142382 -51.325453383
-58.599924283 -51.314629816
-58.576527473 -51.306735935
-58.4814347 -51.300957941
-58.463937955 -51.306817316
-58.447377082 -51.315199477
-58.406605598 -51.323825779
-58.388824023 -51.334405206
-58.343617317 -51.368422133
-58.33702552 -51.382256769
-58.333363411 -51.402520441
-58.32909095 -51.416273696
-58.333811002 -51.427504165
-58.357492642 -51.439629816
-58.377023892 -51.44508229
-58.402902799 -51.449395441
-58.428334114 -51.450616144
-58.446888801 -51.447035415
-58.456695116 -51.435642185
-58.473459439 -51.401625258
-58.487863736 -51.392510675
-58.504750129 -51.395277602
-58.52074134 -51.406426691
-58.549224413 -51.432793878
-58.515451627 -51.43336354
-58.509348111 -51.446872654
-58.521962043 -51.491143488
-58.50890052 -51.498223566
-58.445464648 -51.476250909
-58.422352668 -51.477797133
-58.417958137 -51.4882138
-58.419667121 -51.500909113
-58.423573371 -51.514092706
-58.425770637 -51.525974217
-58.424672004 -51.543226821
-58.421213345 -51.549411717
-58.405913866 -51.549493097
-58.402007616 -51.547946873
-58.395008918 -51.538669529
-58.388824023 -51.536553644
-58.384673632 -51.539646092
-58.378407356 -51.55445729
-58.374867317 -51.560153904
-58.361439582 -51.565687758
-58.345611132 -51.565118097
-58.331654426 -51.559340102
-58.323963996 -51.549493097
-58.302967903 -51.557305597
-58.290394661 -51.567559503
-58.284047004 -51.581638279
-58.28237871 -51.601006769
-58.276478645 -51.614515883
-58.262359179 -51.631605727
-58.245350715 -51.646416925
-58.230865038 -51.652520441
-58.213368293 -51.646091404
-58.221587694 -51.631117446
-58.247629361 -51.604750258
-58.236927864 -51.592543227
-58.215402799 -51.595310154
-58.172515429 -51.611586196
-58.179921028 -51.588067316
-58.203968879 -51.57805755
-58.229562955 -51.571872654
-58.241444465 -51.560153904
-58.234689908 -51.552829685
-58.221424934 -51.546563409
-58.21222897 -51.538506769
-58.217193163 -51.525974217
-58.230051236 -51.521579685
-58.260609504 -51.530450128
-58.275502082 -51.528985284
-58.285471158 -51.521091404
-58.28636634 -51.513441665
-58.285308398 -51.505140883
-58.289173957 -51.494886977
-58.2939347 -51.489353123
-58.301014778 -51.483086847
-58.307484504 -51.481866144
-58.310292121 -51.491143488
-58.314361132 -51.500746352
-58.324208137 -51.506036066
-58.336537239 -51.508233331
-58.347808398 -51.508477472
-58.359364387 -51.504652602
-58.354644335 -51.495782159
-58.33702552 -51.481215102
-58.291249153 -51.422539972
-58.278960741 -51.413506769
-58.267689582 -51.410332941
-58.240874804 -51.395684503
-58.227447069 -51.392510675
-58.017893033 -51.38274505
-57.962880012 -51.371840102
-57.932932095 -51.372002863
-57.906402148 -51.376641534
-57.895253059 -51.382256769
-57.884510871 -51.392510675
-57.867583788 -51.4335263
-57.860951301 -51.439629816
-57.850412564 -51.444919529
-57.819650845 -51.477797133
-57.809071418 -51.484633071
-57.795155403 -51.489678644
-57.767811653 -51.494886977
-57.775990364 -51.504815363
-57.795155403 -51.512302342
-57.802601692 -51.522719008
-57.777088996 -51.522556248
-57.769154426 -51.531670831
-57.777943489 -51.54306406
-57.802601692 -51.549493097
-57.927235481 -51.53883229
-58.011341926 -51.507256769
-58.032093879 -51.504327081
-58.040882942 -51.512302342
-58.02855384 -51.536553644
-58.081939257 -51.522393488
-58.145171679 -51.542657159
-58.127512174 -51.561130467
-58.093820767 -51.576348566
-58.056711392 -51.586846613
-58.02855384 -51.591078383
-57.971058723 -51.582207941
-57.943104621 -51.593031508
-57.849680142 -51.599053644
-57.812326627 -51.605889581
-57.780995246 -51.619398696
-57.767811653 -51.642266534
-57.78620358 -51.655043227
-57.827748176 -51.664646092
-57.898793098 -51.673028253
-57.898793098 -51.680433852
-57.838693814 -51.694105727
-57.816232877 -51.693536066
-57.776437955 -51.684665623
-57.756906705 -51.683038019
-57.734283007 -51.686700128
-57.734283007 -51.693536066
-57.762359179 -51.695000909
-57.863840299 -51.726250909
-57.884429491 -51.728692316
-57.952300585 -51.729587498
-57.965565559 -51.732598566
-57.966420051 -51.740329685
-57.979115364 -51.747491144
-57.992421028 -51.751071873
-58.144398567 -51.762302342
-58.222035286 -51.754571222
-58.261301236 -51.755547784
-58.261301236 -51.762383722
-58.249012825 -51.763929946
-58.214100715 -51.776625258
-58.197621223 -51.780368748
-58.145171679 -51.782891534
-58.145171679 -51.789727472
-58.173207161 -51.795098566
-58.232167121 -51.79273854
-58.261301236 -51.796563409
-58.330637174 -51.823825779
-58.357492642 -51.824476821
-58.335926887 -51.830987238
-58.315337694 -51.830010675
-58.253163215 -51.811130467
-58.186146614 -51.810804946
-58.199859179 -51.822035415
-58.224964973 -51.833184503
-58.252268033 -51.841566665
-58.295033332 -51.849297784
-58.371164517 -51.879082941
-58.41905677 -51.892185154
-58.511219856 -51.882989191
-58.562896288 -51.885349217
-58.59894772 -51.892754816
-58.757801887 -51.891289972
-58.782093879 -51.885349217
-58.816151496 -51.865411066
-58.862416145 -51.854587498
-58.884673632 -51.842543227
-58.906239387 -51.835137628
-58.916371223 -51.82789479
-58.921376106 -51.819431248
-58.925038215 -51.809177342
-58.930409309 -51.80055104
-58.940297004 -51.796563409
-58.952788866 -51.802422784
-58.963734504 -51.81650156
-58.971506314 -51.831719659
-58.974436002 -51.841241144
-58.969105598 -51.853773696
-58.955962694 -51.865980727
-58.939116991 -51.875420831
-58.892567512 -51.884372654
-58.852162239 -51.897556248
-58.815500455 -51.915297133
-58.796294726 -51.934340102
-58.810414192 -51.951918227
-58.784169075 -51.95712656
-58.727406379 -51.947360935
-58.698475715 -51.948500258
-58.660715299 -51.955010675
-58.632313606 -51.967950128
-58.631825325 -51.98837656
-58.604481575 -52.002048435
-58.656483528 -52.024021092
-58.67284095 -52.036228123
-58.6611222 -52.043145441
-58.653879361 -52.052178644
-58.649281379 -52.063571873
-58.640777148 -52.09775156
-58.641224739 -52.107842706
-58.648915168 -52.111423435
-58.665923632 -52.111911717
-58.675119595 -52.107110284
-58.706288215 -52.07024505
-58.717762825 -52.059747003
-58.729400194 -52.051039321
-58.74347897 -52.045098566
-58.761830207 -52.04306406
-58.77074134 -52.040948175
-58.782785611 -52.031914972
-58.789173957 -52.029961847
-58.795277473 -52.031914972
-58.79792233 -52.036390883
-58.802113411 -52.040948175
-58.813099739 -52.04306406
-58.821888801 -52.041924738
-58.836537239 -52.037204685
-58.844105598 -52.036228123
-58.857085741 -52.039646092
-58.8564347 -52.047458592
-58.851185676 -52.056817316
-58.850941536 -52.064060154
-58.86449134 -52.073174738
-58.89561927 -52.085137628
-58.909291145 -52.094414972
-58.925770637 -52.10165781
-58.936268684 -52.090020441
-58.947743293 -52.056573175
-58.968576627 -52.070977472
-58.979888476 -52.06259531
-58.986968554 -52.044528904
-58.994943814 -52.029961847
-59.016509569 -52.023125909
-59.038644986 -52.026543878
-59.05589759 -52.026299738
-59.063221809 -52.008884373
-59.081369595 -52.014906508
-59.096180793 -52.012139581
-59.125314908 -51.994561456
-59.132679817 -51.987074477
-59.138295051 -51.983330988
-59.14574134 -51.982110284
-59.157785611 -51.985284113
-59.162342903 -51.990411066
-59.165435351 -51.996351821
-59.17308509 -52.002048435
-59.187408007 -52.006524347
-59.20026608 -52.00758229
-59.213124153 -52.005791925
-59.22765052 -52.002048435
-59.236561653 -51.998142185
-59.24323483 -51.993422133
-59.250843879 -51.989841404
-59.262440559 -51.98837656
-59.269602017 -51.990492446
-59.284250455 -51.99976979
-59.292836067 -52.002048435
-59.303293424 -52.00790781
-59.297515429 -52.019219659
-59.282582161 -52.026136977
-59.253081835 -52.014336847
-59.200672981 -52.022556248
-59.186024543 -52.028985284
-59.184071418 -52.043226821
-59.184478319 -52.057549738
-59.17682858 -52.064060154
-59.157134569 -52.061781508
-59.143625455 -52.058038019
-59.130360481 -52.057224217
-59.111643033 -52.064060154
-59.14574134 -52.090752863
-59.109445767 -52.089288019
-59.091664192 -52.091241144
-59.076812304 -52.098239842
-59.093617317 -52.108086847
-59.132557746 -52.117933852
-59.14574134 -52.125583592
-59.15343177 -52.144219659
-59.138905403 -52.150160415
-59.115793424 -52.148858331
-59.058461067 -52.13648854
-59.038889127 -52.135837498
-59.035878059 -52.145928644
-59.046498176 -52.154392185
-59.097971158 -52.173923435
-59.085316536 -52.187107029
-59.062652148 -52.19931406
-59.048980273 -52.212497654
-59.063221809 -52.228610935
-59.084706184 -52.231540623
-59.109527148 -52.225030206
-59.152577278 -52.208103123
-59.178700325 -52.206149998
-59.201283332 -52.208591404
-59.221669075 -52.207207941
-59.241322395 -52.193780206
-59.246449348 -52.185153904
-59.248687304 -52.176853123
-59.252512174 -52.168552342
-59.262440559 -52.159600519
-59.274037239 -52.155368748
-59.28620358 -52.153578383
-59.29816647 -52.149672133
-59.3095597 -52.139092706
-59.326893684 -52.143975519
-59.366851366 -52.115166925
-59.385975715 -52.111911717
-59.390248176 -52.118096613
-59.394683398 -52.129978123
-59.39964759 -52.149509373
-59.404855924 -52.155938409
-59.416330533 -52.149102472
-59.433745898 -52.132419529
-59.456044075 -52.142185154
-59.44635983 -52.15992604
-59.413238085 -52.186944269
-59.416981575 -52.186781508
-59.423939582 -52.192966404
-59.43077552 -52.202080988
-59.433745898 -52.211195571
-59.428578254 -52.217950128
-59.416493293 -52.220310154
-59.392811653 -52.221774998
-59.368072069 -52.230726821
-59.352162239 -52.24212005
-59.345936653 -52.256931248
-59.350575325 -52.276299738
-59.35667884 -52.279961847
-59.36839759 -52.289320571
-59.373890754 -52.299086196
-59.361439582 -52.303643488
-59.359242317 -52.307549738
-59.336781379 -52.322930597
-59.331369595 -52.3241513
-59.338937955 -52.341729425
-59.358957486 -52.33570729
-59.392811653 -52.310479425
-59.415842252 -52.302015883
-59.466704882 -52.295668227
-59.488392707 -52.283786717
-59.484445767 -52.264418227
-59.496815559 -52.252048435
-59.51683509 -52.245049738
-59.562814908 -52.237888279
-59.580189582 -52.229668878
-59.580637174 -52.217217706
-59.556630012 -52.200616144
-59.573597786 -52.19508229
-59.608021614 -52.202243748
-59.62218177 -52.197198175
-59.624623176 -52.191582941
-59.623931444 -52.178643488
-59.625559049 -52.173923435
-59.656849739 -52.151950779
-59.693837043 -52.134535415
-59.703358528 -52.128350519
-59.714426236 -52.118747654
-59.721547004 -52.107598566
-59.719349739 -52.096856378
-59.712554491 -52.093438409
-59.703846809 -52.094333592
-59.694976366 -52.09742604
-59.687977668 -52.101006769
-59.666981575 -52.115899347
-59.659657356 -52.118747654
-59.641224739 -52.117933852
-59.628285286 -52.110609633
-59.62596595 -52.098890883
-59.639230924 -52.084567967
-59.598011848 -52.079196873
-59.579660611 -52.071384373
-59.570301887 -52.056573175
-59.588246223 -52.051202081
-59.608225064 -52.041924738
-59.624745246 -52.029880467
-59.632394986 -52.01572031
-59.631174283 -52.006768488
-59.62612871 -52.002618097
-59.61823483 -52.00400156
-59.608143684 -52.012302342
-59.598500129 -52.016371352
-59.583973762 -52.017185154
-59.556630012 -52.01572031
-59.572336392 -51.99618906
-59.580474413 -51.989027602
-59.591420051 -51.982110284
-59.574777799 -51.976983331
-59.539173957 -51.973321222
-59.522531705 -51.968438409
-59.522531705 -51.96103281
-59.578602668 -51.951267185
-59.604725715 -51.940524998
-59.605091926 -51.920668227
-59.581288215 -51.911309503
-59.548207161 -51.918877863
-59.514312304 -51.930840753
-59.488392707 -51.934340102
-59.467396614 -51.922133071
-59.482248502 -51.909763279
-59.508656379 -51.897393488
-59.522531705 -51.885349217
-59.51667233 -51.874281508
-59.503773567 -51.873630467
-59.488352017 -51.875583592
-59.474720832 -51.872247003
-59.468495246 -51.864027602
-59.468902148 -51.85523854
-59.475656705 -51.848321222
-59.488392707 -51.844903253
-59.471058723 -51.838067316
-59.396148241 -51.820733331
-59.37608802 -51.832940363
-59.363758918 -51.822360935
-59.350575325 -51.776625258
-59.334868944 -51.786553644
-59.318755663 -51.788506769
-59.282866991 -51.782891534
-59.299794075 -51.759209894
-59.303374804 -51.748711847
-59.207183398 -51.707207941
-59.190541145 -51.720879816
-59.177642382 -51.714450779
-59.16502845 -51.700941665
-59.149159309 -51.693536066
-59.072824674 -51.684665623
-59.056385871 -51.686700128
-59.050648567 -51.694431248
-59.050445116 -51.703301691
-59.051665819 -51.712497654
-59.050160286 -51.721449477
-59.044789192 -51.728936456
-59.037953254 -51.735609633
-59.032093879 -51.742933852
-59.029652473 -51.752129816
-59.032582161 -51.76148854
-59.038075325 -51.770440363
-59.041900194 -51.778741144
-59.0361222 -51.793389581
-59.036773241 -51.801853123
-59.039540168 -51.810235284
-59.042713996 -51.817071222
-59.025949674 -51.812676691
-59.006743944 -51.809747003
-58.990101692 -51.803643488
-58.981271939 -51.789727472
-58.985991991 -51.775323175
-58.998036262 -51.757989191
-59.007557746 -51.740004165
-59.003895637 -51.713636977
-59.016957161 -51.705336196
-59.0283097 -51.693780206
-59.022206184 -51.673028253
-59.013335741 -51.6679013
-59.001942512 -51.666924738
-58.992258267 -51.664646092
-58.988107877 -51.655938409
-58.991200325 -51.646579685
-58.999134895 -51.645603123
-59.009144661 -51.646416925
-59.030100064 -51.638604425
-59.100697395 -51.621758722
-59.14574134 -51.597344659
-59.167836067 -51.573663019
-59.150054491 -51.556817316
-59.121652799 -51.536228123
-59.111643033 -51.501722915
-59.060943163 -51.562758071
-59.029123502 -51.583916925
-59.007964648 -51.556898696
-59.034575976 -51.533623956
-59.041127082 -51.510837498
-59.026112434 -51.498955988
-58.988107877 -51.508477472
-59.014271614 -51.491794529
-59.105376757 -51.465752863
-59.125314908 -51.4569638
-59.121693489 -51.441827081
-59.112172004 -51.4257138
-59.099029101 -51.412530206
-59.084299283 -51.40601979
-59.078195767 -51.407810154
-59.058501757 -51.417087498
-59.050160286 -51.419691665
-59.037709114 -51.419854425
-59.0048722 -51.413506769
-58.996164517 -51.409274998
-58.991078254 -51.399590753
-58.987782356 -51.389906508
-58.984689908 -51.385674738
-58.917062955 -51.384454034
-58.893462694 -51.380059503
-58.873605924 -51.371758722
-58.864613411 -51.358330988
-58.870472786 -51.344659113
-58.899037239 -51.318047784
-58.909575976 -51.3007138
-58.9189347 -51.2929013
-58.929514127 -51.286065363
-58.936879036 -51.283298435
-58.941761848 -51.278903904
-58.953968879 -51.248467706
-58.932769335 -51.2538388
-58.900868293 -51.277764581
-58.885650194 -51.283298435
-58.863677538 -51.28525156
-58.816477017 -51.29664479
-58.733509895 -51.328301691
-59.714995898 -51.256931248
-59.690744595 -51.262139581
-59.588002082 -51.255303644
-59.57917233 -51.256768488
-59.578480598 -51.260430597
-59.579823371 -51.265232029
-59.577137825 -51.270196222
-59.570546028 -51.277032159
-59.567250129 -51.283298435
-59.561187304 -51.287774347
-59.546457486 -51.289483331
-59.539540168 -51.286797784
-59.535227017 -51.280531508
-59.53229733 -51.274102472
-59.529367642 -51.270196222
-59.519154426 -51.265069269
-59.511870898 -51.262953383
-59.502023892 -51.262139581
-59.479481575 -51.267510675
-59.462513801 -51.281670831
-59.451649543 -51.301527602
-59.447377082 -51.3241513
-59.471669075 -51.32789479
-59.494984504 -51.33603281
-59.553212043 -51.337823175
-59.576771614 -51.330254816
-59.610096809 -51.297051691
-59.635812955 -51.289483331
-59.748402473 -51.283298435
-59.790516731 -51.276625258
-59.799956835 -51.273044529
-59.806630012 -51.264580988
-59.808745898 -51.255954685
-59.803863085 -51.249688409
-59.789418098 -51.248467706
-59.76675371 -51.241143488
-59.741200325 -51.246840102
-59.714995898 -51.256931248
-61.048695442 -51.080336196
-61.056548632 -51.081719659
-61.070220507 -51.079196873
-61.103098111 -51.069594008
-61.116810676 -51.067640883
-61.125803189 -51.065199477
-61.126332161 -51.059991144
-61.118031379 -51.055271092
-61.112212694 -51.05087656
-61.112945116 -51.046075128
-61.119781054 -51.036390883
-61.119211392 -51.027764581
-61.105620898 -51.029961847
-61.092396614 -51.038344008
-61.078521288 -51.050957941
-61.073882616 -51.056735935
-61.069894986 -51.063409113
-61.06761634 -51.06650156
-61.055572069 -51.070977472
-61.049631314 -51.075372003
-61.048695442 -51.080336196
