30.415073283 -2.313087666
30.418483927 -2.311847432
30.423238159 -2.317325134
30.428405802 -2.331381124
30.434141886 -2.339235941
30.488453817 -2.383781026
30.52173344 -2.399387309
30.55459965 -2.400627543
30.521475057 -2.442278748
30.508090861 -2.463466084
30.47016036 -2.555760193
30.461995483 -2.587489522
30.457654663 -2.598031515
30.448042846 -2.610537211
30.424168335 -2.633171488
30.416003459 -2.645573832
30.412127726 -2.670171814
30.423238159 -2.680920512
30.442668498 -2.681127218
30.463752482 -2.674202576
30.499615926 -2.657872823
30.522560262 -2.649397888
30.516100708 -2.668311462
30.458584839 -2.728669535
30.450523315 -2.741795349
30.4472677 -2.757298279
30.446905965 -2.782723083
30.42509851 -2.812178649
30.413626343 -2.834399516
30.415796753 -2.851659444
30.440808146 -2.884008891
30.456001017 -2.898271586
30.474191121 -2.903232524
30.469643595 -2.914187927
30.475431356 -2.922146098
30.484112996 -2.930724386
30.488325079 -2.943160058
30.488453817 -2.94354014
30.493259725 -2.941266377
30.513051798 -2.913981222
30.524937378 -2.9041627
30.538890015 -2.898995056
30.547003215 -2.900338643
30.61196049 -2.939199321
30.625189656 -2.944780375
30.629530477 -2.947674255
30.632114298 -2.953772074
30.634904825 -2.970101827
30.637592001 -2.974442647
30.65092452 -2.977336527
30.661363159 -2.974752706
30.671336711 -2.970825297
30.683687378 -2.969998474
30.695986369 -2.974546
30.718879029 -2.989532165
30.732056519 -2.993459574
30.755414266 -2.991392517
30.802129761 -2.978370056
30.825487508 -2.978576761
30.818814624 -2.990495175
30.815824015 -2.99583669
30.784869833 -3.031493428
30.778255249 -3.047409769
30.783216186 -3.062085877
30.807814168 -3.085236918
30.817684366 -3.099086202
30.817839396 -3.104357198
30.813085164 -3.117689718
30.812258341 -3.123477478
30.815824015 -3.131022237
30.8287948 -3.140530701
30.832928915 -3.147662049
30.833962443 -3.160271098
30.832205444 -3.172776794
30.823523804 -3.196651306
30.809364461 -3.216805115
30.809881225 -3.224143168
30.814325399 -3.241919861
30.814842163 -3.247707622
30.799752645 -3.274579366
30.775671427 -3.291012471
30.747921184 -3.294113057
30.72146285 -3.280987243
30.718413941 -3.292872823
30.712006063 -3.301864522
30.702239217 -3.307342224
30.689940227 -3.308892517
30.662603393 -3.319227804
30.640537557 -3.332870381
30.621675659 -3.350440369
30.603278849 -3.372557881
30.610250154 -3.376358648
30.640434204 -3.392815043
30.639142293 -3.419480082
30.612890666 -3.444904887
30.565968465 -3.466712341
30.552946004 -3.482215271
30.544987834 -3.489139913
30.538114869 -3.491620382
30.511501505 -3.497718201
30.509951213 -3.500198669
30.50824589 -3.50888031
30.507160685 -3.51105072
30.488040406 -3.512601013
30.487523641 -3.510740662
30.485559937 -3.510533956
30.468920126 -3.513014425
30.466336304 -3.51611501
30.4626156 -3.527897237
30.460135131 -3.531927998
30.432281535 -3.551875102
30.42685551 -3.563864034
30.429232625 -3.583914489
30.42887089 -3.602207947
30.421377807 -3.620811462
30.380140015 -3.685613709
30.37311202 -3.703597107
30.373068378 -3.704339018
30.371975138 -3.722924093
30.376212606 -3.73977061
30.381897014 -3.755170186
30.384997599 -3.770776468
30.381586954 -3.788346456
30.336990194 -3.773773702
30.311720418 -3.789896749
30.273273152 -3.856249288
30.220769898 -3.909992778
30.208780965 -3.930456645
30.191417684 -4.002493592
30.175852307 -4.039991997
30.173227579 -4.046315206
30.149766479 -4.086829528
30.119587443 -4.123519796
30.051477906 -4.180157166
30.041142619 -4.195039978
30.015614461 -4.256018168
30.003005411 -4.271934509
29.980784546 -4.284440205
29.970655965 -4.292605082
29.936342814 -4.31203542
29.90047937 -4.345625102
29.847355997 -4.370533142
29.838571004 -4.373530375
29.82182784 -4.370739848
29.810975789 -4.365262146
29.800330444 -4.363918558
29.784104045 -4.373840433
29.78229537 -4.377354431
29.780176636 -4.393684184
29.775008992 -4.402262471
29.75795577 -4.410220642
29.751651245 -4.416111756
29.747930542 -4.430271097
29.747413777 -4.443190206
29.744364868 -4.454455668
29.732841023 -4.463344015
29.728293498 -4.461587015
29.687469117 -4.458383077
29.638273153 -4.446807556
29.404178915 -4.449804789
29.372759644 -4.208165792
29.367223806 -4.18904824
29.339480021 -4.093237406
29.277726684 -3.988954366
29.239796183 -3.948026631
29.224551636 -3.926529236
29.215043172 -3.899864196
29.206568237 -3.781938579
29.217122763 -3.709265929
29.223259725 -3.667010192
29.225171753 -3.588565368
29.20667159 -3.334524028
29.208738648 -3.305275166
29.213079468 -3.291942647
29.236116841 -3.270703731
29.240881388 -3.266311137
29.223828166 -3.252668559
29.216903523 -3.233134867
29.214112996 -3.166472269
29.217523641 -3.146215108
29.225016724 -3.129368591
29.237780803 -3.122237244
29.242328328 -3.110765076
29.241539256 -3.104187712
29.23462854 -3.046582947
29.225378458 -3.031803487
29.211529175 -3.021158142
29.194475952 -3.014646911
29.175975789 -3.012476501
29.156752157 -3.004828389
29.148173868 -2.986948343
29.14424646 -2.966277771
29.138407023 -2.95036143
29.123369181 -2.940232849
29.105075725 -2.93413503
29.0897795 -2.926073507
29.08326827 -2.910053813
29.081717977 -2.893930765
29.077583862 -2.884008891
29.06270105 -2.862201436
29.053502645 -2.835433045
29.049058471 -2.827474874
29.034072306 -2.820860291
29.013143351 -2.818896586
28.99490157 -2.81362559
28.986891723 -2.796779073
28.988803751 -2.775488383
28.995521688 -2.75843516
29.00823409 -2.747479757
29.028594604 -2.744895935
29.015365438 -2.720711365
29.03257369 -2.620665792
29.055259643 -2.598444926
29.113447307 -2.59462087
29.129725383 -2.596997986
29.19044519 -2.623456319
29.212769409 -2.630277609
29.254989054 -2.635548604
29.276124716 -2.640612894
29.294418172 -2.651051534
29.30661381 -2.660146586
29.30733728 -2.664797465
29.30604537 -2.676579691
29.309480544 -2.690126858
29.309714396 -2.691049093
29.331418497 -2.711409607
29.337516316 -2.72381195
29.335345907 -2.735180766
29.321496623 -2.752130636
29.318085978 -2.762569275
29.320359741 -2.774144796
29.329661499 -2.794918721
29.330850057 -2.807424418
29.339686727 -2.826441345
29.364284709 -2.824167582
29.40743453 -2.805460714
29.425366251 -2.803393656
29.4446748 -2.806989289
29.48086674 -2.813728943
29.504121135 -2.826854757
29.523138061 -2.820446879
29.54184493 -2.808561299
29.563755737 -2.805667419
29.574091024 -2.80608083
29.582049194 -2.802980245
29.5894906 -2.798432719
29.619256225 -2.787684021
29.626387573 -2.788097432
29.637086889 -2.791628629
29.678684122 -2.805357361
29.697546021 -2.808251241
29.719921916 -2.805460714
29.729637085 -2.7995696
29.733977905 -2.790267842
29.737285197 -2.769287211
29.744726603 -2.759985453
29.756198771 -2.7598821
29.77852299 -2.766600037
29.803379354 -2.767323506
29.823584839 -2.763499451
29.84239506 -2.752440694
29.862858927 -2.731666769
29.876191447 -2.713580017
29.888387085 -2.692909444
29.897895548 -2.671101989
29.903269898 -2.649087829
29.903725678 -2.637946528
29.907920776 -2.535399679
29.929573202 -2.459848734
29.922390177 -2.382954203
29.928901408 -2.331794535
29.928798055 -2.322492777
29.931691935 -2.316911723
29.941923869 -2.316601664
29.949933716 -2.32114919
29.956781101 -2.327037671
29.958519715 -2.32853281
29.976133667 -2.343680115
29.983885131 -2.344816996
29.99230839 -2.343990173
30.001920207 -2.344300231
30.013340698 -2.348330994
30.025536336 -2.357736105
30.056542196 -2.394426371
30.072975301 -2.408792419
30.09385258 -2.422641703
30.116796916 -2.43153005
30.139121134 -2.430806579
30.156174357 -2.419024353
30.201339559 -2.362386983
30.203406617 -2.355358989
30.203923381 -2.345953878
30.207489054 -2.339235941
30.219116252 -2.340372823
30.250328816 -2.355565694
30.262731161 -2.358356221
30.278854207 -2.357632751
30.297974487 -2.353705342
30.316784709 -2.347607523
30.331150756 -2.34026947
30.344018189 -2.328383891
30.348610082 -2.322351936
30.352751505 -2.316911723
30.362518351 -2.307816671
30.378589722 -2.303062439
30.383447306 -2.305542907
30.415073283 -2.313087666
