34.264399048 31.22419342
34.248350857 31.211448958
34.230395956 31.259230041
34.224608195 31.275714824
34.2002694411 31.3142666891
34.200287306 31.314276434
34.222666863 31.326646226
34.236664259 31.342352606
34.281423373 31.376695054
34.301605665 31.407700914
34.348399285 31.43764883
34.368174675 31.468166408
34.443369988 31.534572658
34.478770379 31.57827383
34.481204125 31.583141323
34.511412394 31.561588847
34.530429321 31.541383362
34.528258911 31.520144348
34.495702759 31.494409485
34.495496054 31.494409485
34.480406535 31.485624492
34.367338501 31.392813619
34.345841105 31.357725322
34.345531046 31.340723776
34.353799276 31.306358948
34.350905396 31.289254049
34.315868775 31.256904602
34.264399048 31.22419342
35.252245727 32.515949198
35.270435832 32.510471497
35.333377726 32.513081157
35.363143351 32.510109762
35.392908976 32.494477641
35.401797322 32.470964864
35.401383911 32.440010681
35.406861613 32.414792582
35.432803182 32.408255514
35.456677694 32.407609559
35.480138794 32.402416077
35.560960734 32.384716899
35.563957967 32.377042949
35.565611613 32.367947896
35.559410441 32.367947896
35.559410441 32.374820862
35.551969035 32.374820862
35.551969035 32.367947896
35.557343384 32.358206889
35.55651656 32.32820872
35.565611613 32.313351745
35.56116744 32.301698711
35.560857381 32.282630107
35.564578084 32.263587342
35.572536255 32.251908468
35.567575318 32.249505514
35.563751261 32.246818339
35.561064087 32.243149312
35.559410441 32.237594096
35.572536255 32.237594096
35.559562417 32.190370872
35.555172973 32.17439382
35.559410441 32.162534079
35.559410441 32.155092672
35.551245565 32.151526998
35.546698038 32.147031149
35.546698038 32.141605123
35.551969035 32.135197245
35.535225871 32.110805969
35.534605753 32.099230449
35.545147746 32.086828105
35.528301229 32.075097555
35.522823527 32.057837627
35.524683879 32.011690572
35.535535929 31.988229473
35.53770634 31.977584127
35.538326456 31.963941549
35.539980103 31.955621643
35.545871216 31.944562887
35.545147746 31.936604716
35.54060022 31.932005514
35.533675577 31.930300192
35.527474406 31.927354635
35.524683879 31.919241435
35.549075154 31.839194641
35.538326456 31.826740621
35.538326456 31.819299215
35.559410441 31.765349019
35.527577758 31.73506663
35.502478567 31.685360389
35.480138794 31.641118876
35.464222453 31.568565165
35.458744751 31.494409485
35.45905481 31.492807516
35.459158163 31.49187734
35.458744751 31.491567281
35.458124634 31.491929016
35.390118449 31.487071432
35.332344198 31.458804423
35.223306925 31.381031393
35.164912557 31.362272848
35.040165649 31.363203024
34.980324341 31.356175029
34.954899536 31.34863027
34.927407674 31.344909567
34.900949341 31.34847524
34.878831827 31.362841289
34.867152954 31.39643097
34.881725708 31.429865621
34.926787557 31.494409485
34.932471965 31.526965637
34.932885376 31.554922588
34.937329549 31.582001038
34.953175543 31.608319958
34.955312948 31.611870016
34.973606405 31.630370178
35.054014934 31.68220164
35.088844849 31.712587382
35.106724894 31.72493805
35.125741821 31.733102925
35.187443481 31.744471741
35.193127889 31.739872539
35.198295532 31.737702129
35.202843058 31.738942363
35.206563761 31.744626771
35.208010701 31.766124166
35.206253703 31.782763977
35.198398885 31.795166321
35.181449015 31.804106344
35.111892538 31.818058981
35.05969934 31.839401347
35.045539999 31.841416728
35.038098592 31.837385966
35.020425252 31.821159567
35.010503378 31.81588857
35.00337203 31.814648336
34.987765747 31.814803366
34.954796183 31.819764303
34.945391073 31.836507467
34.947326194 31.840925146
34.95324589 31.854439189
34.980324341 31.862604065
35.00771285 31.875678202
34.99582727 31.909164531
34.976086873 31.948231913
34.980324341 31.978204244
34.981151163 31.981614889
34.981461223 31.985232239
34.981151163 31.988849589
34.980324341 31.992156881
34.979600871 31.992570292
34.978980753 31.993087057
34.978670695 31.993707174
34.978670695 31.994378967
34.980427694 32.016548157
34.979910929 32.035203349
34.96730188 32.129461161
34.962340943 32.146359355
34.946114542 32.177261861
34.948078247 32.186873678
34.961410767 32.201575623
35.000271444 32.232013041
35.007609497 32.244389547
35.011123494 32.257101949
35.009366496 32.267643942
35.002441854 32.275137024
34.989936158 32.278470154
34.993036743 32.29157013
34.996550741 32.323041077
35.000684855 32.335727641
35.004508911 32.338053081
35.017841431 32.342213033
35.021562134 32.344590149
35.028796835 32.365157369
35.032730301 32.382200261
35.044713175 32.434119568
35.064350219 32.463135885
35.0907052 32.479233094
35.120677531 32.491325379
35.151683391 32.507913513
35.176798137 32.532692363
35.190750773 32.5417099
35.208630819 32.542640076
35.210359354 32.541867563
35.223720337 32.535896302
35.252245727 32.515949198
