1.70700647 42.502781474
1.697498006 42.494461569
1.686335896 42.490611675
1.674243611 42.490508321
1.662358032 42.49371226
1.65977421 42.496812846
1.656983683 42.497639669
1.65398645 42.496528626
1.6503691 42.493402202
1.639517049 42.466427104
1.607477661 42.456427714
1.544432414 42.450355734
1.538851359 42.445653178
1.534510539 42.439917094
1.528206014 42.434232686
1.516630493 42.429504293
1.508465617 42.42867747
1.447900838 42.434646098
1.43642867 42.440950623
1.43642867 42.453482158
1.407593221 42.48676178
1.42454309 42.492472026
1.430227498 42.493557231
1.449967895 42.504073384
1.446557251 42.519886374
1.428987264 42.531461894
1.406456339 42.529239808
1.409763631 42.540608622
1.42630009 42.56179596
1.426403442 42.565645854
1.41803186 42.569831645
1.419272095 42.579262594
1.42485315 42.589365336
1.429297322 42.595385641
1.451414836 42.602051901
1.466814412 42.64145518
1.498440389 42.640240784
1.527792602 42.648534852
1.543088827 42.649361674
1.597349081 42.621921489
1.608304484 42.618123271
1.721992635 42.609855042
1.713310995 42.589546204
1.729434041 42.582001445
1.752688435 42.576678772
1.761107147 42.567646197
1.76509078 42.563372091
1.739976033 42.56164093
1.721682577 42.548515116
1.71062382 42.527741191
1.70700647 42.502781474
