4.815447224 51.431073711
4.822681925 51.413684591
4.779067016 51.426422832
4.767801554 51.425389303
4.762117146 51.413374532
4.783304484 51.407638448
4.853274373 51.406139832
4.871671183 51.403039246
4.910325154 51.391902975
4.931925903 51.395623678
4.957144002 51.410997416
4.980191691 51.430531108
4.995797973 51.446705831
5.002722616 51.459004822
5.00613326 51.46830658
5.012127727 51.474326884
5.027527303 51.476807353
5.030317831 51.474430237
5.060290161 51.461976217
5.079927205 51.438540955
5.076413208 51.421901144
5.065251099 51.405907288
5.061737101 51.384254863
5.068144979 51.374539694
5.102561483 51.350665182
5.107832479 51.341983541
5.118064412 51.319917705
5.122921997 51.313380636
5.140181926 51.30738617
5.178835897 51.309504903
5.197336059 51.308342183
5.214906047 51.29433787
5.215422811 51.258732808
5.232992798 51.255916443
5.239455934 51.256930182
5.270716593 51.261833395
5.389055623 51.258706971
5.409932901 51.263538717
5.451894165 51.282116394
5.471634562 51.288085023
5.493235311 51.286534729
5.516696411 51.277232972
5.535196573 51.2620401
5.542327921 51.242661439
5.54553186 51.219923808
5.551406597 51.216767134
5.568372843 51.207650655
5.625010213 51.196901957
5.638549438 51.190907491
5.648161255 51.183957011
5.659013306 51.179073588
5.676169881 51.179176941
5.718027791 51.184602967
5.730843547 51.183750306
5.747173299 51.17760081
5.768050577 51.159462383
5.781383098 51.152408549
5.812078898 51.15731781
5.829132121 51.156465149
5.838020467 51.143726909
5.840500936 51.138921
5.826444946 51.130161845
5.823241007 51.118741354
5.845978638 51.103393454
5.836780232 51.099491883
5.826651652 51.096908061
5.815902954 51.095874532
5.80494755 51.09662384
5.807428019 51.08938914
5.808978312 51.08634023
5.81176884 51.082309469
5.804327434 51.068589376
5.798849731 51.061483866
5.791304972 51.054998475
5.779626098 51.061302999
5.771461222 51.058124899
5.766396932 51.048435568
5.764019816 51.035180563
5.777559041 51.023553366
5.761746053 50.99916209
5.722368612 50.959422913
5.74469283 50.963246969
5.754304647 50.96309194
5.764019816 50.959422913
5.752547648 50.947227275
5.735287719 50.923972881
5.722368612 50.91167389
5.71761438 50.909245097
5.706038859 50.906609599
5.694463338 50.903664042
5.622323039 50.852659404
5.624493448 50.830283509
5.640719849 50.815038961
5.657432381 50.807640982
5.663250773 50.80506541
5.684851521 50.798502503
5.700457804 50.795556946
5.698700806 50.78377472
5.688365519 50.760830384
5.706555623 50.7542158
5.717407674 50.752820537
5.727846313 50.754164124
5.732776968 50.758851489
5.743555949 50.769098613
5.752444296 50.773439433
5.762469523 50.771010641
5.78293339 50.75669627
5.793165324 50.752148743
5.879878377 50.753544006
5.891287548 50.751246327
5.89132117 50.751239556
5.902202596 50.749048157
5.974756307 50.74754954
5.994910116 50.749926656
5.993256469 50.748066305
5.992636353 50.74625763
5.992739705 50.744448955
5.994186645 50.742588603
6.010826457 50.737059225
6.011343221 50.727447408
6.007622518 50.716905417
6.011549926 50.708533835
6.024779093 50.707551982
6.06436324 50.714476624
6.081003052 50.713494772
6.100226685 50.701299134
6.161101521 50.642181296
6.147769002 50.63675527
6.159447876 50.622389222
6.180015096 50.615516256
6.249054809 50.614431051
6.251328572 50.608436585
6.244300577 50.599548239
6.232931763 50.590763245
6.232931763 50.587145894
6.210607543 50.578670959
6.17908492 50.561979472
6.16068811 50.543582663
6.177327922 50.530198466
6.169473103 50.522498678
6.170816691 50.517951152
6.178878214 50.515780742
6.190557088 50.515212301
6.182598917 50.506582337
6.190660441 50.501828105
6.199238729 50.490407613
6.2071969 50.486325175
6.217118774 50.486015117
6.250915161 50.492681376
6.253085571 50.49407664
6.25556604 50.494593404
6.257839803 50.49407664
6.260113566 50.492681376
6.27540979 50.488030497
6.31871464 50.481674296
6.336904744 50.481002502
6.325742635 50.474026184
6.323262166 50.466016337
6.326156046 50.457024638
6.331633748 50.446896057
6.340212036 50.437852682
6.347343384 50.436974183
6.35116744 50.433563538
6.350443969 50.416872051
6.343312622 50.393307597
6.33638798 50.379923402
6.337731567 50.368089498
6.37245813 50.329435527
6.373399684 50.323080035
6.374525187 50.315482891
6.36201949 50.306956279
6.335457804 50.303855692
6.322021932 50.305405986
6.310653116 50.30824819
6.299491007 50.308868307
6.285951782 50.303855692
6.276029907 50.296104228
6.269415324 50.286492412
6.267348267 50.276415507
6.271792439 50.267423808
6.25339563 50.256778463
6.210400838 50.249026998
6.189626912 50.242722473
6.17980839 50.233007304
6.157174113 50.222723694
6.146838827 50.214042054
6.160171346 50.20453359
6.1657524 50.193164775
6.165132284 50.181899312
6.159137817 50.172442526
6.151696411 50.169341939
6.131749308 50.168308411
6.12317102 50.164897767
6.121310668 50.161590475
6.118003377 50.150376689
6.115832967 50.145467428
6.125961547 50.140196432
6.129475545 50.134046937
6.126581665 50.127329
6.117486613 50.120456035
6.1026038 50.124745179
6.100330037 50.132651673
6.101466919 50.14210846
6.097126098 50.151306865
6.084206991 50.159316712
6.076455525 50.158644918
6.070047648 50.154200745
6.061366008 50.150738424
6.038628377 50.148412985
6.027362915 50.149446513
6.022966606 50.15082036
6.014133749 50.153580628
6.008035929 50.160918681
6.004728638 50.170478821
5.99832076 50.174974671
5.982921183 50.167068177
5.961630493 50.165621236
5.953155558 50.156371155
5.949021444 50.1426769
5.941063273 50.128310852
5.926180461 50.118337301
5.888973429 50.106606751
5.872436971 50.096891581
5.868819621 50.090535381
5.866855916 50.074308981
5.864375447 50.067487691
5.858277628 50.061803284
5.843704874 50.053638408
5.837710408 50.047437236
5.83884729 50.035861715
5.83884729 50.026456604
5.836366821 50.01855011
5.829132121 50.013589173
5.808874959 50.007801412
5.802673787 50.00247874
5.801536906 49.988681133
5.808564901 49.983100078
5.812595662 49.9775707
5.801640258 49.963824768
5.793372029 49.958812155
5.77859257 49.956590067
5.771564575 49.953541158
5.763709757 49.946823222
5.759989054 49.941603902
5.757611939 49.936539612
5.753581176 49.930183411
5.718957967 49.89137441
5.714927205 49.881865946
5.726709432 49.87819692
5.748826945 49.867293193
5.758128702 49.858198141
5.731877075 49.859955139
5.731980428 49.85416738
5.730533488 49.851170146
5.728673136 49.848844707
5.726916137 49.845227357
5.736527954 49.839439596
5.724642374 49.834271953
5.720198202 49.824711813
5.721645142 49.812774557
5.72774296 49.800217184
5.738284953 49.788848368
5.748413533 49.78564443
5.759162231 49.784455872
5.771874634 49.779391582
5.778489217 49.77303538
5.80205367 49.742856344
5.803603963 49.738153789
5.805774373 49.724201152
5.805360961 49.721875713
5.81176884 49.718516745
5.825721476 49.715777894
5.831715942 49.713607483
5.837296997 49.71293569
5.843704874 49.714330954
5.850216105 49.714020894
5.856003865 49.708078105
5.856402764 49.70580745
5.857347453 49.700429993
5.853626749 49.696295878
5.848769165 49.692730205
5.847218872 49.687200827
5.846702108 49.680689596
5.843704874 49.677485657
5.842257934 49.673919983
5.845771932 49.66658193
5.852593221 49.663222962
5.872643676 49.661724345
5.879878377 49.65774526
5.885459432 49.643534241
5.879878377 49.634852601
5.869956502 49.628858135
5.861998331 49.622760316
5.849182577 49.599712626
5.841224406 49.589687398
5.829958944 49.582762756
5.846908813 49.576716614
5.83740035 49.561110332
5.814456014 49.545142314
5.790684855 49.537752585
5.779005982 49.539612936
5.757095174 49.548397929
5.746346476 49.549431458
5.735597779 49.545710755
5.72267867 49.534600322
5.710276327 49.531086325
5.688675578 49.533515117
5.667178182 49.540439759
5.644647257 49.543798727
5.619739217 49.535530497
5.607853638 49.524936829
5.605579875 49.517753805
5.602272583 49.513723043
5.587493124 49.512431133
5.578914836 49.513929749
5.547598918 49.523438212
5.528788696 49.517960511
5.50367395 49.505093079
5.477732381 49.495222881
5.456131633 49.498943584
5.449930461 49.50783193
5.450963989 49.516771952
5.454167928 49.526177063
5.454374633 49.536615703
5.450240519 49.545762431
5.402078084 49.602451477
5.391165749 49.608817006
5.383474569 49.613303528
5.352468709 49.620693258
5.341099894 49.625137432
5.334898722 49.625809225
5.331178019 49.62312205
5.326940552 49.617644349
5.321669555 49.612580058
5.314538208 49.611133118
5.297898397 49.613251852
5.293040812 49.617179261
5.290663697 49.626377666
5.293764282 49.640537008
5.301825806 49.643895976
5.306373332 49.647513327
5.29944869 49.662499492
5.280121704 49.677899069
5.259244425 49.691334941
5.237643677 49.690973206
5.192478475 49.682808329
5.169430786 49.687200827
5.151240682 49.69598582
5.13635787 49.705339254
5.093776489 49.745336812
5.081890909 49.752726543
5.046234172 49.759392802
5.026287068 49.766730856
4.989080037 49.790553691
4.970993286 49.797064922
4.968370957 49.796980956
4.950012654 49.796393128
4.906604451 49.786471252
4.884176879 49.784145813
4.858028605 49.786574605
4.849036906 49.794171041
4.849243611 49.831584778
4.846763142 49.837527568
4.83694462 49.848017884
4.834877564 49.853030498
4.836737915 49.859128317
4.845626261 49.865846253
4.848933553 49.871065572
4.854307902 49.883312887
4.859372192 49.891684469
4.861956014 49.900314433
4.860199016 49.913336894
4.844592733 49.931733704
4.79725712 49.944291077
4.783924601 49.95829539
4.788265422 49.974263408
4.826712687 50.036016744
4.827642863 50.046713766
4.82609257 50.055033672
4.827229451 50.064077047
4.846039673 50.09069041
4.852137492 50.091620586
4.86288619 50.084075827
4.865159953 50.101594137
4.870534302 50.12226471
4.871877889 50.13978302
4.862679484 50.147586162
4.831363566 50.143400371
4.820098103 50.14644928
4.815550578 50.161332092
4.78857548 50.153373922
4.681915324 50.083920797
4.676127563 50.07606598
4.673440389 50.066195781
4.675817505 50.060201315
4.679538208 50.0551887
4.680571737 50.048315735
4.672923624 50.0163797
4.665895629 50.000515035
4.656697225 49.989094544
4.645845174 49.984495342
4.604193969 49.980206198
4.464770956 49.935609436
4.435108683 49.932250468
4.427651209 49.933571674
4.277598917 49.960155742
4.215952935 49.95440767
4.201117798 49.953024394
4.187681925 49.955504863
4.131664672 49.974986878
4.132364978 49.974945951
4.139622843 49.97452179
4.138382609 49.989197897
4.132904907 50.004494121
4.128150675 50.005786031
4.13228479 50.017568258
4.13734908 50.025061341
4.144583781 50.030797425
4.162877238 50.041804505
4.186028279 50.052449849
4.210006144 50.060149638
4.210316203 50.066712545
4.203391561 50.074670716
4.197397095 50.084075827
4.180550578 50.127225647
4.170628703 50.130481262
4.159880005 50.129396058
4.139932902 50.12355662
4.125773559 50.128155823
4.128150675 50.146242575
4.147374308 50.186343486
4.152748657 50.20453359
4.157296183 50.212698466
4.167941528 50.222465312
4.191505981 50.234299215
4.201324503 50.241533916
4.203701619 50.251972554
4.1976038 50.258483785
4.185201457 50.265460104
4.171765585 50.270886129
4.162773885 50.272953187
4.150268189 50.269542542
4.149751424 50.263134665
4.150991658 50.256261698
4.143653605 50.25161082
4.125256795 50.257140198
4.097868286 50.294812317
4.077197713 50.30664622
4.055907023 50.314552715
4.022730753 50.338117167
4.003300415 50.344059957
3.982113077 50.342613017
3.918551066 50.325456441
3.895916789 50.325301413
3.878036743 50.330779114
3.860880168 50.338478902
3.840209595 50.345196839
3.798661743 50.348452454
3.755046834 50.346333721
3.741507609 50.343129781
3.733446085 50.337238668
3.715462687 50.3176533
3.711121867 50.309333395
3.708434692 50.306336162
3.703887167 50.30432078
3.70223352 50.305250956
3.70078658 50.304682516
3.696859172 50.298222962
3.661719198 50.319306946
3.652934204 50.360183004
3.652830851 50.406846822
3.644355916 50.445500793
3.628129517 50.464362692
3.608285766 50.476506653
3.586374959 50.483482971
3.563740681 50.486531881
3.499145142 50.486790263
3.486742798 50.492681376
3.496457967 50.50379181
3.49800826 50.511853332
3.491497029 50.517072652
3.477130982 50.51986318
3.462868286 50.51913971
3.452636352 50.514850566
3.442714477 50.508494365
3.429175252 50.501828105
3.385353637 50.491647848
3.361065714 50.489787497
3.34359908 50.492939759
3.299880819 50.507460836
3.286755005 50.51407542
3.27104537 50.526942851
3.265877726 50.538311666
3.264327433 50.570196025
3.2378691 50.62647166
3.229807576 50.655410462
3.243760213 50.67210195
3.232391398 50.695924785
3.224433227 50.705174866
3.210997355 50.707965394
3.196941365 50.709205628
3.188983195 50.715096742
3.176684204 50.734113668
3.162822752 50.749925121
3.162810519 50.749939075
3.146195109 50.768891907
3.129245239 50.779072165
3.103303671 50.784084778
3.023816593 50.768262116
2.971425415 50.75783315
2.948377726 50.748686422
2.930187622 50.736232402
2.900111938 50.703107809
2.886882772 50.696648255
2.871276489 50.698766989
2.866725884 50.700091003
2.786733846 50.72336497
2.768233683 50.733235169
2.762962687 50.739384665
2.749526815 50.759590149
2.743842407 50.766204732
2.706635376 50.788787334
2.700020792 50.796280416
2.696920207 50.803050028
2.691855916 50.808837789
2.678730102 50.813230286
2.669221639 50.813902079
2.650618123 50.812248434
2.642453247 50.812455139
2.62777714 50.814418844
2.620439087 50.816485902
2.615168091 50.822170309
2.606589803 50.834831034
2.602042277 50.838086649
2.589949992 50.842014059
2.586746053 50.845424704
2.587779582 50.850023906
2.595531046 50.861134339
2.596667928 50.867645569
2.576927531 50.91151886
2.582715291 50.920665589
2.60576298 50.935238343
2.611654093 50.941232809
2.608450154 50.961128235
2.592740519 50.9761144
2.556980428 51.00117747
2.547058553 51.020478618
2.537033325 51.064610291
2.52179992769 51.0875408835
2.521820509 51.087551174
2.5420028 51.096869208
2.579925977 51.104803778
2.715668165 51.169501044
2.923594597 51.246486721
3.124847852 51.329657294
3.348968946 51.37514883
3.34941467402 51.3752231179
3.358068481 51.336712546
3.353934366 51.311907858
3.353210897 51.288601787
3.36737024 51.26348704
3.391658163 51.246769715
3.398798477 51.244698293
3.421940552 51.237984721
3.453876587 51.235633444
3.501212199 51.240284323
3.504106079 51.24974111
3.501522258 51.262401836
3.503382609 51.273951518
3.514338012 51.281031189
3.52901412 51.283330791
3.545033813 51.283925069
3.584824666 51.289531963
3.609526001 51.2904363
3.635054159 51.28782664
3.757320597 51.262324321
3.776234172 51.25452118
3.781401815 51.241421204
3.779748169 51.230310771
3.781401815 51.219872132
3.796284627 51.208761698
3.808686971 51.205325216
3.927026001 51.206255392
3.949453572 51.21077708
3.995032186 51.233230489
4.118952271 51.272401225
4.168561645 51.296870016
4.207939087 51.330588888
4.213520141 51.340536601
4.220961547 51.363816834
4.22149145503 51.3680006031
4.22152754 51.367987372
4.222178582 51.367743231
4.24105879 51.356594143
4.24903405 51.346665757
4.256114129 51.328436591
4.272634311 51.315822658
4.290782097 51.305894273
4.302989129 51.296087958
4.306651238 51.289740302
4.308116082 51.283636786
4.305430535 51.276597398
4.298675977 51.2695987
4.296722852 51.267564195
4.308360222 51.271226304
4.316416863 51.276841539
4.33082116 51.296087958
4.297129754 51.305161851
4.289317254 51.309149481
4.285411004 51.318019924
4.286143425 51.339667059
4.283050977 51.350083726
4.275645379 51.358099677
4.261078321 51.369370835
4.26106757911 51.369379275
4.281124222 51.36894651
4.290104614 51.368751933
4.326278117 51.356427104
4.345605103 51.35229299
4.392217244 51.350406799
4.411234171 51.356737162
4.416195109 51.373971253
4.41009729 51.383789775
4.387669719 51.400532939
4.379918253 51.409524638
4.380641724 51.419653219
4.387152954 51.42745636
4.389220011 51.434587708
4.377127726 51.442881775
4.429424275 51.461976217
4.483064412 51.474326884
4.512623331 51.477375794
4.525232381 51.475928854
4.533190551 51.46758311
4.531846964 51.450865784
4.523372029 51.438411764
4.521511678 51.428644918
4.540631958 51.42006663
4.553861125 51.419291484
4.582696573 51.422598776
4.614632609 51.417560323
4.630135539 51.418206279
4.643571411 51.421410217
4.653906697 51.426216126
4.731214641 51.485618185
4.764184204 51.496237691
4.778653605 51.495359192
4.796843709 51.491018372
4.813586873 51.484119569
4.823922159 51.475644633
4.82609257 51.460555115
4.819891398 51.446214905
4.815447224 51.431073711
