115.134532097 4.908840236
115.145843946 4.908514716
115.146169467 4.908514716
115.146800578 4.885620219
115.155998983 4.876292623
115.169331502 4.869988098
115.182250611 4.861228943
115.207365357 4.825598043
115.272684367 4.636772359
115.277025188 4.613052877
115.275474894 4.595741272
115.267413371 4.556208802
115.266896606 4.516857198
115.272477662 4.474663391
115.285603475 4.435363465
115.308651164 4.404693502
115.343791138 4.371672261
115.358260539 4.350278219
115.360741008 4.32955597
115.346271607 4.31376882
115.3243608 4.314595642
115.301209758 4.324698385
115.283123007 4.336764832
115.274338013 4.340020447
115.255114381 4.3392453
115.244675741 4.343663635
115.229069458 4.356763611
115.220697876 4.359760844
115.190828898 4.356763611
115.16995162 4.36125946
115.113004192 4.382369284
115.099775025 4.391231791
115.091816854 4.405416972
115.079827922 4.503963928
115.068149048 4.543367208
115.035489543 4.621243592
115.026807902 4.660026754
115.022777141 4.741365458
115.029778352 4.820641508
115.029795769 4.820624091
115.048106316 4.801825262
115.066416863 4.813544012
115.086192254 4.835638739
115.108571811 4.847479559
115.130218946 4.852036851
115.130869988 4.863714911
115.122325066 4.879380601
115.116465691 4.896063544
115.118662957 4.903753973
115.125173373 4.907660223
115.134532097 4.908840236
114.948363078 4.818931783
114.932446737 4.809139099
114.91487675 4.808725688
114.89647994 4.811826274
114.878186483 4.812808126
114.855758911 4.80665863
114.83767216 4.795315654
114.805426067 4.764568177
114.788476197 4.753896993
114.75178593 4.738523255
114.743192034 4.730585208
114.741967408 4.72945404
114.74134729 4.71294342
114.748788697 4.694391581
114.768115683 4.657494609
114.773903442 4.636824036
114.777314087 4.614654847
114.782171672 4.497788595
114.788166138 4.46120168
114.806046183 4.433322246
114.825683227 4.426190898
114.840462688 4.428619691
114.847904094 4.423736268
114.845630331 4.395107524
114.836431925 4.357228699
114.828990519 4.340485535
114.818241821 4.323458151
114.79416325 4.300239528
114.787856079 4.294157613
114.781964966 4.28493337
114.782585084 4.264417826
114.813797649 4.277104391
114.817208293 4.259663595
114.809973592 4.241292623
114.787132609 4.207212016
114.780104615 4.187755839
114.77452356 4.14646637
114.766875448 4.131816101
114.674891398 4.044069519
114.627762492 4.01668101
114.586628052 4.021435242
114.581667115 4.029341736
114.574225708 4.054146423
114.569368124 4.064404195
114.561409953 4.072026469
114.540222616 4.08693512
114.477384075 4.144967753
114.463121379 4.164139709
114.453302857 4.183699239
114.432528931 4.246925354
114.419919882 4.260128683
114.401419719 4.261213887
114.360491985 4.253875834
114.316773722 4.262505799
114.282667277 4.264908753
114.278016398 4.274055481
114.2762594 4.289015808
114.279463338 4.294881084
114.293415975 4.307050883
114.296723267 4.3166627
114.289901978 4.361311137
114.2762594 4.381852519
114.2762594 4.409731954
114.268507935 4.437740581
114.262616821 4.448721823
114.25207483 4.46034902
114.248767538 4.466886088
114.247837362 4.474766744
114.245563599 4.481433004
114.238328898 4.484223532
114.222929322 4.484636943
114.216728149 4.487660014
114.209080038 4.508149719
114.197297811 4.51582367
114.17269983 4.52522878
114.140040324 4.550653585
114.11895634 4.561634827
114.064179322 4.570032247
113.99878991 4.601141669
114.251719597 4.592678127
114.326670769 4.606878973
114.395762566 4.645738023
114.494476759 4.681260484
114.529307488 4.693793036
114.550303582 4.714422919
114.565684441 4.743353583
114.601817254 4.779974677
114.722666863 4.876044012
114.760183139 4.898749091
114.92839603 5.000555731
115.057790561 5.054103908
115.082855665 5.057196356
115.101735873 5.049872137
115.103200717 5.036851304
115.08863366 5.026597398
115.05738366 5.012640692
115.049082879 4.999172268
115.032481316 4.959418036
115.029551629 4.947455145
115.022797071 4.93374258
114.991709832 4.904974677
114.981700066 4.889064846
114.95890507 4.866293234
114.955701131 4.850919495
114.954874309 4.834202169
114.948363078 4.818931783
