41.16277103 -2.090915623
41.15528405 -2.112074477
41.136892123 -2.115492446
41.123383009 -2.09368255
41.124278191 -2.104668878
41.122813347 -2.115899347
41.118907097 -2.124281508
41.112559441 -2.127699477
41.109629754 -2.12900156
41.107758009 -2.131524347
41.104828321 -2.134047133
41.098887566 -2.135349217
41.091970248 -2.132989191
41.086436394 -2.128350519
41.082855665 -2.123711847
41.081797722 -2.121514581
41.068614129 -2.123467706
41.050791863 -2.129489842
41.013519727 -2.148858331
41.004405144 -2.142185154
40.995616082 -2.143812758
40.988942905 -2.1522763
40.986175977 -2.165948175
40.991547071 -2.173760675
41.002289259 -2.180108331
41.009938998 -2.187188409
41.006114129 -2.197360935
40.993662957 -2.197198175
40.985850457 -2.1913388
40.981455925 -2.181573175
40.9795028 -2.169366144
40.957286004 -2.174004816
40.957367384 -2.151299738
40.969248894 -2.119805597
40.982920769 -2.097344659
41.001149936 -2.087172133
41.024668816 -2.080173435
41.045176629 -2.069756769
41.053965691 -2.049574477
41.065684441 -2.036309503
41.09278405 -2.038018488
41.122731967 -2.047784113
41.14332116 -2.059502863
41.16277103 -2.090915623
35.433714686 5.003836204
35.396116893 4.92642898305
35.4956404628 4.92642898305
35.5708360488 4.9043126342
35.5221800814 4.78046108068
35.5626065734 4.70713706019
35.6106412682 4.62001357355
35.6121399718 4.61949738303
35.7003648787 4.58911053079
35.7058456049 4.61944708068
35.7059387135 4.61996244832
35.7115183389 4.6616080226
35.7394019896 4.68112657809
35.7784391006 4.67833821302
35.7812215474 4.61992201408
35.8565361503 4.61960349565
35.920835409 4.619331563
35.922799113 4.602071635
35.936028279 4.57853302
35.937061808 4.559257711
35.934064576 4.539207255
35.933754516 4.522179871
35.940472453 4.508046367
35.958352499 4.496858419
35.997109823 4.46295868
36.018400512 4.449135234
36.041344848 4.44368337
36.045324767 4.443716285
36.191309855 4.444923604
36.225726359 4.449600322
36.236268351 4.449651998
36.246086873 4.446990662
36.264276977 4.438205669
36.277196086 4.436448669
36.463024536 4.440169372
36.619500773 4.443373312
36.628182414 4.441461284
36.642961873 4.432598775
36.648856759 4.431179636
36.651333455 4.430583394
36.844086548 4.432237041
36.903721151 4.415778097
36.974827922 4.379940491
37.015652304 4.370587057
37.025367473 4.363274842
37.041077108 4.336816508
37.048415161 4.331958924
37.068465617 4.33345754
37.075907023 4.331080424
37.082521606 4.322166239
37.086449015 4.312476909
37.091616659 4.290256043
37.094820597 4.284881694
37.09998824 4.283693136
37.105982706 4.283848165
37.11187382 4.282297872
37.166030721 4.247545471
37.263492472 4.184887798
37.360954224 4.122204285
37.475055786 4.04897878
37.556084432 3.996888937
37.647758423 3.937874451
37.751007934 3.871521912
37.846195923 3.810337016
37.945931437 3.746232402
37.976730591 3.726440328
37.995334106 3.707914327
38.020758911 3.667167461
38.036158488 3.64892568
38.048974243 3.641846009
38.078843221 3.632673442
38.10189091 3.612648824
38.114086547 3.610607605
38.145609172 3.618436585
38.17692509 3.620917054
38.283068482 3.608902283
38.389935343 3.596887512
38.445952596 3.601667582
38.496905558 3.623940125
38.498145793 3.629676208
38.497318969 3.638590393
38.499386027 3.646910299
38.508997843 3.650811869
38.514268839 3.648512269
38.533182414 3.632828471
38.541243937 3.62329417
38.543207641 3.615387676
38.547135051 3.6095224
38.561087687 3.606008403
38.574110148 3.604561462
38.579587849 3.605310771
38.593747192 3.610840149
38.595607544 3.607507019
38.596641073 3.60213267
38.601912069 3.598670349
38.660306437 3.59445872
38.660099731 3.601305847
38.661443318 3.615335999
38.661029907 3.621950582
38.688108357 3.586293844
38.70371464 3.570429179
38.722008098 3.560403951
38.820710083 3.533738912
38.895227498 3.513585103
38.92127242 3.513998515
38.963233684 3.522085877
38.979976848 3.519812114
38.994963013 3.514256897
39.010465943 3.514463603
39.067930135 3.526581726
39.077541951 3.524256287
39.090441445 3.518334305
39.180481405 3.47699819
39.219445434 3.468704122
39.257582642 3.469685975
39.296337554 3.491990003
39.302747843 3.49567922
39.315873657 3.494904073
39.320524536 3.484542948
39.311326131 3.466094462
39.436176392 3.462373759
39.466975545 3.452012635
39.475657186 3.440798849
39.480928182 3.427259624
39.488472941 3.413901266
39.504389282 3.403333435
39.536325317 3.40501292
39.553171834 3.431316223
39.574979289 3.497901306
39.600817505 3.528907166
39.666446574 3.588722636
39.745098104 3.660578715
39.764218384 3.685745138
39.780754842 3.71657013
39.808660116 3.79028656
39.82829716 3.84258311
39.848450969 3.867284444
39.934130493 3.908703105
40.020223429 3.950121765
40.117168417 3.996914774
40.162436971 4.019394023
40.166984497 4.025259298
40.166261027 4.031486308
40.167191203 4.035465393
40.176803019 4.034535218
40.179800253 4.032829895
40.182797485 4.032003072
40.185588012 4.032158102
40.28687382 4.067453104
40.365732056 4.094867452
40.371106404 4.099931742
40.376997518 4.116080627
40.382681926 4.121377462
40.511873006 4.171064352
40.617499634 4.211604512
40.70069869 4.24351471
40.763743937 4.28493337
40.785758097 4.255839539
40.846012817 4.214989319
40.870610799 4.186980693
40.887353963 4.156052348
40.89768925 4.145923767
40.915879354 4.136647847
40.963628378 4.120369771
40.979751424 4.110757955
41.005899699 4.086676737
41.070081828 3.996914774
41.11452356 3.962343241
41.162996053 3.942680359
41.215292602 3.936608378
41.317405233 3.942421977
41.429543091 3.948881531
41.479772583 3.96293752
41.506230917 3.96438446
41.586329386 3.984150696
41.602245727 3.983065491
41.628704061 3.972084249
41.642966756 3.969448751
41.657436157 3.972704367
41.699810832 3.996914774
41.74735315 3.981411845
41.79138147 3.95815745
41.835926554 3.949449971
41.885019165 3.977226054
41.801303344 3.857181702
41.717380819 3.737163188
41.633561645 3.617092998
41.54963912 3.497022807
41.497962687 3.423073832
41.446182902 3.349047343
41.39450647 3.275150045
41.342726685 3.201149394
41.26066451 3.11981069
41.17839563 3.038420309
41.096126749 2.957081604
41.013961222 2.875794576
40.979751424 2.841894836
40.965385376 2.814144593
40.96590214 2.760607808
40.967142375 2.631726786
40.968485962 2.49710968
40.968485962 2.422954
40.968485962 2.31650055
40.968485962 2.210047099
40.968485962 2.103619487
40.968485962 1.997166036
40.968485962 1.872134908
40.968485962 1.747181295
40.968485962 1.622150167
40.968485962 1.497144877
40.968485962 1.372191264
40.968485962 1.247211812
40.968485962 1.230295056
40.968485962 1.122206523
40.968485962 0.997201233
40.968485962 0.87224762
40.968485962 0.74724233
40.968485962 0.622340393
40.968485962 0.497283427
40.968485962 0.372329814
40.968485962 0.247272848
40.968485962 0.122319234
40.968485962 -0.00273773099985
40.969622844 -0.0846965529999
40.970449666 -0.152185974
40.971173137 -0.219675394
40.972620076 -0.328299255
40.974067016 -0.43671641
40.975513956 -0.545236918
40.976960897 -0.653860778
40.977891072 -0.724347432
40.978821248 -0.794834086
40.979751424 -0.870798441
41.005279582 -0.903768005
41.030601033 -0.936737569
41.056129191 -0.96960378
41.081553995 -1.002573344
41.131060018 -1.066445414
41.182219686 -1.132694601
41.237306763 -1.203904724
41.282988728 -1.262815856
41.332184692 -1.326377868
41.383757772 -1.393040466
41.43419397 -1.458049418
41.484526815 -1.523161722
41.522870727 -1.572771098
41.534963012 -1.594785258
41.538580363 -1.613698832
41.535943705 -1.676312019
41.535103321 -1.696268762
41.535104826 -1.69628316498
41.535085483 -1.696302993
41.534515821 -1.696872654
41.458343946 -1.774834894
41.422373894 -1.829766534
41.417653842 -1.847263279
41.396006707 -1.860609633
41.339121941 -1.912367446
41.30347741 -1.956149998
41.282725457 -1.96851979
41.267344597 -1.949639581
41.24870853 -1.957289321
41.231455925 -1.955498956
41.219981316 -1.944024347
41.219004754 -1.922458592
41.198985222 -1.943129165
41.195078972 -1.967054946
41.185801629 -1.990166925
41.156911655 -1.987481378
41.117849155 -1.978285415
41.109141472 -1.977634373
41.096853061 -1.985284113
41.07699629 -2.007094008
41.049978061 -2.018487238
41.039561394 -2.031996352
41.028656446 -2.043226821
41.012950066 -2.042413019
40.999766472 -2.035577081
40.990244988 -2.028903904
40.983653191 -2.01930104
40.9795028 -2.004978123
40.980235222 -1.990166925
40.990082227 -1.962497654
40.989431186 -1.950290623
40.98698978 -1.936455988
40.99105879 -1.924086196
41.006114129 -1.901788019
40.970713738 -1.928969008
40.966644727 -2.046563409
40.945323113 -2.073174738
40.926768425 -2.059258722
40.908213738 -1.997735284
40.889984571 -1.983819269
40.879567905 -1.977797133
40.870371941 -1.967217706
40.861013217 -1.963474217
40.849131707 -1.977634373
40.855642123 -1.992608331
40.858571811 -2.005791925
40.855967644 -2.018487238
40.872243686 -2.011407159
40.885101759 -2.014825128
40.893809441 -2.026055597
40.896820509 -2.042413019
40.894704623 -2.049086196
40.88542728 -2.05445729
40.883148634 -2.060153904
40.886485222 -2.069756769
40.893809441 -2.072035415
40.90113366 -2.073663019
40.904307488 -2.080336196
40.906016472 -2.153252863
40.911957227 -2.191989842
40.9248153 -2.217217706
40.933767123 -2.219659113
40.944672071 -2.218357029
40.956879102 -2.218926691
40.969493035 -2.227715753
40.97925866 -2.24212005
40.980723504 -2.253024998
40.969493035 -2.278985284
40.944834832 -2.309340102
40.922618035 -2.313734633
40.919444207 -2.302422784
40.95215905 -2.286065363
40.934906446 -2.279880467
40.921071811 -2.270603123
40.896820509 -2.245049738
40.893077019 -2.237074477
40.894379102 -2.232028904
40.893728061 -2.228204034
40.883148634 -2.224053644
40.884450717 -2.22633229
40.87769616 -2.228692316
40.863047722 -2.231377863
40.838063998 -2.245049738
40.815684441 -2.271905206
40.794688347 -2.290459894
40.773936394 -2.279229425
40.774587436 -2.287774347
40.777191602 -2.29680755
40.782562696 -2.304294529
40.790782097 -2.307224217
40.79558353 -2.309991144
40.793711785 -2.31650156
40.786957227 -2.327325128
40.793467644 -2.341973566
40.821787957 -2.360772394
40.828623894 -2.37476979
40.816905144 -2.397881769
40.789317254 -2.424981378
40.758148634 -2.447442316
40.711761915 -2.466566665
40.650563998 -2.539320571
40.61589603 -2.552504165
40.585215691 -2.545830988
40.555430535 -2.532403253
40.523610873 -2.525079034
40.49089603 -2.528497003
40.389821811 -2.560316665
40.348317905 -2.590101821
40.32309004 -2.598077081
40.293711785 -2.616387628
40.243907097 -2.656670831
40.232106967 -2.669040623
40.223317905 -2.683038019
40.204844597 -2.724867446
40.174978061 -2.762627863
40.17066491 -2.779473566
40.172618035 -2.787204685
40.187510613 -2.807061456
40.188649936 -2.813571873
40.184825066 -2.828871352
40.183767123 -2.837579034
40.164886915 -2.901462498
40.162608269 -2.934258722
40.183767123 -2.950290623
40.17855879 -2.97649505
40.190684441 -2.98805104
40.211273634 -2.986016534
40.232106967 -2.970635675
40.232920769 -2.981866144
40.225108269 -2.993747654
40.19011478 -3.027032159
40.169200066 -3.054945571
40.163828972 -3.066989842
40.159515821 -3.117771092
40.153168165 -3.135186456
40.119151238 -3.1835263
40.118418816 -3.196954034
40.129242384 -3.233330988
40.129079623 -3.251885675
40.122894727 -3.267347915
40.114024285 -3.281670831
40.102386915 -3.294203383
40.088145379 -3.303643488
40.039805535 -3.325616144
40.026621941 -3.334405206
40.00261478 -3.362481378
39.989105665 -3.373223566
39.97144616 -3.376071873
39.97925866 -3.359063409
39.990082227 -3.320896092
39.991953972 -3.307061456
39.973968946 -3.311455988
39.966075066 -3.321221613
39.964366082 -3.334242446
39.964610222 -3.348321222
39.96363366 -3.357598566
39.957774285 -3.382256769
39.95964603 -3.387790623
39.963389519 -3.393243097
39.965179884 -3.399183852
39.947601759 -3.427992446
39.927256707 -3.481377863
39.900563998 -3.524183852
39.890147332 -3.581719659
39.878672722 -3.605075779
39.86597741 -3.616469008
39.857269727 -3.618259373
39.835622592 -3.608819269
39.83082116 -3.605889581
39.817718946 -3.590752863
39.812998894 -3.5897763
39.786387566 -3.587579034
39.790537957 -3.578871352
39.791270379 -3.574883722
39.780935092 -3.566582941
39.773122592 -3.584893488
39.775889519 -3.600192967
39.78793379 -3.60914479
39.808116082 -3.608819269
39.796071811 -3.622979425
39.800140821 -3.634698175
39.814219597 -3.639336847
39.848968946 -3.625176691
39.860118035 -3.633233331
39.866465691 -3.64853281
39.868988477 -3.663344008
39.867035352 -3.694919529
39.786387566 -3.917168878
39.7607528 -3.941827081
39.732106967 -3.946384373
39.711924675 -3.931329034
39.712087436 -3.897393488
39.689952019 -3.909600519
39.683767123 -3.917168878
39.687347852 -3.927178644
39.69410241 -3.93726979
39.697520379 -3.946709894
39.70199629 -3.955824477
39.712087436 -3.965020441
39.734222852 -3.963311456
39.745290561 -3.96868255
39.742442254 -3.985935154
39.72136478 -4.009209894
39.718272332 -4.016289972
39.715505405 -4.025160415
39.708343946 -4.037530206
39.699473504 -4.048435154
39.690765821 -4.053155206
39.681162957 -4.047946873
39.67448978 -4.024997654
39.66667728 -4.019707941
39.659841342 -4.00758229
39.661957227 -3.984633071
39.660492384 -3.970798435
39.643077019 -3.985528253
39.617360873 -3.971449477
39.605723504 -3.969659113
39.594737175 -3.978692316
39.604665561 -3.9882138
39.616465691 -3.992852472
39.643077019 -3.999200128
39.63559004 -4.017022394
39.626149936 -4.025485935
39.594737175 -4.032647394
39.584483269 -4.032891534
39.5732528 -4.031833592
39.564219597 -4.032891534
39.560557488 -4.039808852
39.56128991 -4.060967706
39.563243035 -4.070896092
39.567393425 -4.081149998
39.581879102 -4.061618748
39.615082227 -4.059340102
39.650075717 -4.069594008
39.669688347 -4.087985935
39.665863477 -4.112074477
39.61589603 -4.197849217
39.583832227 -4.279392185
39.551117384 -4.40211354
39.540049675 -4.430433852
39.531097852 -4.417413019
39.52247155 -4.418145441
39.514008009 -4.426853123
39.506032748 -4.438083592
39.504405144 -4.443536066
39.505381707 -4.455987238
39.502207879 -4.461602472
39.487966342 -4.474541925
39.484873894 -4.478936456
39.450694207 -4.5819638
39.44434655 -4.563409113
39.447438998 -4.534274998
39.443858269 -4.519952081
39.431000196 -4.529961847
39.423838738 -4.543877863
39.417816602 -4.559502863
39.409678582 -4.574476821
39.404795769 -4.573907159
39.397715691 -4.57008229
39.391368035 -4.571058852
39.388682488 -4.585137628
39.390635613 -4.593438409
39.406260613 -4.615166925
39.396169467 -4.62900156
39.362478061 -4.633965753
39.324392123 -4.624607029
39.300466342 -4.594984633
39.29965254 -4.600762628
39.293711785 -4.615492446
39.26433353 -4.606622003
39.242686394 -4.627373956
39.224375847 -4.655857029
39.204844597 -4.670098566
39.200694207 -4.671482029
39.197113477 -4.67180755
39.193858269 -4.673272394
39.190603061 -4.677504165
39.105757284 -4.616306254
39.020387817 -4.554914653
38.935018351 -4.493419698
38.849648885 -4.431924744
38.764279419 -4.370533142
38.6788066 -4.309038188
38.593540487 -4.247543233
38.508274373 -4.186151632
38.422801554 -4.12476003
38.416174859 -4.119980777
38.337535441 -4.063265076
38.252062622 -4.001873474
38.166796509 -3.94037852
38.081530395 -3.878986918
37.996057577 -3.817491963
37.910791463 -3.755997009
37.825421997 -3.694502055
37.770955038 -3.655434672
37.757209106 -3.637451274
37.747183878 -3.616987406
37.729820598 -3.555389099
37.722275839 -3.539989522
37.708323202 -3.527173767
37.689409627 -3.518078715
37.668325643 -3.51249766
37.6469316 -3.510637309
37.599079223 -3.513427836
37.596185343 -3.499681905
37.604143514 -3.480148213
37.608174276 -3.463611756
37.603109986 -3.455756937
37.58667688 -3.45368988
37.579442179 -3.446351827
37.577891887 -3.435809835
37.580475708 -3.424130961
37.58522994 -3.412968852
37.59029423 -3.404080505
37.604866984 -3.387957458
37.627191203 -3.370284118
37.650962361 -3.357571716
37.669875936 -3.356124776
37.668428996 -3.338244731
37.671942993 -3.324292094
37.681864868 -3.315713806
37.700054972 -3.314370219
37.679995543 -3.192147646
37.677834107 -3.178977967
37.660160767 -3.070560812
37.644864542 -3.045962829
37.562285604 -2.999867452
37.424211875 -2.922753573
37.347621704 -2.879978129
37.132854452 -2.760088806
36.918190552 -2.640302836
36.703526652 -2.520413513
36.488862753 -2.400627543
36.2740955 -2.280841573
36.059534953 -2.16095225
35.844871053 -2.041062927
35.630207154 -1.921173604
35.415646607 -1.801284281
35.246366551 -1.706823239
35.200982707 -1.681498311
34.986215454 -1.561608988
34.771551554 -1.441823018
34.718893345 -1.412413523
34.556887654 -1.321933695
34.342120402 -1.202147725
34.127456502 -1.082258403
34.052525675 -1.040400492
34.015421997 -1.037506612
34.001986124 -1.028721618
34.000022421 -1.002573344
33.984519491 -1.002056579
33.980385376 -1.002573344
33.904214315 -1.002573344
33.898529907 -0.799071554
33.894809204 -0.662749125
33.911345662 -0.519295349
33.935116821 -0.313106384
33.953513631 -0.154356384
33.952480102 -0.115702413
33.921577596 -0.0129696649999
33.890468384 0.0900731400001
33.893568969 0.109813538
33.951756633 0.187328186
33.960265924 0.198677206
34.040640096 0.305873921
34.076606893 0.333779196
34.08518518 0.347008362
34.087975708 0.367368876
34.076710246 0.403852438
34.075676717 0.422249247
34.08012089 0.4313443
34.097380818 0.451808166
34.104408813 0.462246806
34.1075094 0.470721741
34.131587748 0.569432983
34.132417439 0.572834371
34.149574016 0.603633524
34.179132934 0.623890686
34.219750611 0.638566793
34.252100057 0.654999898
34.276181275 0.680838114
34.292304321 0.723729553
34.296251876 0.746745807
34.29840214 0.759282938
34.30667037 0.768067932
34.370852498 0.800210673
34.388009074 0.815816955
34.402375122 0.856072896
34.431210571 0.89353831
34.457152141 0.957617086
34.463043254 0.978080953
34.463663371 1.022936096
34.468831014 1.044226787
34.477202596 1.064587301
34.487021118 1.082467347
34.507484985 1.102517802
34.524021444 1.098642069
34.540351197 1.089391988
34.560064932 1.09314931
34.561228475 1.093371074
34.566882918 1.103021686
34.571977173 1.111716207
34.573630818 1.134247131
34.580452108 1.152540589
34.628924601 1.163599345
34.663031046 1.196362203
34.683804973 1.209074606
34.766073853 1.217497864
34.797906535 1.231915588
34.810515585 1.272533264
34.800076945 1.312324117
34.782713664 1.352993469
34.780746677 1.371789122
34.778992961 1.388546855
34.838420858 1.437174378
34.859504842 1.517918803
34.88255253 1.552231954
34.892577759 1.557270406
34.91355839 1.56155955
34.923480265 1.566107076
34.933712199 1.575693054
34.940946899 1.587036031
34.972676229 1.654241231
34.978670695 1.675945333
34.979704224 1.870300395
34.984045044 1.882470194
35.002751912 1.906138001
35.006472615 1.91686086
35.001408325 1.927997132
34.977947225 1.949907939
34.969162231 1.960294902
34.962030883 1.977813212
34.957896769 1.99783783
34.956656535 2.018508403
34.958206828 2.03796458
34.967611938 2.08256134
34.967508586 2.101914164
34.922343383 2.210718893
34.904284074 2.254255316
34.865602661 2.347506409
34.859091431 2.386780497
34.867876424 2.411481832
34.885963175 2.425434469
34.906116984 2.436906637
34.920896443 2.454631653
34.923583619 2.477317607
34.914385213 2.494370829
34.887100057 2.522379456
34.881312296 2.541448059
34.875627889 2.591212464
34.865602661 2.604855042
34.856507609 2.603459778
34.849893025 2.595139872
34.841831503 2.587750142
34.828085571 2.588783671
34.818680461 2.597982076
34.776512492 2.685625306
34.761319621 2.772493388
34.740959106 2.835538635
34.736928345 2.844375305
34.730107056 2.85285024
34.72483606 2.854142151
34.696517374 2.867733053
34.694657023 2.870420227
34.692693319 2.872228903
34.691039673 2.875691223
34.688869263 2.879153545
34.685045207 2.88096222
34.682564738 2.87936025
34.678120565 2.871557109
34.675640096 2.86980011
34.671505981 2.867784729
34.660343872 2.858638001
34.6541427 2.856519267
34.640500122 2.860136617
34.63140507 2.869541728
34.616418905 2.893416239
34.584689575 2.928711243
34.574664347 2.9461262
34.545622192 3.097383118
34.545556343 3.097500953
34.533839966 3.118467102
34.512859334 3.132368063
34.465730428 3.145855611
34.44485315 3.159136455
34.434001099 3.182029114
34.424079223 3.304812317
34.411160116 3.344706523
34.403822062 3.355403544
34.394416952 3.365661316
34.386562134 3.376384176
34.383978312 3.38834727
34.386975546 3.399664409
34.397000773 3.424159037
34.398551066 3.433641662
34.394416952 3.444622904
34.38211796 3.466042786
34.381291138 3.476868998
34.386872192 3.485628153
34.395967244 3.489607239
34.406199178 3.492294414
34.415500936 3.497022807
34.434517863 3.526219991
34.443922974 3.566295065
34.446403443 3.646703593
34.439685506 3.667735901
34.425009399 3.677192688
34.406302531 3.682928772
34.38749231 3.692747294
34.35503951 3.727370504
34.337056112 3.734579366
34.309874309 3.72669871
34.299435669 3.716931864
34.295094848 3.707345886
34.290443969 3.703160095
34.278868449 3.709723002
34.26377893 3.750056457
34.241558065 3.778736878
34.240937947 3.7836203
34.230395956 3.782741801
34.210552205 3.777134908
34.190915161 3.775842997
34.173655233 3.771398824
34.165180298 3.770830383
34.152467895 3.775636292
34.159082479 3.783361919
34.179029582 3.796100159
34.166523885 3.811318868
34.15081425 3.817209981
34.148953898 3.822687683
34.196702922 3.847389018
34.207554973 3.860876567
34.204971151 3.874544983
34.182853637 3.886094666
34.163423299 3.886198019
34.123735799 3.872038676
34.108026164 3.868938091
34.084771769 3.87733551
34.086218709 3.894672953
34.098931112 3.917720642
34.109576456 3.943352152
34.107095988 3.959501037
34.095520467 3.970999044
34.080844361 3.980791728
34.068958781 3.991876323
34.061103963 4.007766825
34.061517375 4.017921245
34.065858195 4.027429708
34.069785603 4.041356506
34.072679484 4.064662577
34.072369426 4.076418966
34.069268839 4.088020325
34.060897257 4.099259949
34.049735148 4.109466044
34.040950155 4.120421448
34.039709921 4.134038187
34.041053508 4.164811503
34.028547811 4.188014221
34.006016887 4.205713399
33.977078085 4.219691875
34.078157186 4.3198408
34.179132934 4.419912212
34.280108683 4.520061137
34.381187785 4.620158386
34.4596739377 4.66060895119
34.5291560183 4.69641895508
34.5981590267 4.73092045927
34.6662773811 4.76497963649
34.7635893161 4.80036579464
34.8447511957 4.83089457507
34.9208293484 4.8595111279
35.0027200141 4.89031403886
35.0942982016 4.92476088002
35.1761888673 4.95556379098
35.2457257208 4.98171985515
35.2634187999 4.94854533189
35.3335625105 4.98728141089
35.4115983372 5.03037582261
35.433714686 5.003836204
