145.236827019 14.12909577
145.229014519 14.119940497
145.20997155 14.110663153
145.199473504 14.113918361
145.189626498 14.121771552
145.171641472 14.126166083
145.142263217 14.122707424
145.126231316 14.123236395
145.119313998 14.129584052
145.130707227 14.146918036
145.157237175 14.163763739
145.18637129 14.176418361
145.20573978 14.181382554
145.252452019 14.200384833
145.27995853 14.202785549
145.290537957 14.181382554
145.287364129 14.169582424
145.282074415 14.161037502
145.273610873 14.155829169
145.26042728 14.154120184
145.249847852 14.150051174
145.242849155 14.140366929
145.236827019 14.12909577
145.645762566 14.92975495
145.625824415 14.915269273
145.606455925 14.928127346
145.601817254 14.941107489
145.597911004 14.96865469
145.592133009 14.982733466
145.579844597 14.998602606
145.57715905 15.005845445
145.578461134 15.017482815
145.590098504 15.040432033
145.611094597 15.066799221
145.633067254 15.0820987
145.64730879 15.072088934
145.652598504 15.059271552
145.65121504 15.046576239
145.647959832 15.032945054
145.64730879 15.017482815
145.6513778 15.008734442
145.665049675 14.992987372
145.667816602 14.982733466
145.661387566 14.95697663
145.645762566 14.92975495
145.784515821 15.168280341
145.779795769 15.159165757
145.773610873 15.154608466
145.766123894 15.155015367
145.757172071 15.160834052
145.74496504 15.149847723
145.738780144 15.13666413
145.739431186 15.122707424
145.746918165 15.10932038
145.75261478 15.096014716
145.738536004 15.096421617
145.721039259 15.102362372
145.716319207 15.10561758
145.69410241 15.100490627
145.685557488 15.102484442
145.682139519 15.116522528
145.683848504 15.131293036
145.695811394 15.168280341
145.696950717 15.182562567
145.696462436 15.193670966
145.6982528 15.20319245
145.70582116 15.212347723
145.711110873 15.215521552
145.729991082 15.22288646
145.73340905 15.227687893
145.734060092 15.239243882
145.736094597 15.243394273
145.748383009 15.249335028
145.774424675 15.257391669
145.78785241 15.267279364
145.801117384 15.272162177
145.816579623 15.270168361
145.823741082 15.262396552
145.811859571 15.25023021
145.800466342 15.243231512
145.792735222 15.232245184
145.775889519 15.189520575
145.776540561 15.180853583
145.784515821 15.168280341
145.697032097 16.341782945
145.669118686 16.339178778
145.656016472 16.340277411
145.643809441 16.344631252
145.633799675 16.353216864
145.628184441 16.364081122
145.629405144 16.373683986
145.637705925 16.379950262
145.654144727 16.381170966
145.667165561 16.377427476
145.69792728 16.373724677
145.709483269 16.367499091
145.71762129 16.352606512
145.711192254 16.344956773
145.697032097 16.341782945
145.804535352 16.693060614
145.789235873 16.675482489
145.769053582 16.694769598
145.785899285 16.700100002
145.804535352 16.693060614
145.868174675 17.301743882
145.854991082 17.285793361
145.835948113 17.305161851
145.851247592 17.309393622
145.868174675 17.301743882
145.866953972 17.575018622
145.85425866 17.566880601
145.832204623 17.577460028
145.82691491 17.593207098
145.834239129 17.605780341
145.85059655 17.606878973
145.862966342 17.598537502
145.868907097 17.586737372
145.866953972 17.575018622
145.758148634 18.061183986
145.743662957 18.053290106
145.719493035 18.054185289
145.713067437 18.077465158
145.739512566 18.090969143
145.750766263 18.113725642
145.756696772 18.161750803
145.771118168 18.175209014
145.811696811 18.173895575
145.824961785 18.167710679
145.835215691 18.157945054
145.839121941 18.145086981
145.835622592 18.128322658
145.826426629 18.119330145
145.814300977 18.113023179
145.802012566 18.104193427
145.758148634 18.061183986
145.693614129 18.727728583
145.678233269 18.72260163
145.661631707 18.724269924
145.635517216 18.747217909
145.632555036 18.786913627
145.650371791 18.808902361
145.688324415 18.807359117
145.70191491 18.791652736
145.708018425 18.779689846
145.70964603 18.766831773
145.709483269 18.748439846
145.705088738 18.737127997
145.693614129 18.727728583
145.413747592 19.662420966
145.405609571 19.652777411
145.391774936 19.660549221
145.382090691 19.672796942
145.382090691 19.684149481
145.39722741 19.688910223
145.409922722 19.684475002
145.415375196 19.674383856
145.413747592 19.662420966
145.245371941 20.035793361
145.245860222 20.030422268
145.252452019 20.03143952
145.261485222 20.034613348
145.269379102 20.036200262
145.272797071 20.032375393
145.270762566 20.024155992
145.265798373 20.017564195
145.258636915 20.012640692
145.250743035 20.009711005
145.240000847 20.013251044
145.231130405 20.020209052
145.226735873 20.029771226
145.22925866 20.040961005
145.238780144 20.050441799
145.243418816 20.045558986
145.245371941 20.035793361
144.925791863 20.525336005
144.915700717 20.517157294
144.90512129 20.526597398
144.902110222 20.540025132
144.906748894 20.551499742
144.919688347 20.555405992
144.931813998 20.549221096
144.93246504 20.537502346
144.925791863 20.525336005
