40.02621504 15.882635809
40.062673373 15.868841864
40.08480879 15.854315497
40.091563347 15.849839585
40.101003451 15.835638739
40.105642123 15.828680731
40.105560743 15.828640041
40.10059655 15.814154364
40.090179884 15.803127346
40.088145379 15.792141018
40.095713738 15.784613348
40.105153842 15.784247137
40.114593946 15.787787177
40.122813347 15.792141018
40.121104363 15.795803127
40.11622155 15.802557684
40.115407748 15.809027411
40.125987175 15.811957098
40.125987175 15.811916408
40.136485222 15.806219794
40.138763868 15.793321031
40.138926629 15.792222398
40.133067254 15.71116771
40.135915561 15.695868231
40.141286655 15.684108791
40.142425977 15.681463934
40.160166863 15.6524112
40.163828972 15.644354559
40.173594597 15.643622137
40.232106967 15.627020575
40.247406446 15.655015367
40.253184441 15.661118882
40.261566602 15.663234768
40.248057488 15.66811758
40.227793816 15.674017645
40.219167514 15.685329494
40.219086134 15.685370184
40.226573113 15.696478583
40.244476759 15.702093817
40.266937696 15.703517971
40.287364129 15.702093817
40.298594597 15.700018622
40.3076278 15.697211005
40.31145267 15.69525788
40.31511478 15.693426825
40.321543816 15.688421942
40.325450066 15.680853583
40.32691491 15.67182038
40.329925977 15.66425202
40.33855228 15.661118882
40.352712436 15.658026434
40.373545769 15.644354559
40.386403842 15.641262111
40.40113366 15.64077383
40.406260613 15.638128973
40.414235873 15.598293361
40.408050977 15.580023505
40.393890821 15.572333075
40.3935653 15.572495835
40.372894727 15.582586981
40.36589603 15.584133205
40.356618686 15.58616771
40.308116082 15.574530341
40.287364129 15.572984117
40.265961134 15.579982815
40.231130405 15.596421617
40.208262566 15.599676825
40.158702019 15.589544989
40.148773634 15.591253973
40.14332116 15.592230536
40.13933353 15.595851955
40.133392774 15.603257554
40.129405144 15.608303127
40.127045118 15.610337632
40.122894727 15.613877671
40.122813347 15.613959052
40.113780144 15.59756094
40.102224155 15.589056708
40.085297071 15.587632554
40.060801629 15.592230536
40.020355665 15.607570705
40.015147332 15.608587958
40.001475457 15.611273505
39.979014519 15.606512762
39.978851759 15.606512762
39.970388217 15.617661851
39.9638778 15.626288153
39.937347852 15.702093817
39.948741082 15.701849677
39.95573978 15.699693101
39.956716342 15.695949611
39.956879102 15.69537995
39.950938347 15.688421942
39.958994988 15.683905341
39.965098504 15.677923895
39.967295769 15.673732815
39.969004754 15.670396226
39.97144616 15.661118882
39.97152754 15.661118882
39.978851759 15.661118882
39.988291863 15.664699611
40.001475457 15.659613348
40.015391472 15.651922919
40.026621941 15.647447007
40.026703321 15.647487697
40.039317254 15.648098049
40.081309441 15.661118882
40.062998894 15.692857164
40.038584832 15.71898021
40.008799675 15.736558335
39.975108269 15.743068752
39.942149285 15.736395575
39.930430535 15.739569403
39.923594597 15.757310289
39.924978061 15.777044989
39.933767123 15.788234768
39.946787957 15.789862372
39.970550977 15.774847723
39.976735873 15.770982164
39.990000847 15.769924221
39.993907097 15.777899481
39.981944207 15.795233466
39.976410352 15.811957098
39.97527103 15.815334377
39.97527103 15.815375067
39.99496504 15.824693101
40.021250847 15.827053127
40.032155795 15.826320705
40.033457879 15.826239325
40.037445509 15.838405666
40.037445509 15.838446356
40.030772332 15.854315497
40.019379102 15.868109442
40.009369337 15.873968817
40.009287957 15.874009507
39.974375847 15.871771552
39.963145379 15.877101955
39.951019727 15.893866278
39.950938347 15.893947658
39.987478061 15.891058661
40.02621504 15.882635809
40.114512566 15.985907294
40.0966903 15.981024481
40.067393425 15.990464585
40.042979363 16.003404039
40.000010613 16.00775788
39.990000847 16.017726955
39.990244988 16.034247137
39.998220248 16.049627997
40.015879754 16.056138414
40.038340691 16.057928778
40.047211134 16.063462632
40.043793165 16.071844794
40.04175866 16.081610419
40.041351759 16.092108466
40.043223504 16.103094794
40.050466342 16.107245184
40.075694207 16.088080145
40.083018425 16.083970445
40.092946811 16.081732489
40.111013217 16.073960679
40.118825717 16.061997789
40.11198978 16.052883205
40.095388217 16.047349351
40.080577019 16.034165757
40.077403191 16.019029039
40.083669467 16.013332424
40.092295769 16.008775132
40.099375847 16.002101955
40.109629754 15.995103257
40.114512566 15.985907294
38.789724155 17.668890692
38.859629754 17.513251044
38.929047071 17.397121486
38.953298373 17.312241929
38.964691602 17.292303778
38.952647332 17.253485419
38.971202019 17.223334052
38.998545769 17.195949611
39.012461785 17.165350653
39.017588738 17.126695054
39.02613366 17.093085028
39.055918816 17.034125067
39.060313347 17.014837958
39.063649936 16.974269924
39.068858269 16.953924872
39.084483269 16.924872137
39.090017123 16.884222723
39.094981316 16.867743231
39.1279403 16.794867255
39.149668816 16.716945705
39.135996941 16.723781643
39.155935092 16.679144598
39.161387566 16.657171942
39.163340691 16.628159898
39.144867384 16.60936107
39.160980665 16.563788153
39.156504754 16.538153387
39.149668816 16.544989325
39.150889519 16.529445705
39.160655144 16.525132554
39.171641472 16.524847723
39.177012566 16.521429755
39.175547722 16.486639716
39.177012566 16.477362372
39.180674675 16.468207098
39.185069207 16.460516669
39.188975457 16.451808986
39.190603061 16.439439195
39.189219597 16.399888414
39.190603061 16.387355861
39.19410241 16.378119208
39.203135613 16.362209377
39.204844597 16.349798895
39.203379754 16.337551174
39.197276238 16.312811591
39.197438998 16.298570054
39.228037957 16.1680362
39.232188347 16.123846747
39.235606316 16.108710028
39.258962436 16.058986721
39.294118686 15.928778387
39.313487175 15.893947658
39.373220248 15.858465887
39.382497592 15.842962958
39.390391472 15.836330471
39.427012566 15.82037995
39.437022332 15.811957098
39.437510613 15.799017645
39.4326278 15.788153387
39.426442905 15.778143622
39.423350457 15.767564195
39.426524285 15.755804755
39.440684441 15.740912177
39.443858269 15.733140367
39.445323113 15.706529039
39.450856967 15.690497137
39.477875196 15.661118882
39.460622592 15.659613348
39.448741082 15.649807033
39.444590691 15.635239976
39.450694207 15.619574286
39.454925977 15.628119208
39.464040561 15.638332424
39.474945509 15.642645575
39.484873894 15.633856512
39.482758009 15.614935614
39.463389519 15.605902411
39.440928582 15.603176174
39.430186394 15.603094794
39.43246504 15.59365469
39.450694207 15.565578518
39.455251498 15.531887111
39.457530144 15.524603583
39.4716903 15.51943594
39.49488366 15.517523505
39.516856316 15.520086981
39.5263778 15.528021552
39.53394616 15.539780992
39.551768425 15.542303778
39.572032097 15.538397528
39.587168816 15.53139883
39.611338738 15.49998607
39.663584832 15.33616771
39.667735222 15.332505601
39.68653405 15.325628973
39.690765821 15.322211005
39.693044467 15.30467357
39.698985222 15.288031317
39.707692905 15.273871161
39.718272332 15.263902085
39.703379754 15.209377346
39.6982528 15.123602606
39.700450066 15.119533596
39.70980879 15.113023179
39.712087436 15.10932038
39.715586785 15.094061591
39.725108269 15.08616771
39.738129102 15.085638739
39.752289259 15.092596747
39.762217644 15.073919989
39.773692254 15.071030992
39.789398634 15.075588283
39.81128991 15.078924872
39.818207227 15.083970445
39.823741082 15.095648505
39.826182488 15.108221747
39.824717644 15.116522528
39.819672071 15.125799872
39.823496941 15.132269598
39.835622592 15.140366929
39.854665561 15.173488674
39.856781446 15.192938544
39.836761915 15.22679271
39.825938347 15.266913153
39.817718946 15.28123607
39.804453972 15.28143952
39.796397332 15.266017971
39.789724155 15.257473049
39.780935092 15.278143622
39.778493686 15.297593492
39.780935092 15.349269924
39.779633009 15.360419012
39.774587436 15.379380601
39.773448113 15.39052969
39.775726759 15.402736721
39.781260613 15.406724351
39.78793379 15.408677476
39.793793165 15.414740302
39.800466342 15.448919989
39.807139519 15.458889065
39.821299675 15.448879299
39.828135613 15.448879299
39.829112175 15.456854559
39.835622592 15.476141669
39.841644727 15.476141669
39.842051629 15.472967841
39.841644727 15.463120835
39.852712436 15.471584377
39.86597741 15.492987372
39.875254754 15.50409577
39.889984571 15.478216864
39.910004102 15.457424221
40.005137566 15.381008205
40.019786004 15.373765367
40.042816602 15.368882554
40.050791863 15.366115627
40.060801629 15.360093492
40.072438998 15.350734768
40.079925977 15.340725002
40.083181186 15.330226955
40.081309441 15.319159247
40.074066602 15.307277736
40.056162957 15.293402411
40.047211134 15.284369208
40.04175866 15.274847723
40.026621941 15.237209377
40.03777103 15.23818594
40.046234571 15.235785223
40.052012566 15.229559637
40.053965691 15.219224351
40.051524285 15.216253973
40.041270379 15.212469794
40.039724155 15.209295966
40.041514519 15.204982815
40.046234571 15.200995184
40.047211134 15.198431708
40.052500847 15.190130927
40.075938347 15.173163153
40.081309441 15.164536851
40.084157748 15.151800848
40.097178582 15.125881252
40.101817254 15.113023179
40.101247592 15.101874091
40.098480665 15.088812567
40.097504102 15.075832424
40.101817254 15.064642645
40.114268425 15.069037177
40.1279403 15.066229559
40.138926629 15.0586612
40.14332116 15.048529364
40.145274285 15.040187893
40.149668816 15.038316148
40.154307488 15.037298895
40.157074415 15.03115469
40.156504754 15.022040106
40.150889519 15.007066148
40.149587436 15.00006745
40.159434441 14.982245184
40.1826278 14.970851955
40.25660241 14.94525788
40.272634311 14.93756745
40.27995853 14.931830145
40.286794467 14.913478908
40.301768425 14.916896877
40.324554884 14.935532945
40.347178582 14.944077867
40.362966342 14.964097398
40.375743035 14.986721096
40.389821811 15.003241278
40.388519727 14.987372137
40.392100457 14.973578192
40.4013778 14.966131903
40.417735222 14.969061591
40.423024936 14.977850653
40.42074629 14.989243882
40.422699415 14.999009507
40.440684441 15.003241278
40.451426629 15.00385163
40.454437696 15.004461981
40.464854363 14.997015692
40.463226759 14.993597723
40.461110873 14.986558335
40.463145379 14.979681708
40.47535241 14.97650788
40.482595248 14.973578192
40.485606316 14.967678127
40.489512566 14.962551174
40.49903405 14.962225653
40.505625847 14.965277411
40.511485222 14.970526434
40.516368035 14.97662995
40.520192905 14.982733466
40.515147332 14.990790106
40.512950066 14.998765367
40.512705925 15.017482815
40.51832116 15.012518622
40.523122592 15.001695054
40.527028842 14.997015692
40.554209832 14.990179755
40.556651238 14.981675523
40.555837436 14.972967841
40.555918816 14.964097398
40.561045769 14.955389716
40.568695509 14.950506903
40.573741082 14.951483466
40.579356316 14.954413153
40.588389519 14.955389716
40.606700066 14.952948309
40.616384311 14.948675848
40.620616082 14.939276434
40.624278191 14.900091864
40.62769616 14.891994533
40.656586134 14.880316473
40.652028842 14.897121486
40.660411004 14.90257396
40.687673373 14.900824286
40.694509311 14.896226304
40.697438998 14.887396552
40.692718946 14.881903387
40.677093946 14.887152411
40.67090905 14.880316473
40.718760613 14.831854559
40.719248894 14.834173895
40.722666863 14.83592357
40.727386915 14.834133205
40.732432488 14.825669664
40.733734571 14.818182684
40.732432488 14.790961005
40.724131707 14.768255927
40.723887566 14.757066148
40.732432488 14.743719794
40.757985873 14.726019598
40.766368035 14.714585679
40.766449415 14.69529857
40.777028842 14.701808986
40.786631707 14.706040757
40.796885613 14.706773179
40.808116082 14.702826239
40.808116082 14.722072658
40.8310653 14.712225653
40.884450717 14.714544989
40.913910352 14.69912344
40.944672071 14.677313544
40.972666863 14.669623114
41.040212436 14.667425848
41.156097852 14.641587632
41.167491082 14.63694896
41.179535352 14.621771552
41.195648634 14.585109768
41.208750847 14.568101304
41.253184441 14.537665106
41.282969597 14.517564195
41.306813998 14.488918361
41.322520379 14.454535223
41.328298373 14.417629299
41.335948113 14.402004299
41.352386915 14.392157294
41.368988477 14.384751695
41.376638217 14.376288153
41.381032748 14.368801174
41.399668816 14.346665757
41.41277103 14.306545315
41.433604363 14.282131252
41.479665561 14.242865302
41.505869988 14.213446356
41.51449629 14.19920482
41.521332227 14.181382554
41.528981967 14.148830471
41.533457879 14.13694896
41.54175866 14.126166083
41.555430535 14.115912177
41.58863366 14.096177476
41.605967644 14.081773179
41.620941602 14.063625393
41.657237175 13.996486721
41.667816602 13.955145575
41.676524285 13.940252997
41.740082227 13.921535549
41.753428582 13.920721747
41.785655144 13.932806708
41.798106316 13.934393622
41.806000196 13.92967357
41.825450066 13.896795966
41.841563347 13.880316473
41.848968946 13.876166083
41.863291863 13.872951565
41.874278191 13.873195705
41.896494988 13.87881094
41.904307488 13.879787502
41.921560092 13.873114325
41.956797722 13.850531317
41.969737175 13.845648505
41.980967644 13.837795315
41.986013217 13.819484768
41.988942905 13.798773505
41.993662957 13.783596096
42.034922722 13.752264716
42.041351759 13.739162502
42.04574629 13.738999742
42.068695509 13.708441473
42.075531446 13.694769598
42.077810092 13.693426825
42.086761915 13.689520575
42.089203321 13.687974351
42.093597852 13.676459052
42.099619988 13.654364325
42.106618686 13.643540757
42.116953972 13.64077383
42.129242384 13.645575262
42.13949629 13.651190497
42.143809441 13.650376695
42.14730879 13.644110419
42.164561394 13.632391669
42.171153191 13.626532294
42.175140821 13.61725495
42.180837436 13.594142971
42.184825066 13.585598049
42.208018425 13.568548895
42.212168816 13.567572333
42.215993686 13.553859768
42.223887566 13.553941148
42.230235222 13.560003973
42.2295028 13.563869533
42.224294467 13.567613023
42.20997155 13.585760809
42.206553582 13.591742255
42.204600457 13.593491929
42.201426629 13.595160223
42.198741082 13.598700262
42.198496941 13.606024481
42.201670769 13.606390692
42.215586785 13.60565827
42.219004754 13.606024481
42.219737175 13.632554429
42.206309441 13.643866278
42.189219597 13.652736721
42.167735222 13.653794664
42.159922722 13.656561591
42.162364129 13.662298895
42.171641472 13.667181708
42.184825066 13.667466539
42.219004754 13.640204169
42.255869988 13.591986395
42.270355665 13.585598049
42.288422071 13.574611721
42.294769727 13.549953518
42.294688347 13.509222723
42.305918816 13.476141669
42.314789259 13.46100495
42.325450066 13.454575914
42.335215691 13.443508205
42.34253991 13.41811758
42.35808353 13.302476304
42.372325066 13.278631903
42.37769616 13.230047919
42.376800977 13.225490627
42.379405144 13.22264232
42.410166863 13.204575914
42.431325717 13.198391018
42.476817254 13.194525458
42.495941602 13.197902736
42.507497592 13.20697663
42.51441491 13.220038153
42.520681186 13.235500393
42.53394616 13.232570705
42.53777103 13.226263739
42.53809655 13.217718817
42.54175866 13.208197333
42.547699415 13.20327383
42.554453972 13.199652411
42.559906446 13.194322007
42.562185092 13.183986721
42.570078972 13.170965887
42.620453321 13.129339911
42.655446811 13.072333075
42.668304884 13.064154364
42.688243035 13.061346747
42.704600457 13.054022528
42.718272332 13.044012762
42.729746941 13.033148505
42.737640821 13.017726955
42.747243686 12.961737372
42.763682488 12.925238348
42.767588738 12.90648021
42.770192905 12.878159898
42.773936394 12.862127997
42.781260613 12.851874091
42.795420769 12.848374742
42.808441602 12.852280992
42.821543816 12.85932038
42.835785352 12.864935614
42.849294467 12.837836005
42.868907097 12.821356512
42.896250847 12.813177802
42.932139519 12.810939846
42.927419467 12.805853583
42.918467644 12.790472723
42.927989129 12.789740302
42.935720248 12.791937567
42.945648634 12.797308661
42.944590691 12.798488674
42.963226759 12.810451565
42.966319207 12.810939846
42.978037957 12.823960679
42.9873153 12.838202216
42.989919467 12.847357489
42.989512566 12.854071356
42.991465691 12.85960521
43.000987175 12.864935614
42.99488366 12.87490469
42.993500196 12.884588934
42.995860222 12.893296617
43.000987175 12.900295315
43.029470248 12.87885163
43.043142123 12.865627346
43.048838738 12.855292059
43.053233269 12.844875393
43.063649936 12.836371161
43.076182488 12.828762111
43.086436394 12.820868231
43.093272332 12.807766018
43.094574415 12.77753327
43.097178582 12.762518622
43.12387129 12.715318101
43.117686394 12.707912502
42.900357707 12.616388652
42.890125773 12.6154068
42.877723429 12.625070292
42.868835083 12.626155498
42.852091919 12.611737772
42.828837524 12.557632548
42.785222615 12.517221578
42.788736613 12.487455953
42.798038371 12.456088358
42.79225061 12.429164937
42.779744914 12.422602031
42.749875936 12.417072652
42.741401001 12.408080953
42.727758423 12.388805644
42.696187126 12.380125786
42.691481568 12.378832093
42.678252401 12.360021871
42.521569458 12.496240947
42.475680787 12.516343079
42.448498983 12.523371074
42.430928995 12.520322164
42.379459269 12.46590688
42.331710246 12.515464579
42.250164836 12.623985087
42.184949178 12.733048197
42.137303508 12.773329977
42.081699667 12.803922424
42.024648886 12.826970113
41.946617473 12.876166077
41.894320922 12.94797048
41.816599569 13.11279246
41.784766887 13.164572246
41.750763794 13.208316346
41.711799764 13.24792633
41.63552535 13.30934377
41.530725545 13.393783061
41.357092733 13.50227773
41.222217244 13.586613668
41.192038208 13.615862529
41.121344848 13.738180644
41.043623495 13.872487691
40.937790161 13.989922384
40.833197062 14.105961812
40.772322225 14.148362325
40.704419393 14.173218689
40.61408899 14.185801901
40.585873657 14.194690247
40.479833618 14.244402974
40.421645955 14.273755188
40.353687419 14.335240904
40.277055298 14.404574076
40.237677857 14.427440898
40.194373007 14.44464915
40.104559367 14.465965678
40.086886027 14.465758972
40.037483358 14.451522115
40.023220663 14.45116038
39.999839471 14.455238171
39.97981246 14.458730977
39.961519003 14.454209289
39.930719849 14.428784485
39.911186157 14.423410136
39.892272583 14.426562399
39.877079712 14.433616232
39.824473104 14.478135478
39.796877889 14.495111186
39.766905558 14.504774679
39.735072876 14.503715312
39.722985 14.501717001
39.677712036 14.494232686
39.650943644 14.496583965
39.599473917 14.511647644
39.59378951 14.514567362
39.587691692 14.520277609
39.567331177 14.544307149
39.552138306 14.556683655
39.532294556 14.567587382
39.515034627 14.567819926
39.50717981 14.547821147
39.489403117 14.524489238
39.448578735 14.505110575
39.366619914 14.482915548
39.347602986 14.481804504
39.293446086 14.490305278
39.268538045 14.486429545
39.25499882 14.474414775
39.233191366 14.44043752
39.208179973 14.440179138
39.1875094 14.477205302
39.158467245 14.560145976
39.144721313 14.581565857
39.127461385 14.602210592
39.107307576 14.620116476
39.085500122 14.633474834
39.075474894 14.637402242
39.046949504 14.643758444
39.011189412 14.647763367
39.009742472 14.651225688
38.996823365 14.638900859
38.995273071 14.622261048
38.996823365 14.603580017
38.993826131 14.585157369
38.979666788 14.567122295
38.959202921 14.554642436
38.917551717 14.535703023
38.884582153 14.506247457
38.86608199 14.493664246
38.821536906 14.489478454
38.761902303 14.465448914
38.742885376 14.461056417
38.724385214 14.459402771
38.706195109 14.46115977
38.688005005 14.467102559
38.668471313 14.467722677
38.606562948 14.436484273
38.569355916 14.426820781
38.49297815 14.418294169
38.443678833 14.418655904
38.435203898 14.416304627
38.426832316 14.417183126
38.414429973 14.426304016
38.409055623 14.435269877
38.402337688 14.456870626
38.394276164 14.464312032
38.340636027 14.492682394
38.325029744 14.504593812
38.313350871 14.519347433
38.305185995 14.53691742
38.295677531 14.574873759
38.289269654 14.587741191
38.278831014 14.595466818
38.26715214 14.601771342
38.257643677 14.610427144
38.252682739 14.620219829
38.247825154 14.647711691
38.245840722 14.652474329
38.239556926 14.66755544
38.229324992 14.67972524
38.213925415 14.685874736
38.190257609 14.687321676
38.13331018 14.677761536
38.115223429 14.681017151
38.006702921 14.724399516
37.998434693 14.730910747
37.992750285 14.740755107
37.992026815 14.749514262
37.989856404 14.757317403
37.980037882 14.764552104
37.96877242 14.766386617
37.9644316 14.771192525
37.96226119 14.777858785
37.958437133 14.785093485
37.957817017 14.788194072
37.958127075 14.798761902
37.957610311 14.80284434
37.954096314 14.806254985
37.944381144 14.807340189
37.940040324 14.810880025
37.920920044 14.847518616
37.908827759 14.864726868
37.891464478 14.879532166
37.850640096 14.78387909
37.785631144 14.632182923
37.72124231 14.481752828
37.658507121 14.335172628
37.601042928 14.200917257
37.564972778 14.116684672
37.553707316 14.105496724
37.535723918 14.116839702
37.525285278 14.128828634
37.520634399 14.145442607
37.519497518 14.170996603
37.516500285 14.180556742
37.50874882 14.18812734
37.498516886 14.193088277
37.4881816 14.194896952
37.475365845 14.19957367
37.469371379 14.210813294
37.464307089 14.235824687
37.456969034 14.25460907
37.452628215 14.260577698
37.412217244 14.293598938
37.397747843 14.301737976
37.394957316 14.312383321
37.39547408 14.335172628
37.39402714 14.350081279
37.390203084 14.35816864
37.37490686 14.373025615
37.337079712 14.426355693
37.318166137 14.437130228
37.293774862 14.457439067
37.280028931 14.455449524
37.258221477 14.44811147
37.184220825 14.449558411
37.149700969 14.441936137
37.121072225 14.420826315
37.105879354 14.399225566
37.097817831 14.379511007
37.094407186 14.359150492
37.093787068 14.335172628
37.090996541 14.314217835
37.083451782 14.297733053
37.072703084 14.285304871
37.060197387 14.276829936
37.052445923 14.27533132
37.034255819 14.27750173
37.026090942 14.276829936
37.011518188 14.265073548
37.005627075 14.263161519
36.995395142 14.264091695
36.986713501 14.266830546
36.978858683 14.27111969
36.970900512 14.276829936
36.952813761 14.30096283
36.946922649 14.30473521
36.913746379 14.309024353
36.848530721 14.327782898
36.81638798 14.332072042
36.748071737 14.332072042
36.738356568 14.329798279
36.722130168 14.320057271
36.713655233 14.317783508
36.668593384 14.317783508
36.648542928 14.31457957
36.617640421 14.300446066
36.603791138 14.297319641
36.582500447 14.2967512
36.56565393 14.292927144
36.553044881 14.282772726
36.545706828 14.263161519
36.526379842 14.263523254
36.504262329 14.447336324
36.489172811 14.571230571
36.47397994 14.696804301
36.462199033 14.793766434
36.455479777 14.849068909
36.435119263 15.016629741
36.423647095 15.111507671
36.425094035 15.133444316
36.433155558 15.150859274
36.506742797 15.220338237
36.524932902 15.247907613
36.575575806 15.393428447
36.595109497 15.424330953
36.627872355 15.445621643
36.614126425 15.48926239
36.616710246 15.531533712
36.6709705 15.723124085
36.683269491 15.745189921
36.73267216 15.79474762
36.759543905 15.83748403
36.807499634 15.969310608
36.852664835 16.093644104
36.885944458 16.184853008
36.902170857 16.211001282
36.944028768 16.252859192
36.954260702 16.278283997
36.951573527 16.299574687
36.933383423 16.34008901
36.92821578 16.361121317
36.92966272 16.382463684
36.933176717 16.400395406
36.933693482 16.418068747
36.927313072 16.43539333
36.926252075 16.438274231
36.912092733 16.456619364
36.896383098 16.472742412
36.883360637 16.490415752
36.876539347 16.513566793
36.877262818 16.527312724
36.889561808 16.56720693
36.892559041 16.586533915
36.89069869 16.619141744
36.892352335 16.63686676
36.901447388 16.655728658
36.916640258 16.668957825
36.949609823 16.691850485
36.960358521 16.705648092
36.984956502 16.765696106
36.988780558 16.825537415
36.99064091 16.829981588
36.997875611 16.837991435
36.999735962 16.842125549
36.998495727 16.847964987
36.992604614 16.856956686
36.991261027 16.860780741
36.993121379 16.90093333
36.99064091 16.913645732
36.98195927 16.925996399
36.97152063 16.935814921
36.968109985 16.946615296
36.992397908 16.980204977
36.997048787 16.999531963
36.993431437 17.018652243
36.973587688 17.045213929
36.971313924 17.054102275
36.97337042 17.062083434
36.973484335 17.062525533
36.980098918 17.070018616
37.000459432 17.072602437
37.016375773 17.065832825
37.031465292 17.055807597
37.049345337 17.048779602
37.0750802 17.044542135
37.085415486 17.040873108
37.124069458 17.018032125
37.133991333 17.016430155
37.188251587 17.02490509
37.203134399 17.022786357
37.233416789 17.024646709
37.280959107 17.052965393
37.309794555 17.055342509
37.403432251 17.029917705
37.459759562 17.094719951
37.468027792 17.114667053
37.472782023 17.136991272
37.494692831 17.174611715
37.500997355 17.195075582
37.505648234 17.236778463
37.504718058 17.254968567
37.493555949 17.300753886
37.496036418 17.312174378
37.506785116 17.318478902
37.639180135 17.358011374
37.679591105 17.363437399
37.720415487 17.383849589
37.763927043 17.459090474
37.798860311 17.47712555
37.819220825 17.471699524
37.849193156 17.444000957
37.872034139 17.43728302
37.895908651 17.442554017
37.915545695 17.457023418
37.946861613 17.495729065
38.014424443 17.539344285
38.015384563 17.539964091
38.038845662 17.548180644
38.061789998 17.548077291
38.071195109 17.538103739
38.072228638 17.521463929
38.070781698 17.501465149
38.076466105 17.479864401
38.091452271 17.48001943
38.107988728 17.493817037
38.118427368 17.512937317
38.118737426 17.523427633
38.116153605 17.530300598
38.114913371 17.536656799
38.119460897 17.545596822
38.12535201 17.546526998
38.160595337 17.557327372
38.176821736 17.547560527
38.192014608 17.532729391
38.209687948 17.522290751
38.233355753 17.525701396
38.25020227 17.541824442
38.252786092 17.561616516
38.251545857 17.582803854
38.256610148 17.60254425
38.273870077 17.617788798
38.323479451 17.640888163
38.343736613 17.655926005
38.371331828 17.698817444
38.431586548 17.85198639
38.459285116 17.890743714
38.601573113 18.004828192
38.603688998 17.994370835
38.613047722 17.983465887
38.620371941 17.952582098
38.66293379 17.894964911
38.666270379 17.884955145
38.667491082 17.864447333
38.669769727 17.853989976
38.687836134 17.829413153
38.690928582 17.823635158
38.695811394 17.806626695
38.789724155 17.668890692
