12.621267123 35.49233633
12.611094597 35.489243882
12.603037957 35.491400458
12.598317905 35.494330145
12.593923373 35.494452216
12.555674675 35.50804271
12.536143425 35.512600002
12.52613366 35.516669012
12.53386478 35.521633205
12.555674675 35.521226304
12.566905144 35.519029039
12.612803582 35.515326239
12.621267123 35.513373114
12.62370853 35.51190827
12.621755405 35.509751695
12.621267123 35.508246161
12.62387129 35.501613674
12.621267123 35.49233633
12.872569207 35.852280992
12.856944207 35.852280992
12.850922071 35.855902411
12.845876498 35.862697658
12.847015821 35.868312893
12.853526238 35.87124258
12.859873894 35.872219143
12.867035352 35.872259833
12.87403405 35.866441148
12.876719597 35.855861721
12.872569207 35.852280992
11.980642123 36.827093817
11.9873153 36.82416413
11.992930535 36.825384833
11.999522332 36.83592357
12.037608269 36.806626695
12.051524285 36.790350653
12.05347741 36.767645575
12.030609571 36.741359768
11.996104363 36.744940497
11.961192254 36.765204169
11.937347852 36.788763739
11.932953321 36.795640367
11.924978061 36.811957098
11.922211134 36.82835521
11.934336785 36.83592357
11.938812696 36.837062893
11.946136915 36.841701565
11.951345248 36.842759507
11.957692905 36.840562242
11.967295769 36.831203518
11.97144616 36.829087632
11.980642123 36.827093817
12.321299675 37.940497137
12.336761915 37.933050848
12.354665561 37.926988023
12.368825717 37.925238348
12.357676629 37.91404857
12.342133009 37.913234768
12.326182488 37.918361721
12.314219597 37.925238348
12.29965254 37.919256903
12.28777103 37.921535549
12.278656446 37.929185289
12.273203972 37.939520575
12.286957227 37.938544012
12.297048373 37.94131094
12.305430535 37.944973049
12.314219597 37.946356512
12.321299675 37.940497137
12.077891472 37.960109768
12.079274936 37.950262762
12.064789259 37.950832424
12.047618035 37.960760809
12.037119988 37.973700262
12.030446811 37.98436107
12.035980665 37.991034247
12.05355879 37.99241771
12.064463738 37.986232815
12.072276238 37.967922268
12.077891472 37.960109768
15.642425977 38.262274481
15.634450717 38.260931708
15.624278191 38.26166413
15.583750847 38.240423895
15.569672071 38.226955471
15.562998894 38.214300848
15.559906446 38.199774481
15.575938347 38.200181382
15.527028842 38.1367862
15.500336134 38.084947007
15.392588738 37.976141669
15.302744988 37.864406643
15.283457879 37.832953192
15.266286655 37.811916408
15.24122155 37.795558986
15.213063998 37.761460679
15.206553582 37.747748114
15.208262566 37.737046617
15.218597852 37.718085028
15.220225457 37.706732489
15.216075066 37.696722723
15.20215905 37.685370184
15.199066602 37.67572663
15.196787957 37.655096747
15.184580925 37.625799872
15.17855879 37.604315497
15.163828972 37.567694403
15.11589603 37.522284247
15.0966903 37.494452216
15.091563347 37.477484442
15.089528842 37.459458726
15.092051629 37.360541083
15.0966903 37.34369538
15.103526238 37.329779364
15.110687696 37.321844794
15.180023634 37.290757554
15.21745853 37.284979559
15.236664259 37.274725653
15.251963738 37.25771719
15.261241082 37.233832098
15.24488366 37.2461612
15.235606316 37.241929429
15.228851759 37.230292059
15.220225457 37.220160223
15.2216903 37.237453518
15.215830925 37.244696356
15.205414259 37.244696356
15.192881707 37.239976304
15.199066602 37.227606512
15.183441602 37.207464911
15.194672071 37.176336981
15.216481967 37.155218817
15.23324629 37.164862372
15.247569207 37.158677476
15.247569207 37.151841539
15.22917728 37.149644273
15.231781446 37.134914455
15.246592644 37.118231512
15.26465905 37.110296942
15.288828972 37.108384507
15.303233269 37.101223049
15.307871941 37.086655992
15.302744988 37.06248607
15.28793379 37.068996486
15.281993035 37.060858466
15.283702019 37.048407294
15.29184004 37.041978257
15.312266472 37.044012762
15.321055535 37.040228583
15.329437696 37.027736721
15.332367384 37.01162344
15.324717644 37.008490302
15.314219597 37.012437242
15.308929884 37.017767645
15.30339603 37.016180731
15.268077019 37.000433661
15.274912957 36.993597723
15.266123894 36.989406643
15.263845248 36.987127997
15.268077019 36.9805362
15.268077019 36.973089911
15.244476759 36.972072658
15.226735873 36.96478913
15.211680535 36.956488348
15.196055535 36.952622789
15.17465254 36.944077867
15.158376498 36.924221096
15.107676629 36.820135809
15.106618686 36.80857982
15.094004754 36.799546617
15.098887566 36.779445705
15.117198113 36.747137762
15.134938998 36.68768952
15.134287957 36.675197658
15.114512566 36.659898179
15.093923373 36.654933986
15.073578321 36.659125067
15.055186394 36.671454169
15.040700717 36.68768952
15.033050977 36.693915106
15.021006707 36.69936758
15.007172071 36.702785549
14.997813347 36.702215887
14.993662957 36.695949611
14.982432488 36.688869533
14.957286004 36.697821356
14.918630405 36.719875393
14.882172071 36.73065827
14.846853061 36.726263739
14.780772332 36.69936758
14.77613366 36.707709052
14.773448113 36.710028387
14.760915561 36.706203518
14.744313998 36.719142971
14.684580925 36.726019598
14.671641472 36.743719794
14.65894616 36.75381094
14.600108269 36.772121486
14.582204623 36.78131745
14.565928582 36.778306382
14.4873153 36.793361721
14.475759311 36.80491771
14.394541863 36.945013739
14.36988366 36.973089911
14.278819207 37.044012762
14.208506707 37.081122137
14.126312696 37.112250067
14.08863366 37.117743231
13.976328972 37.110296942
13.967295769 37.108221747
13.948578321 37.098822333
13.938487175 37.095933335
13.894379102 37.100816148
13.832692905 37.139553127
13.794606967 37.151841539
13.751638217 37.159002997
13.715830925 37.171372789
13.683441602 37.189357815
13.598806186 37.256740627
13.56918379 37.27350495
13.534434441 37.282171942
13.488617384 37.288478908
13.452647332 37.298814195
13.421560092 37.314398505
13.372243686 37.346136786
13.329600457 37.366278387
13.31128991 37.380845445
13.302012566 37.385728257
13.289235873 37.389146226
13.278005405 37.393703518
13.253265821 37.431789455
13.247325066 37.435939846
13.22535241 37.446030992
13.214040561 37.458075262
13.2060653 37.463934637
13.194590691 37.466538804
13.189219597 37.469712632
13.179372592 37.483832098
13.174082879 37.487005927
13.051524285 37.500677802
13.036794467 37.494859117
13.0263778 37.493231512
13.016856316 37.497544664
13.01042728 37.506903387
13.004161004 37.527085679
13.000010613 37.535467841
12.974131707 37.557440497
12.942637566 37.568508205
12.86215254 37.576402085
12.780935092 37.57420482
12.697764519 37.56273021
12.659353061 37.565130927
12.636241082 37.58222077
12.594737175 37.637884833
12.577810092 37.652004299
12.563487175 37.657782294
12.523610873 37.658351955
12.506195509 37.665513414
12.489024285 37.682684637
12.474375847 37.702948309
12.465017123 37.719794012
12.460459832 37.73460521
12.459157748 37.747748114
12.456309441 37.759751695
12.44800866 37.771307684
12.43628991 37.783148505
12.427012566 37.79702383
12.427419467 37.809271552
12.444590691 37.815985419
12.446055535 37.811835028
12.460459832 37.819037177
12.465017123 37.822821356
12.463063998 37.825751044
12.470225457 37.853420315
12.472422722 37.854193427
12.477712436 37.872544664
12.478688998 37.881170966
12.476735873 37.885931708
12.46778405 37.897121486
12.465017123 37.905991929
12.464121941 37.912909247
12.464528842 37.91412995
12.467051629 37.916164455
12.490489129 37.954006252
12.496592644 37.98061758
12.5029403 37.997056382
12.504161004 38.011216539
12.492930535 38.021429755
12.523448113 38.03143952
12.54965254 38.05483633
12.576345248 38.071722723
12.60840905 38.06240469
12.638682488 38.079494533
12.651621941 38.091498114
12.656911655 38.107367255
12.662445509 38.116278387
12.676036004 38.115871486
12.691905144 38.112127997
12.704600457 38.110825914
12.72535241 38.125921942
12.723968946 38.150336005
12.719899936 38.175482489
12.731781446 38.192775783
12.737803582 38.180975653
12.749359571 38.182074286
12.760915561 38.180975653
12.766123894 38.162665106
12.790782097 38.11709219
12.818369988 38.077948309
12.828786655 38.069891669
12.856944207 38.05857982
12.868907097 38.051336981
12.869639519 38.042547919
12.90113366 38.028062242
12.94418379 38.032863674
13.027354363 38.06240469
13.06137129 38.083482164
13.069672071 38.091131903
13.071299675 38.095526434
13.069590691 38.10146719
13.068207227 38.113959052
13.066172722 38.123032945
13.056813998 38.13271719
13.054698113 38.141831773
13.089366082 38.166001695
13.083750847 38.174709377
13.089610222 38.183335679
13.100922071 38.190090236
13.112478061 38.192775783
13.122406446 38.190985419
13.156993035 38.17967357
13.179372592 38.176214911
13.207204623 38.176092841
13.230316602 38.184637762
13.239024285 38.20701732
13.254405144 38.202541408
13.265961134 38.205267645
13.277028842 38.210435289
13.296641472 38.214422919
13.310231967 38.219549872
13.318125847 38.220648505
13.3232528 38.217962958
13.325043165 38.211655992
13.326019727 38.204779364
13.328379754 38.200181382
13.36622155 38.17967357
13.371918165 38.172796942
13.373301629 38.14069245
13.376719597 38.131293036
13.391368035 38.103176174
13.513519727 38.110541083
13.541270379 38.094061591
13.539317254 38.076849677
13.540863477 38.067531643
13.547373894 38.056219794
13.55746504 38.049139716
13.587087436 38.03912995
13.622406446 38.015204169
13.65113366 38.000962632
13.697764519 37.993597723
13.711924675 37.987941799
13.707774285 37.985093492
13.707286004 37.984035549
13.705088738 37.98045482
13.726735873 37.980902411
13.790782097 37.973618882
13.812673373 37.977932033
13.857188347 37.996730861
13.898285352 38.004461981
13.912282748 38.012640692
13.9248153 38.021958726
13.938487175 38.028876044
14.007172071 38.038275458
14.020518425 38.049383856
14.062510613 38.030218817
14.083262566 38.023830471
14.106293165 38.021429755
14.120941602 38.022609768
14.1513778 38.028876044
14.273203972 38.015122789
14.331228061 38.018011786
14.384613477 38.029527085
14.431895379 38.049383856
14.464121941 38.037176825
14.511729363 38.044378973
14.634613477 38.081488348
14.667735222 38.099188544
14.695974155 38.12103913
14.733734571 38.157619533
14.74480228 38.161363023
14.777598504 38.159247137
14.798106316 38.16034577
14.87403405 38.17568594
14.888031446 38.182603257
14.89747155 38.185939846
14.907074415 38.18768952
14.935313347 38.185939846
14.944997592 38.181789455
14.963063998 38.163397528
14.969737175 38.159247137
14.981781446 38.158270575
15.007334832 38.151800848
15.039073113 38.153306382
15.049001498 38.151800848
15.053070509 38.14838288
15.063243035 38.135687567
15.068695509 38.131293036
15.087901238 38.128241278
15.105316602 38.133490302
15.122569207 38.141058661
15.177419467 38.15631745
15.203298373 38.183294989
15.240733269 38.241156317
15.237640821 38.248846747
15.236094597 38.251044012
15.23698978 38.253485419
15.240733269 38.26166413
15.23715254 38.264797268
15.243174675 38.264797268
15.246348504 38.254339911
15.240733269 38.230292059
15.245371941 38.217230536
15.257578972 38.210191148
15.274180535 38.207505601
15.29184004 38.20701732
15.321055535 38.21088288
15.399668816 38.232570705
15.421885613 38.244574286
15.433767123 38.253159898
15.472911004 38.267808335
15.512868686 38.297593492
15.528656446 38.302639065
15.559255405 38.300116278
15.61597741 38.280218817
15.651621941 38.275295315
15.648285352 38.266750393
15.642425977 38.262274481
14.998545769 38.37103913
14.986827019 38.364081122
14.96355228 38.381659247
14.9482528 38.396429755
14.945323113 38.412258205
14.958832227 38.432928778
14.966319207 38.432928778
14.966319207 38.418687242
14.982432488 38.412420966
14.993662957 38.403021552
15.001719597 38.391262111
15.007334832 38.377671617
14.998545769 38.37103913
14.966319207 38.453436591
14.948741082 38.450913804
14.934580925 38.458644924
14.921560092 38.46881745
14.907725457 38.473944403
14.899424675 38.481675523
14.900645379 38.498683986
14.909678582 38.515326239
14.9248153 38.522365627
14.957855665 38.522040106
14.966075066 38.516262111
14.958832227 38.501857815
14.965505405 38.497544664
14.974131707 38.490057684
14.97934004 38.487534898
14.97934004 38.481390692
14.952647332 38.481390692
14.957855665 38.469549872
14.961192254 38.46499258
14.966319207 38.46088288
14.966319207 38.453436591
14.360850457 38.53904857
14.34644616 38.53514232
14.34278405 38.547267971
14.357188347 38.551214911
14.360850457 38.53904857
14.863291863 38.549017645
14.861664259 38.53929271
14.823985222 38.551825262
14.793793165 38.571600653
14.814952019 38.583807684
14.851410352 38.584906317
14.866953972 38.581122137
14.876963738 38.569525458
14.871918165 38.565252997
14.868907097 38.560492255
14.863291863 38.549017645
14.585459832 38.557440497
14.573578321 38.556545315
14.551605665 38.561590887
14.543711785 38.574530341
14.542491082 38.586859442
14.546234571 38.587958075
14.563975457 38.584540106
14.576019727 38.576646226
14.579600457 38.566148179
14.585215691 38.560980536
14.585459832 38.557440497
13.176768425 38.693019924
13.165212436 38.691066799
13.153493686 38.694769598
13.153086785 38.702297268
13.157888217 38.709865627
13.169281446 38.717271226
13.185720248 38.717515367
13.195974155 38.711493231
13.197438998 38.708319403
13.176768425 38.693019924
15.224619988 38.776800848
15.21745853 38.773016669
15.2060653 38.775213934
15.187022332 38.78900788
15.187022332 38.792710679
15.19410241 38.798081773
15.203623894 38.801581122
15.208750847 38.805894273
15.212087436 38.810451565
15.218597852 38.811957098
15.227793816 38.810288804
15.234629754 38.807806708
15.239268425 38.804022528
15.237478061 38.795965887
15.232432488 38.78929271
15.229665561 38.783026434
15.224619988 38.776800848
8.360362175 39.118150132
8.385915561 39.105047919
8.417653842 39.106594143
8.444590691 39.102728583
8.45590254 39.073553778
8.458018425 39.068060614
8.463145379 39.065252997
8.469899936 39.065659898
8.476410352 39.069769598
8.477305535 39.070705471
8.47917728 39.072211005
8.483897332 39.069769598
8.464040561 39.056545315
8.459320509 39.049790757
8.463389519 39.042466539
8.453949415 39.028143622
8.446543816 38.994330145
8.437022332 38.967189846
8.43246504 38.962836005
8.421885613 38.960516669
8.409841342 38.961818752
8.406016472 38.966945705
8.40503991 38.974025783
8.4013778 38.981024481
8.364919467 39.029486395
8.349294467 39.062160549
8.353526238 39.083441473
8.353526238 39.090887762
8.346039259 39.090887762
8.346039259 39.0977237
8.360362175 39.118150132
8.305837436 39.104559637
8.290049675 39.098822333
8.269379102 39.100165106
8.254730665 39.107123114
8.257334832 39.118150132
8.257334832 39.124416408
8.232676629 39.144110419
8.224619988 39.157049872
8.229991082 39.172796942
8.245290561 39.180975653
8.290293816 39.188421942
8.305837436 39.193304755
8.306325717 39.160793361
8.312022332 39.120306708
8.305837436 39.104559637
13.958669467 40.711818752
13.944672071 40.701605536
13.934825066 40.705633856
13.919769727 40.704494533
13.903493686 40.700018622
13.890147332 40.694159247
13.882009311 40.699530341
13.859711134 40.707749742
13.849131707 40.715277411
13.856130405 40.734849351
13.861501498 40.744045315
13.8701278 40.748724677
13.867198113 40.752630927
13.862803582 40.762396552
13.883148634 40.762396552
13.946299675 40.745184637
13.965830925 40.735052802
13.962657097 40.728949286
13.962412957 40.723130601
13.965830925 40.715277411
13.958669467 40.711818752
13.426931186 40.790838934
13.414724155 40.785874742
13.418955925 40.795599677
13.424164259 40.800238348
13.431976759 40.801459052
13.426931186 40.790838934
8.332367384 41.10565827
8.341970248 41.09784577
8.344737175 41.086249091
8.341319207 41.07412344
8.332367384 41.064642645
8.274750196 41.057277736
8.251149936 41.043768622
8.250987175 41.016099351
8.246429884 40.993638414
8.20964603 40.995794989
8.21762129 41.005031643
8.2216903 41.014390367
8.223155144 41.023993231
8.223155144 41.033636786
8.228851759 41.041734117
8.241384311 41.052069403
8.2607528 41.064642645
8.275645379 41.069769598
8.277842644 41.081732489
8.275645379 41.095404364
8.277842644 41.10565827
8.284353061 41.106878973
8.302093946 41.105047919
8.305837436 41.109076239
8.307953321 41.113836981
8.313324415 41.118597723
8.326182488 41.126125393
8.325938347 41.118353583
8.327972852 41.112494208
8.332367384 41.10565827
9.471039259 41.189601955
9.474375847 41.184271552
9.474864129 41.179266669
9.470388217 41.17210521
9.464366082 41.172674872
9.456390821 41.180650132
9.448741082 41.185532945
9.441661004 41.183050848
9.437022332 41.185939846
9.447764519 41.205064195
9.443532748 41.211493231
9.446462436 41.220404364
9.453868035 41.233954169
9.45997155 41.24237702
9.468028191 41.241115627
9.474782748 41.236070054
9.478363477 41.228461005
9.4795028 41.224188544
9.47925866 41.216945705
9.471039259 41.189601955
9.435313347 41.217027085
9.395274285 41.210598049
9.376963738 41.213324286
9.373057488 41.221909898
9.373057488 41.229885158
9.37761478 41.233832098
9.384938998 41.236517645
9.391856316 41.240708726
9.396250847 41.247748114
9.397959832 41.256048895
9.402191602 41.257513739
9.407969597 41.258124091
9.414235873 41.262437242
9.421885613 41.260891018
9.427419467 41.25409577
9.430511915 41.24628327
9.430430535 41.237779039
9.429047071 41.229396877
9.430918816 41.224798895
9.434255405 41.220607815
9.435313347 41.217027085
9.238291863 41.248846747
9.246918165 41.247748114
9.257823113 41.249660549
9.268077019 41.236639716
9.267425977 41.201971747
9.278330925 41.195013739
9.274668816 41.199530341
9.273610873 41.205145575
9.274912957 41.212388414
9.278330925 41.221747137
9.285329623 41.221747137
9.289317254 41.208726304
9.288340691 41.205755927
9.285329623 41.201239325
9.285329623 41.195013739
9.29957116 41.196478583
9.305430535 41.197943427
9.312510613 41.201239325
9.316579623 41.196478583
9.333018425 41.18756745
9.335215691 41.211655992
9.352061394 41.20726146
9.388194207 41.180731512
9.388194207 41.18756745
9.396657748 41.183905341
9.404063347 41.181708075
9.412282748 41.180731512
9.422373894 41.180731512
9.422373894 41.174505927
9.4170028 41.171454169
9.414317254 41.16819896
9.412119988 41.164536851
9.408702019 41.16030508
9.420176629 41.15643952
9.426605665 41.149237372
9.432790561 41.14077383
9.442881707 41.13296133
9.437022332 41.125433661
9.436778191 41.115383205
9.442881707 41.091986395
9.454112175 41.111965236
9.460459832 41.120510158
9.470062696 41.126125393
9.466807488 41.130682684
9.465098504 41.134426174
9.462412957 41.137600002
9.456553582 41.140366929
9.469086134 41.146185614
9.481455925 41.145575262
9.494395379 41.142320054
9.508067254 41.140366929
9.513926629 41.143500067
9.51840254 41.14866771
9.523936394 41.149725653
9.532237175 41.140366929
9.524750196 41.13296133
9.534353061 41.128119208
9.540782097 41.122870184
9.546153191 41.120917059
9.552744988 41.126125393
9.559580925 41.126125393
9.56120853 41.121812242
9.561778191 41.12107982
9.562998894 41.12124258
9.566416863 41.119330145
9.56511478 41.107123114
9.562266472 41.097113348
9.556407097 41.087836005
9.54590905 41.077704169
9.543793165 41.082505601
9.540782097 41.087347723
9.539073113 41.091986395
9.521250847 41.031683661
9.511892123 41.016262111
9.532237175 41.016262111
9.524750196 41.030503648
9.543142123 41.036932684
9.554209832 41.034613348
9.5576278 41.025051174
9.552744988 41.009466864
9.557790561 41.009426174
9.558604363 41.011053778
9.558278842 41.013617255
9.559580925 41.016262111
9.565684441 41.010931708
9.568614129 41.009507554
9.5732528 41.009466864
9.588145379 41.020697333
9.615733269 41.0195987
9.644297722 41.01166413
9.662608269 41.002630927
9.65121504 40.991115627
9.635996941 40.99237702
9.619639519 40.998765367
9.60425866 41.002630927
9.587575717 40.995794989
9.582530144 40.979925848
9.578868035 40.961981512
9.566416863 40.948635158
9.571136915 40.934881903
9.55746504 40.931219794
9.511892123 40.934312242
9.511241082 40.929388739
9.512543165 40.927964585
9.504242384 40.926906643
9.511973504 40.915187893
9.520030144 40.915025132
9.528981967 40.919256903
9.539073113 40.920640367
9.549327019 40.917222398
9.567230665 40.908392645
9.5732528 40.90639883
9.59278405 40.909898179
9.607676629 40.91787344
9.622569207 40.923773505
9.642100457 40.920640367
9.637217644 40.911566473
9.63152103 40.904852606
9.62387129 40.900702216
9.614105665 40.899603583
9.614105665 40.893377997
9.650075717 40.879461981
9.655772332 40.876044012
9.657725457 40.863959052
9.663259311 40.858221747
9.671722852 40.858710028
9.683116082 40.865423895
9.689789259 40.855861721
9.699392123 40.850043036
9.710948113 40.846869208
9.723968946 40.844916083
9.691091342 40.836249091
9.681000196 40.829779364
9.689789259 40.817043361
9.689789259 40.810777085
9.67448978 40.813910223
9.661794467 40.809027411
9.657888217 40.799872137
9.668793165 40.790350653
9.669769727 40.801459052
9.675791863 40.788641669
9.703949415 40.759426174
9.710297071 40.745591539
9.714203321 40.727240302
9.744476759 40.680487372
9.748301629 40.667222398
9.753184441 40.605292059
9.75652103 40.595160223
9.761566602 40.587347723
9.768077019 40.584295966
9.781911655 40.58197663
9.785817905 40.575873114
9.786875847 40.567124742
9.792246941 40.556952216
9.820567254 40.536363023
9.826426629 40.529608466
9.826670769 40.5195987
9.81519616 40.502508856
9.812185092 40.49237702
9.808767123 40.470770575
9.800303582 40.455511786
9.778086785 40.427232164
9.761729363 40.39069245
9.749359571 40.377264716
9.727386915 40.372015692
9.712412957 40.366400458
9.700856967 40.352972723
9.683116082 40.32420482
9.670176629 40.31268952
9.645518425 40.296087958
9.634613477 40.282619533
9.626149936 40.263088283
9.624847852 40.247748114
9.629079623 40.205552476
9.631114129 40.196193752
9.654633009 40.1445987
9.665049675 40.131577867
9.679698113 40.126166083
9.687836134 40.120672919
9.710215691 40.096340236
9.732269727 40.083929755
9.730316602 40.068548895
9.693369988 39.992905992
9.687266472 39.96116771
9.696625196 39.93378327
9.702484571 39.937201239
9.70972741 39.940334377
9.715668165 39.940130927
9.71778405 39.93378327
9.714528842 39.924505927
9.708181186 39.922186591
9.701426629 39.92206452
9.696625196 39.919501044
9.689463738 39.906561591
9.684336785 39.894232489
9.683848504 39.882513739
9.689789259 39.871730861
9.683116082 39.871730861
9.683116082 39.865545966
9.687754754 39.86351146
9.691905144 39.860052802
9.696625196 39.858058986
9.696625196 39.851874091
9.684255405 39.8399112
9.675547722 39.818915106
9.670258009 39.793768622
9.668793165 39.769273179
9.669932488 39.756577867
9.675059441 39.732082424
9.676280144 39.718085028
9.674082879 39.707993882
9.664805535 39.69139232
9.662608269 39.676825262
9.660411004 39.670721747
9.655772332 39.662909247
9.65113366 39.65249258
9.648936394 39.638983466
9.655772332 39.594549872
9.653005405 39.566839911
9.628428582 39.501776434
9.644867384 39.483954169
9.639008009 39.452460028
9.614105665 39.399359442
9.602061394 39.35565827
9.60043379 39.341009833
9.603526238 39.326239325
9.611582879 39.31655508
9.634613477 39.303168036
9.634613477 39.29694245
9.607269727 39.28900788
9.581879102 39.266302802
9.567556186 39.238104559
9.5732528 39.213812567
9.565603061 39.205064195
9.568858269 39.1992862
9.576019727 39.193915106
9.579925977 39.187079169
9.577891472 39.179388739
9.568532748 39.159369208
9.566416863 39.149237372
9.557790561 39.139715887
9.539561394 39.134019273
9.522715691 39.12490469
9.5185653 39.104559637
9.5107528 39.107977606
9.507090691 39.111395575
9.507578972 39.116359768
9.511892123 39.124416408
9.496348504 39.133612372
9.480723504 39.135565497
9.465342644 39.131903387
9.450368686 39.124416408
9.442881707 39.124416408
9.437998894 39.133368231
9.428965691 39.138617255
9.408702019 39.146144924
9.383474155 39.169256903
9.37769616 39.172796942
9.367930535 39.177150783
9.345062696 39.196437893
9.336680535 39.200751044
9.326182488 39.202785549
9.312266472 39.207912502
9.29957116 39.214504299
9.292165561 39.221258856
9.285329623 39.213812567
9.271250847 39.220526434
9.252452019 39.225165106
9.216319207 39.228013414
9.197438998 39.221136786
9.180918816 39.20718008
9.169688347 39.193345445
9.166026238 39.187079169
9.136892123 39.194322007
9.113536004 39.211493231
9.07300866 39.248521226
9.063731316 39.243068752
9.055511915 39.247544664
9.047536655 39.256008205
9.038747592 39.262193101
9.024424675 39.264837958
9.013926629 39.263902085
9.012543165 39.260565497
9.025726759 39.256008205
9.025726759 39.248521226
9.021006707 39.240423895
9.026866082 39.235744533
9.035166863 39.232163804
9.03785241 39.227118231
9.038747592 39.228013414
9.050059441 39.225653387
9.074961785 39.229885158
9.079844597 39.224595445
9.079844597 39.216538804
9.078949415 39.212347723
9.038584832 39.179022528
9.02621504 39.165228583
9.01832116 39.146144924
9.015961134 39.123846747
9.018728061 39.103949286
9.024587436 39.08612702
9.031993035 39.069769598
9.03777103 39.063666083
9.043793165 39.058417059
9.044932488 39.051255601
9.029307488 39.030259507
9.01832116 38.995306708
9.025726759 38.995306708
9.015147332 38.989650783
9.012054884 38.990668036
9.004649285 38.995306708
8.996348504 38.982814846
8.894704623 38.90228913
8.887950066 38.899847723
8.877452019 38.899074611
8.872406446 38.896063544
8.861338738 38.882066148
8.853282097 38.877997137
8.841481967 38.880560614
8.827891472 38.888820705
8.805430535 38.905951239
8.805430535 38.885443427
8.791026238 38.904445705
8.766612175 38.920396226
8.739512566 38.930650132
8.716563347 38.932603257
8.694590691 38.925238348
8.668793165 38.910589911
8.651621941 38.891546942
8.65512129 38.8711612
8.640961134 38.864325262
8.634776238 38.8711612
8.642832879 38.889960028
8.633148634 38.895575262
8.615570509 38.895941473
8.599864129 38.899074611
8.599864129 38.905951239
8.615000847 38.923000393
8.615489129 38.947577216
8.603282097 38.9649112
8.580088738 38.960516669
8.572276238 39.013617255
8.559580925 39.056708075
8.552093946 39.056708075
8.544281446 39.051255601
8.520843946 39.060858466
8.504405144 39.062933661
8.509043816 39.067938544
8.518077019 39.083441473
8.504405144 39.090887762
8.482758009 39.080389716
8.482106967 39.084173895
8.477549675 39.090480861
8.473317905 39.107367255
8.465098504 39.119452216
8.454274936 39.12490469
8.442230665 39.118150132
8.437998894 39.128485419
8.438649936 39.153143622
8.435394727 39.165961005
8.42839603 39.173163153
8.418793165 39.177313544
8.412608269 39.17572663
8.415700717 39.165961005
8.409515821 39.169338283
8.40503991 39.174383856
8.402354363 39.181341864
8.4013778 39.190171617
8.398692254 39.201157945
8.392588738 39.204046942
8.38550866 39.204413153
8.380137566 39.207586981
8.372813347 39.222072658
8.371755405 39.23061758
8.376719597 39.237860419
8.426442905 39.283270575
8.432139519 39.301825262
8.415700717 39.323675848
8.417246941 39.339016018
8.382090691 39.359686591
8.37403405 39.37885163
8.378184441 39.387925523
8.395681186 39.404242255
8.4013778 39.412420966
8.40503991 39.427191473
8.403819207 39.435858466
8.38949629 39.462347723
8.385996941 39.465521552
8.386892123 39.469794012
8.394541863 39.481350002
8.421885613 39.508612372
8.435313347 39.525213934
8.451670769 39.558294989
8.463389519 39.576849677
8.45590254 39.584377346
8.4638778 39.59788646
8.462168816 39.61713288
8.449717644 39.658840236
8.446787957 39.704087632
8.442230665 39.714667059
8.442230665 39.721502997
8.446462436 39.730861721
8.44402103 39.757025458
8.446055535 39.762518622
8.45972741 39.760484117
8.468597852 39.754950262
8.499766472 39.716213283
8.516937696 39.702134507
8.538259311 39.696030992
8.565765821 39.701076565
8.51449629 39.713690497
8.504405144 39.721502997
8.50684655 39.73847077
8.519867384 39.755438544
8.535492384 39.770819403
8.545258009 39.782945054
8.538584832 39.782945054
8.535166863 39.776068427
8.530528191 39.770412502
8.524912957 39.76581452
8.518077019 39.762518622
8.529795769 39.772528387
8.540782097 39.78925202
8.548838738 39.807196356
8.552093946 39.820786851
8.555186394 39.852687893
8.55355879 39.863959052
8.545258009 39.878566799
8.523448113 39.898871161
8.494151238 39.912420966
8.463063998 39.91412995
8.435394727 39.898993231
8.442230665 39.892808335
8.445567254 39.898098049
8.449961785 39.899115302
8.45582116 39.89850495
8.463389519 39.898993231
8.45183353 39.892889716
8.444672071 39.883612372
8.435394727 39.858058986
8.42872155 39.865545966
8.437510613 39.876776434
8.431000196 39.885199286
8.418304884 39.892279364
8.403575066 39.902899481
8.400726759 39.903509833
8.398285352 39.905340887
8.394541863 39.912665106
8.3935653 39.920477606
8.396332227 39.926947333
8.399912957 39.933172919
8.4013778 39.940008856
8.3935653 39.976874091
8.394541863 39.98843008
8.406504754 40.009833075
8.407074415 40.022202867
8.394541863 40.036200262
8.380137566 40.030096747
8.377207879 40.033758856
8.384532097 40.041937567
8.4013778 40.049872137
8.404470248 40.049505927
8.434825066 40.05101146
8.452403191 40.056097723
8.45972741 40.057318427
8.468597852 40.062160549
8.479014519 40.07416413
8.4873153 40.089544989
8.490000847 40.104478257
8.485118035 40.118109442
8.467295769 40.14472077
8.463389519 40.163153387
8.45964603 40.216009833
8.476410352 40.262152411
8.476084832 40.292141018
8.462901238 40.314520575
8.441254102 40.331447658
8.415700717 40.345282294
8.408213738 40.337836005
8.385996941 40.35179271
8.383555535 40.371771552
8.394541863 40.423814195
8.390472852 40.442328192
8.379893425 40.46869538
8.365570509 40.49213288
8.349864129 40.502346096
8.331716342 40.510687567
8.323903842 40.530829169
8.319590691 40.555609442
8.312022332 40.57807038
8.291514519 40.595363674
8.267344597 40.594061591
8.216319207 40.570624091
8.195974155 40.57807038
8.205332879 40.59780508
8.216319207 40.612209377
8.193369988 40.617499091
8.176605665 40.606594143
8.166188998 40.586411851
8.161794467 40.563788153
8.153086785 40.577785549
8.14730879 40.593207098
8.140635613 40.619045315
8.140635613 40.62518952
8.157725457 40.632269598
8.173838738 40.641587632
8.185313347 40.656561591
8.188487175 40.680487372
8.191091342 40.680405992
8.195567254 40.685288804
8.197438998 40.691229559
8.192149285 40.694159247
8.178965691 40.694769598
8.173838738 40.696966864
8.167979363 40.701605536
8.153330925 40.719712632
8.145843946 40.726019598
8.133799675 40.728908596
8.20964603 40.865423895
8.215342644 40.881415106
8.216319207 40.899603583
8.20972741 40.914455471
8.192149285 40.920640367
8.178884311 40.928168036
8.18230228 40.94529857
8.193044467 40.963771877
8.20215905 40.975287177
8.20964603 40.975287177
8.212575717 40.963446356
8.219981316 40.962307033
8.229014519 40.962551174
8.236175977 40.954779364
8.235524936 40.946478583
8.231618686 40.934515692
8.22925866 40.921576239
8.23316491 40.91010163
8.277842644 40.865423895
8.310231967 40.850653387
8.421885613 40.838771877
8.477875196 40.826157945
8.500987175 40.82444896
8.520518425 40.826971747
8.598399285 40.852972723
8.618337436 40.866156317
8.634287957 40.881577867
8.640961134 40.896470445
8.709157748 40.920640367
8.733897332 40.921291408
8.751231316 40.919134833
8.76441491 40.913804429
8.822520379 40.947333075
8.839610222 40.961615302
8.875336134 41.008124091
8.887950066 41.016262111
8.885915561 41.020086981
8.885915561 41.021226304
8.885264519 41.021795966
8.881114129 41.02366771
8.91309655 41.032660223
8.922699415 41.036769924
8.929453972 41.043646552
8.94011478 41.061183986
8.946299675 41.064642645
8.958750847 41.070013739
8.975759311 41.082668361
8.990733269 41.097357489
9.005544467 41.121893622
9.024750196 41.12885163
9.093028191 41.135199286
9.107758009 41.139471747
9.13559004 41.16030508
9.141856316 41.152777411
9.157562696 41.168890692
9.163422071 41.184149481
9.16285241 41.225409247
9.171071811 41.242905992
9.189952019 41.251125393
9.212412957 41.255804755
9.230642123 41.262640692
9.232676629 41.253566799
9.238291863 41.248846747
10.315928582 42.340765692
10.313243035 42.323919989
10.294444207 42.32802969
10.297048373 42.344875393
10.306407097 42.35154857
10.315928582 42.340765692
10.939764452 42.33065971
10.923330955 42.318728032
10.90894616 42.325262762
10.871701651 42.354052112
10.861827019 42.366278387
10.876368251 42.374439364
10.875824415 42.3867862
10.882985873 42.392157294
10.895843946 42.38670482
10.913460071 42.375241351
10.92730742 42.353301333
10.929557895 42.340560131
10.939764452 42.33065971
10.095388217 42.576971747
10.085785352 42.572455145
10.071787957 42.572739976
10.058604363 42.575995184
10.050303582 42.58193594
10.052582227 42.589016018
10.062754754 42.592027085
10.072601759 42.600409247
10.079437696 42.613918361
10.084320509 42.614691473
10.087657097 42.603989976
10.091644727 42.595770575
10.096039259 42.590725002
10.097911004 42.587958075
10.097911004 42.583889065
10.095388217 42.576971747
10.430674675 42.816148179
10.436696811 42.804429429
10.430023634 42.787583726
10.420258009 42.776434637
10.406911655 42.768988348
10.388845248 42.763495184
10.407969597 42.757269598
10.425140821 42.740790106
10.430674675 42.722113348
10.415537957 42.708889065
10.410980665 42.717962958
10.403330925 42.71889883
10.39323978 42.718207098
10.381358269 42.72256094
10.377289259 42.727972723
10.367198113 42.74599844
10.364268425 42.749823309
10.351247592 42.755682684
10.337901238 42.764837958
10.325043165 42.764837958
10.313731316 42.742987372
10.304535352 42.759751695
10.265391472 42.744574286
10.245371941 42.757269598
10.240000847 42.741888739
10.235199415 42.735907294
10.229665561 42.735419012
10.14722741 42.737290757
10.124847852 42.743109442
10.106781446 42.757391669
10.101410352 42.784002997
10.111664259 42.801255601
10.132985873 42.811916408
10.158213738 42.817287502
10.179535352 42.818752346
10.189952019 42.816880601
10.212168816 42.807847398
10.224375847 42.804429429
10.242198113 42.803168036
10.265879754 42.804429429
10.264903191 42.809393622
10.26433353 42.810451565
10.262705925 42.810248114
10.259043816 42.811916408
10.27214603 42.818752346
10.27214603 42.826239325
10.27214603 42.827337958
10.289317254 42.825628973
10.32683353 42.826239325
10.322113477 42.811712958
10.332774285 42.805975653
10.347341342 42.805853583
10.354665561 42.808172919
10.35808353 42.817531643
10.36597741 42.822943427
10.374766472 42.827093817
10.381358269 42.832424221
10.392100457 42.857977606
10.399912957 42.868841864
10.412364129 42.873358466
10.422048373 42.870835679
10.431000196 42.864447333
10.438487175 42.85545482
10.443369988 42.845445054
10.436045769 42.838120835
10.431162957 42.827866929
10.430674675 42.816148179
9.822953622 43.00845909
9.801498481 43.007805218
9.784594848 43.028441834
9.806944043 43.066407718
9.825776759 43.074629708
9.840098504 43.065171617
9.841807488 43.063421942
9.843923373 43.060695705
9.847504102 43.05857982
9.854810932 43.044274697
9.842127292 43.024955918
9.822953622 43.00845909
12.407481316 45.430650132
12.430918816 45.415676174
12.418223504 45.420355536
12.404795769 45.422267971
12.376231316 45.422552802
12.321462436 45.348008531
12.319997592 45.354152736
12.327891472 45.372259833
12.352061394 45.405462958
12.371836785 45.424872137
12.389170769 45.43353913
12.407481316 45.430650132
12.352224155 45.433986721
12.337250196 45.427394924
12.320648634 45.42983633
12.316579623 45.443060614
12.329844597 45.458807684
12.347178582 45.458807684
12.363780144 45.449652411
12.36207116 45.438137111
12.352224155 45.433986721
12.122133015 46.971655986
12.128230835 46.948582459
12.134742065 46.937446188
12.141666708 46.9279894
12.141563355 46.918842672
12.126887247 46.90886912
12.13742924 46.905923564
12.160993693 46.903029684
12.172155802 46.899179789
12.183524617 46.891221619
12.189002319 46.884942932
12.195100138 46.880085348
12.208742716 46.876623027
12.250807332 46.875615337
12.26662032 46.868148092
12.275818726 46.846288961
12.276128784 46.83398997
12.273338257 46.82675527
12.269617554 46.819830628
12.26693038 46.808255107
12.266723673 46.795335999
12.269100789 46.788566387
12.274785197 46.784638977
12.284397013 46.779988099
12.305274292 46.77445872
12.326048218 46.772495016
12.342688029 46.765131124
12.351473023 46.743246155
12.370386596 46.71115509
12.405009806 46.690122783
12.445627482 46.678702292
12.46963219 46.675798865
12.499887736 46.672139385
12.530790242 46.657669984
12.547326701 46.652192281
12.562002807 46.651210429
12.620190471 46.656481425
12.669593139 46.653019105
12.67136765 46.652465763
12.679204956 46.650021871
12.697395061 46.640539246
12.706593465 46.637748719
12.715998576 46.637955424
12.73201827 46.642270407
12.739873088 46.642993876
12.748499504 46.640996041
12.773566122 46.635190735
12.830410197 46.60963674
13.064504435 46.59803538
13.146463257 46.584961243
13.210025269 46.558011983
13.231109253 46.552172547
13.27141687 46.550777283
13.373322794 46.565789286
13.417041056 46.560492452
13.478019246 46.5635672
13.484943889 46.561732686
13.49910323 46.550622254
13.506751343 46.546927389
13.54922937 46.545842184
13.670255574 46.518712057
13.685345093 46.517626851
13.700951375 46.519745586
13.701054728 46.511890768
13.699194376 46.504836935
13.695473673 46.498635762
13.689892619 46.493338928
13.688445678 46.467759095
13.685852877 46.464047231
13.677490275 46.452075297
13.658783407 46.445124817
13.634082072 46.445719097
13.600182332 46.442644349
13.575687703 46.426676331
13.554397013 46.405954081
13.530005737 46.388332418
13.483703654 46.371150004
13.45972579 46.359031881
13.447323445 46.35484609
13.434094279 46.353864238
13.423242229 46.3448467
13.409806355 46.323607687
13.395637648 46.306727928
13.391306193 46.301567688
13.365261271 46.290302226
13.373012736 46.280276998
13.37859379 46.268391419
13.38469161 46.243328349
13.384794963 46.243224996
13.384898316 46.243121644
13.398127482 46.230512594
13.40164148 46.21666331
13.410116415 46.20798167
13.43740157 46.210927226
13.422828816 46.228600566
13.438331746 46.224879863
13.468304077 46.223432923
13.482256713 46.217903545
13.510161988 46.213976136
13.528972208 46.204829407
13.559047892 46.184107158
13.584472697 46.181316631
13.613928264 46.183538717
13.627366324 46.181733163
13.637389363 46.180386455
13.641071451 46.171405145
13.645037475 46.161731263
13.616408732 46.125040995
13.522585297 46.075298023
13.505097697 46.06602651
13.482256713 46.044839173
13.490318237 46.038948059
13.492798706 46.032488505
13.490008179 46.025563863
13.482256713 46.018432515
13.47708907 46.0160554
13.461792846 46.006391907
13.474815307 45.995746562
13.479466186 45.993111064
13.480396362 45.992284241
13.481223186 45.991354065
13.481843302 45.990372213
13.482256713 45.989235332
13.509438517 45.967427877
13.539410848 45.969029847
13.571656942 45.979830221
13.600734872 45.984574053
13.60586674 45.985411276
13.62281661 45.966394349
13.615325176 45.945912448
13.608243856 45.926551819
13.599306242 45.912327499
13.569279826 45.864540101
13.565972534 45.830330303
13.574172202 45.819028057
13.581268758 45.809246318
13.609174032 45.798600973
13.643590535 45.795655416
13.660333699 45.792038066
13.699908416 45.770523736
13.709477986 45.765321351
13.778724406 45.743410543
13.858409465 45.649359436
13.869158163 45.641142884
13.884144327 45.635148417
13.893136027 45.634683329
13.89364053 45.633758406
13.89468632 45.631841125
13.887038208 45.618766988
13.867925706 45.602169289
13.847764119 45.584660543
13.80053186 45.581249899
13.761051066 45.596236064
13.711761915 45.593207098
13.718760613 45.600653387
13.730153842 45.613104559
13.757009311 45.613674221
13.786875847 45.611151434
13.808116082 45.614325262
13.79558353 45.617010809
13.786468946 45.624335028
13.777110222 45.635443427
13.739268425 45.649115302
13.757660352 45.654974677
13.753672722 45.672308661
13.739105665 45.69159577
13.726247592 45.703762111
13.64730879 45.762030341
13.628916863 45.772609768
13.574229363 45.789618231
13.551280144 45.792425848
13.534434441 45.782049872
13.524180535 45.760077216
13.528330925 45.740545966
13.554942254 45.737209377
13.51840254 45.724839585
13.513356967 45.720770575
13.507823113 45.714422919
13.480235222 45.710679429
13.469248894 45.706854559
13.451670769 45.693793036
13.427989129 45.681138414
13.401703321 45.675441799
13.376719597 45.683172919
13.390961134 45.685777085
13.4091903 45.69131094
13.4248153 45.698553778
13.431407097 45.706854559
13.422618035 45.724066473
13.38168379 45.730047919
13.369395379 45.744614976
13.351817254 45.740301825
13.254893425 45.756048895
13.245860222 45.758937893
13.221853061 45.776068427
13.215505405 45.778794664
13.204925977 45.777736721
13.169444207 45.768744208
13.157725457 45.754584052
13.149668816 45.751532294
13.139821811 45.754868882
13.131358269 45.768866278
13.119313998 45.771958726
13.110850457 45.767645575
13.10816491 45.758205471
13.111827019 45.748846747
13.122894727 45.744614976
13.122894727 45.737209377
13.10059655 45.736232815
13.080577019 45.727606512
13.069590691 45.713690497
13.075043165 45.696844794
13.091481967 45.689195054
13.111664259 45.69135163
13.149668816 45.703762111
13.138031446 45.689398505
13.103037957 45.669012762
13.095632358 45.65232982
13.095550977 45.652167059
13.08497155 45.641913153
13.060557488 45.63666413
12.981700066 45.634833075
12.943858269 45.628566799
12.780772332 45.553534247
12.611664259 45.4961612
12.512705925 45.470445054
12.495941602 45.460394598
12.487803582 45.456732489
12.451426629 45.450425523
12.423675977 45.438055731
12.410329623 45.436224677
12.418223504 45.451117255
12.429209832 45.464016018
12.435801629 45.474920966
12.430918816 45.484035549
12.440603061 45.482977606
12.447276238 45.48432038
12.451019727 45.488999742
12.451426629 45.498236395
12.458181186 45.498236395
12.462901238 45.489732164
12.466970248 45.485581773
12.471934441 45.485907294
12.478688998 45.490790106
12.465017123 45.504461981
12.476328972 45.503566799
12.48715254 45.50409577
12.497325066 45.506740627
12.499196811 45.504461981
12.499847852 45.505845445
12.503184441 45.502875067
12.506195509 45.499090887
12.50660241 45.498236395
12.503184441 45.497870184
12.492930535 45.498236395
12.492930535 45.490790106
12.515147332 45.492743231
12.520518425 45.505031643
12.521494988 45.518988348
12.530446811 45.525580145
12.548106316 45.527004299
12.562510613 45.531642971
12.573578321 45.540025132
12.581716342 45.552883205
12.569672071 45.549383856
12.544200066 45.536566473
12.537282748 45.535834052
12.51832116 45.549953518
12.51050866 45.559068101
12.50660241 45.573309637
12.485199415 45.565008856
12.458506707 45.548325914
12.441905144 45.530340887
12.451426629 45.518133856
12.451426629 45.51190827
12.434906446 45.512355861
12.417735222 45.52358633
12.410329623 45.518133856
12.403575066 45.518133856
12.396739129 45.53925202
12.384125196 45.523016669
12.390391472 45.513983466
12.424001498 45.504461981
12.424001498 45.498236395
12.411631707 45.493312893
12.39340254 45.491644598
12.380544467 45.494777736
12.383067254 45.504461981
12.35043379 45.504868882
12.309580925 45.488918361
12.272715691 45.463609117
12.25269616 45.436224677
12.25269616 45.429999091
12.258962436 45.429999091
12.250010613 45.420721747
12.246104363 45.411322333
12.248545769 45.40253327
12.258962436 45.395209052
12.249196811 45.385484117
12.247406446 45.378241278
12.248057488 45.37099844
12.245290561 45.361070054
12.237803582 45.357733466
12.228282097 45.357489325
12.223806186 45.353949286
12.232188347 45.340562242
12.220876498 45.327053127
12.216319207 45.316229559
12.208750847 45.309068101
12.187510613 45.306463934
12.174327019 45.310532945
12.16293379 45.316229559
12.154470248 45.313462632
12.149099155 45.292181708
12.159841342 45.283107815
12.168793165 45.262152411
12.180674675 45.25804271
12.191661004 45.262884833
12.199392123 45.274603583
12.20191491 45.288316148
12.197438998 45.299627997
12.217295769 45.293850002
12.22144616 45.283270575
12.220550977 45.268784898
12.224864129 45.251166083
12.2138778 45.248114325
12.211110873 45.242987372
12.215179884 45.236802476
12.224864129 45.23069896
12.22136478 45.216253973
12.230479363 45.204250393
12.247325066 45.196926174
12.266368035 45.196600653
12.263519727 45.200344143
12.262543165 45.200751044
12.258962436 45.202826239
12.273692254 45.21084219
12.296071811 45.22662995
12.30730228 45.23069896
12.298024936 45.215399481
12.303965691 45.200751044
12.31511478 45.186468817
12.321055535 45.172349351
12.321950717 45.138739325
12.328461134 45.101019598
12.318369988 45.103461005
12.30730228 45.107855536
12.308441602 45.114447333
12.30730228 45.124172268
12.30730228 45.128363348
12.297373894 45.106350002
12.296722852 45.088568427
12.306651238 45.078558661
12.328461134 45.079901434
12.325205925 45.083685614
12.323578321 45.086737372
12.321055535 45.093573309
12.340830925 45.081447658
12.353037957 45.066961981
12.363291863 45.052191473
12.376231316 45.03896719
12.376231316 45.032171942
12.368337436 45.03115469
12.364105665 45.029364325
12.360850457 45.027085679
12.355153842 45.024644273
12.368825717 45.010972398
12.383555535 45.026434637
12.386566602 45.038763739
12.380625847 45.05093008
12.368825717 45.065619208
12.383311394 45.056341864
12.4013778 45.049872137
12.413422071 45.04287344
12.410329623 45.032171942
12.426280144 45.020005601
12.434092644 45.01552969
12.444590691 45.010972398
12.464691602 44.992010809
12.486175977 44.97650788
12.499196811 44.983710028
12.495860222 44.983954169
12.489105665 44.983303127
12.486094597 44.983710028
12.486094597 44.991156317
12.50261478 44.991441148
12.516774936 44.987616278
12.527598504 44.980169989
12.53386478 44.970038153
12.532969597 44.96084219
12.523122592 44.950018622
12.527028842 44.943345445
12.518809441 44.93378327
12.515391472 44.928371486
12.512705925 44.922308661
12.50660241 44.922308661
12.49903405 44.921454169
12.49488366 44.910467841
12.492930535 44.878159898
12.4873153 44.862250067
12.474131707 44.845770575
12.444590691 44.82050202
12.443125847 44.825018622
12.438731316 44.834906317
12.432139519 44.846014716
12.424001498 44.854641018
12.439219597 44.877590236
12.443044467 44.890082098
12.438324415 44.901109117
12.426931186 44.904974677
12.415537957 44.899847723
12.406911655 44.891302802
12.403575066 44.884711005
12.392100457 44.868394273
12.391612175 44.858832098
12.416514519 44.851141669
12.415863477 44.843573309
12.408213738 44.836249091
12.396739129 44.833482164
12.396739129 44.826646226
12.403819207 44.825425523
12.416270379 44.821437893
12.424001498 44.82050202
12.416188998 44.803290106
12.397959832 44.793768622
12.375661655 44.792222398
12.357432488 44.804144598
12.346853061 44.815334377
12.321055535 44.833482164
12.302989129 44.842922268
12.292328321 44.843247789
12.266368035 44.826646226
12.266368035 44.82050202
12.28003991 44.82050202
12.253591342 44.751288153
12.246592644 44.711615302
12.25269616 44.668402411
12.265879754 44.636175848
12.274912957 44.620510158
12.283457879 44.613755601
12.285817905 44.602687893
12.28003991 44.531887111
12.283702019 44.487616278
12.314219597 44.387193101
12.318207227 44.361151434
12.321055535 44.353705145
12.325450066 44.34780508
12.339203321 44.334295966
12.342133009 44.329494533
12.344248894 44.308294989
12.35027103 44.288153387
12.368825717 44.250677802
12.389984571 44.2227237
12.417165561 44.19546133
12.458018425 44.166408596
12.478770379 44.139349677
12.510915561 44.114569403
12.547373894 44.093451239
12.574229363 44.085598049
12.631358269 44.030096747
12.660899285 44.008286851
12.691579623 43.990627346
12.710297071 43.982896226
12.753835483 43.972398179
12.756114129 43.971869208
12.803965691 43.966864325
12.82300866 43.958563544
12.86215254 43.935370184
12.928884311 43.915838934
12.938649936 43.904608466
12.947276238 43.897609768
13.253265821 43.70319245
13.3701278 43.650458075
13.389821811 43.6445987
13.399668816 43.635646877
13.446625196 43.623724677
13.473399285 43.612005927
13.48316491 43.616278387
13.490733269 43.623602606
13.496267123 43.627508856
13.49903405 43.628485419
13.501231316 43.630601304
13.504405144 43.63275788
13.510264519 43.633734442
13.516123894 43.631740627
13.519053582 43.627183335
13.521006707 43.622707424
13.524180535 43.620672919
13.543223504 43.61322663
13.557790561 43.596747137
13.56918379 43.580308335
13.578868035 43.572902736
13.597911004 43.569525458
13.615570509 43.560492255
13.624522332 43.547186591
13.616953972 43.53131745
13.760264519 43.263739325
13.77605228 43.243597723
13.78028405 43.236517645
13.786631707 43.200588283
13.790782097 43.192084052
13.802744988 43.178208726
13.83480879 43.127264716
13.848643425 43.091742255
13.865407748 43.007310289
13.905528191 42.901556708
13.944672071 42.798285223
13.980479363 42.73037344
14.001231316 42.698431708
14.063243035 42.624823309
14.068858269 42.60956452
14.075368686 42.598822333
14.220550977 42.470160223
14.2841903 42.428290106
14.356211785 42.392971096
14.387380405 42.372951565
14.429047071 42.321722723
14.560231967 42.225653387
14.595876498 42.208563544
14.653493686 42.191066799
14.693695509 42.185370184
14.709239129 42.175482489
14.717051629 42.16006094
14.722829623 42.118801174
14.7295028 42.099107164
14.740733269 42.084621486
14.757497592 42.078843492
14.763356967 42.077948309
14.78012129 42.075262762
14.7998153 42.06635163
14.835459832 42.044134833
14.871104363 42.031805731
14.95199629 42.021063544
14.993662957 42.010646877
15.007334832 42.001369533
15.034515821 41.974595445
15.045176629 41.96898021
15.063161655 41.964300848
15.10434004 41.941880601
15.123383009 41.934271552
15.1435653 41.931179104
15.165375196 41.927801825
15.281748894 41.928045966
15.400563998 41.907782294
15.446055535 41.906927802
15.611338738 41.928045966
15.774424675 41.921210028
16.027110222 41.944077867
16.110850457 41.928045966
16.11198978 41.926336981
16.140472852 41.919907945
16.160899285 41.892645575
16.179209832 41.893296617
16.176036004 41.877386786
16.183604363 41.858465887
16.192230665 41.821356512
16.193044467 41.808417059
16.192881707 41.790920315
16.184336785 41.779608466
16.16667728 41.763413804
16.145762566 41.748846747
16.12761478 41.742499091
16.107188347 41.737616278
16.089691602 41.726019598
16.063161655 41.701483466
16.027517123 41.67991771
15.925303582 41.640041408
15.900075717 41.614650783
15.891368035 41.576849677
15.896332227 41.536444403
15.911794467 41.502875067
15.933604363 41.479437567
15.961110873 41.459458726
16.021657748 41.427801825
16.085134311 41.412665106
16.10035241 41.403550523
16.114105665 41.392889716
16.301442905 41.327866929
16.460297071 41.262640692
16.520681186 41.25014883
16.538584832 41.239406643
16.554372592 41.227484442
16.593923373 41.20697663
16.830577019 41.146307684
16.851410352 41.13296133
16.85816491 41.13296133
16.85816491 41.140366929
16.864431186 41.140366929
16.885264519 41.123968817
17.057139519 41.081854559
17.203135613 41.020982164
17.2763778 40.980210679
17.310069207 40.954779364
17.347911004 40.912095445
17.361175977 40.90639883
17.37769616 40.90228913
17.413584832 40.881089585
17.476084832 40.830145575
17.491953972 40.82444896
17.512217644 40.82029857
17.548350457 40.801947333
17.634532097 40.784979559
17.645274285 40.779771226
17.748383009 40.747626044
17.843923373 40.694159247
17.921885613 40.683010158
17.95582116 40.670477606
17.954925977 40.646918036
17.966319207 40.646795966
17.991953972 40.653143622
18.007009311 40.650702216
18.011078321 40.644191799
18.011485222 40.635239976
18.015798373 40.62518952
18.039235873 40.608221747
18.043223504 40.601996161
18.037445509 40.556952216
18.11996504 40.504584052
18.211680535 40.46474844
18.231455925 40.461371161
18.238291863 40.457668361
18.258799675 40.430650132
18.270192905 40.421210028
18.303233269 40.399888414
18.329112175 40.366685289
18.343760613 40.35162995
18.361501498 40.345282294
18.370453321 40.338690497
18.437266472 40.267889716
18.500010613 40.15249258
18.504242384 40.146429755
18.509450717 40.141831773
18.516123894 40.139227606
18.511078321 40.127590236
18.513682488 40.120550848
18.517425977 40.114162502
18.516123894 40.104478257
18.508067254 40.094549872
18.491872592 40.084662177
18.483571811 40.055161851
18.470388217 40.043443101
18.434092644 40.022528387
18.411387566 39.978827216
18.407888217 39.968491929
18.404063347 39.947495835
18.394786004 39.925604559
18.392588738 39.916083075
18.399668816 39.890326239
18.400075717 39.878566799
18.386485222 39.825344143
18.389170769 39.817084052
18.383962436 39.813910223
18.37370853 39.799790757
18.368337436 39.796616929
18.34652754 39.798041083
18.338389519 39.800116278
18.330414259 39.803412177
18.282074415 39.833197333
18.265635613 39.837591864
18.224375847 39.837591864
18.211273634 39.839341539
18.18653405 39.851874091
18.161875847 39.860541083
18.130625847 39.883490302
18.094248894 39.902736721
18.08090254 39.90643952
18.071543816 39.911525783
18.007334832 39.986070054
17.995371941 39.995266018
17.995371941 40.002671617
18.011078321 40.003363348
18.020274285 40.010199286
18.02214603 40.021673895
18.015798373 40.036200262
18.005137566 40.044867255
17.978363477 40.051662502
17.96745853 40.057318427
18.0029403 40.07444896
18.010996941 40.096014716
17.997243686 40.120428778
17.96745853 40.146063544
17.940684441 40.163031317
17.926036004 40.176255601
17.919606967 40.190741278
17.919200066 40.209947007
17.9170028 40.226874091
17.911143425 40.240301825
17.899668816 40.249090887
17.91277103 40.249090887
17.91277103 40.255316473
17.863129102 40.285630601
17.847666863 40.290025132
17.512054884 40.303697007
17.493907097 40.307440497
17.4404403 40.331000067
17.430430535 40.331610419
17.409515821 40.330023505
17.399424675 40.331000067
17.392100457 40.335028387
17.374685092 40.348578192
17.368174675 40.35150788
17.351247592 40.354803778
17.296397332 40.379461981
17.240000847 40.395331122
17.212901238 40.40619538
17.200205925 40.420396226
17.223480665 40.428412177
17.243011915 40.44139232
17.247894727 40.457342841
17.227549675 40.474432684
17.247406446 40.480292059
17.29574629 40.473211981
17.316254102 40.481878973
17.3232528 40.498480536
17.304047071 40.499457098
17.261729363 40.488714911
17.263519727 40.491034247
17.2685653 40.4961612
17.247406446 40.502834377
17.229014519 40.496893622
17.210703972 40.487005927
17.189952019 40.481878973
17.181813998 40.485296942
17.176442905 40.493150132
17.171722852 40.502264716
17.166188998 40.509182033
17.156016472 40.512396552
17.133474155 40.512640692
17.124522332 40.515326239
17.04957116 40.519110419
16.976084832 40.492621161
16.912119988 40.44521719
16.863291863 40.390936591
16.782725457 40.301581122
16.761403842 40.2695987
16.737559441 40.21100495
16.730723504 40.200669664
16.715993686 40.193589585
16.679453972 40.146063544
16.640065951 40.118760484
16.624522332 40.107977606
16.604746941 40.084458726
16.596934441 40.04677969
16.599375847 40.034125067
16.613617384 39.996649481
16.63160241 39.966213283
16.621755405 39.953558661
16.605479363 39.942938544
16.589203321 39.919826565
16.542246941 39.885402736
16.508148634 39.837591864
16.491709832 39.805487372
16.489756707 39.775213934
16.502126498 39.747056382
16.528575066 39.721502997
16.528575066 39.714667059
16.515635613 39.689601955
16.54590905 39.660874742
16.591481967 39.6367862
16.624847852 39.625311591
16.749766472 39.620021877
16.782481316 39.611639716
16.798106316 39.603461005
16.816091342 39.591050523
16.83090254 39.576157945
16.837168816 39.560451565
16.846202019 39.552679755
16.906016472 39.529730536
16.952972852 39.499212958
16.970876498 39.494940497
16.995371941 39.492743231
17.011485222 39.486151434
17.023448113 39.475409247
17.035817905 39.460760809
17.057139519 39.44163646
17.08855228 39.422593492
17.124196811 39.409002997
17.158702019 39.40619538
17.122243686 39.338324286
17.114919467 39.282782294
17.114512566 39.269354559
17.117686394 39.256008205
17.124766472 39.244614976
17.142100457 39.222316799
17.145681186 39.210679429
17.140391472 39.178900458
17.122243686 39.12103913
17.124522332 39.090887762
17.147959832 39.054185289
17.151866082 39.045884507
17.158457879 39.040472723
17.192556186 39.031073309
17.206390821 39.029486395
17.186859571 39.019029039
17.176605665 39.012111721
17.172373894 39.005194403
17.171560092 38.966009833
17.172373894 38.960516669
17.138845248 38.936712958
17.135020379 38.932603257
17.12769616 38.928778387
17.118907097 38.919663804
17.104014519 38.899074611
17.094981316 38.919134833
17.070567254 38.922796942
17.042246941 38.916245835
17.021983269 38.905951239
16.996348504 38.929510809
16.981293165 38.937201239
16.957286004 38.940090236
16.935069207 38.938706773
16.83855228 38.91819896
16.727793816 38.87885163
16.687754754 38.855861721
16.679453972 38.84756094
16.67074629 38.840643622
16.610606316 38.81655508
16.585622592 38.797837632
16.574392123 38.78506094
16.563731316 38.756740627
16.550954623 38.741400458
16.538828972 38.723334052
16.534841342 38.699896552
16.546885613 38.693182684
16.549082879 38.689927476
16.548513217 38.67206452
16.558848504 38.596014716
16.57699629 38.528550523
16.57715905 38.502875067
16.569590691 38.429510809
16.56137129 38.416327216
16.521983269 38.387152411
16.508148634 38.371527411
16.497569207 38.369289455
16.467051629 38.348700262
16.435069207 38.33999258
16.339854363 38.3008487
16.306325717 38.277085679
16.169444207 38.143215236
16.151866082 38.110825914
16.125498894 38.004828192
16.110850457 37.973618882
16.101328972 37.960516669
16.090017123 37.94920482
16.07715905 37.939886786
16.063161655 37.932684637
16.015879754 37.924709377
16.000987175 37.919012762
15.942149285 37.933091539
15.761485222 37.925238348
15.734873894 37.930975653
15.708262566 37.940985419
15.684418165 37.953517971
15.665782097 37.966864325
15.645518425 37.9883487
15.635101759 38.009100653
15.638356967 38.027736721
15.658457879 38.042547919
15.632660352 38.07420482
15.62403405 38.092108466
15.627452019 38.107367255
15.641612175 38.125921942
15.647797071 38.143133856
15.646494988 38.162095445
15.637950066 38.185939846
15.632823113 38.220282294
15.650563998 38.241034247
15.684255405 38.253119208
15.786468946 38.278021552
15.79566491 38.285549221
15.798675977 38.290716864
15.812836134 38.300604559
15.816172722 38.306057033
15.829763217 38.351019598
15.904795769 38.473944403
15.917816602 38.516791083
15.916026238 38.550360419
15.900075717 38.57827383
15.870778842 38.604234117
15.863536004 38.608221747
15.849945509 38.6133487
15.844004754 38.617905992
15.835459832 38.628241278
15.833669467 38.633775132
15.835215691 38.639227606
15.836599155 38.648993231
15.844493035 38.66038646
15.863129102 38.668280341
15.904795769 38.679388739
15.968028191 38.712591864
16.00261478 38.725409247
16.048838738 38.727728583
16.120860222 38.720933335
16.135996941 38.723822333
16.152598504 38.730902411
16.179209832 38.748277085
16.200938347 38.776434637
16.215098504 38.814154364
16.2216903 38.856594143
16.220062696 38.899074611
16.214691602 38.919012762
16.204600457 38.934068101
16.189626498 38.943548895
16.168955925 38.946844794
16.154307488 38.955023505
16.13965905 38.973781643
16.083018425 39.075262762
16.0420028 39.310614325
16.034027161 39.345241768
15.99539603 39.438768236
15.958075525 39.477563612
15.933116082 39.513657945
15.904795769 39.535956122
15.876231316 39.551459052
15.867523634 39.563910223
15.859716355 39.58876446
15.85027103 39.614732164
15.836599155 39.652655341
15.815684441 39.678900458
15.806407097 39.69550202
15.788747592 39.796616929
15.788747592 39.790350653
15.78394616 39.810003973
15.778819207 39.820135809
15.771332227 39.824530341
15.769704623 39.830145575
15.781911655 39.868597723
15.774424675 39.891099351
15.741547071 39.92959219
15.734141472 39.943752346
15.728037957 39.964178778
15.713145379 39.981024481
15.678884311 40.008856512
15.651621941 40.043646552
15.630381707 40.057684637
15.624685092 40.064886786
15.624278191 40.077785549
15.610199415 40.073187567
15.534922722 40.077785549
15.51312717 40.067680206
15.495311871 40.046718937
15.45980879 40.029364325
15.42960188 39.99979266
15.410099591 39.99396986
15.360943483 39.998890575
15.343159872 40.004148652
15.314300977 40.033758856
15.302744988 40.036200262
15.293304884 40.032416083
15.283050977 40.029852606
15.27222741 40.028753973
15.261241082 40.029364325
15.261241082 40.036200262
15.279144727 40.047674872
15.263438347 40.073716539
15.233897332 40.100002346
15.20964603 40.111883856
15.189952019 40.119126695
15.127207879 40.169623114
15.112803582 40.174790757
15.095876498 40.173081773
15.065684441 40.166571356
15.047211134 40.168931382
15.034922722 40.175360419
15.022803824 40.195626867
15.003122129 40.21025857
14.975904024 40.219313312
14.966319207 40.224554755
14.957087508 40.23154993
14.938137859 40.227839322
14.922129754 40.238023179
14.911143425 40.241644598
14.906911655 40.258612372
14.931895379 40.285549221
14.939138217 40.307074286
14.93238366 40.3242862
14.93238366 40.333726304
14.942149285 40.337836005
14.953949415 40.3399112
14.964366082 40.345160223
14.972911004 40.351996161
14.99448987 40.358433813
15.000432928 40.368828183
14.998266587 40.397558661
14.975922071 40.431463934
14.888845248 40.573065497
14.861501498 40.607163804
14.835459832 40.632635809
14.809743686 40.652980861
14.781993035 40.669867255
14.752207879 40.676703192
14.719981316 40.666815497
14.6904403 40.649115302
14.678070509 40.646633205
14.625743035 40.649074611
14.613291863 40.645900783
14.571299675 40.617743231
14.544200066 40.613592841
14.516368035 40.619859117
14.486582879 40.632635809
14.47136478 40.624660549
14.422048373 40.615545966
14.401540561 40.602118231
14.355804884 40.583644924
14.34262129 40.570624091
14.329844597 40.584458726
14.327972852 40.60541413
14.337738477 40.624416408
14.359629754 40.632635809
14.379730665 40.633856512
14.387380405 40.63694896
14.398213357 40.643841574
14.404798645 40.656032592
14.444210811 40.685987136
14.476369627 40.695102127
14.479746941 40.711493231
14.474131707 40.729681708
14.460622592 40.744208075
14.442637566 40.755072333
14.421290079 40.750930081
14.405402903 40.756886895
14.394432653 40.761566239
14.382554016 40.772265565
14.366608709 40.780178246
14.348887566 40.79686107
14.312347852 40.82811107
14.294200066 40.838771877
14.275726759 40.84003327
14.248383009 40.837713934
14.223643425 40.831366278
14.212738477 40.820746161
14.203461134 40.801214911
14.182202959 40.800918031
14.165596632 40.815752337
14.135233189 40.818554253
14.111501498 40.829535223
14.095957879 40.833807684
14.082530144 40.831284898
14.076182488 40.822211005
14.077403191 40.810370184
14.081228061 40.79710521
14.082530144 40.783514716
14.075281919 40.78627759
14.047697401 40.789589273
14.041151478 40.796484129
14.052256707 40.837591864
14.044464903 40.874205132
14.021343774 40.921828936
13.965342644 40.996405341
13.930186394 41.014146226
13.917979363 41.02366771
13.914561394 41.033148505
13.91277103 41.054429429
13.910655144 41.064642645
13.884318292 41.104799842
13.851725251 41.147315694
13.79049088 41.205864029
13.721853061 41.252386786
13.708506707 41.256415106
13.67872155 41.250555731
13.663340691 41.250677802
13.656586134 41.259588934
13.594411655 41.253119208
13.563649936 41.237982489
13.575450066 41.208075262
13.543955925 41.206610419
13.534434441 41.208075262
13.525238477 41.215399481
13.519541863 41.225165106
13.51441491 41.229681708
13.507090691 41.221747137
13.499685092 41.221747137
13.480235222 41.239162502
13.324392123 41.294826565
13.285817905 41.295721747
13.204844597 41.283758856
13.187022332 41.278021552
13.15121504 41.260199286
13.114512566 41.250881252
13.090505405 41.22654857
13.068207227 41.221747137
13.044606967 41.227525132
13.036794467 41.240423895
13.033457879 41.256903387
13.023692254 41.27358633
13.011973504 41.286525783
12.992686394 41.315619208
12.9795028 41.331000067
12.923838738 41.379787502
12.8935653 41.399318752
12.86215254 41.413519598
12.841563347 41.418402411
12.762950066 41.421372789
12.748545769 41.423732815
12.67855879 41.457953192
12.653981967 41.465643622
12.642425977 41.458197333
12.635264519 41.447495835
12.619395379 41.459133205
12.54558353 41.544134833
12.44800866 41.630764065
12.34278405 41.702297268
12.32715905 41.711371161
12.300629102 41.717433986
12.285004102 41.727199611
12.276621941 41.729437567
12.246918165 41.733710028
12.239024285 41.736273505
12.223480665 41.750677802
12.215179884 41.768133856
12.211761915 41.787543036
12.211192254 41.807928778
12.206228061 41.827337958
12.194590691 41.847357489
12.170176629 41.879584052
12.14747155 41.903469143
12.049978061 41.960150458
12.038828972 41.965155341
12.029795769 41.97284577
12.02613366 41.985785223
12.020355665 41.993068752
11.992035352 41.99628327
11.982188347 41.999741929
11.969004754 42.011419989
11.952647332 42.022284247
11.934580925 42.03148021
11.91684004 42.037909247
11.839691602 42.036444403
11.827484571 42.034165757
11.822113477 42.04677969
11.809418165 42.06635163
11.793630405 42.084458726
11.779795769 42.092515367
11.771983269 42.106268622
11.750173373 42.127915757
11.745616082 42.13662344
11.742930535 42.15228913
11.736175977 42.168890692
11.682139519 42.252142645
11.658213738 42.279364325
11.539073113 42.348863023
11.489268425 42.35936107
11.42066491 42.38662344
11.396169467 42.392971096
11.396169467 42.400376695
11.386892123 42.404282945
11.376638217 42.406887111
11.365733269 42.407904364
11.354665561 42.407212632
11.36207116 42.400376695
11.333018425 42.400580145
11.259043816 42.420843817
11.245616082 42.422308661
11.227386915 42.422186591
11.211273634 42.418890692
11.204356316 42.410956122
11.200938347 42.395453192
11.18628991 42.379299221
11.183848504 42.366278387
11.17465254 42.369330145
11.164724155 42.369330145
11.157399936 42.367743231
11.155935092 42.366278387
11.147797071 42.371405341
11.134532097 42.384182033
11.106618686 42.391262111
11.094493035 42.402736721
11.086761915 42.418361721
11.086941071 42.429456508
11.099131707 42.442857164
11.113021206 42.446358078
11.141815527 42.438797216
11.164190816 42.439828081
11.179691769 42.456497749
11.188447528 42.480267455
11.188975457 42.504706122
11.186859571 42.520819403
11.166026238 42.546210028
11.158457879 42.564032294
11.148610873 42.563177802
11.137217644 42.558905341
11.128672722 42.558050848
11.11597741 42.571966864
11.107269727 42.590765692
11.097422722 42.606878973
11.08090254 42.612697658
11.077810092 42.632228908
11.05347741 42.647040106
11.005707227 42.66791413
11.000254754 42.67987702
10.995616082 42.696030992
10.990000847 42.710272528
10.981211785 42.716294664
10.972341342 42.720038153
10.943614129 42.742987372
10.890879754 42.763902085
10.731293165 42.804429429
10.755381707 42.819159247
10.764903191 42.835272528
10.766368035 42.854193427
10.765635613 42.877101955
10.768728061 42.883937893
10.774587436 42.888251044
10.777679884 42.89472077
10.772959832 42.908148505
10.763519727 42.918280341
10.750743035 42.925279039
10.681407097 42.949042059
10.632497592 42.958482164
10.583262566 42.959702867
10.539073113 42.94912344
10.543467644 42.938788153
10.546560092 42.934759833
10.5185653 42.925279039
10.499522332 42.940497137
10.477549675 42.990057684
10.50269616 43.005560614
10.517100457 43.023911851
10.539073113 43.079413153
10.535655144 43.091376044
10.535655144 43.112616278
10.539317254 43.134182033
10.546560092 43.147121486
10.538340691 43.16425202
10.534434441 43.185288804
10.532888217 43.226223049
10.528168165 43.246771552
10.516937696 43.266791083
10.437022332 43.388576565
10.373383009 43.45319245
10.359141472 43.465277411
10.326345248 43.476874091
10.317230665 43.492621161
10.294769727 43.568548895
10.264008009 43.809393622
10.251638217 43.846625067
10.210134311 43.920233466
10.180674675 43.955267645
10.136485222 43.978705145
10.105804884 44.016750393
10.090586785 44.025376695
10.072032097 44.029527085
10.035329623 44.047837632
10.014821811 44.052069403
9.998545769 44.058050848
9.988536004 44.059759833
9.984141472 44.055487372
9.980723504 44.049872137
9.972666863 44.045721747
9.962738477 44.044663804
9.953623894 44.048651434
9.937836134 44.060370184
9.904307488 44.079901434
9.887950066 44.093003648
9.876800977 44.087836005
9.844737175 44.108628648
9.826426629 44.107245184
9.833262566 44.099839585
9.828623894 44.098130601
9.823985222 44.095119533
9.819590691 44.093003648
9.824473504 44.084906317
9.830577019 44.078843492
9.838145379 44.074774481
9.847504102 44.072495835
9.847504102 44.06631094
9.841644727 44.063381252
9.8388778 44.060370184
9.833262566 44.052069403
9.84636478 44.046291408
9.84253991 44.041164455
9.832286004 44.042303778
9.826426629 44.055487372
9.819834832 44.063381252
9.771820509 44.079413153
9.720876498 44.11347077
9.70972741 44.117743231
9.6826278 44.136542059
9.672536655 44.14081452
9.64323978 44.142320054
9.631032748 44.1445987
9.621104363 44.148260809
9.586192254 44.177720445
9.579925977 44.178941148
9.57300866 44.19159577
9.556488477 44.200140692
9.511241082 44.215236721
9.49903405 44.221828518
9.489756707 44.230902411
9.484385613 44.243841864
9.472504102 44.239813544
9.453868035 44.237697658
9.436778191 44.239488023
9.429209832 44.247259833
9.422373894 44.256781317
9.374522332 44.271795966
9.367686394 44.294419664
9.262705925 44.336411851
9.230642123 44.353705145
9.221039259 44.344061591
9.21371504 44.333441473
9.20980879 44.320868231
9.210703972 44.305324611
9.165049675 44.318304755
9.146657748 44.328558661
9.148610873 44.34003327
9.130056186 44.3633487
9.102061394 44.373968817
9.001231316 44.387274481
8.952891472 44.399807033
8.923675977 44.411566473
8.914561394 44.408921617
8.868418816 44.409735419
8.845388217 44.413478908
8.837738477 44.417181708
8.82699629 44.428452867
8.762380405 44.432114976
8.73715254 44.428778387
8.724782748 44.423976955
8.695811394 44.406724351
8.685313347 44.398098049
8.67855879 44.39468008
8.67090905 44.39472077
8.66277103 44.395575262
8.65512129 44.39468008
8.593760613 44.362738348
8.576670769 44.360541083
8.564789259 44.357163804
8.540293816 44.34003327
8.466075066 44.304266669
8.444509311 44.283880927
8.449717644 44.264349677
8.439463738 44.253159898
8.43653405 44.247544664
8.435394727 44.240423895
8.43238366 44.238023179
8.417246941 44.23065827
8.411875847 44.227036851
8.406504754 44.21503327
8.408539259 44.204087632
8.408213738 44.193508205
8.394541863 44.182359117
8.369395379 44.173529364
8.313487175 44.160467841
8.284678582 44.148260809
8.269541863 44.138739325
8.25652103 44.128363348
8.23316491 44.103583075
8.229991082 44.096340236
8.231211785 44.080308335
8.229991082 44.072495835
8.223806186 44.057196356
8.216319207 44.045233466
8.169118686 44.006659247
8.152679884 43.983221747
8.167979363 43.962632554
8.167979363 43.956488348
8.144704623 43.952582098
8.115244988 43.927679755
8.089203321 43.919867255
8.081553582 43.915228583
8.075450066 43.909654039
8.07300866 43.904608466
8.067718946 43.896673895
8.055674675 43.892075914
8.031423373 43.887518622
7.95972741 43.852850653
7.785817905 43.821966864
7.736582879 43.798244533
7.694997592 43.791205145
7.572032097 43.791327216
7.544118686 43.784491278
7.531097852 43.784491278
7.523203972 43.78904857
7.512868686 43.792141018
7.502289259 43.792222398
7.482726278 43.840219219
7.477868693 43.865514832
7.493474976 43.886237081
7.536779826 43.920782776
7.556933634 43.944088847
7.608610066 43.975611471
7.630934285 43.993543193
7.63868575 44.005067037
7.646953979 44.027494609
7.653361857 44.039690247
7.664317261 44.048578593
7.678786662 44.056588441
7.689948771 44.067337138
7.691912475 44.084648743
7.687942587 44.090799457
7.67620284 44.108988343
7.654085327 44.12495636
7.641889689 44.143559876
7.65563562 44.176064352
7.624733114 44.180095113
7.583598674 44.160716451
7.554763224 44.159062806
7.380820353 44.12294098
7.340616089 44.123664449
7.331004272 44.125266419
7.321599161 44.131881002
7.316224813 44.140200908
7.309300171 44.147487284
7.296174357 44.151156311
7.270129435 44.154308574
7.251319214 44.160044657
7.144969116 44.20722524
7.104868205 44.217767233
7.046060425 44.240298157
7.033451375 44.242933655
7.020015503 44.242106832
7.00802657 44.239212952
6.996140991 44.237817688
6.982808471 44.241745098
6.973403361 44.249444885
6.968855835 44.258178202
6.965548543 44.267531636
6.959244019 44.277350159
6.950045613 44.285101624
6.930201864 44.295385234
6.921210164 44.302154846
6.91562911 44.309699605
6.903846883 44.330008444
6.895992065 44.339826966
6.873977905 44.358378805
6.869843791 44.362926331
6.866123088 44.372124736
6.866329793 44.377189026
6.868810262 44.383183492
6.877181844 44.414396057
6.884209839 44.423026022
6.917799519 44.436306864
6.891651245 44.451964824
6.861265503 44.47490916
6.838837931 44.502917786
6.835737345 44.534026998
6.84638269 44.547462871
6.897335652 44.575419821
6.931648804 44.617949525
6.945601441 44.625442607
6.934335978 44.64668162
6.941467326 44.666990459
6.959864135 44.683165182
6.982808471 44.692156881
7.001205282 44.692260234
7.037275432 44.684612122
7.055155476 44.684870504
7.049367717 44.697892965
7.018981974 44.738872376
7.015157918 44.747398987
7.009783569 44.772100322
6.998414754 44.793752747
6.999138224 44.795044658
7.004099162 44.810805969
7.005959514 44.81152944
7.00585616 44.816335348
7.006786336 44.819022522
7.007096395 44.822071432
7.004925985 44.827962545
7.00079187 44.832975159
6.982808471 44.846979472
6.932682332 44.861655579
6.915319051 44.862689108
6.866019735 44.855661113
6.847106161 44.859071758
6.7781698 44.887648825
6.745406941 44.907802633
6.727940307 44.928731588
6.729904012 44.984697164
6.723496134 45.013377584
6.697244507 45.02691681
6.662207885 45.029242249
6.651665894 45.035650126
6.639676961 45.05037791
6.636989787 45.059421285
6.638126669 45.067431132
6.636576375 45.074459127
6.620298299 45.084432679
6.602728312 45.103449606
6.614613892 45.114766745
6.629385185 45.123545113
6.632700643 45.125515442
6.667375529 45.139623109
6.676263875 45.14075999
6.694350626 45.140294902
6.702205445 45.141225078
6.710887085 45.144739075
6.728870483 45.154609273
6.736415242 45.157348125
6.771451863 45.153162334
6.808142131 45.139106344
6.844108927 45.130114645
6.876665079 45.141225078
6.878628784 45.14742625
6.872841023 45.152025452
6.868190144 45.157451477
6.873461141 45.165926412
6.881315958 45.168406881
6.904673706 45.168613587
6.913768758 45.17016388
6.928444865 45.17956899
6.945808146 45.201066386
6.958727254 45.209799703
6.994487345 45.221323548
7.029730672 45.228196513
7.037688843 45.225767721
7.050194539 45.215019023
7.055465536 45.213675436
7.062183471 45.218533021
7.081200399 45.243079325
7.108382202 45.259202373
7.108382202 45.274912008
7.097633504 45.294962464
7.092569213 45.323952942
7.097736857 45.329844056
7.130086304 45.357077535
7.150756877 45.38322581
7.159645223 45.398470358
7.160678752 45.410924378
7.152927286 45.415110169
7.110139201 45.428287659
7.096806681 45.435419007
7.088745158 45.446632793
7.081820515 45.459086813
7.075368543 45.466285856
7.072001993 45.470042217
7.028490437 45.493141581
6.982808471 45.51112498
6.975263712 45.525646058
6.969786011 45.566987203
6.965858601 45.574428609
6.954903198 45.586210836
6.952939494 45.59427236
6.955626668 45.602592265
6.967098836 45.620162252
6.969475952 45.625846659
6.963378133 45.640729472
6.951079142 45.646775615
6.918626343 45.652563375
6.905293823 45.659694723
6.882556193 45.675507711
6.869223673 45.679021708
6.843075398 45.682742412
6.816100301 45.696850077
6.795946492 45.718140768
6.78468103 45.759585266
6.781993856 45.777465312
6.782717325 45.795293681
6.788091675 45.811726787
6.800804077 45.82645457
6.816203654 45.832914124
6.845969279 45.835859681
6.845969279 45.837616679
6.848863159 45.841905823
6.853203979 45.846556702
6.857854859 45.849243876
6.861678914 45.848882141
6.869740438 45.845213115
6.873461141 45.844799704
6.880385782 45.845523173
6.905087117 45.845368144
6.926377808 45.849760641
6.949012085 45.857822164
6.969165893 45.86975942
6.982808471 45.885779114
6.989112997 45.899266663
6.997174519 45.911307272
7.007716512 45.920505677
7.02208256 45.925259909
7.066937703 45.890223288
7.090192097 45.880508118
7.120887899 45.876115621
7.153547404 45.876529033
7.18372644 45.880456442
7.2454281 45.898129782
7.273540079 45.910273743
7.286665893 45.913426005
7.361803426 45.907844951
7.393842814 45.915699768
7.452960652 45.945878805
7.482726278 45.954870504
7.503706909 45.956730855
7.514662312 45.966704407
7.524377482 45.978073223
7.541120646 45.984119365
7.643026571 45.966342672
7.658736206 45.960038147
7.673722371 45.950322978
7.692532593 45.931202698
7.693979533 45.928670553
7.706278523 45.925724997
7.714650105 45.92712026
7.722194865 45.929600728
7.732013387 45.930375875
7.780072469 45.918128561
7.807564331 45.918490296
7.825444376 45.914666239
7.831232137 45.914459534
7.843737833 45.919213766
7.846114949 45.922572733
7.845288127 45.927792053
7.848388712 45.938075663
7.849620116 45.939712062
7.871643107 45.96897817
7.898204794 45.981948954
7.969104858 45.993111064
7.978716674 45.995178121
7.985848022 45.999312236
7.998353719 46.010629375
7.999077189 46.012799784
8.008792358 46.027682597
8.01065271 46.029697978
8.015923706 46.058171692
8.016027059 46.069385478
8.018197469 46.080857646
8.025328817 46.091141256
8.035354044 46.096515605
8.056024617 46.098065898
8.066876668 46.100598043
8.11059493 46.126953023
8.132299032 46.159354147
8.129508504 46.196044413
8.099949585 46.235628561
8.076591837 46.249736226
8.07307784 46.253611959
8.077315307 46.262035218
8.087340535 46.271802063
8.106874227 46.285547995
8.128474975 46.292472636
8.171883178 46.299190573
8.192553752 46.309164124
8.241749715 46.35412262
8.2700684 46.364044495
8.281540568 46.370116475
8.291462443 46.378358866
8.297456909 46.387505596
8.297043497 46.397634176
8.290428914 46.401122335
8.286604859 46.405359803
8.294976441 46.418046366
8.31626713 46.433652649
8.343448934 46.443884583
8.385906925 46.450206018
8.399156128 46.45217865
8.427888224 46.448690491
8.441634155 46.43494456
8.44576827 46.412361959
8.446285034 46.382182923
8.442874389 46.353373312
8.42664799 46.301567688
8.423237345 46.275832825
8.427164754 46.251441549
8.438120158 46.235370178
8.456516968 46.224828187
8.482665242 46.217541809
8.510260457 46.207878317
8.538682495 46.187621155
8.601831095 46.122818909
8.611546264 46.119356588
8.63087325 46.114705709
8.677485392 46.095792135
8.695055379 46.095172018
8.702186727 46.097962545
8.717689656 46.107522685
8.723890828 46.109538066
8.728983368 46.108233103
8.732159057 46.107419332
8.739497111 46.098065898
8.747145223 46.094448548
8.763164917 46.092898255
8.793860717 46.093415019
8.808950236 46.089745993
8.834375041 46.066388245
8.819595581 46.042927145
8.790966838 46.018690898
8.77339685 45.990578919
8.769572794 45.98577301
8.767919149 45.983085836
8.785075724 45.98231069
8.800371948 45.97853831
8.857732788 45.957092591
8.864450724 45.953423564
8.870961954 45.947067363
8.880780476 45.931099345
8.898143758 45.909550273
8.90651534 45.896476135
8.912096394 45.883401998
8.913750041 45.866090393
8.909719279 45.85368805
8.903724812 45.84180247
8.900004109 45.826402893
8.939588257 45.834826152
8.972351115 45.824645895
9.002426798 45.820718486
9.034362834 45.848106995
9.059270874 45.881955058
9.06309493 45.898956604
9.051726115 45.915544739
9.042321004 45.91973053
9.020513549 45.92277944
9.01079838 45.926655172
9.001703329 45.936060283
8.993435099 45.954250387
8.982686401 45.961846822
8.980515991 45.964378968
8.979792521 45.966911113
8.980515991 45.969494934
8.982686401 45.971975403
9.015552612 45.993111064
8.997775919 46.027940979
9.00211674 46.039309795
9.02774825 46.053107402
9.049659057 46.05791331
9.059167521 46.061789043
9.067125692 46.071142477
9.070329631 46.083441467
9.06815922 46.105972392
9.072086629 46.1188915
9.090586792 46.138166809
9.163243856 46.172273255
9.163788025 46.172989267
9.171098673 46.182608541
9.175749552 46.194132385
9.181330607 46.20405426
9.192182658 46.209635315
9.20417159 46.213562724
9.215747111 46.221055807
9.224842163 46.231184387
9.239724975 46.266996155
9.268973836 46.30937083
9.275175008 46.33138499
9.27383142 46.344252421
9.260395548 46.379728292
9.260292195 46.394016826
9.262876017 46.406625875
9.260912313 46.416651103
9.247579794 46.423033142
9.237967977 46.43654653
9.245822794 46.461041158
9.263186076 46.485122376
9.282306355 46.497369691
9.330985555 46.501503805
9.350829305 46.497860616
9.351552775 46.485484111
9.377080933 46.46868927
9.384625691 46.466415508
9.395477742 46.46941274
9.400335327 46.475407207
9.403849324 46.482512716
9.410670614 46.488894756
9.42679366 46.497111308
9.434648478 46.498325704
9.437852417 46.492047018
9.443846883 46.396135559
9.442399943 46.380891012
9.444363648 46.375284119
9.451598348 46.370374858
9.473715861 46.361874085
9.482604207 46.356809794
9.50255131 46.320739645
9.515263713 46.308595683
9.53645105 46.298622132
9.559705444 46.292731018
9.674323771 46.291800842
9.693133992 46.297071839
9.708430217 46.311747946
9.708843628 46.319628601
9.707293335 46.330971579
9.709257039 46.34239207
9.72010909 46.350892843
9.730857788 46.350711975
9.755249064 46.340531718
9.768064819 46.33861969
9.788838745 46.343296408
9.85539799 46.366964213
9.899012899 46.372157695
9.918443237 46.371150004
9.939010457 46.36745514
9.964021851 46.356086325
9.970636434 46.339808249
9.971049846 46.320016175
9.977561076 46.298105367
9.992237182 46.284359436
10.031717977 46.260071513
10.041846557 46.243069967
10.04267338 46.220487366
10.075746297 46.220022278
10.117914266 46.231132711
10.145819539 46.243328349
10.158945353 46.262448629
10.146129598 46.280276998
10.104891805 46.30937083
10.095796753 46.320532939
10.091765991 46.328956198
10.092386108 46.338102926
10.097450398 46.351642151
10.104995158 46.361357321
10.125975789 46.374379782
10.13321049 46.381097717
10.140755249 46.402905172
10.133417195 46.414015605
10.116157267 46.418821514
10.071405477 46.42481598
10.042053263 46.432722474
10.026343627 46.446261699
10.044016968 46.466983948
10.035335327 46.471066386
10.030477743 46.476673279
10.028100627 46.483933818
10.026860392 46.4931839
10.031201212 46.503829245
10.031407919 46.525791728
10.032751506 46.532974752
10.041329793 46.541863098
10.062930542 46.556745911
10.071198771 46.564394023
10.083497762 46.597001851
10.087838582 46.604391582
10.097450398 46.60803477
10.192121623 46.626819154
10.217856486 46.626974182
10.233772827 46.617982484
10.235736531 46.606691183
10.23025883 46.586149801
10.234703003 46.57529775
10.275940795 46.565530905
10.283795614 46.560724996
10.289066609 46.555686544
10.295371135 46.551087341
10.306636597 46.547495829
10.319452351 46.546048889
10.354282267 46.548322653
10.425905803 46.53532603
10.443992554 46.537728984
10.451832679 46.546701572
10.45794519 46.553697001
10.465903361 46.578475851
10.466626831 46.604288229
10.459082072 46.623563538
10.438204793 46.635655823
10.395623413 46.638808085
10.377536662 46.653277486
10.36916508 46.672397766
10.373919312 46.68190623
10.384771363 46.689011739
10.394383179 46.700819804
10.396553588 46.715004984
10.395623413 46.726399639
10.399654175 46.735546367
10.416604044 46.743013611
10.42869633 46.755648499
10.426215861 46.769420268
10.419084513 46.783967183
10.417224162 46.798849997
10.439031616 46.816885071
10.44492273 46.823241272
10.44854008 46.832232971
10.453811076 46.864427389
10.486263875 46.846366475
10.527708374 46.843214213
10.629407593 46.862412008
10.647080932 46.863755596
10.662480509 46.860965068
10.738961629 46.829545797
10.748676798 46.819443055
10.743819213 46.812518413
10.721598348 46.800141907
10.716947469 46.795206808
10.722941935 46.786447652
10.733690633 46.786189271
10.754774618 46.790762634
10.766350138 46.788101299
10.795082235 46.776887513
10.804900757 46.77662913
10.823917684 46.780349833
10.834149617 46.78024648
10.843141317 46.777042542
10.860194539 46.766991476
10.870426473 46.764071757
10.880348348 46.764588522
10.913731323 46.772339986
10.930887899 46.773993633
10.965717814 46.771642354
10.982667684 46.767740784
10.996930379 46.76911021
11.010883016 46.779212952
11.033310588 46.805567932
11.037444702 46.808255107
11.048503458 46.81169159
11.052844279 46.814921367
11.054601277 46.81993398
11.053464396 46.830320943
11.054291219 46.834144999
11.073101441 46.864969992
11.083643432 46.900135804
11.091911662 46.912434795
11.156610555 46.956514791
11.174490601 46.963852845
11.24373702 46.979252422
11.313810262 46.987262268
11.349467001 46.981939596
11.380576212 46.971552633
11.411168661 46.970493266
11.445171753 46.992998352
11.445275106 46.993101705
11.452923217 47.000879009
11.461811564 47.005504049
11.471836792 47.007080181
11.489406779 47.004212138
11.495918009 47.001602478
11.50170577 46.997855937
11.506976766 46.992998352
11.515348348 46.989484355
11.5244434 46.988347473
11.533848511 46.989536032
11.543253621 46.992998352
11.543356974 46.992998352
11.54356368 46.993101705
11.543667033 46.993101705
11.572709188 46.998915304
11.596480347 47.000439758
11.647950073 46.993256735
11.648466838 46.993256735
11.649707072 46.992998352
11.657251831 46.992533264
11.66479659 46.993256735
11.683813517 46.991913147
11.716162964 46.975480042
11.734869832 46.970622457
11.746445353 46.972456971
11.766082397 46.983438213
11.777141154 46.988295797
11.822513061 46.993256735
11.857032919 47.012015279
11.899510946 47.027724915
11.943642618 47.038163555
12.014956096 47.040488994
12.116241903 47.076559143
12.133146314 47.078831606
12.180630737 47.085214945
12.204195191 47.079685567
12.203896989 47.067011988
12.203575073 47.053330588
12.182284383 47.033616028
12.121719604 47.010516663
12.111177612 46.992998352
12.117792196 46.983076477
12.122133015 46.971655986
12.399581381 43.903217625
12.429450359 43.892055515
12.460456219 43.895259454
12.478286774 43.917037885
12.477493853 43.920050984
12.478026206 43.923216404
12.479576499 43.925800225
12.482160321 43.927918959
12.483094474 43.929204898
12.490325196 43.939158583
12.492392254 43.956418511
12.489188315 43.973109999
12.482160321 43.982566786
12.453324871 43.979052789
12.421388836 43.967218885
12.411048669 43.959661012
12.395653973 43.948408664
12.385628745 43.924534153
12.399581381 43.903217625
12.452714082 41.903016213
12.453136917 41.902751941
12.454035442 41.902751941
12.453982588 41.903861884
12.453031208 41.903914738
12.452766936 41.903439049
12.452714082 41.903016213
