22.555759725 10.978969218
22.577050415 10.985118714
22.600821574 10.987805888
22.609089803 10.985222066
22.628210083 10.976127014
22.638338663 10.974137472
22.673168579 10.975067648
22.682677043 10.974137472
22.719884074 10.964654846
22.745102173 10.943803406
22.80597701 10.924502258
22.861064087 10.919153747
22.863234497 10.891816915
23.005551392 10.686816508
23.109421021 10.614495342
23.29121871 10.439725648
23.457616822 10.1737470505
23.624014934 9.907768453
23.644788859 9.863068339
23.67403772 9.690339864
23.669076782 9.65202179
23.655537557 9.62246287
23.618537231 9.566083883
23.606134888 9.537170919
23.606755005 9.526241354
23.616470174 9.501462504
23.618537231 9.488310852
23.617193644 9.457175802
23.619984171 9.447719015
23.627528931 9.435084127
23.634970337 9.435394185
23.64086145 9.433120422
23.646339152 9.425033061
23.646855917 9.41839264
23.621844523 9.340619609
23.620500936 9.322868755
23.630732869 9.292172953
23.632179809 9.277574361
23.623291463 9.265637106
23.610062296 9.255456848
23.571408325 9.207294413
23.549497518 9.185254415
23.537921997 9.178148906
23.52179895 9.175358379
23.489449503 9.176701966
23.474256632 9.170681661
23.462821145 9.153724977
23.457720174 9.146161194
23.435706014 9.018933817
23.438289836 8.994542542
23.45141565 8.974182027
23.478080689 8.958911641
23.505469197 8.961082052
23.542572876 8.997281393
23.560142863 8.99645457
23.567480917 8.974827982
23.565930623 8.940023905
23.553631632 8.883153991
23.536681762 8.855610453
23.49544397 8.809437562
23.482318156 8.783392639
23.481801392 8.759363099
23.490069621 8.732594706
23.505262492 8.710735576
23.525726359 8.701485495
23.540505818 8.704792786
23.564070272 8.72269867
23.578022908 8.730475973
23.596419719 8.734145
23.613369588 8.732232972
23.629079224 8.72559255
23.644065389 8.715153911
23.65708785 8.710012105
23.689127238 8.710683899
23.721269979 8.702002258
23.737496379 8.706859843
23.76891565 8.72125173
23.803435506 8.722130229
23.866687459 8.707790019
23.9222913 8.713448588
23.962082153 8.697015483
23.981305786 8.694173279
24.009624471 8.698875835
24.114010864 8.681641744
24.170328031 8.68932733
24.180466756 8.690710958
24.217673787 8.691511943
24.235760539 8.682003479
24.233486776 8.667766622
24.215089966 8.641359965
24.21126591 8.627071432
24.218397258 8.61304128
24.245579061 8.591802267
24.250539998 8.579632467
24.24371871 8.57017568
24.203204386 8.543458965
24.193179159 8.532426046
24.137161906 8.438865865
24.125172973 8.404888611
24.121555623 8.372306621
24.131374145 8.34305776
24.152871541 8.317891337
24.179949992 8.29771169
24.206615031 8.283268127
24.222428019 8.277196147
24.257051229 8.2691863
24.263185621 8.268505435
24.281029094 8.266524963
24.295498495 8.266524963
24.302733195 8.265439759
24.310277954 8.261564026
24.326814412 8.248567403
24.332085409 8.245725199
24.396577596 8.267816874
24.431097453 8.271408386
24.454868612 8.248670756
24.458899373 8.239756572
24.464273722 8.233193665
24.471508422 8.228930359
24.481326945 8.226656596
24.512849569 8.207148743
24.544682251 8.206115214
24.614858846 8.217148132
24.670876099 8.206838684
24.69040979 8.206631978
24.710563599 8.204306539
24.742292928 8.186839905
24.800170532 8.180276998
24.832106568 8.165730082
24.917992798 8.087026876
24.92781132 8.070955505
24.930085083 8.035453796
24.95054895 8.014395651
24.952616007 7.996567281
24.958093709 7.989177552
24.964811646 7.982614645
24.972666463 7.976981914
24.981244751 7.972331035
25.029303833 7.918845927
25.059172811 7.896108297
25.089558553 7.884894511
25.103407837 7.885773011
25.134413696 7.892542623
25.148573039 7.892594299
25.17317102 7.888563538
25.180509073 7.884016012
25.185470012 7.877918193
25.191567831 7.872388814
25.216889283 7.864068909
25.229705037 7.851614889
25.239420206 7.835956929
25.24965214 7.804330953
25.264534953 7.77771759
25.269909302 7.76076772
25.270632772 7.746143291
25.266808716 7.703096823
25.270632772 7.688162334
25.276420532 7.674261373
25.279417765 7.659481913
25.274973592 7.641963603
25.25254602 7.622429911
25.18650354 7.600105693
25.16521285 7.579900207
25.164592732 7.567342834
25.169036906 7.551168112
25.190430949 7.501197002
25.249962199 7.469984436
25.263294718 7.461044414
25.269599243 7.454223124
25.279211059 7.43835846
25.285102173 7.431588847
25.292956991 7.42719635
25.309700155 7.422028707
25.316211385 7.417222799
25.324169556 7.402908427
25.330577433 7.374124655
25.335951782 7.359603577
25.346803833 7.345030823
25.360032999 7.335574036
25.416153605 7.307772115
25.455117635 7.278213196
25.481162557 7.266172587
25.500334513 7.27278717
25.516767619 7.269944966
25.531650431 7.260694885
25.576608927 7.219818828
25.592421916 7.21124054
25.654020223 7.195375875
25.672727091 7.187831116
25.697015014 7.168607483
25.705076538 7.166385396
25.724506876 7.166695455
25.734428751 7.162406312
25.750241739 7.146541646
25.761300497 7.143751119
25.786208536 7.142665914
25.791582886 7.134397685
25.791686239 7.121116842
25.80078129 7.104942118
25.815767456 7.099774476
25.860725952 7.095537008
25.877469116 7.087733866
25.881706583 7.079827372
25.884083699 7.061068827
25.888734578 7.051870423
25.920257202 7.034145406
25.930385783 7.031509909
25.950436238 7.028564352
25.960461467 7.024481914
25.966249227 7.017453919
25.966765991 7.009857483
25.969453165 7.003552958
25.981132039 7.000297343
26.026090535 6.996679993
26.032291707 6.974097392
26.035805704 6.92226593
26.045417521 6.89968333
26.050585165 6.896686096
26.056889689 6.897409566
26.063400919 6.899063212
26.06918868 6.899063212
26.073632853 6.895135803
26.073116089 6.889709778
26.071152385 6.883560282
26.071565796 6.877462463
26.07569991 6.864646709
26.077353557 6.85332957
26.080970907 6.842348328
26.09120284 6.830333557
26.113733765 6.816458435
26.131820516 6.811730042
26.147633504 6.804702047
26.178742717 6.765918884
26.219463745 6.737522685
26.236206909 6.720030213
26.270623413 6.702486064
26.329741252 6.680575256
26.378007039 6.6532901
26.379224335 6.631361872
26.379867391 6.619777934
26.372322631 6.609804382
26.356096232 6.579496155
26.324366903 6.537198995
26.305039917 6.496917216
26.296461629 6.489527486
26.286436401 6.484178975
26.27703129 6.477357687
26.270210002 6.465652974
26.289123575 6.459425964
26.290673869 6.444672343
26.285092814 6.42588796
26.282819051 6.407852885
26.28964034 6.38720815
26.300699097 6.377828878
26.315788614 6.37157603
26.335218954 6.360594788
26.351755411 6.344368388
26.375836629 6.312587382
26.394646851 6.300546774
26.436194702 6.291710103
26.45200769 6.280289612
26.455314982 6.254451396
26.45562504 6.230473531
26.464926798 6.224401551
26.479499552 6.225073344
26.495829305 6.221145935
26.508955119 6.205462138
26.509471883 6.186393535
26.500066772 6.167970887
26.483530314 6.154457499
26.465340209 6.14430308
26.445599813 6.130221253
26.429270061 6.113090515
26.42131189 6.093660177
26.424825887 6.072447002
26.440638875 6.076994528
26.481049846 6.104951477
26.498826538 6.09983551
26.509885294 6.082678935
26.518050171 6.061155701
26.527972045 6.043172303
26.543578328 6.030847474
26.602179403 6.01061615
26.634322144 6.006482035
26.705015503 6.009789327
26.776328979 5.981884054
26.794364054 5.970489401
26.805061076 5.957182719
26.810848836 5.912379253
26.81891036 5.894628398
26.842164754 5.884267273
26.865315796 5.885972595
26.88205896 5.891941224
26.894254598 5.889667461
26.903763061 5.866981506
26.916475464 5.849644064
26.937456095 5.848507182
26.981071004 5.859204203
26.991819702 5.847706197
27.003498576 5.819284159
27.021998738 5.805098979
27.029543497 5.789880269
27.036054728 5.785126037
27.045356486 5.784919332
27.063546591 5.790862122
27.072744995 5.791223857
27.114809611 5.775281678
27.123801311 5.768744608
27.130932657 5.752130635
27.131449422 5.741459453
27.136307007 5.734018047
27.156254109 5.727480977
27.170413452 5.72034963
27.182350708 5.70745636
27.190773966 5.691824239
27.193822876 5.67632131
27.194287964 5.667303772
27.196406697 5.661464335
27.201109253 5.656968486
27.218369181 5.64531545
27.219196004 5.639992777
27.216715536 5.633455709
27.215165242 5.616144104
27.210669393 5.601623027
27.211341186 5.594879252
27.217335653 5.585396627
27.222606649 5.584363098
27.227309204 5.586714376
27.231081584 5.587592875
27.234595581 5.58883311
27.240073283 5.591985372
27.247514689 5.59260549
27.257126505 5.58606842
27.261053914 5.577593485
27.258883505 5.559971822
27.260743856 5.550256653
27.22012618 5.440883484
27.218059123 5.425509746
27.22012618 5.413081564
27.22823938 5.387605082
27.233665406 5.338279927
27.23779952 5.32319041
27.264464559 5.260145162
27.280897664 5.230560404
27.301309855 5.205187277
27.358515665 5.166765849
27.385800822 5.143847351
27.402130574 5.104495748
27.431172729 5.083618469
27.44130131 5.070725199
27.414842977 5.080724589
27.405334513 5.082843323
27.391381876 5.092222595
27.38032312 5.094393006
27.36120284 5.09547821
27.351384318 5.097338562
27.342754354 5.100594177
27.328646687 5.110800273
27.31572758 5.122401632
27.301878296 5.13198761
27.284411662 5.135966695
27.262810913 5.138447164
27.239711548 5.14488088
27.157494344 5.185421041
27.116359904 5.200303854
27.073675171 5.203326925
27.027476441 5.189968567
26.991716349 5.171287537
26.961640666 5.151185404
26.933683715 5.126587423
26.903969767 5.094393006
26.899215535 5.085995585
26.889603719 5.062121073
26.884126017 5.053387757
26.872653849 5.041786397
26.867072795 5.03754893
26.849296102 5.039099223
26.848365926 5.041372986
26.844955281 5.046282247
26.83947758 5.05116567
26.832656291 5.053387757
26.82614506 5.050752259
26.815706421 5.040184428
26.808368368 5.039099223
26.801857137 5.044525248
26.760619344 5.088114319
26.753694702 5.092274272
26.739432007 5.094393006
26.691682983 5.094393006
26.681244344 5.089277039
26.667601766 5.078347473
26.657576538 5.073257345
26.644037313 5.078347473
26.635665731 5.077624003
26.629671265 5.067056173
26.623470093 5.067056173
26.615511922 5.078244121
26.598355347 5.080621237
26.579855183 5.07434255
26.56817631 5.059640605
26.561355021 5.067056173
26.554223673 5.05984731
26.541511271 5.053129374
26.528282105 5.048090922
26.51980717 5.045972188
26.502547241 5.047470805
26.475158732 5.057263489
26.462653035 5.059640605
26.460689331 5.066022644
26.44187911 5.104289042
26.429373413 5.113797506
26.414283895 5.12271169
26.400124552 5.133641256
26.390616089 5.149014995
26.369428752 5.140565897
26.362710815 5.135966695
26.353305705 5.14777476
26.336355835 5.148601583
26.317338908 5.146431173
26.291810751 5.150978699
26.272483765 5.159066061
26.253983602 5.172321066
26.246645548 5.189968567
26.242098022 5.188056539
26.230729207 5.185162659
26.226181681 5.183147278
26.225664917 5.199037781
26.226181681 5.204257101
26.213572632 5.199141134
26.207164754 5.207693584
26.198276408 5.238389384
26.195175822 5.234772034
26.184530477 5.225341085
26.181739949 5.229578552
26.175332072 5.233686829
26.170887898 5.238389384
26.157348673 5.232472432
26.150837443 5.239965515
26.144222859 5.251799418
26.129960164 5.25887909
26.125102579 5.24859548
26.119624878 5.241541646
26.11249353 5.238389384
26.104535359 5.23859609
26.09843754 5.239577942
26.09337325 5.241438294
26.088412313 5.244590556
26.091719605 5.219062398
26.095233602 5.211052552
26.086035197 5.215238343
26.077146851 5.216323547
26.070532267 5.212241109
26.067845093 5.200846456
26.06267745 5.200122986
26.050998576 5.200226339
26.037355998 5.197952576
26.026917358 5.189968567
26.013894897 5.199244486
25.996634969 5.219243266
25.985989624 5.225341085
25.971933634 5.227666524
25.962838583 5.224514262
25.958394409 5.214824931
25.958601115 5.197384135
25.943201538 5.204102071
25.925631551 5.201776632
25.912505737 5.190381979
25.910852092 5.170098979
25.892972046 5.185214335
25.883566935 5.20353363
25.872404826 5.217098694
25.849357137 5.217873841
25.846049845 5.211672668
25.836231323 5.200019633
25.826102742 5.194696961
25.818971394 5.214566549
25.814217163 5.221620381
25.811426636 5.23092214
25.814630575 5.244590556
25.810186401 5.242678528
25.799437703 5.240094706
25.794683471 5.238389384
25.792306355 5.262832337
25.778353719 5.269136861
25.769258667 5.265157776
25.781144246 5.25887909
25.771739135 5.245469055
25.757993205 5.244435527
25.743730509 5.25061086
25.732775106 5.25887909
25.705076538 5.289600728
25.691123901 5.299806824
25.668903035 5.306137187
25.667559448 5.30724823
25.663115275 5.309160258
25.655777222 5.317764384
25.650092814 5.320296529
25.637897176 5.31797109
25.631075887 5.311821594
25.623427775 5.309935404
25.609165079 5.320296529
25.609165079 5.326523539
25.61422937 5.329934184
25.617226603 5.333551534
25.619810425 5.337220561
25.622911011 5.340760396
25.600483439 5.340450338
25.592318562 5.349183655
25.589011271 5.36228363
25.581259806 5.374918518
25.575058634 5.374918518
25.561829468 5.37300649
25.543742716 5.375280253
25.532787313 5.372231344
25.540848836 5.354428813
25.528963257 5.351896668
25.504468628 5.342284851
25.495580281 5.344532776
25.484934936 5.355307312
25.481989379 5.356857605
25.479922323 5.353188579
25.43506718 5.328693949
25.413363078 5.323552145
25.395689738 5.333964946
25.385354451 5.321485087
25.370678345 5.316834208
25.36365035 5.310555522
25.376466105 5.293011373
25.355898885 5.286448466
25.343393189 5.271927388
25.337192016 5.251747742
25.335538371 5.228441671
25.328923788 5.216013489
25.316211385 5.20224172
25.30773645 5.18529185
25.314454387 5.163251852
25.321482381 5.159169414
25.341222779 5.155603739
25.348560832 5.149014995
25.349284301 5.141676941
25.3438066 5.121884868
25.34235966 5.111472067
25.339155721 5.105167542
25.324996378 5.088114319
25.321895793 5.077003886
25.320965617 5.052250875
25.316831503 5.042251485
25.307633097 5.032277934
25.292336873 5.028273011
25.248515259 5.024138895
25.239316854 5.015534769
25.227534627 5.009566142
25.163662556 5.005638733
25.154567505 5.00930776
25.147642863 5.014139506
25.140201457 5.017963562
25.129452759 5.018635356
25.121701294 5.008635967
25.114259888 5.001840516
25.105268188 4.998765768
25.100927368 4.994554138
25.090488729 4.974477845
25.084804321 4.954220683
25.076122681 4.951843567
25.040569295 4.962101339
25.00646285 4.980937399
24.969359171 4.991401876
24.958093709 4.991350199
24.950859009 4.987681173
24.932358846 4.974426168
24.92708785 4.971480611
24.904350219 4.966803895
24.868176717 4.944376323
24.848332967 4.936728211
24.836860799 4.937710063
24.827662394 4.941921692
24.819497518 4.944479675
24.811022583 4.940448914
24.800067179 4.928899231
24.789421834 4.919855856
24.778259725 4.918538107
24.766374145 4.929881083
24.749837687 4.918744812
24.730614054 4.917504578
24.664364868 4.924403382
24.654236287 4.929415995
24.657440226 4.93977712
24.670772746 4.957217916
24.656923462 4.967268982
24.627467896 4.976906637
24.615478963 4.985097351
24.610001261 4.996724549
24.610104614 5.016723328
24.601216268 5.0261026
24.588607219 5.031063538
24.56338912 5.034887593
24.553467244 5.039099223
24.547369425 5.046488953
24.538687785 5.065557556
24.533003377 5.073257345
24.513676391 5.087235819
24.487218059 5.100800883
24.480844127 5.102334685
24.459622844 5.107441304
24.436678508 5.100594177
24.433061158 5.089328715
24.433474569 5.075531108
24.430684042 5.067417908
24.41693811 5.073257345
24.411460409 5.081861471
24.401641887 5.111472067
24.39637089 5.122298279
24.382521607 5.107854716
24.3678455 5.084548645
24.361230916 5.062947896
24.371979614 5.053387757
24.396887655 5.048194275
24.398644653 5.036024475
24.386138957 5.022356059
24.368465617 5.012434184
24.296635376 5.003261617
24.286506795 4.995070903
24.284646444 4.992435405
24.27296757 4.964013367
24.269660278 4.952463684
24.269556925 4.943187765
24.267696573 4.935720521
24.259221639 4.929881083
24.253020467 4.929881083
24.246199178 4.954065653
24.229766073 4.961171163
24.209612264 4.956184388
24.190905396 4.944169617
24.16289677 4.907789409
24.152768188 4.902595927
24.139228963 4.90543813
24.119901978 4.918899841
24.108429809 4.923059795
24.089619588 4.920217591
24.072463013 4.910269878
24.046934855 4.888927511
23.995775187 4.865052999
23.977998494 4.854149272
23.963115682 4.868696187
23.957121216 4.870814921
23.950816691 4.86779185
23.946475871 4.861642355
23.943168579 4.851694641
23.942755168 4.840506694
23.947406047 4.830584819
23.948336223 4.817691549
23.924358358 4.817794902
23.88188033 4.826889954
23.874748983 4.824977926
23.864413696 4.81608958
23.855215291 4.813221537
23.847877238 4.813996684
23.828240194 4.819345195
23.816664672 4.820611267
23.798474568 4.814745992
23.760027303 4.787434997
23.73790979 4.779063415
23.692847941 4.773404846
23.672694132 4.767203674
23.634040161 4.745137838
23.588048137 4.73394989
23.566550741 4.724441427
23.506089315 4.676434021
23.488415975 4.669845276
23.465058228 4.667209778
23.448315063 4.659406637
23.437152954 4.646565044
23.430021607 4.628840027
23.428264607 4.617342021
23.42836796 4.608608704
23.427437785 4.601348165
23.422580201 4.594061788
23.414518677 4.590832011
23.396018514 4.591607158
23.388370402 4.587266337
23.371213826 4.597265727
23.353953898 4.603570252
23.335867147 4.606800028
23.316436809 4.607730204
23.313026164 4.610210673
23.301967408 4.621708679
23.299590292 4.625119324
23.295146118 4.627599792
23.273131958 4.632018127
23.264863729 4.635067037
23.251841268 4.66297231
23.224246053 4.680051371
23.220835408 4.683513693
23.20863977 4.690541687
23.183731731 4.725268249
23.168745565 4.738109843
23.123890422 4.715630595
23.099395793 4.71165151
23.077381632 4.721056621
23.066632934 4.730177511
23.055160767 4.737799784
23.042758423 4.742967428
23.02932255 4.744931132
23.017333619 4.750512187
23.011132446 4.763638001
23.007205037 4.778443299
22.996249634 4.799501445
22.985707641 4.826424866
22.977439412 4.834305522
22.965037069 4.835287374
22.953048136 4.830791525
22.941472616 4.824719544
22.929690389 4.820611267
22.915220988 4.82115387
22.90591923 4.824202779
22.898374471 4.823582663
22.888762655 4.813221537
22.882871541 4.800741679
22.882354777 4.788494365
22.88679895 4.776686299
22.895583944 4.765394999
22.887315715 4.755498963
22.865301554 4.738678284
22.853829386 4.711263936
22.837292928 4.714235331
22.818069295 4.724596456
22.802876424 4.730642599
22.786029907 4.724648133
22.776418091 4.710101216
22.765152628 4.67602061
22.757401164 4.660801901
22.748719523 4.648270365
22.737867473 4.637754211
22.723604777 4.628840027
22.723811483 4.617031962
22.729805949 4.596748962
22.731149536 4.587266337
22.728669067 4.580290019
22.718953898 4.562771709
22.716783488 4.55651886
22.713682902 4.551222026
22.700143676 4.541067607
22.697043091 4.535744934
22.697146444 4.512025452
22.695079386 4.50148346
22.689498332 4.491664938
22.675649048 4.484740296
22.654358357 4.482828268
22.610330037 4.484223532
22.592449992 4.473707378
22.58697229 4.449393616
22.589039347 4.42195343
22.594000284 4.402316386
22.611260213 4.381852519
22.613740682 4.374359437
22.609296509 4.363352356
22.599891398 4.352551981
22.588005818 4.344180399
22.576533651 4.34084727
22.56857548 4.331545512
22.539326619 4.278163757
22.53974003 4.266924134
22.545734497 4.245943502
22.546147909 4.237184347
22.540463501 4.227262472
22.522170044 4.211346131
22.518242635 4.206798605
22.51049117 4.191269836
22.492714477 4.174035747
22.457367798 4.149076029
22.451532021 4.14667202
22.43183964 4.138559875
22.422641235 4.134787496
22.303268676 4.128715516
22.207253866 4.150316264
22.184722941 4.164604797
22.161881958 4.173183085
22.151650025 4.179461772
22.133046509 4.198659567
22.127878866 4.203077902
22.108448527 4.209847514
22.057805624 4.219536845
22.036612824 4.229438766
22.008919718 4.242377828
22.001478312 4.244651591
21.989592733 4.24423818
21.984528442 4.242946269
21.980290974 4.24062083
21.970782512 4.237184347
21.949905232 4.233463644
21.891614217 4.237184347
21.867739705 4.241551005
21.851926717 4.251679586
21.838077434 4.263255106
21.819887329 4.271936748
21.810998983 4.273176982
21.782060181 4.271936748
21.771001424 4.27348704
21.766040487 4.277207744
21.763249959 4.281677755
21.758495728 4.285605164
21.73730839 4.293382467
21.722942342 4.295139465
21.68893925 4.292452291
21.651112101 4.29565623
21.634162231 4.29420929
21.53814742 4.244651591
21.527812134 4.249250793
21.508071737 4.249405823
21.497219686 4.251472881
21.489881633 4.25625295
21.482440227 4.263125916
21.473138468 4.269301249
21.46021936 4.271936748
21.41691451 4.270076396
21.397690877 4.271626689
21.374849894 4.278163757
21.358313436 4.285553487
21.310357707 4.316094259
21.305500122 4.323148092
21.298885538 4.330227763
21.288343547 4.333380025
21.275321086 4.332527365
21.265915975 4.330072733
21.258371216 4.325990295
21.250723103 4.320357564
21.244625284 4.31376882
21.239147583 4.305603943
21.232429647 4.29782664
21.223437948 4.292452291
21.210932251 4.291573792
21.20297408 4.296638082
21.19573938 4.302916769
21.185610799 4.306069031
21.165560344 4.307154236
21.158118937 4.310203145
21.150057414 4.326713766
21.137965129 4.332682393
21.113573853 4.34084727
21.103445271 4.353275452
21.084221639 4.388234558
21.076056763 4.395469259
21.059623657 4.398595683
20.963505493 4.433735657
20.871521444 4.453372702
20.832350708 4.450685526
20.81870813 4.443528341
20.807029256 4.434252422
20.791836385 4.426190898
20.76785852 4.422780253
20.688380168 4.422780253
20.603114054 4.409731954
20.580273071 4.41500295
20.559809204 4.428361308
20.456712867 4.524815862
20.452322225 4.528923645
20.442090291 4.550498555
20.447051229 4.569670512
20.457179809 4.586439514
20.463070923 4.600934753
20.45645634 4.621501973
20.440229939 4.644110413
20.420592895 4.662352193
20.403746378 4.669845276
20.395478149 4.677105814
20.373670695 4.724441427
20.354033651 4.75539561
20.338944132 4.77190623
20.322511027 4.779063415
20.301737101 4.781647238
20.254814901 4.797124329
20.236624796 4.806348572
20.217194458 4.822445781
20.171719198 4.87835968
20.152598918 4.890684509
20.086349732 4.916264344
20.054620402 4.937813416
20.031055949 4.957993063
20.003977498 4.974477845
19.915404093 4.993107198
19.890909465 5.002124736
19.880367472 5.015534769
19.875509888 5.031063538
19.858163068 5.06030532
19.850188436 5.073748271
19.838612915 5.087545878
19.824660278 5.096976827
19.779185018 5.118164165
19.748799276 5.124417012
19.72874882 5.133847962
19.719550415 5.135966695
19.605552205 5.138292135
19.568758586 5.155190328
19.548604777 5.151366272
19.517082154 5.135966695
19.496514934 5.133796285
19.431505982 5.135966695
19.408975057 5.13038564
19.394195597 5.116975606
19.373111613 5.087545878
19.283814738 5.032277934
19.23699589 5.010780538
19.229761189 5.002176412
19.214671672 4.97613149
19.195654744 4.95034495
19.179014933 4.946417542
19.133022908 4.946934306
19.116176391 4.940448914
19.10674118 4.931518101
19.083310181 4.909339702
19.069047485 4.89125295
19.057782023 4.86779185
19.04899703 4.836527608
19.044139444 4.826889954
19.035767863 4.818001607
19.026879516 4.811516215
19.019748169 4.803299662
19.011583292 4.765033265
18.998044067 4.750641378
18.980474081 4.739401754
18.962283977 4.724441427
18.928177531 4.666434632
18.923836711 4.662868957
18.904509725 4.655866801
18.900168904 4.652146098
18.897895141 4.650647481
18.886526327 4.621398621
18.852419881 4.594061788
18.82823531 4.559981181
18.77697229 4.433451437
18.753304484 4.400611064
18.721058391 4.377356669
18.674342896 4.361311137
18.654085734 4.357228699
18.633931925 4.355962626
18.614294881 4.35981252
18.595794719 4.37125885
18.576467733 4.372757467
18.556830688 4.354153951
18.541947876 4.327850647
18.537090291 4.306069031
18.545048462 4.289015808
18.572540323 4.265683899
18.578638142 4.254857687
18.583909139 4.235789083
18.61966923 4.169565735
18.632691691 4.130420837
18.646540975 4.045981547
18.645300741 3.982445373
18.641580038 3.958260803
18.634552043 3.935729879
18.613674763 3.901468404
18.61171106 3.879092509
18.612023983 3.866611157
18.612847941 3.83374644
18.593004191 3.709774679
18.626387166 3.476868998
18.582462199 3.477385762
18.570266561 3.489607239
18.554350219 3.52637502
18.513422485 3.592236633
18.497092733 3.611460266
18.472081339 3.632053324
18.459058878 3.631381531
18.448000122 3.618023173
18.429706665 3.600220642
18.420611613 3.596370748
18.403661743 3.5973526
18.392292928 3.595853983
18.387848755 3.591668192
18.38371464 3.577999776
18.379890585 3.574382426
18.37286259 3.574537455
18.361597127 3.580170186
18.355602661 3.581462098
18.275917602 3.574382426
18.264858846 3.574744161
18.255867147 3.57722463
18.248529094 3.574899191
18.242534627 3.561127422
18.23540328 3.530922547
18.231579224 3.521155701
18.220003703 3.503947449
18.202537069 3.487333476
18.181556437 3.477385762
18.159852335 3.480305482
18.146726522 3.494904073
18.13401412 3.534824117
18.116444132 3.552006531
18.082027629 3.563452861
18.047094361 3.563142802
18.013091267 3.553970235
17.981878703 3.538803202
17.969476359 3.537511292
17.959864542 3.541076966
17.924517863 3.563452861
17.919246867 3.565597433
17.913562459 3.561334127
17.875321899 3.542730611
17.856408325 3.537304586
17.84214563 3.54014679
17.835324341 3.555830587
17.830570109 3.575674337
17.821164998 3.593993632
17.808349243 3.608592225
17.793156372 3.617506409
17.784474732 3.618229879
17.765147746 3.614354147
17.755949341 3.614509175
17.749644816 3.61807485
17.739929647 3.629159445
17.73321171 3.632208354
17.726080363 3.631846619
17.714504842 3.627505798
17.709130493 3.626420593
17.627275024 3.626317241
17.586760702 3.632234192
17.550483846 3.648150533
17.51348352 3.679182231
17.508935994 3.681766052
17.494983358 3.683212993
17.490125773 3.687140402
17.486198364 3.700292054
17.481857544 3.704762065
17.458913208 3.708276062
17.442686808 3.701273906
17.427493937 3.690111797
17.414488944 3.683414614
17.375714152 3.663446757
17.355767049 3.638435364
17.334373007 3.618514099
17.29809615 3.615904439
17.272257934 3.624560241
17.259442179 3.625903829
17.244972778 3.620606994
17.231123494 3.609108988
17.222958618 3.59851532
17.213966919 3.589291076
17.197223755 3.581720479
17.182857707 3.579601746
17.142756795 3.58084198
17.129010864 3.577069601
17.102139119 3.566605123
17.088393189 3.564434713
17.061418091 3.566140035
17.052426392 3.563969625
17.03578658 3.556140646
17.028861938 3.551541443
17.017596476 3.541800436
17.009224894 3.538131409
17.003127075 3.537717998
16.989691203 3.539474996
16.981939738 3.537976379
16.968607218 3.53348053
16.960545695 3.538441467
16.953207641 3.546890565
16.942252238 3.553091736
16.932433716 3.553918559
16.904735148 3.550637105
16.895536743 3.552368266
16.877243286 3.559163717
16.867838176 3.561540833
16.853162068 3.560093893
16.851818481 3.551903178
16.854609009 3.541335348
16.852645304 3.532808736
16.83300826 3.522861023
16.811924275 3.521672466
16.729552043 3.542213847
16.709398234 3.543712464
16.686350545 3.542213847
16.639428344 3.528597107
16.59850061 3.501673686
16.567701457 3.46438914
16.551681762 3.419766541
16.542793416 3.336154073
16.517782023 3.273238017
16.517161906 3.248691711
16.511477498 3.227245992
16.477060995 3.179393616
16.465485474 3.156500956
16.464762003 3.131799622
16.472720174 3.110612285
16.483158814 3.090148417
16.490806925 3.067824198
16.484192342 3.031909078
16.44553837 2.957650045
16.448328898 2.913466695
16.460524536 2.894604798
16.474993937 2.878378397
16.48377893 2.860394999
16.479128051 2.836313781
16.450602661 2.775593974
16.427492366 2.726492689
16.413705688 2.697200826
16.371124308 2.606922099
16.325649048 2.510493876
16.293506307 2.44207428
16.248031047 2.345594381
16.196664673 2.236453756
16.192840617 2.239502665
16.179714803 2.246995748
16.181265096 2.256555888
16.186949504 2.269319967
16.186536092 2.277691549
16.182918742 2.28115387
16.169069458 2.289887187
16.165968872 2.294796448
16.164728638 2.314795227
16.162868286 2.323838603
16.159250936 2.332933655
16.152326294 2.343268941
16.13341272 2.364818013
16.120907023 2.389571025
16.112948853 2.410448304
16.111501912 2.418561503
16.111501912 2.455871887
16.107057739 2.474165344
16.094345337 2.497523092
16.090314575 2.510493876
16.091244751 2.532766419
16.106851034 2.567027894
16.111501912 2.58619985
16.108504679 2.60661204
16.093105102 2.641493632
16.090314575 2.661905823
16.09372522 2.673119609
16.101373332 2.687847392
16.110468384 2.701438294
16.099099568 2.703970439
16.086283814 2.704952291
16.072847941 2.702833557
16.062616008 2.703195292
16.059308716 2.711825257
16.060032186 2.72582957
16.05620813 2.759832662
16.059928833 2.786187643
16.086903931 2.81316274
16.09517216 2.836778869
16.092381633 2.86328888
16.082459757 2.885664775
16.070160766 2.90659373
16.055381307 2.939769999
16.034193969 2.970620829
16.026235799 2.978992411
16.01579716 2.983488261
16.00608199 2.983953349
15.995436645 2.98147288
15.982000773 2.976718648
15.977763306 2.980956116
15.974249309 2.985762024
15.971562133 2.991188049
15.958229614 3.041520894
15.950064738 3.06100291
15.933424927 3.081776835
15.913994588 3.097951559
15.897768188 3.103532614
15.854773397 3.098985087
15.85094934 3.100432027
15.840200642 3.107408345
15.834206176 3.108545227
15.829141886 3.106633199
15.817566366 3.100121969
15.813535603 3.098985087
15.801029907 3.100897115
15.793175089 3.103274231
15.78563033 3.107976786
15.710699503 3.187455139
15.616855102 3.286777243
15.517946411 3.391602885
15.413973429 3.501880392
15.329740845 3.590996399
15.262305931 3.662589498
15.252639608 3.672851868
15.171300904 3.758970642
15.084897908 3.885836283
15.025986775 4.02608612
15.043143351 4.026137797
15.075182739 4.017972921
15.091719198 4.015854187
15.111252889 4.019936625
15.150423624 4.038514302
15.172437785 4.043811137
15.192074829 4.052234395
15.189801066 4.063112285
15.177708781 4.071458028
15.162412557 4.073938497
15.14845992 4.073938497
15.142568807 4.080449728
15.139261515 4.094583231
15.132853638 4.108535868
15.117764119 4.114323629
15.102571249 4.112411601
15.091202433 4.121790874
15.084484497 4.148610942
15.082934204 4.205506693
15.072805623 4.265942282
15.063813924 4.293434143
15.0485177 4.321649475
15.01389449 4.364256694
15.00738326 4.37777008
15.000561971 4.403194885
14.993947388 4.413297628
14.982061808 4.420480652
14.938343546 4.435931905
14.779696899 4.545046692
14.743730102 4.579979961
14.717271769 4.622018738
14.704249308 4.66935435
14.697324667 4.745215353
14.690710083 4.762139384
14.691846964 4.768702291
14.696084432 4.779735209
14.700631958 4.804281514
14.701458781 4.814384257
14.68698938 4.908874614
14.681615031 4.92094106
14.675827271 4.930759582
14.672106568 4.940810649
14.674483683 4.967579041
14.669832804 4.977113342
14.663424927 4.985717468
14.659497518 4.997034607
14.66013245 5.011439624
14.660324341 5.015793152
14.667455689 5.052767639
14.663011515 5.091447449
14.663218221 5.14183197
14.658877401 5.164543762
14.651539348 5.187513936
14.64048059 5.208236186
14.624460897 5.224049174
14.603583618 5.23425527
14.560485473 5.24859548
14.539711548 5.261798808
14.52389856 5.279678854
14.519867797 5.29058258
14.528032674 5.293011373
14.539608195 5.303579203
14.548393188 5.320503235
14.553974243 5.338228251
14.555937947 5.351328227
14.560795532 5.355462341
14.57082076 5.370939433
14.579295695 5.387605082
14.579605754 5.395382385
14.59283492 5.400033264
14.597279094 5.411479594
14.596245565 5.440108338
14.599552857 5.456644796
14.614125611 5.484860128
14.617432902 5.495298767
14.618879842 5.525451966
14.617226196 5.537880148
14.610611613 5.553667298
14.596555623 5.577231751
14.591491333 5.590951843
14.590147746 5.608289287
14.59283492 5.623869731
14.610611613 5.669138286
14.624357544 5.723605245
14.63107548 5.738048808
14.624047485 5.75830597
14.617432902 5.864966125
14.602963501 5.883388774
14.598002563 5.903490906
14.584773396 5.92341217
14.572474406 5.924187317
14.545395956 5.907573344
14.530616495 5.905919698
14.499197225 5.909537049
14.482144002 5.909640401
14.465710897 5.920673319
14.458166137 5.936408793
14.453825318 5.953875428
14.446900675 5.970024313
14.432327922 5.985449727
14.417548462 5.997257792
14.406076294 6.011029561
14.397704712 6.0191686
14.389436482 6.031054179
14.387266072 6.039038188
14.390263306 6.045781963
14.397704712 6.053946838
14.402458944 6.054877014
14.412897583 6.047022197
14.418168579 6.04712555
14.4225094 6.051363017
14.426023397 6.05986379
14.429123982 6.064178772
14.433568156 6.073868103
14.432709245 6.079122618
14.431811157 6.084616801
14.430570922 6.088079122
14.443903442 6.100248922
14.467054484 6.122598979
14.482144002 6.127068991
14.510979451 6.155335999
14.525965617 6.174068706
14.534957316 6.190088399
14.576401814 6.189778341
14.719028768 6.257862041
14.734841756 6.270445251
14.772255493 6.318323466
14.782384074 6.336771952
14.784657837 6.347804871
14.784347778 6.35868276
14.780006958 6.382221374
14.782177368 6.393616028
14.807292114 6.427799988
14.92187418 6.686413886
14.932452434 6.710289205
14.946095011 6.725740459
14.962321411 6.736695862
15.022369425 6.766539002
15.034565063 6.776770935
15.042213176 6.790775248
15.059059693 6.836276347
15.080247029 6.878082581
15.113216594 6.964692282
15.128926229 7.026497294
15.13616093 7.045307516
15.14701298 7.061843974
15.156108032 7.067786764
15.179052368 7.078380432
15.187527303 7.088612365
15.190214477 7.098792623
15.185356893 7.156876933
15.186597127 7.16633372
15.191248006 7.177340801
15.20509729 7.20023346
15.223907511 7.247517395
15.24656366 7.266731312
15.261321248 7.279246725
15.338215779 7.32218984
15.385344686 7.358363342
15.389168741 7.364151103
15.397436971 7.380739237
15.403224731 7.386371968
15.409632609 7.38766388
15.42844283 7.388800761
15.432783651 7.389730937
15.43495406 7.402908427
15.415523722 7.42084015
15.419451131 7.436549785
15.473297973 7.509103496
15.481049439 7.523262838
15.515569295 7.512204081
15.551949503 7.509878642
15.624813273 7.519748841
15.668531535 7.516286519
15.720001262 7.468640849
15.758345174 7.455566711
15.793898559 7.457995504
15.92526005 7.488174541
15.943140096 7.495305888
15.975696248 7.515201315
15.990372355 7.529412333
16.012283162 7.56031484
16.026339152 7.574887594
16.042978964 7.58393097
16.065199829 7.591217346
16.128761841 7.599485575
16.16266158 7.611112773
16.185605916 7.610751037
16.207206665 7.613541565
16.22725712 7.625582174
16.26188033 7.651885478
16.282757609 7.660102031
16.370814249 7.672504374
16.383009888 7.680669251
16.387144002 7.694673564
16.387040649 7.762628072
16.392208292 7.783608703
16.407401164 7.796062724
16.418149862 7.795856018
16.427244913 7.791463522
16.437373495 7.788362935
16.45091272 7.792083638
16.457217244 7.799628398
16.469412882 7.825828349
16.475717407 7.835801901
16.491737101 7.849237773
16.509203735 7.858281149
16.54868453 7.870011699
16.550131469 7.861691793
16.550751587 7.852700094
16.550234822 7.843501689
16.544860474 7.813012594
16.549304646 7.794719137
16.560156697 7.779732972
16.576383097 7.767795715
16.586821737 7.763558248
16.596433553 7.761129456
16.605218547 7.757202047
16.613073364 7.748210347
16.618137655 7.734309387
16.61617395 7.723870748
16.611833129 7.713897197
16.609869426 7.701598206
16.614210245 7.679584046
16.624545532 7.668680318
16.663199504 7.657414856
16.68686731 7.645787659
16.709811646 7.627752584
16.746708618 7.586566467
16.768619425 7.550237936
16.782365357 7.541142883
16.805516398 7.543675029
16.812854451 7.54770579
16.815071257 7.549543532
16.836728963 7.567497864
16.839622843 7.567446188
16.850371541 7.565895894
16.853885539 7.567497864
16.855849243 7.575404358
16.852438599 7.580261943
16.848097778 7.584706116
16.847167603 7.591579081
16.854815715 7.611474508
16.86546106 7.624445292
16.88065393 7.632868551
16.919617961 7.644082337
16.962716105 7.65069692
16.981939738 7.648733215
16.988967733 7.660773824
16.99754602 7.666716614
17.008294718 7.66764679
17.038990519 7.662479147
17.042091105 7.667026673
17.041057576 7.675501608
17.045605102 7.684700012
17.059351033 7.696533916
17.079091431 7.689919332
17.09025354 7.683821513
17.095524536 7.678240458
17.101932414 7.677723694
17.116298462 7.686870422
17.135522095 7.705112203
17.170558716 7.747538554
17.188645467 7.764126689
17.196396932 7.765160218
17.204561808 7.76381663
17.211073038 7.76831248
17.214483683 7.786812643
17.220684855 7.798181457
17.233790206 7.810801425
17.234637492 7.81161733
17.250863891 7.822831116
17.38573938 7.870476787
17.405996541 7.88303416
17.419122355 7.89822703
17.466354614 7.884119364
17.478343547 7.891819153
17.487231893 7.91445343
17.503664998 7.926235657
17.523818807 7.930989889
17.559785603 7.934710592
17.580766235 7.940601706
17.599989868 7.950368551
17.620660441 7.978738912
17.639884074 7.985043437
17.661794881 7.986283671
17.67977828 7.985198466
17.817237589 7.962099101
17.858785441 7.960445455
17.897852824 7.96747345
17.977227824 7.997187398
18.070452108 8.019201558
18.508254842 8.030673727
18.589283488 8.047881979
18.617912231 8.090127462
18.618635702 8.138651632
18.638582804 8.1776415
18.672585896 8.207510478
18.715063924 8.228671977
18.773768351 8.24861908
18.791234986 8.257378235
18.81304244 8.276421001
18.85490035 8.339802144
18.887456503 8.370963033
18.901305786 8.388636373
18.910400839 8.412975973
18.920529419 8.43212209
19.020471639 8.545577698
19.061296021 8.625624492
19.072261297 8.631872473
19.081656535 8.637225851
19.091475057 8.652857972
19.124134562 8.675078837
19.103877401 8.698049011
19.073491659 8.720528259
19.057782023 8.729700826
19.048686971 8.745668844
18.929107707 8.796544292
18.91732548 8.805148418
18.912467895 8.818403422
18.909677368 8.835327454
18.902959432 8.844810079
18.886526327 8.835844218
18.869783162 8.849409282
18.86967981 8.864111227
18.892727498 8.897933452
18.901409139 8.893980205
18.910607544 8.894238586
18.917738892 8.898811951
18.920736124 8.907855327
18.922906535 8.918216451
18.928590943 8.921678772
18.93644576 8.923358256
18.952052042 8.93198822
18.971895793 8.93821523
18.975926554 8.94198761
18.978510376 8.949454855
18.9848149 8.956431173
18.999491007 8.969634501
19.021918579 8.985214946
19.060675903 9.004180196
19.100570109 9.015264791
19.126718384 9.007177429
19.133643026 9.007177429
19.142117961 9.008676046
19.168783 9.002216492
19.17457076 9.003766784
19.179635051 9.015264791
19.192037394 9.020174052
19.232861776 9.022292786
19.253428996 9.027951356
19.263247518 9.028261414
19.27523645 9.021982727
19.285778442 9.01281016
19.295493612 9.009502869
19.30479537 9.020845845
19.316267537 9.013120219
19.33332076 9.006557312
19.352234334 9.002061463
19.36939091 9.000381978
19.382620076 9.003198345
19.420963989 9.017435202
19.430162394 9.012861837
19.506643514 9.013998718
19.511811157 9.012293396
19.515841919 9.009451192
19.521319621 9.008831075
19.530828084 9.013998718
19.55377242 9.013326925
19.583124633 9.025341696
19.613613729 9.031672059
19.640072062 9.013998718
19.656401814 9.021259257
19.700016723 9.020587464
19.709008423 9.024566548
19.71396936 9.029139913
19.738153931 9.039371847
19.746835571 9.041309713
19.758411092 9.041981506
19.78466272 9.04875112
19.805539998 9.051128235
19.889462525 9.046374004
19.902174927 9.051800029
19.914473917 9.069266663
19.928736613 9.062574565
19.932091369 9.063330566
19.943412719 9.065881856
19.969044231 9.082883403
19.976485637 9.084175313
19.985477335 9.083193461
19.993022094 9.084588725
19.996329386 9.092831116
19.997156209 9.098618876
19.999533325 9.104303284
20.00294397 9.108514913
20.006871379 9.110220236
20.014416137 9.106344503
20.017930135 9.091048279
20.024338012 9.089756368
20.030332478 9.093864644
20.029919067 9.098980611
20.028368775 9.104561666
20.031159302 9.110220236
20.060511515 9.134353129
20.068676391 9.138125509
20.076944621 9.136730245
20.090587199 9.131123352
20.099372193 9.130709941
20.100509074 9.134146423
20.099578898 9.141174418
20.101025838 9.148073222
20.109604126 9.151173808
20.117148885 9.145747782
20.125727172 9.133784688
20.137612752 9.121821594
20.154562622 9.116421407
20.169548788 9.120891418
20.197970825 9.140502625
20.212646932 9.144972636
20.222982218 9.141949565
20.234454387 9.134559835
20.256985311 9.116421407
20.276829061 9.12073639
20.359407999 9.116421407
20.378321574 9.120064596
20.384419393 9.123578593
20.402919555 9.136988627
20.412428019 9.142052918
20.423073364 9.143241476
20.435165649 9.138125509
20.455422811 9.159312846
20.467618449 9.184143372
20.481777792 9.204658915
20.507202596 9.213263041
20.512990357 9.223882548
20.50265507 9.247421163
20.49614384 9.270882264
20.514230591 9.281501771
20.526426229 9.283620504
20.53366093 9.289640809
20.53727828 9.299200948
20.538208456 9.311939189
20.541825806 9.32162852
20.550920858 9.320259095
20.572314901 9.308218485
20.573555135 9.309148661
20.592262003 9.308063457
20.592882121 9.308218485
20.609728638 9.30279246
20.61665328 9.302017314
20.6679163 9.302017314
20.654893839 9.342970887
20.695821574 9.363460592
20.740883423 9.377129008
20.75049524 9.384544576
20.757936646 9.377129008
20.766618286 9.386559957
20.77106246 9.398057963
20.776540161 9.40779897
20.788322388 9.411881409
20.792353149 9.414000142
20.798244262 9.423379415
20.801964966 9.425549825
20.806719197 9.423327739
20.813230428 9.419116109
20.813884309 9.418846864
20.820258422 9.416222229
20.826149536 9.41808258
20.832660767 9.437254537
20.834314412 9.462472636
20.84144576 9.484409282
20.863769979 9.493788554
20.874208618 9.502496033
20.912655884 9.544328105
20.921234171 9.558978373
20.925058227 9.56959788
20.934256632 9.577065125
20.955960734 9.589415792
20.96050826 9.598123271
20.962265259 9.606934103
20.967639608 9.610603129
20.983142538 9.603678488
20.98179895 9.616778463
20.980145304 9.619930726
20.975804484 9.624168193
20.975804484 9.630963643
20.989963826 9.635614522
20.996061645 9.648301087
20.996888468 9.682174988
21.000092408 9.697393697
21.014251749 9.724472148
21.017352336 9.743592428
21.019936157 9.747933248
21.025620565 9.75325592
21.032338501 9.758010152
21.037816203 9.760671489
21.039056437 9.762170105
21.040089966 9.764753927
21.042673787 9.767079366
21.048358195 9.768164571
21.052905721 9.765890809
21.062207479 9.756201477
21.065824829 9.754496155
21.073162882 9.757648417
21.08029423 9.762609355
21.093109986 9.774339905
21.097037394 9.775373434
21.10158492 9.774236552
21.105202271 9.774029847
21.106752563 9.778060608
21.10592574 9.791884054
21.106752563 9.795449728
21.121738728 9.831907451
21.131970662 9.849425761
21.187264445 9.885134176
21.195429322 9.887304586
21.198426554 9.902988383
21.205661255 9.916837667
21.256924276 9.9757488
21.271290323 9.987246806
21.285139608 9.978591004
21.326067342 9.962752177
21.339503214 9.959909973
21.37433313 9.973113301
21.406889282 10.005566101
21.433347616 10.046054586
21.485437459 10.164316101
21.51323938 10.200515442
21.544968709 10.219997457
21.554477172 10.21865387
21.56667281 10.214493917
21.57928186 10.212271831
21.5897205 10.21661265
21.593441203 10.214545594
21.625273885 10.224493307
21.630648234 10.227438864
21.656279745 10.233665873
21.668888794 10.249194641
21.676950317 10.269167582
21.68893925 10.28890798
21.697414185 10.292421977
21.708886352 10.29353302
21.718808228 10.296633606
21.723045695 10.305987041
21.722115519 10.314177755
21.717774699 10.328983053
21.716844523 10.339809265
21.720461873 10.360815735
21.751054321 10.411820373
21.743612915 10.418977559
21.742786093 10.42577301
21.744439738 10.43243927
21.744233032 10.43910553
21.738031861 10.448019714
21.720461873 10.468018494
21.716844523 10.477320252
21.714674113 10.493701681
21.705475708 10.532019755
21.703305298 10.552406108
21.705475708 10.571810608
21.714674113 10.601395365
21.716844523 10.621006572
21.722632284 10.636716207
21.736481567 10.646172994
21.753431437 10.65072052
21.768417603 10.651986593
21.774205363 10.655164694
21.778752889 10.662270203
21.784850708 10.669324036
21.7953927 10.672476299
21.803557577 10.673664856
21.822574504 10.678754985
21.83290979 10.679943543
21.85275354 10.670150859
21.863605591 10.667928772
21.868359823 10.676222839
21.872080526 10.677592265
21.895024862 10.699193013
21.925617309 10.720121969
21.943083944 10.728261007
22.003855428 10.74327301
22.014604126 10.75456431
22.004888957 10.775519104
22.011400187 10.789290873
22.018324829 10.809883932
22.029486938 10.828745829
22.048607218 10.83698822
22.132426392 10.828539124
22.14823938 10.83076121
22.176351359 10.816214295
22.189787231 10.837298279
22.200639282 10.868665873
22.229371378 10.891971944
22.240120076 10.905898743
22.253039185 10.915303854
22.268438761 10.908999329
22.276500285 10.908534241
22.287248983 10.915949809
22.305955852 10.932563782
22.318771606 10.939359233
22.339442179 10.947730815
22.361146281 10.953647766
22.364690321 10.954208607
22.391842082 10.958505351
22.407034952 10.963052877
22.41923059 10.970726827
22.437627401 10.991552429
22.447135865 10.998270366
22.460468384 11.000828349
22.476281372 10.997960307
22.490750773 10.993154399
22.502843058 10.992172547
22.51193811 11.000828349
22.53467574 10.980519511
22.555759725 10.978969218
