-61.631581184 12.044094143
-61.674427864 12.022040106
-61.674427864 12.029486395
-61.682972786 12.025376695
-61.689361132 12.01976146
-61.693430142 12.012274481
-61.694935676 12.002834377
-61.70425371 12.004543361
-61.713246223 12.007269598
-61.721750455 12.011053778
-61.729644335 12.01581452
-61.739979621 12.006903387
-61.756947395 12.003404039
-61.775542773 12.004339911
-61.790516731 12.008368231
-61.755848762 12.030259507
-61.749501106 12.036322333
-61.745961067 12.05093008
-61.748850064 12.06264883
-61.753773567 12.07416413
-61.756418424 12.087836005
-61.75104733 12.110093492
-61.730295377 12.149318752
-61.729644335 12.166652736
-61.671457486 12.236070054
-61.650502082 12.239732164
-61.627674934 12.236721096
-61.606027799 12.223374742
-61.60667884 12.220282294
-61.612945116 12.214422919
-61.604562955 12.197455145
-61.60277259 12.182928778
-61.606312629 12.133775132
-61.608713345 12.126776434
-61.613107877 12.119859117
-61.619781054 12.104559637
-61.619455533 12.096747137
-61.613840299 12.080389716
-61.616363085 12.077297268
-61.621571418 12.074937242
-61.624501106 12.069037177
-61.625721809 12.061224677
-61.62604733 12.053045966
-61.631581184 12.044094143
-61.423329231 12.495184637
-61.427398241 12.475409247
-61.428049283 12.454657294
-61.445668098 12.459784247
-61.462554491 12.455145575
-61.479237434 12.446722723
-61.496245898 12.440375067
-61.492787239 12.446478583
-61.486073371 12.462225653
-61.482655403 12.468329169
-61.485747851 12.46881745
-61.496245898 12.468329169
-61.494781054 12.472316799
-61.488880989 12.482001044
-61.467274543 12.475572007
-61.45433509 12.492824611
-61.443470832 12.516546942
-61.428049283 12.529730536
-61.421620246 12.513373114
-61.423329231 12.495184637
