-16.394520637 19.599920966
-16.397694465 19.599920966
-16.392730273 19.61713288
-16.358550585 19.677435614
-16.320912239 19.728501695
-16.3095597 19.730780341
-16.301625129 19.72260163
-16.313384569 19.704657294
-16.329823371 19.689927476
-16.342193163 19.676418361
-16.358713345 19.647894598
-16.394520637 19.599920966
-16.477894661 19.685532945
-16.484242317 19.677720445
-16.491851366 19.684068101
-16.496896939 19.705511786
-16.491118944 19.725083726
-16.477162239 19.731512762
-16.469593879 19.729966539
-16.468983528 19.719712632
-16.471547004 19.699652411
-16.477894661 19.685532945
-16.336822069 19.85569896
-16.367054817 19.721096096
-16.392323371 19.658351955
-16.432484504 19.601263739
-16.449696418 19.622788804
-16.452951627 19.629217841
-16.452748176 19.637274481
-16.45030677 19.646470445
-16.4501847 19.65648021
-16.456654426 19.666734117
-16.463978645 19.684637762
-16.457142707 19.70335521
-16.428334114 19.744614976
-16.426258918 19.748968817
-16.427398241 19.777980861
-16.426258918 19.786851304
-16.418202278 19.805609442
-16.405384895 19.821112372
-16.390939908 19.826117255
-16.377797004 19.813544012
-16.358387825 19.853176174
-16.345936653 19.868353583
-16.336822069 19.85569896
-16.448109504 20.574530341
-16.45417233 20.571112372
-16.467274543 20.576239325
-16.474232551 20.594183661
-16.469105598 20.609076239
-16.459299283 20.614691473
-16.450672981 20.612534898
-16.44640052 20.607326565
-16.448109504 20.574530341
-6.148741414 21.219532776
-6.134633748 21.098868307
-6.120526083 20.978203837
-6.113704793 20.919551087
-6.098615275 20.790721741
-6.083577434 20.661892395
-6.076756144 20.603342997
-6.064095418 20.495442607
-6.049677694 20.370488993
-6.035363322 20.245483704
-6.020945598 20.120530091
-6.006579549 19.995524801
-5.992161824 19.870597025
-5.977847453 19.745617574
-5.963533081 19.620612285
-5.949115356 19.495632833
-5.949115356 19.495581157
-5.949115356 19.49552948
-5.949115356 19.495477804
-5.934025839 19.35794098
-5.927566284 19.299546611
-5.921210083 19.241229757
-5.914802206 19.182887065
-5.908394328 19.124570211
-5.898214071 19.031785177
-5.888033814 18.939051819
-5.87780188 18.846318462
-5.8676733 18.753585104
-5.857544718 18.66080007
-5.847364461 18.568066712
-5.837080851 18.475333354
-5.826952271 18.38254832
-5.816772014 18.289892477
-5.80654008 18.197081604
-5.796359823 18.104374085
-5.786179566 18.011666565
-5.776361043 17.921439514
-5.766387492 17.83126414
-5.756465617 17.741037089
-5.746647095 17.650758362
-5.736673544 17.560582988
-5.726803345 17.470355937
-5.716933146 17.380180562
-5.706959595 17.289953512
-5.69703772 17.199726461
-5.687167522 17.10949941
-5.677297323 17.019324036
-5.667323771 16.929096985
-5.657453572 16.838818257
-5.647583374 16.748642883
-5.637609823 16.658364156
-5.627687948 16.568137106
-5.623347127 16.527829489
-5.614562134 16.511861471
-5.605880494 16.495893453
-5.566503052 16.469486797
-5.529709432 16.444992167
-5.485371054 16.415433248
-5.445941935 16.389026591
-5.404962525 16.361689758
-5.364913289 16.334921367
-5.360107382 16.329908752
-5.355301473 16.324792786
-5.354267944 16.318384908
-5.353286092 16.311977031
-5.358918823 16.282366435
-5.37721228 16.187798564
-5.395454061 16.093179017
-5.413799195 15.998559469
-5.431989299 15.903939922
-5.45079952 15.806839905
-5.469558065 15.709791565
-5.488368286 15.61266571
-5.507075155 15.515539857
-5.508057007 15.510656434
-5.508761371 15.506899828
-5.508987183 15.505695496
-5.509917359 15.500812073
-5.510950887 15.495902812
-5.510950887 15.495670268
-5.510950887 15.495437724
-5.510950887 15.495282695
-5.510950887 15.495075989
-5.510950887 15.494817607
-5.510950887 15.494662577
-5.510950887 15.494507549
-5.510950887 15.494300842
-5.510950887 15.494197489
-5.511105917 15.494042461
-5.511260946 15.493990784
-5.511312622 15.493887431
-5.511364299 15.493732401
-5.511519328 15.493680725
-5.51162268 15.493525696
-5.511726034 15.493422343
-5.51193274 15.493422343
-5.512191121 15.493422343
-5.512294474 15.493422343
-5.512552856 15.493422343
-5.512759562 15.493422343
-5.512966268 15.493422343
-5.513121297 15.493422343
-5.51337968 15.493422343
-5.513741415 15.493525696
-5.514051473 15.493629049
-5.514361532 15.493732401
-5.51467159 15.493835755
-5.514981649 15.493913269
-5.515291708 15.494042461
-5.515601766 15.494145813
-5.515963501 15.494249166
-5.673163208 15.494300842
-5.807315227 15.494352519
-5.870257121 15.494352519
-5.93821163 15.494352519
-6.010817016 15.494378357
-6.087814901 15.494455872
-6.221605184 15.494507549
-6.320144865 15.494543123
-6.364748901 15.494559225
-6.516005819 15.494610901
-6.673928996 15.494662577
-6.837174845 15.494740093
-7.004503133 15.494817607
-7.174518596 15.494817607
-7.345877645 15.49492096
-7.517236694 15.494972636
-7.687200481 15.495024313
-7.854528768 15.495075989
-8.017826294 15.495127665
-8.175801147 15.49520518
-8.327006389 15.495282695
-8.470201782 15.495282695
-8.603940389 15.495386048
-8.689309856 15.495437724
-8.769253297 15.495437724
-8.843408977 15.495437724
-8.911156779 15.495437724
-9.003215639 15.495526284
-9.018592082 15.495541076
-9.141378709 15.495581427
-9.175843466 15.495592753
-9.349217896 15.49564443
-9.342965047 15.586930847
-9.329322469 15.655247091
-9.332423056 15.6875707
-9.356452596 15.69785431
-9.375934611 15.685917053
-9.437016154 15.614887798
-9.45169226 15.588326111
-9.45184729 15.559206441
-9.435879272 15.495954489
-9.435879272 15.495902812
-9.42389034 15.440531515
-9.672118083 15.430661316
-9.720823121 15.420920309
-9.740718547 15.412600403
-9.797355917 15.380302633
-9.835596476 15.371104228
-9.951403361 15.381206971
-10.067623658 15.364748026
-10.10829301 15.365884908
-10.131599081 15.372628683
-10.167979289 15.395185445
-10.188391479 15.404719747
-10.196091268 15.405288188
-10.214488078 15.401980896
-10.223221395 15.402032573
-10.308745891 15.435208842
-10.322646851 15.437095032
-10.370757609 15.43350352
-10.398404501 15.438697001
-10.500413778 15.440350647
-10.515503296 15.437740988
-10.534985311 15.441694235
-10.551521769 15.439162089
-10.584746268 15.428127152
-10.587385214 15.427250672
-10.60712561 15.424434306
-10.648880168 15.424873556
-10.709186564 15.433865255
-10.725361287 15.43306427
-10.736368368 15.42262563
-10.740140748 15.403582866
-10.738900512 15.362164205
-10.746807007 15.341131897
-10.754506795 15.333638815
-10.770681518 15.324672953
-10.781740276 15.308420716
-10.790111857 15.306844585
-10.800188761 15.306844585
-10.811040812 15.303123882
-10.827215535 15.287698466
-10.83439856 15.271394552
-10.844062052 15.234549255
-10.855327515 15.217651062
-10.882250936 15.192846375
-10.8908809 15.176749166
-10.9062288 15.1197759
-10.915168823 15.102903544
-10.948035034 15.151996155
-10.985190389 15.187497864
-11.012733928 15.239587708
-11.045393433 15.270205994
-11.29819454 15.451047669
-11.316901408 15.471666565
-11.409557251 15.602201233
-11.434827026 15.62338857
-11.45823645 15.63294871
-11.515390584 15.644420878
-11.524382284 15.643464864
-11.527327841 15.642560527
-11.525622518 15.638348897
-11.52298702 15.635248312
-11.519576375 15.632742005
-11.515390584 15.630261536
-11.513116822 15.62527476
-11.512341675 15.620184632
-11.513116822 15.615042826
-11.515390584 15.610081889
-11.524278931 15.600289205
-11.535957804 15.594914856
-11.562571167 15.587240906
-11.579210979 15.577964986
-11.614867716 15.541171367
-11.644116578 15.526443583
-11.670833293 15.528407288
-11.697550008 15.536804708
-11.701739991 15.537424767
-11.727057251 15.541171367
-11.727057251 15.506987406
-11.729434367 15.496057841
-11.754859172 15.469082744
-11.767674927 15.437198385
-11.783487915 15.365884908
-11.816922567 15.296095887
-11.821056681 15.28010203
-11.826792766 15.232559713
-11.845654663 15.179074606
-11.848186808 15.15814565
-11.847308309 15.148740539
-11.844207724 15.134839579
-11.845137899 15.124555969
-11.856765097 15.084248352
-11.859142213 15.054069316
-11.860899211 15.049005026
-11.851029012 15.041951192
-11.844466105 15.044328308
-11.839195109 15.049005026
-11.832838908 15.049005026
-11.821160035 15.039754944
-11.813770305 15.028541159
-11.81108313 15.014304302
-11.813201864 14.996088359
-11.813201864 14.995933329
-11.820591594 14.980275371
-11.825810913 14.962472839
-11.83092688 14.926428528
-11.830100057 14.920330709
-11.827361207 14.915576477
-11.820436564 14.90640391
-11.820384888 14.899970195
-11.826069295 14.89655955
-11.83309729 14.894699199
-11.837076376 14.893097229
-11.84048702 14.888498027
-11.845602987 14.883227031
-11.850822306 14.876483256
-11.854698039 14.86731069
-11.862604533 14.854081523
-11.877487345 14.84152415
-11.895729126 14.832067363
-11.935985067 14.823618266
-11.950299439 14.811551819
-11.973967245 14.779848328
-11.991485555 14.768040263
-12.011070923 14.762743429
-12.031069703 14.762820943
-12.049673218 14.76721344
-12.057062948 14.761942444
-12.062333944 14.746258647
-12.070395468 14.734398906
-12.081454224 14.740031637
-12.123673869 14.776644389
-12.13886674 14.784525045
-12.160209106 14.781011047
-12.203255574 14.766179912
-12.224778809 14.763441061
-12.246792969 14.767006734
-12.264130412 14.774939067
-12.319579224 14.81718455
-12.38249528 14.846019999
-12.400091105 14.860386047
-12.433835816 14.899427592
-12.447633423 14.907437439
-12.448201864 14.918211976
-12.471507934 14.998000387
-12.476262166 15.007741395
-12.484892131 15.017275696
-12.495563314 15.02301178
-12.518972737 15.028282776
-12.529592245 15.034354757
-12.547058879 15.047170512
-12.602145956 15.07877065
-12.615065063 15.094609477
-12.62294572 15.102257589
-12.632273315 15.105435689
-12.647647054 15.103161927
-12.67927303 15.093782654
-12.689585457 15.092478506
-12.690305949 15.09238739
-12.717048503 15.103420308
-12.746639017 15.131135942
-12.754565592 15.138560282
-12.779757853 15.146389262
-12.780920573 15.149076436
-12.783995321 15.15814565
-12.784667114 15.166026306
-12.779266927 15.191399435
-12.779473633 15.199615987
-12.78197994 15.207289937
-12.787225097 15.214162903
-12.79632015 15.22028656
-12.806397054 15.223077088
-12.816964884 15.223077088
-12.838333089 15.218762106
-12.84789323 15.218942973
-12.856781576 15.221991882
-12.865489054 15.22868398
-12.888355876 15.250879008
-12.894376181 15.263358866
-12.884195923 15.270826111
-12.850037802 15.267389629
-12.833449667 15.269999288
-12.828049479 15.28387441
-12.834534872 15.300230001
-12.847273112 15.3132783
-12.9068302 15.35268158
-12.918974162 15.365368144
-12.927216553 15.380741883
-12.93101477 15.397045797
-12.9311698 15.430532125
-12.933055989 15.43828359
-12.93755184 15.445776673
-12.947602906 15.458618266
-12.950910197 15.465413717
-12.954940959 15.493060608
-12.958015707 15.501742249
-12.964320231 15.509157817
-12.980184896 15.516289165
-12.995842855 15.514222107
-13.0105448 15.506289774
-13.023773967 15.495954489
-13.038889323 15.486885274
-13.053229533 15.485102438
-13.083845014 15.492750019
-13.089583903 15.497039693
-13.093097901 15.50621226
-13.094958252 15.514713033
-13.095087443 15.523420512
-13.089454712 15.561040955
-13.09180599 15.575122782
-13.099014852 15.586879171
-13.109711874 15.596413473
-13.12221757 15.603493143
-13.14523942 15.609539287
-13.152551636 15.612407329
-13.171051799 15.625352275
-13.178234822 15.628194479
-13.192807577 15.628969625
-13.222805745 15.623853658
-13.237843587 15.623440247
-13.247300374 15.648296611
-13.248747315 15.65671987
-13.247662109 15.665608216
-13.243993083 15.673721415
-13.228877726 15.696614075
-13.227120728 15.703952128
-13.228257609 15.711290182
-13.232546753 15.719610087
-13.243941406 15.73578481
-13.250659343 15.742761129
-13.25866919 15.748807272
-13.273965414 15.757488912
-13.28096757 15.762811585
-13.286135213 15.769632874
-13.287452962 15.778159485
-13.285230876 15.78663442
-13.281897746 15.795109355
-13.279675659 15.803532613
-13.27995988 15.822859599
-13.284765788 15.839912822
-13.293654134 15.855312399
-13.311766724 15.875776266
-13.316030029 15.881770732
-13.318174602 15.888488668
-13.318174602 15.896705221
-13.314350545 15.913603414
-13.313730428 15.922130026
-13.315926676 15.930449931
-13.321766114 15.938149719
-13.34701005 15.956753235
-13.355795044 15.965538229
-13.363339803 15.975098368
-13.369773519 15.985485331
-13.383674479 16.019178365
-13.385043905 16.026878154
-13.386051595 16.044396464
-13.388557902 16.052096253
-13.394578207 16.059279276
-13.422095907 16.077210999
-13.427031006 16.083050435
-13.435066691 16.096537985
-13.440027629 16.101860657
-13.455091309 16.102222392
-13.491549032 16.088424785
-13.501703451 16.095142721
-13.499868937 16.11064565
-13.483099936 16.141031392
-13.484934448 16.154984029
-13.491549032 16.15627594
-13.497259277 16.156069234
-13.502788655 16.154415589
-13.516405396 16.149041239
-13.56906368 16.138189188
-13.599397746 16.125476787
-13.606968344 16.1232547
-13.610482341 16.122892965
-13.629266724 16.122789612
-13.635028646 16.121601054
-13.662417155 16.107441711
-13.668954223 16.10573639
-13.675930542 16.106924947
-13.67812679 16.108216859
-13.684689697 16.113797913
-13.687454387 16.115244853
-13.693578044 16.117518616
-13.696006836 16.11891388
-13.697298747 16.12036082
-13.69884904 16.123926494
-13.699960083 16.125631816
-13.704481771 16.128835754
-13.714842895 16.132763163
-13.71957129 16.135605367
-13.722775228 16.146095683
-13.71830571 16.159288152
-13.712620809 16.176068013
-13.71057959 16.188883769
-13.72013973 16.189968974
-13.72941565 16.189503886
-13.738226482 16.18712677
-13.746701417 16.182372539
-13.754246175 16.175344544
-13.77199703 16.150436503
-13.778818319 16.143201803
-13.794941366 16.13121287
-13.811322795 16.122066142
-13.81920345 16.119275615
-13.82731665 16.118500469
-13.835765747 16.120567525
-13.844834962 16.126045227
-13.852767293 16.133486634
-13.859071819 16.142271627
-13.86382605 16.151831767
-13.872275147 16.178755189
-13.877236084 16.186868388
-13.88382483 16.193741354
-13.899586141 16.205316875
-13.907828532 16.21001943
-13.947050944 16.221129863
-13.964078329 16.230069886
-13.967799032 16.246037903
-13.962683065 16.263969625
-13.9630448 16.272392883
-13.967437297 16.281384583
-13.977281657 16.293838602
-13.979322876 16.300349833
-13.977462524 16.308824768
-13.971158 16.324224345
-13.971855632 16.331200663
-13.977850098 16.337970276
-13.987048502 16.342879537
-14.006711386 16.350269267
-14.015599732 16.355850322
-14.033066365 16.376055807
-14.039835978 16.38210195
-14.073038086 16.400653789
-14.132440145 16.45264028
-14.166391561 16.490880839
-14.190085205 16.507107239
-14.197190714 16.51346344
-14.214166422 16.534960836
-14.222279623 16.539611715
-14.233674276 16.541575419
-14.257652141 16.543177389
-14.268064942 16.547879944
-14.273258423 16.555631409
-14.274576172 16.573511454
-14.277960978 16.581262919
-14.287650309 16.585707093
-14.325968384 16.582399801
-14.335321819 16.586482239
-14.33702714 16.594130351
-14.331756144 16.613147278
-14.331342733 16.624102682
-14.335528524 16.631544088
-14.34325415 16.636660055
-14.406635295 16.660792948
-14.426246501 16.659604391
-14.435832479 16.655987041
-14.462058268 16.640794169
-14.471954305 16.636401672
-14.482392945 16.633662821
-14.493089966 16.632474264
-14.503916178 16.632680969
-14.544456339 16.640845846
-14.555127523 16.640587464
-14.597011272 16.629166972
-14.608070028 16.628805237
-14.619077108 16.630665589
-14.647189087 16.64353302
-14.655974081 16.645910136
-14.665895955 16.645651754
-14.699692342 16.637125143
-14.711216186 16.635781556
-14.882006795 16.647667134
-14.912495891 16.64063914
-14.930944376 16.643377991
-14.94133134 16.656038717
-14.948934023 16.67055293
-14.949857951 16.672316793
-14.962932089 16.685804342
-14.974300904 16.691385397
-14.996625122 16.682445374
-15.006908732 16.67583079
-15.013368286 16.666580709
-15.016520548 16.652576396
-15.018742635 16.646116842
-15.023651896 16.639967347
-15.029853069 16.635471497
-15.03693274 16.632577617
-15.044374146 16.631905823
-15.05155717 16.634179586
-15.061995809 16.643791403
-15.069850627 16.65526357
-15.078894003 16.664978739
-15.093311727 16.66916453
-15.107574422 16.665392151
-15.116256063 16.655521953
-15.118271444 16.642602844
-15.112328654 16.629218649
-15.096153931 16.613974101
-15.092846639 16.6076179
-15.093208374 16.600176494
-15.097497518 16.594492086
-15.104008749 16.590357971
-15.125092733 16.582709859
-15.232476359 16.566380107
-15.248599406 16.565811666
-15.295935018 16.573046367
-15.328026083 16.571961161
-15.343632365 16.568705546
-15.385748657 16.551755677
-15.399804647 16.548345032
-15.414532431 16.548034974
-15.426883097 16.553150941
-15.433704387 16.562504375
-15.43944047 16.572684632
-15.448845581 16.580177714
-15.463986776 16.581469625
-15.478507854 16.5751651
-15.490910197 16.564519755
-15.51519812 16.530930074
-15.524809937 16.522196757
-15.536695516 16.51651235
-15.551474976 16.515117086
-15.594418091 16.523643698
-15.609662638 16.521318258
-15.621496542 16.514238587
-15.643614055 16.494653219
-15.657411662 16.486178284
-15.672191121 16.481372376
-15.687539022 16.480545553
-15.703196981 16.484421286
-15.726813111 16.495273336
-15.735288045 16.497702128
-15.767740845 16.499459127
-15.812957723 16.513773499
-15.828925741 16.514548645
-15.853575399 16.510259501
-15.861998657 16.510259501
-15.896931926 16.518424378
-15.911039591 16.516874084
-15.950675416 16.499820862
-15.958065145 16.498425599
-15.96436967 16.498994039
-15.977288778 16.503954977
-15.985608684 16.505867005
-15.993101766 16.50462677
-16.000181438 16.501061096
-16.007312785 16.496151836
-16.031187296 16.49289622
-16.053769898 16.495428365
-16.074027059 16.504885153
-16.090976929 16.522196757
-16.103069214 16.539560039
-16.110458944 16.546949768
-16.119657349 16.552375793
-16.132266398 16.554752909
-16.144307007 16.552685853
-16.155779175 16.547518209
-16.185183065 16.527312724
-16.195363322 16.522713522
-16.206732138 16.520749817
-16.217945923 16.521524963
-16.25101884 16.527622782
-16.273808146 16.52317861
-16.295098837 16.510621237
-16.313547323 16.493309632
-16.327396607 16.474551087
-16.334941365 16.455792542
-16.340160685 16.415898336
-16.38108842 16.24665802
-16.385377564 16.23492747
-16.391682088 16.224747213
-16.407288371 16.214825338
-16.444185344 16.206298727
-16.458758098 16.194154765
-16.465992798 16.174052633
-16.470436971 16.106356507
-16.487800252 16.06604889
-16.50159786 16.021865539
-16.507540649 16.010393372
-16.509917765 15.901511129
-16.519736288 15.846372376
-16.542345659 15.8088478352
-16.527333137 15.977362372
-16.529286262 16.065822658
-16.539214648 16.267238674
-16.529286262 16.332709052
-16.522206184 16.350531317
-16.494496223 16.401597398
-16.486154752 16.451727606
-16.47769121 16.466498114
-16.467152473 16.492865302
-16.467193163 16.600246486
-16.459217903 16.643947658
-16.379139778 16.841009833
-16.357818163 16.874660549
-16.343088345 16.942287502
-16.325998502 16.975246486
-16.278065559 17.040716864
-16.19253496 17.219305731
-16.186675585 17.243841864
-16.172596809 17.262355861
-16.078968879 17.544826565
-16.048980273 17.667181708
-16.041411913 17.799994208
-16.024159309 17.960150458
-16.035227017 18.141424872
-16.069406705 18.484035549
-16.080555793 18.51972077
-16.131988085 18.628648179
-16.155669726 18.752508856
-16.17296302 18.79311758
-16.163970507 18.816839911
-16.165598111 18.844183661
-16.204579231 18.982733466
-16.210357226 18.995876369
-16.238921679 19.061021226
-16.282785611 19.130438544
-16.341867642 19.195746161
-16.360707161 19.212469794
-16.364735481 19.214585679
-16.36827552 19.221502997
-16.376576301 19.223578192
-16.386463996 19.224595445
-16.394886848 19.228501695
-16.411854621 19.239243882
-16.450917121 19.25018952
-16.467193163 19.259263414
-16.474598762 19.270819403
-16.491281705 19.313055731
-16.494496223 19.330959377
-16.504750129 19.350002346
-16.524077929 19.365912177
-16.535471158 19.380804755
-16.521839973 19.396429755
-16.463734504 19.381537177
-16.407785611 19.389227606
-16.359201627 19.415838934
-16.323231575 19.457912502
-16.299549934 19.496649481
-16.293853319 19.516099351
-16.284901496 19.529282945
-16.282826301 19.536078192
-16.285878059 19.542710679
-16.292551236 19.546576239
-16.299143033 19.54702383
-16.302113411 19.54319896
-16.307281054 19.543605861
-16.362904426 19.485825914
-16.391468879 19.464056708
-16.350493944 19.546616929
-16.364654101 19.53925202
-16.405181444 19.507147528
-16.419422981 19.492010809
-16.426258918 19.482489325
-16.432240364 19.471380927
-16.434193489 19.459540106
-16.429351366 19.447943427
-16.428944465 19.441717841
-16.437489387 19.422796942
-16.439930793 19.413234768
-16.44245358 19.41034577
-16.448353645 19.408636786
-16.455067512 19.408270575
-16.460357226 19.409491278
-16.465077278 19.412543036
-16.465728319 19.414496161
-16.465402799 19.417303778
-16.467193163 19.423163153
-16.468861457 19.431219794
-16.468495246 19.455715236
-16.467193163 19.464056708
-16.457753059 19.479681708
-16.431630012 19.505926825
-16.426258918 19.523016669
-16.422515429 19.543850002
-16.412831184 19.554185289
-16.39948483 19.561753648
-16.384632942 19.573919989
-16.289133267 19.71112702
-16.283111132 19.716376044
-16.276356575 19.720445054
-16.27082272 19.725897528
-16.268625455 19.735337632
-16.267404752 19.755275783
-16.264271614 19.762844143
-16.257964648 19.76569245
-16.256011523 19.76951732
-16.238433398 19.787665106
-16.233794726 19.793646552
-16.233509895 19.804348049
-16.235951301 19.813299872
-16.240956184 19.820990302
-16.248036262 19.827826239
-16.240223762 19.834458726
-16.235178189 19.842433986
-16.233062304 19.85162995
-16.233794726 19.861965236
-16.249623176 19.853461005
-16.2548722 19.848293361
-16.257801887 19.864162502
-16.24347897 19.888739325
-16.248036262 19.902899481
-16.266509569 19.913723049
-16.279164192 19.905218817
-16.286529101 19.890448309
-16.289133267 19.882473049
-16.305572069 19.873032945
-16.312733528 19.877630927
-16.313303189 19.889715887
-16.3095597 19.902899481
-16.304025845 19.91400788
-16.29796302 19.922512111
-16.239084439 19.979193427
-16.222482877 20.003566799
-16.213978645 20.033270575
-16.218373176 20.057928778
-16.248605924 20.108465887
-16.261138476 20.135687567
-16.253244595 20.135158596
-16.246083137 20.135728257
-16.239613411 20.138128973
-16.233794726 20.143133856
-16.211659309 20.175604559
-16.203114387 20.19550202
-16.199696418 20.215155341
-16.202259895 20.233303127
-16.208973762 20.248358466
-16.237619595 20.289984442
-16.243723111 20.29311758
-16.257964648 20.293931382
-16.267486132 20.298244533
-16.272124804 20.307603257
-16.275135871 20.317043361
-16.279164192 20.321234442
-16.295074023 20.330552476
-16.323231575 20.396389065
-16.332427538 20.405462958
-16.341216601 20.411322333
-16.347889778 20.417547919
-16.350493944 20.427435614
-16.347727017 20.430853583
-16.342030403 20.432806708
-16.338002082 20.435492255
-16.339955207 20.441066799
-16.342762825 20.445135809
-16.349232551 20.457424221
-16.353505012 20.476385809
-16.391184049 20.569484768
-16.401031054 20.583238023
-16.415679491 20.588771877
-16.423898892 20.601263739
-16.425200976 20.626125393
-16.429554817 20.644232489
-16.446685351 20.636542059
-16.467193163 20.649603583
-16.467193163 20.657049872
-16.421945767 20.669134833
-16.408680793 20.675034898
-16.429351366 20.677557684
-16.464670377 20.67194245
-16.480824348 20.675116278
-16.494496223 20.691148179
-16.487049934 20.697984117
-16.501332161 20.725978908
-16.508046028 20.73061758
-16.529286262 20.738959052
-16.53628496 20.69537995
-16.52843177 20.598618882
-16.542347786 20.560858466
-16.552479621 20.576402085
-16.565500455 20.587347723
-16.590728319 20.602443752
-16.598988411 20.611070054
-16.611805793 20.634466864
-16.621164517 20.646470445
-16.633656379 20.654974677
-16.66502845 20.670558986
-16.672678189 20.677557684
-16.673451301 20.688950914
-16.668690559 20.693670966
-16.662342903 20.69537995
-16.659006314 20.697984117
-16.659291145 20.706529039
-16.66502845 20.71474844
-16.666411913 20.722154039
-16.671131965 20.737127997
-16.682525194 20.749212958
-16.710194465 20.770005601
-16.713978645 20.777655341
-16.713693814 20.796210028
-16.717355924 20.804144598
-16.734120246 20.821519273
-16.745432095 20.868597723
-16.751535611 20.879868882
-16.762033658 20.892035223
-16.768950976 20.906805731
-16.773101366 20.922552802
-16.775054491 20.93764883
-16.779408332 20.932806708
-16.785755989 20.927964585
-16.788685676 20.923976955
-16.803212043 20.93744538
-16.808990038 20.952582098
-16.811634895 20.96889883
-16.816639778 20.986029364
-16.822987434 20.993150132
-16.832142707 21.00014883
-16.840402799 21.009507554
-16.843983528 21.023871161
-16.849354621 21.033636786
-16.873280403 21.064642645
-16.878732877 21.078517971
-16.880767382 21.092596747
-16.885812955 21.108587958
-16.898548957 21.13686758
-16.917591926 21.159165757
-16.931223111 21.151516018
-16.957264778 21.105861721
-17.000070767 21.05097077
-17.010121223 21.04295482
-17.015858528 21.03123607
-17.008412239 21.013373114
-16.99718177 21.018500067
-16.995961067 21.001410223
-17.002268033 20.9649112
-17.004383918 20.932440497
-17.008412239 20.923976955
-17.018055793 20.91791413
-17.041249153 20.911363023
-17.049427864 20.903509833
-17.050119595 20.89476146
-17.045521614 20.887193101
-17.035755989 20.876776434
-17.02855384 20.860825914
-17.027902799 20.854234117
-17.028920051 20.842027085
-17.038441536 20.799790757
-17.046945767 20.777818101
-17.0568741525 20.766913153
-17.081174886 20.87474762
-17.077428345 20.904513245
-17.054018921 20.995463766
-17.0473785 21.027399801
-17.00492631 21.141914775
-16.985702678 21.237826233
-16.968339396 21.324590963
-16.958830933 21.332859192
-16.842817343 21.332859192
-16.80142452 21.332859192
-16.684635783 21.332910868
-16.503148153 21.332910868
-16.267710327 21.332910868
-15.989019328 21.333014222
-15.678082235 21.333065898
-15.345544393 21.333065898
-15.002257854 21.333169251
-14.658971313 21.333169251
-14.326485149 21.333220927
-14.295597565 21.333226059
-14.015496379 21.333272603
-13.736908732 21.33332428
-13.50141923 21.333375956
-13.319854086 21.333375956
-13.203091187 21.333375956
-13.161724203 21.333427633
-13.015247355 21.333427633
-13.026176921 21.495329896
-13.032092884 21.581939241
-13.060335042 21.995402731
-13.0768327435 22.2454391485
-13.093330445 22.495475566
-13.106352905 22.560226135
-13.154980428 22.688797099
-13.165496582 22.752695008
-13.152293254 22.82000356
-13.119892131 22.883539734
-13.034341797 22.995160828
-13.034341797 22.995212504
-13.015247355 23.018001811
-12.915098429 23.082054749
-12.78993811 23.161868998
-12.682218587 23.230753683
-12.619431722 23.270828756
-12.558376018 23.290284933
-12.389910848 23.312531637
-12.353892375 23.32247935
-12.134577596 23.419346822
-12.032723348 23.444978333
-12.019339152 23.460998027
-12.01530839 23.495181986
-12.01530839 23.575926412
-12.01530839 23.651477356
-12.01530839 23.727105815
-12.01530839 23.802734274
-12.01530839 23.878311056
-12.01530839 23.953939514
-12.01530839 24.029542135
-12.01530839 24.105093079
-12.01530839 24.180695699
-12.01530839 24.256298319
-12.01530839 24.331900941
-12.01530839 24.407477722
-12.01530839 24.483080343
-12.01530839 24.558631287
-12.01530839 24.634259746
-12.01530839 24.709862366
-12.01530839 24.785464986
-12.01530839 24.861015931
-12.01530839 24.936618551
-12.01530839 25.012247009
-12.01530839 25.087797954
-12.01530839 25.16332306
-12.01530839 25.23892568
-12.01530839 25.314579977
-12.01530839 25.390182597
-12.01530839 25.465733541
-12.01530839 25.541336162
-12.01530839 25.616938782
-12.01530839 25.692489726
-12.01530839 25.768092347
-12.01530839 25.843694967
-12.01530839 25.91924591
-12.01530839 25.994900208
-11.914591024 25.994951884
-11.813821981 25.994951884
-11.713207967 25.994951884
-11.612438924 25.994951884
-11.511721558 25.994951884
-11.410952515 25.994951884
-11.310235148 25.994951884
-11.209517782 25.994951884
-11.108748739 25.994951884
-11.008083048 25.994951884
-10.907314006 25.994951884
-10.80659664 25.994951884
-10.705879273 25.994951884
-10.605161906 25.994951884
-10.50444454 25.994951884
-10.403675497 25.994951884
-10.30295813 25.994951884
-10.20229244 25.994951884
-10.101523397 25.994951884
-10.000806031 25.994951884
-9.900036987 25.994951884
-9.799371298 25.994951884
-9.698653931 25.994951884
-9.597884888 25.994951884
-9.497167521 25.994951884
-9.396450155 25.994951884
-9.295732788 25.994951884
-9.195015422 25.994951884
-9.094246379 25.994951884
-8.993580689 25.994951884
-8.892863322 25.994951884
-8.792042603 25.99500356
-8.707215739 25.99500356
-8.687656209 26.000016175
-8.680809082 26.013141989
-8.680809082 26.058410543
-8.680860758 26.07220815
-8.680860758 26.111120504
-8.680938273 26.171633606
-8.681041626 26.250181783
-8.681144979 26.342992656
-8.681300009 26.446603902
-8.681455037 26.55744985
-8.68155839 26.671913147
-8.681661743 26.786324768
-8.681816773 26.897170715
-8.681920125 27.000833638
-8.682075155 27.093696188
-8.682230184 27.172141012
-8.682230184 27.23270579
-8.682281861 27.271669821
-8.682385213 27.285415751
-8.484412801 27.16898875
-8.28644039 27.0526651
-8.088623007 26.936238099
-7.890753947 26.819914449
-7.692781535 26.703487447
-7.494912476 26.587163798
-7.297043416 26.470736796
-7.099122681 26.354361471
-6.901201945 26.237934469
-6.703332886 26.121559144
-6.50541215 26.005183818
-6.307491415 25.888808493
-6.139904744 25.790209859
-5.972266398 25.691611226
-5.804628052 25.592960918
-5.661524746 25.508881108
-5.636989705 25.494465637
-5.515963501 25.423255514
-5.342330689 25.316181946
-5.168749553 25.209160055
-4.995194255 25.102086487
-4.821613118 24.995064596
-5.043072469 24.994909566
-5.264454305 24.994806213
-5.485939494 24.994702861
-5.70732133 24.994599508
-5.928754842 24.994444479
-6.150188355 24.994341125
-6.371673543 24.994237773
-6.593107056 24.99413442
-6.583391886 24.914423523
-6.57378007 24.834867656
-6.564168253 24.755234274
-6.554453084 24.675549215
-6.544789592 24.595993347
-6.535177775 24.516359965
-6.525514282 24.436726583
-6.51585079 24.357067363
-6.506337959 24.275966855
-6.505670533 24.270276795
-6.498435832 24.208368428
-6.482571167 24.072304383
-6.466603149 23.936240337
-6.459420126 23.874409485
-6.44531246 23.753719177
-6.431204794 23.63302887
-6.417045451 23.512338563
-6.402937785 23.391674093
-6.388778443 23.270957947
-6.374722453 23.150293477
-6.3716342 23.123981336
-6.36056311 23.029654847
-6.346455444 22.908964539
-6.332296102 22.78830007
-6.318188436 22.667661438
-6.304132447 22.546996969
-6.289973104 22.426280823
-6.275865438 22.305616354
-6.261706096 22.184951884
-6.24759843 22.064235738
-6.233490764 21.943571269
-6.219383097 21.822855123
-6.205223755 21.70224233
-6.191116089 21.581577861
-6.177008423 21.460861715
-6.162900757 21.340197246
-6.148741414 21.219532776
