25.333678019 58.03180776
25.339879191 58.032582906
25.346390421 58.034443258
25.356519002 58.034753317
25.396619914 58.023177796
25.457184692 57.984058736
25.49661381 57.970597026
25.531960489 57.966437073
25.541675659 57.962819723
25.550253947 57.95532664
25.551815984 57.94985951
25.552114298 57.94881541
25.552941122 57.942174988
25.55831547 57.934242656
25.579399455 57.919463196
25.601516968 57.912202658
25.625081421 57.91029063
25.650092814 57.911427511
25.703799772 57.921326524
25.714998413 57.923390605
25.730294637 57.923132223
25.745384155 57.909179586
25.754685913 57.888896586
25.767501668 57.868923646
25.792616415 57.855978699
26.002732788 57.84597931
26.014515015 57.842827047
26.021956421 57.837943624
26.025263713 57.828409322
26.021749715 57.822414856
26.016065308 57.816472067
26.013068074 57.8072995
26.016065308 57.786680603
26.024746948 57.774355774
26.135231161 57.724772238
26.168510783 57.704049988
26.263182007 57.620825094
26.297185099 57.59914683
26.338629598 57.583152975
26.35132515 57.580203001
26.430678413 57.561764252
26.430923706 57.561707255
26.447563517 57.552922262
26.481049846 57.527135722
26.499550008 57.515818583
26.515052938 57.517265524
26.528695516 57.523880107
26.542234741 57.528169251
26.551743205 57.526825664
26.570243367 57.519590963
26.579855183 57.517833965
26.590087118 57.520366109
26.594841349 57.526489767
26.598355347 57.533853659
26.604763224 57.540313213
26.634322144 57.554420879
26.666981649 57.564859518
26.700467976 57.570750631
26.778085978 57.568476868
26.795759318 57.571319071
26.816326538 57.58118927
26.828315471 57.595038555
26.838547404 57.60986969
26.854153687 57.622556254
26.872653849 57.627181295
26.88495284 57.622091166
26.89611495 57.614985657
26.91161788 57.613435364
26.929187866 57.615554098
26.946551148 57.615347392
26.981071004 57.608991191
27.004635458 57.598914286
27.041325724 57.56845103
27.061531209 57.555661113
27.085354045 57.549434103
27.16565922 57.546695252
27.319965047 57.516128642
27.352934611 57.52760081
27.528169393 57.528479309
27.522795044 57.492021587
27.525637248 57.468379619
27.514836873 57.447889913
27.511322876 57.430397441
27.536282593 57.415695496
27.640824015 57.389004618
27.69440872 57.356375287
27.707951701 57.348128561
27.809134155 57.313944601
27.827737671 57.304952902
27.840295044 57.290638529
27.846134481 57.267306621
27.841173543 57.211211853
27.833938842 57.180490215
27.824327027 57.159070333
27.794044637 57.143386536
27.700975383 57.118788555
27.682216838 57.103699036
27.696066121 57.085457256
27.722059367 57.077990011
27.745468791 57.067990621
27.750739786 57.042359111
27.745778849 57.031455383
27.72955245 57.009854635
27.723351278 56.998795878
27.720767456 56.988667298
27.718545369 56.968720195
27.715134724 56.957403056
27.64873051 56.879268291
27.628369995 56.844154155
27.644379266 56.841771673
27.66118453 56.839270732
27.744073527 56.86479889
27.786396525 56.871258443
27.830838257 56.864282125
27.8522323 56.854308573
27.891506388 56.829710592
27.913520548 56.820150452
27.918894897 56.805887757
27.900084676 56.783046774
27.876106811 56.759430644
27.865461467 56.74268748
27.882618042 56.725479228
27.981009969 56.687006124
27.991345255 56.66997874
27.992172079 56.624994406
27.997443074 56.603832906
28.010982299 56.58755483
28.02865564 56.576754456
28.108650757 56.555179546
28.126117391 56.547763977
28.13221521 56.535981751
28.125238892 56.527145081
28.099245647 56.51339915
28.09325118 56.501591086
28.096455119 56.491953431
28.104516642 56.483065084
28.156503133 56.446219788
28.164254598 56.437951559
28.167871948 56.427125346
28.164254598 56.392812195
28.167148478 56.369867859
28.174434855 56.349636536
28.214794148 56.281371969
28.217274617 56.270726624
28.215310913 56.255998841
28.2094198 56.248144023
28.201358276 56.241684469
28.193141724 56.231039124
28.184408406 56.207526347
28.178620646 56.183910218
28.169112182 56.161741028
28.148906697 56.142414043
28.110976196 56.156805929
28.068239787 56.147581686
28.051100038 56.140665997
28.023798055 56.129649964
27.981009969 56.118022767
27.939668823 56.113061829
27.927059774 56.109366964
27.911453491 56.100246074
27.901531617 56.089342346
27.892746622 56.077095032
27.880654337 56.063865866
27.8125448 56.034513651
27.781228882 56.016375224
27.776991414 55.99239736
27.744435262 55.959737854
27.645009806 55.922840881
27.617156209 55.878554179
27.610128214 55.830960185
27.601498251 55.809617819
27.592713256 55.79424408
27.564601278 55.792228699
27.438820842 55.798739929
27.405851277 55.804346823
27.374587036 55.814837138
27.349627319 55.831218567
27.329163452 55.81757599
27.282447957 55.791866964
27.263017619 55.787216085
27.235525757 55.79584605
27.17320398 55.825740865
27.151448201 55.832458802
27.110778849 55.836282858
26.981071004 55.826877747
26.979425815 55.826290963
26.95781661 55.81858368
26.900145711 55.778715312
26.842784872 55.719339092
26.822837769 55.706109925
26.743049357 55.68285553
26.720105021 55.681873678
26.666878296 55.693965963
26.640109904 55.695567933
26.615615275 55.687971497
26.594531291 55.666990866
26.537480509 55.66952301
26.481049846 55.678308005
26.342350301 55.716341858
26.279718466 55.743239441
26.226905152 55.796931254
26.20375411 55.827446187
26.178639364 55.849589539
26.079420613 55.898139547
26.0176156 55.937361959
25.961251118 55.958458834
25.871267944 55.992138977
25.795496034 56.04013034
25.766261434 56.058646546
25.708797241 56.081048279
25.696601603 56.087895406
25.68781661 56.098334046
25.669213094 56.13202708
25.661875041 56.140812073
25.649679403 56.143809307
25.5900448 56.141122131
25.572888224 56.143034159
25.522762085 56.156573385
25.454807577 56.149648743
25.349085703 56.159876323
25.109195597 56.183083395
25.073125447 56.197811178
25.04397994 56.227990214
25.026203247 56.260184632
25.016488077 56.269899801
24.983208456 56.290492859
24.973183228 56.300750631
24.962124471 56.319276632
24.936286255 56.379918925
24.91013798 56.421957703
24.892257934 56.438726706
24.870967245 56.442602437
24.85711796 56.435367737
24.853397257 56.424722393
24.852157023 56.413663635
24.845852498 56.404930319
24.837687622 56.403948466
24.815570109 56.408806051
24.805544881 56.408547669
24.715039531 56.386252988
24.678627563 56.377283427
24.63914677 56.359971822
24.557911417 56.298580221
24.538997843 56.287624817
24.481326945 56.268840435
24.447220499 56.260520528
24.414354289 56.265507304
24.350792277 56.291552226
24.318546184 56.298580221
24.287643677 56.295531311
24.166824178 56.260313823
24.140421618 56.257600226
24.138918905 56.25744578
24.108636516 56.260701396
24.075150187 56.271191712
23.981305786 56.312403666
23.871106925 56.33207213
23.858109172 56.334391989
23.825036255 56.334908753
23.756099894 56.32596873
23.724990682 56.328810934
23.723647094 56.332118226
23.724783976 56.338396912
23.723543742 56.34581248
23.715068807 56.352737122
23.706697225 56.354442444
23.679412069 56.351858622
23.609855591 56.353822327
23.57771285 56.348603007
23.517561482 56.328655904
23.481594686 56.330102845
23.378039703 56.354629849
23.310649048 56.370591329
23.288428182 56.37304596
23.17256962 56.357956441
23.154172811 56.351393534
23.162854451 56.341006572
23.112728312 56.310879212
23.062292114 56.304161276
23.016713501 56.323849996
22.981366822 56.373175151
22.956975545 56.401984762
22.924522746 56.412113343
22.88896936 56.408444316
22.859602846 56.397069962
22.82292688 56.382864482
22.681436808 56.35030833
22.66634729 56.349093934
22.649087361 56.353098857
22.604748982 56.379092102
22.578221703 56.387002916
22.57581018 56.387722067
22.511731404 56.395964458
22.214901977 56.390383403
22.195264933 56.394853414
22.158161255 56.410252991
22.139144328 56.415704854
22.094082479 56.417410177
21.983173071 56.388353479
21.965321874 56.383676718
21.684495076 56.310104066
21.596025025 56.307881979
21.558921346 56.29728831
21.419291626 56.237395325
21.403685343 56.234475607
21.358313436 56.233235373
21.327617635 56.224372864
21.290410603 56.206932068
21.254857218 56.185202128
21.229639119 56.163187968
21.212585897 56.130993551
21.205351196 56.103424174
21.190365031 56.084458924
21.150160767 56.078180237
21.091352986 56.077896017
21.053398016 56.072603874
21.05339603 56.072617906
21.05339603 56.072943427
21.052582227 56.077541408
21.042735222 56.114569403
21.028819207 56.147406317
20.984060092 56.210435289
20.973399285 56.232001044
20.969086134 56.253485419
20.971039259 56.259670315
20.980235222 56.279282945
20.982676629 56.290757554
20.982676629 56.301459052
20.981455925 56.310492255
20.970957879 56.349839585
20.968597852 56.369818427
20.970550977 56.388983466
20.979014519 56.404364325
20.992523634 56.41791413
20.998383009 56.42568594
21.003184441 56.434800523
21.005381707 56.445868231
21.005544467 56.465521552
21.01059004 56.475734768
21.003265821 56.492580471
21.000498894 56.510646877
21.006358269 56.519964911
21.024261915 56.510484117
21.030528191 56.50014883
21.035817905 56.473944403
21.044688347 56.462103583
21.030528191 56.448431708
21.037445509 56.444647528
21.044688347 56.442206122
21.044688347 56.427964585
21.044688347 56.421128648
21.030528191 56.408107815
21.05339603 56.389960028
21.061778191 56.387030341
21.070160352 56.389349677
21.07715905 56.395209052
21.079763217 56.403062242
21.068614129 56.424058335
21.066661004 56.441839911
21.068125847 56.458807684
21.072113477 56.469549872
21.067637566 56.476385809
21.063243035 56.493963934
21.058360222 56.503648179
21.052907748 56.511053778
21.048106316 56.51561107
21.030528191 56.524155992
21.019541863 56.527085679
21.01050866 56.527777411
21.003103061 56.530015367
20.996348504 56.537827867
20.992198113 56.548895575
20.9951278 56.553371486
21.000336134 56.557684637
21.01050866 56.598700262
21.046153191 56.65619538
21.058360222 56.688666083
21.06519616 56.774318752
21.06120853 56.794134833
21.054209832 56.811957098
21.052744988 56.828924872
21.06519616 56.846340236
21.14722741 56.876410223
21.156748894 56.885565497
21.222911004 56.907700914
21.24097741 56.918280341
21.277598504 56.94912344
21.28777103 56.955511786
21.300140821 56.959540106
21.328216993 56.973618882
21.360118035 56.989691473
21.382497592 57.008937893
21.401621941 57.037502346
21.413584832 57.073187567
21.414805535 57.113836981
21.411875847 57.124457098
21.40105228 57.151312567
21.403168165 57.162054755
21.412608269 57.176214911
21.414805535 57.184881903
21.412608269 57.25006745
21.414805535 57.270900783
21.421397332 57.288723049
21.433604363 57.306463934
21.449473504 57.320013739
21.466563347 57.325506903
21.480235222 57.333644924
21.517751498 57.387600002
21.589121941 57.438788153
21.699229363 57.555324611
21.729665561 57.573797919
21.771657748 57.58612702
21.95590254 57.592962958
21.999278191 57.600327867
22.194509311 57.657619533
22.483734571 57.742499091
22.52613366 57.749660549
22.549082879 57.750637111
22.560313347 57.752752997
22.572601759 57.756822007
22.585785352 57.759711005
22.60027103 57.75804271
22.610362175 57.754624742
22.610118035 57.753485419
22.604991082 57.751044012
22.60027103 57.743841864
22.590830925 57.706122137
22.587168816 57.664984442
22.590993686 57.64476146
22.600759311 57.630113023
22.656097852 57.585760809
22.878916863 57.481268622
22.950368686 57.432806708
23.031423373 57.39447663
23.083343946 57.378241278
23.117523634 57.373928127
23.130218946 57.370794989
23.133148634 57.362982489
23.133555535 57.353094794
23.138031446 57.343166408
23.160166863 57.318589585
23.164561394 57.313666083
23.17457116 57.297349351
23.18238366 57.277655341
23.19019616 57.242499091
23.198741082 57.224188544
23.21355228 57.216253973
23.222422722 57.20701732
23.250498894 57.114447333
23.260915561 57.098944403
23.274912957 57.092718817
23.292653842 57.088934637
23.340098504 57.05857982
23.422862175 57.040228583
23.508555535 57.03123607
23.520843946 57.025580145
23.569672071 56.986273505
23.578623894 56.982082424
23.585134311 56.979071356
23.632009311 56.970933335
23.695160352 56.967271226
23.86605879 56.990179755
23.926931186 57.006333726
23.952891472 57.013251044
23.99122155 57.03123607
24.009287957 57.045599677
24.021983269 57.059027411
24.035655144 57.068996486
24.074554884 57.074937242
24.113047722 57.088731187
24.210785352 57.123724677
24.219248894 57.138006903
24.238617384 57.149562893
24.261241082 57.157456773
24.278575066 57.161037502
24.278819207 57.17177969
24.288747592 57.178900458
24.312673373 57.188299872
24.379161004 57.230210679
24.400645379 57.258124091
24.40886478 57.298163153
24.405528191 57.344468492
24.38160241 57.469427802
24.379893425 57.506537177
24.375173373 57.528550523
24.364512566 57.538397528
24.358571811 57.550360419
24.362966342 57.576605536
24.374766472 57.61347077
24.363047722 57.672267971
24.357676629 57.685492255
24.313731316 57.725043036
24.29957116 57.743841864
24.29957116 57.76190827
24.288828972 57.808905341
24.285980665 57.832586981
24.288828972 57.845282294
24.296153191 57.857367255
24.3061587342 57.8681862559
24.349655395 57.858640036
24.378180786 57.85944102
24.401538533 57.866469014
24.412700643 57.876571757
24.429133748 57.900342916
24.441639445 57.908094381
24.481326945 57.919308167
24.5338302 57.945068868
24.553880656 57.947420146
24.624057251 57.943957825
24.684828735 57.947575175
24.700435018 57.954189758
24.718831828 57.98183665
24.733507935 57.992197774
24.7647205 57.987908631
24.790765421 57.978994446
24.816810344 57.976669007
24.827417479 57.981876936
24.848332967 57.992146098
24.872517537 58.000440165
24.949308716 58.006434631
24.974836873 58.015839742
25.034856819 58.048574085
25.048837524 58.056199036
25.070644978 58.063614604
25.094209432 58.067309469
25.14102828 58.068007101
25.166969848 58.058731181
25.18071578 58.038163961
25.189914184 58.013514303
25.202109822 57.99196523
25.21678593 57.985376486
25.232495565 57.985376486
25.264534953 57.994187318
25.284378703 58.008139954
25.277557414 58.024107972
25.249548788 58.051186422
25.250685669 58.068498027
25.263501424 58.075138449
25.281691528 58.073407288
25.299571574 58.065604147
25.306392863 58.058731181
25.318278443 58.040618592
25.324582967 58.034753317
25.333678019 58.03180776
