-63.0175685851 18.0333914721
-63.085886191 18.058511251
-63.107004361 18.062109272
-63.107004361 18.062119859
-63.107004361 18.066961981
-63.115305142 18.065375067
-63.130523241 18.060248114
-63.134348111 18.059475002
-63.143869595 18.064683335
-63.146839973 18.07029857
-63.143625455 18.07416413
-63.113758918 18.074652411
-63.096099413 18.078802802
-63.083811002 18.087958075
-63.07909095 18.104193427
-63.070871549 18.110012111
-63.052113411 18.116848049
-63.031402148 18.121893622
-63.017648892 18.122137762
-63.017933723 18.100531317
-63.011097786 18.070746161
-63.010731575 18.040838934
-63.017567512 18.033392645
-63.0175685851 18.0333914721
