96.913910352 -12.194512628
96.902191602 -12.199965102
96.892344597 -12.195896092
96.88965905 -12.192803644
96.888519727 -12.18743255
96.900075717 -12.186781508
96.90902754 -12.182061456
96.914561394 -12.173516534
96.916188998 -12.161797784
96.921071811 -12.173516534
96.920176629 -12.184991144
96.913910352 -12.194512628
96.836192254 -12.182061456
96.847666863 -12.187188409
96.863129102 -12.181735935
96.869395379 -12.187920831
96.845225457 -12.197686456
96.830577019 -12.179945571
96.823415561 -12.150974217
96.821543816 -12.126560154
96.828379754 -12.126560154
96.828379754 -12.136325779
96.829844597 -12.1444638
96.835215691 -12.160577081
96.831309441 -12.171482029
96.836192254 -12.182061456
105.711436394 -10.469903253
105.706309441 -10.494235935
105.706309441 -10.514255467
105.69792728 -10.528985284
105.699880405 -10.553399347
105.694590691 -10.564873956
105.67872155 -10.566013279
105.673513217 -10.549086196
105.667246941 -10.533298435
105.664073113 -10.518487238
105.649261915 -10.513116144
105.628184441 -10.508965753
105.604991082 -10.510023696
105.58497155 -10.516371352
105.581797722 -10.504815363
105.592295769 -10.498467706
105.599619988 -10.48056406
105.594248894 -10.466729425
105.594248894 -10.454034113
105.607188347 -10.458428644
105.627126498 -10.468926691
105.654551629 -10.469903253
105.669281446 -10.456231378
105.685231967 -10.440362238
105.704112175 -10.430840753
105.714691602 -10.437188409
105.712657097 -10.450941665
105.711436394 -10.469903253
