53.308239457 12.118394537
53.310267307 12.111443672
53.277495146 12.11382909
53.263075575 12.114869391
53.248326142 12.121302453
53.268071121 12.128831559
53.28688385 12.127337335
53.298066459 12.121873086
53.308239457 12.118394537
53.038549855 12.180332719
53.053068072 12.174919864
53.068365706 12.174940026
53.082917786 12.164794378
53.087073883 12.148554792
53.086378447 12.13434439
53.071828726 12.130282908
53.056589651 12.128251135
53.026774464 12.139741661
53.006703274 12.156644227
52.985265038 12.162727253
52.988719992 12.172197631
53.003953196 12.17694224
53.017050409 12.175576328
53.027459725 12.179647667
53.038549855 12.180332719
52.178876221 12.213943448
52.20043352 12.206442858
52.216803629 12.207334582
52.246114464 12.202370688
52.289198679 12.200815051
52.319373805 12.188263653
52.374685092 12.200588283
52.38949629 12.197251695
52.38957767 12.197251695
52.394704623 12.187323309
52.381482241 12.182545219
52.3711291 12.171565271
52.378940027 12.1656913
52.388463594 12.148867843
52.35998098 12.153853921
52.347904101 12.151296407
52.330577019 12.146185614
52.284678582 12.154486395
52.240230035 12.156877327
52.23503403 12.165283115
52.224375847 12.180324611
52.218109571 12.180609442
52.211761915 12.180894273
52.190684441 12.174627997
52.179860873 12.172837632
52.175791863 12.176336981
52.164561394 12.192531643
52.162364129 12.197414455
52.156993035 12.196234442
52.136691498 12.204540547
52.123752918 12.201978275
52.1123153 12.198635158
52.105804884 12.203802802
52.101817254 12.20701732
52.068486652 12.222007893
52.064118423 12.235473303
52.078762953 12.239736797
52.094086134 12.241766669
52.118434634 12.241548796
52.147777224 12.234897729
52.178876221 12.213943448
43.448985222 12.652980861
43.447438998 12.638657945
43.435801629 12.632147528
43.428884311 12.634670315
43.417165561 12.646714585
43.411387566 12.652655341
43.399750196 12.649847723
43.392751498 12.653062242
43.390147332 12.666327216
43.397634311 12.670803127
43.406423373 12.673041083
43.428965691 12.673773505
43.442230665 12.667222398
43.443858269 12.663804429
43.448985222 12.652980861
53.573762123 12.703771964
53.606198326 12.699984973
53.629934549 12.702304075
53.654754843 12.704757999
53.694009447 12.669778568
53.76289395 12.619703217
53.808065318 12.607996129
53.846103927 12.598604923
53.866401107 12.622933074
53.875995481 12.647293684
53.903390997 12.653031404
53.9224266 12.650655317
53.940183635 12.642426078
53.973541389 12.646988269
54.008096581 12.645744035
54.045131377 12.666555564
54.058258539 12.671163037
54.082166225 12.686200302
54.093028191 12.698879299
54.119395379 12.701117255
54.132246136 12.688365928
54.14651063 12.677860515
54.167890464 12.664994769
54.183460054 12.668444042
54.195491248 12.675400124
54.200531446 12.673000393
54.210703972 12.661688544
54.218760613 12.652655341
54.2373153 12.652044989
54.260020379 12.647528387
54.269340904 12.632119208
54.284854219 12.626248531
54.319467916 12.61099376
54.360144596 12.602688591
54.40077485 12.580403897
54.421909149 12.574027833
54.47066209 12.543565598
54.496932476 12.546913901
54.516092393 12.558434045
54.526833136 12.557213916
54.540293816 12.550238348
54.527926842 12.537446101
54.498038406 12.529471603
54.476524115 12.52261315
54.457422731 12.5192284
54.446653804 12.511149589
54.444683563 12.48472099
54.402340262 12.467224178
54.368661045 12.459568589
54.328168806 12.443456635
54.283336512 12.447290953
54.245941602 12.43353913
54.237478061 12.425197658
54.218760613 12.399400132
54.20972741 12.393784898
54.183848504 12.382513739
54.15495853 12.359808661
54.140497888 12.3513443
54.110711403 12.353810633
54.064229389 12.350547619
54.047546481 12.352962049
54.030885983 12.348360811
54.008243941 12.329857074
53.985931837 12.337144273
53.985687696 12.337144273
53.969981316 12.341864325
53.939280815 12.33475706
53.89647094 12.327908182
53.77635202 12.304968586
53.73116478 12.300413636
53.672924037 12.306341909
53.618264982 12.322706338
53.572146675 12.334614153
53.552000143 12.354383226
53.535980665 12.373765367
53.519541863 12.393540757
53.505625847 12.416327216
53.479374615 12.425170201
53.437875078 12.45195633
53.334239129 12.51552969
53.309743686 12.537665106
53.306895379 12.543402411
53.315684441 12.550279039
53.342493709 12.542609032
53.363002195 12.54491284
53.384532097 12.557318427
53.38941491 12.560777085
53.391123894 12.569647528
53.399587436 12.587591864
53.403168165 12.598049221
53.396027098 12.656467756
53.410737671 12.662135737
53.428024418 12.665390016
53.470077106 12.671423887
53.479577989 12.686535058
53.490326709 12.701620604
53.499869245 12.712064513
53.518945864 12.714350673
53.573762123 12.703771964
42.688568556 13.663804429
42.688487175 13.663763739
42.68628991 13.67597077
42.685801629 13.678452867
42.685801629 13.678534247
42.693532748 13.69920482
42.719248894 13.742621161
42.761729363 13.772162177
42.782562696 13.779933986
42.794932488 13.769924221
42.79184004 13.750718492
42.761485222 13.719305731
42.754079623 13.697902736
42.743907097 13.688421942
42.688568556 13.663804429
42.788584832 13.926703192
42.781748894 13.919989325
42.754079623 13.920721747
42.767588738 13.948635158
42.767588738 13.948675848
42.746592644 13.956529039
42.72152754 13.969387111
42.712494337 13.977443752
42.700694207 13.987941799
42.699229363 13.99225495
42.691905144 14.013169664
42.700856967 14.028265692
42.721039259 14.045965887
42.743988477 14.060126044
42.760264519 14.064683335
42.767588738 14.071519273
42.79574629 14.037176825
42.801768425 14.023138739
42.801605665 14.012274481
42.78809655 13.975327867
42.786631707 13.944037177
42.786631707 13.943996486
42.788584832 13.926703192
42.581553582 15.391587632
42.59253991 15.389471747
42.605642123 15.393011786
42.618500196 15.400091864
42.628184441 15.39866771
42.628103061 15.386460679
42.61622155 15.348089911
42.613454623 15.334702867
42.615489129 15.326361395
42.613291863 15.318548895
42.60840905 15.314032294
42.609385613 15.312201239
42.615244988 15.314032294
42.614105665 15.308050848
42.593923373 15.278713283
42.582204623 15.268215236
42.568369988 15.268866278
42.55738366 15.27757396
42.54574629 15.294419664
42.54590905 15.316961981
42.556162957 15.341457424
42.558929884 15.392971096
42.570974155 15.41010163
42.583750847 15.422796942
42.593435092 15.430731512
42.597504102 15.439154364
42.601898634 15.446275132
42.62387129 15.457342841
42.631032748 15.454250393
42.635996941 15.44554271
42.610362175 15.429388739
42.607188347 15.422919012
42.611501498 15.421291408
42.61198978 15.416571356
42.60808353 15.41038646
42.598968946 15.403631903
42.58472741 15.396633205
42.581553582 15.391587632
52.902744588 17.048262838
52.965273072 16.912922262
53.027904908 16.777478333
53.090351917 16.6424060303
53.090342644 16.642401434
53.090017123 16.642238674
53.06918379 16.631822007
53.021820509 16.619452216
52.984873894 16.628159898
52.973887566 16.618312893
52.962168816 16.616278387
52.950531446 16.615627346
52.94027754 16.610174872
52.921153191 16.591131903
52.909922722 16.583075262
52.885264519 16.575425523
52.851084832 16.556138414
52.809092644 16.548325914
52.788828972 16.539699611
52.752126498 16.518296617
52.736827019 16.51194896
52.597666863 16.47671133
52.532562696 16.447251695
52.420420769 16.37124258
52.318614129 16.291164455
52.292735222 16.263820705
52.279470248 16.243882554
52.261403842 16.208970445
52.228688998 16.17194245
52.22144616 16.160874742
52.217051629 16.14838288
52.217051629 16.138088283
52.219574415 16.125962632
52.222666863 16.116400458
52.224375847 16.113592841
52.216807488 16.095160223
52.19434655 16.07029857
52.184092644 16.029445705
52.160004102 16.002101955
52.155528191 15.983872789
52.163422071 15.96478913
52.177419467 15.942368882
52.18653405 15.919094143
52.175466342 15.877915757
52.191579623 15.862982489
52.224375847 15.846747137
52.22527103 15.83193594
52.217051629 15.760728257
52.22144616 15.716986395
52.231211785 15.674750067
52.238291863 15.668646552
52.242849155 15.663478908
52.24488366 15.657700914
52.243825717 15.651556708
52.238536004 15.642523505
52.237478061 15.637518622
52.236582879 15.629339911
52.233571811 15.621771552
52.228363477 15.616115627
52.220713738 15.613959052
52.198985222 15.611476955
52.047129754 15.570013739
52.038747592 15.563137111
52.031504754 15.555812893
52.025726759 15.551214911
52.016937696 15.548651434
52.001638217 15.547267971
51.991709832 15.545070705
51.91309655 15.515326239
51.874196811 15.491522528
51.875010613 15.469387111
51.874196811 15.46503327
51.871836785 15.463771877
51.869395379 15.463771877
51.868174675 15.463120835
51.868662957 15.451564846
51.865407748 15.450100002
51.859873894 15.45331452
51.853851759 15.455715236
51.84652754 15.459540106
51.83871504 15.466294664
51.829274936 15.46869538
51.816661004 15.459418036
51.809418165 15.455755927
51.758799675 15.445624091
51.679942254 15.403469143
51.667246941 15.391424872
51.662119988 15.377142645
51.667735222 15.357652085
51.676524285 15.346991278
51.676442905 15.340277411
51.65528405 15.332749742
51.54948978 15.322984117
51.530528191 15.316839911
51.513438347 15.308050848
51.498301629 15.298041083
51.474294467 15.270697333
51.454274936 15.26951732
51.446543816 15.266424872
51.443614129 15.260199286
51.43246504 15.259670315
51.382009311 15.238023179
51.367849155 15.229722398
51.34245853 15.237697658
51.314463738 15.22671133
51.288422071 15.210272528
51.268809441 15.201808986
51.069834832 15.149644273
50.851328972 15.109930731
50.661468946 15.05849844
50.554047071 15.048570054
50.459483269 15.010443427
50.43238366 14.995428778
50.35824629 14.933335679
50.343028191 14.924750067
50.302256707 14.917466539
50.243825717 14.887152411
50.179535352 14.843329169
50.165049675 14.842474677
50.146250847 14.849798895
50.121429884 14.844224351
50.079356316 14.825669664
50.060394727 14.82021719
50.051768425 14.818752346
50.04184004 14.818264065
50.035817905 14.838934637
50.029795769 14.850287177
50.021006707 14.849269924
50.006032748 14.844387111
49.942149285 14.838771877
49.798594597 14.792181708
49.578135613 14.737290757
49.460459832 14.673570054
49.417816602 14.656927802
49.372406446 14.649807033
49.352061394 14.639797268
49.312754754 14.612779039
49.228851759 14.575262762
49.19019616 14.548570054
49.181895379 14.516587632
49.171885613 14.518255927
49.156748894 14.526109117
49.137054884 14.532660223
49.113536004 14.530218817
49.09278405 14.5195987
49.077972852 14.506089585
49.028086785 14.436346747
49.009938998 14.401109117
49.000254754 14.35956452
49.007985873 14.354437567
49.008555535 14.343003648
49.006032748 14.331203518
49.003672722 14.324774481
48.991547071 14.316880601
48.950531446 14.300604559
48.941661004 14.294378973
48.935801629 14.270453192
48.921560092 14.26186758
48.903493686 14.258490302
48.886973504 14.250311591
48.882334832 14.243231512
48.880381707 14.23460521
48.880137566 14.212103583
48.876963738 14.206732489
48.86988366 14.201361395
48.862966342 14.194647528
48.852549675 14.166978257
48.835297071 14.15623607
48.797618035 14.140448309
48.738291863 14.068182684
48.719493035 14.057277736
48.71371504 14.055405992
48.70183353 14.046698309
48.695811394 14.043605861
48.689300977 14.042425848
48.681488477 14.043605861
48.564789259 14.046047268
48.548106316 14.040513414
48.503428582 14.002630927
48.493825717 13.998968817
48.485524936 13.998480536
48.477549675 13.996730861
48.468760613 13.988959052
48.450450066 14.010646877
48.415375196 14.016831773
48.338226759 14.016302802
48.341156446 14.012396552
48.345713738 14.002630927
48.304209832 14.001898505
48.188731316 13.969142971
48.193614129 13.993394273
48.177582227 14.009182033
48.15528405 14.020209052
48.140391472 14.030585028
48.133555535 14.023138739
48.105967644 14.036037502
48.016856316 14.057277736
48.001638217 14.049139716
47.948578321 14.033392645
47.931162957 14.030585028
47.917328321 14.021389065
47.866547071 13.961655992
47.820974155 13.938462632
47.667246941 13.887193101
47.645681186 13.873195705
47.564219597 13.78912995
47.436045769 13.678045966
47.398203972 13.654852606
47.16684004 13.585598049
46.911875847 13.533270575
46.824229363 13.476304429
46.700694207 13.430324611
46.683848504 13.427232164
46.663910352 13.430080471
46.628265821 13.440822658
46.604746941 13.440904039
46.583506707 13.435126044
46.540212436 13.416896877
46.520030144 13.413031317
46.312998894 13.413560289
46.269541863 13.420477606
46.247813347 13.432114976
46.234548373 13.436346747
46.228688998 13.431057033
46.224131707 13.428697007
46.197520379 13.420477606
46.111338738 13.406805731
45.940603061 13.399359442
45.923187696 13.395453192
45.890472852 13.382310289
45.875743035 13.379461981
45.833750847 13.381333726
45.8154403 13.379543361
45.80347741 13.372015692
45.665782097 13.341986395
45.632090691 13.324896552
45.535899285 13.228664455
45.508474155 13.208685614
45.494151238 13.194647528
45.481455925 13.157538153
45.434092644 13.098334052
45.403005405 13.070135809
45.365244988 13.053697007
45.193532748 13.012681382
45.154063347 12.99213288
45.118174675 12.961737372
45.1045028 12.944891669
45.099457227 12.936183986
45.093760613 12.926255601
45.093190951 12.924709377
45.086599155 12.907294012
45.083994988 12.889471747
45.082286004 12.88662344
45.058767123 12.827134507
45.056651238 12.817124742
45.062022332 12.776556708
45.058604363 12.762030341
45.039317254 12.756293036
45.017751498 12.759833075
44.994639519 12.769191799
44.97934004 12.782294012
44.980967644 12.797308661
44.997406446 12.803452867
45.017751498 12.801743882
45.035166863 12.803656317
45.042491082 12.820868231
45.038584832 12.821234442
45.023285352 12.841050523
45.021983269 12.845119533
45.020030144 12.848944403
45.021494988 12.853461005
45.021494988 12.857163804
45.015147332 12.858710028
45.009287957 12.856675523
45.008474155 12.852240302
45.009287957 12.84756094
45.008311394 12.845119533
45.001231316 12.833482164
44.998057488 12.831447658
44.993011915 12.832464911
44.983653191 12.837144273
44.977549675 12.838202216
44.955088738 12.837062893
44.944590691 12.833970445
44.94011478 12.82802969
44.933116082 12.81264883
44.91675866 12.799465236
44.898285352 12.796210028
44.884776238 12.810939846
44.871592644 12.803534247
44.867442254 12.794826565
44.871836785 12.769964911
44.879405144 12.776434637
44.88542728 12.777980861
44.916270379 12.774888414
44.92090905 12.771389065
44.918955925 12.759426174
44.91277103 12.748195705
44.898285352 12.736761786
44.881358269 12.729885158
44.868337436 12.732123114
44.839610222 12.743475653
44.83082116 12.748846747
44.824880405 12.757025458
44.824961785 12.76162344
44.822601759 12.765082098
44.809743686 12.769964911
44.785166863 12.772284247
44.764903191 12.76557038
44.727793816 12.742010809
44.726735873 12.746527411
44.722911004 12.752346096
44.720957879 12.756293036
44.72559655 12.766506252
44.719248894 12.780096747
44.706879102 12.793646552
44.693614129 12.803452867
44.652354363 12.817938544
44.610606316 12.819566148
44.572764519 12.811590887
44.542816602 12.797308661
44.489919467 12.753485419
44.432953321 12.693589585
44.430837436 12.688177802
44.423513217 12.67597077
44.415537957 12.670152085
44.411794467 12.684027411
44.406993035 12.685248114
44.383474155 12.676336981
44.35434004 12.669338283
44.289561394 12.638983466
44.267344597 12.6367862
44.247325066 12.638983466
44.228526238 12.638657945
44.191172722 12.619126695
44.169118686 12.618150132
44.149424675 12.62498607
44.138031446 12.638983466
44.151621941 12.637884833
44.176117384 12.633246161
44.189952019 12.632147528
44.198415561 12.639064846
44.19800866 12.65224844
44.191172722 12.660467841
44.179698113 12.652655341
44.153493686 12.655951239
44.121348504 12.643377997
44.062347852 12.611721096
44.033702019 12.604315497
44.017100457 12.603705145
43.991709832 12.612127997
43.961436394 12.599595445
43.946299675 12.598049221
43.927093946 12.610174872
43.909434441 12.645331122
43.894786004 12.652655341
43.874196811 12.655462958
43.857758009 12.662543036
43.829600457 12.680609442
43.813487175 12.688381252
43.794688347 12.694891669
43.773773634 12.69940827
43.751475457 12.701117255
43.737803582 12.705755927
43.699473504 12.727850653
43.679453972 12.735256252
43.644053582 12.73456452
43.634613477 12.738674221
43.619395379 12.749579169
43.609629754 12.754339911
43.60059655 12.756293036
43.587738477 12.751369533
43.530772332 12.69550202
43.525563998 12.690375067
43.511729363 12.683172919
43.490733269 12.680609442
43.468028191 12.683905341
43.462250196 12.693345445
43.481211785 12.77342357
43.481944207 12.812079169
43.473155144 12.846625067
43.452891472 12.878607489
43.422618035 12.90619538
43.418711785 12.916449286
43.415537957 12.928900458
43.408457879 12.936957098
43.4013778 12.943426825
43.398203972 12.951157945
43.396820509 12.970851955
43.392914259 12.989691473
43.386403842 13.007269598
43.377126498 13.023179429
43.341807488 13.06264883
43.336192254 13.07440827
43.33472741 13.08218008
43.322520379 13.105780341
43.312998894 13.131252346
43.308848504 13.139308986
43.24887129 13.212713934
43.226328972 13.283880927
43.239593946 13.315130927
43.248301629 13.348944403
43.254242384 13.526556708
43.274668816 13.557603257
43.278493686 13.56659577
43.28028405 13.57412344
43.284515821 13.580389716
43.295176629 13.585598049
43.281993035 13.61713288
43.285329623 13.686590887
43.280935092 13.722113348
43.247894727 13.783677476
43.243500196 13.794338283
43.23316491 13.876369533
43.227305535 13.885443427
43.161716747 13.953990384
43.139192865 14.007348449
43.118067129 14.052491764
43.095520001 14.083955708
43.084253391 14.15918705
43.075792233 14.194759292
43.065916598 14.224865071
43.047562871 14.275507584
43.019053582 14.368353583
43.010996941 14.388413804
43.006114129 14.419419664
42.993500196 14.448309637
42.989919467 14.480210679
42.9873153 14.489243882
42.981700066 14.494777736
42.963389519 14.50775788
42.959320509 14.513495184
42.961192254 14.525376695
42.965993686 14.530259507
42.973480665 14.528469143
42.983653191 14.520331122
42.994151238 14.500474351
43.006114129 14.454779364
43.021494988 14.442084052
43.021983269 14.471096096
43.020030144 14.48460521
43.014008009 14.496771552
43.028656446 14.537990627
43.017588738 14.571234442
42.998057488 14.60150788
42.9873153 14.633856512
42.989512566 14.641058661
42.99878991 14.651271877
43.000987175 14.657171942
42.999847852 14.663316148
42.997325066 14.666205145
42.99480228 14.66791413
42.990489129 14.680080471
42.983653191 14.685126044
42.976817254 14.688381252
42.973806186 14.691880601
42.97144616 14.697007554
42.966563347 14.701849677
42.961680535 14.708563544
42.954112175 14.742661851
42.953135613 14.753729559
42.942230665 14.788885809
42.894541863 14.847479559
42.883636915 14.883693752
42.88160241 14.904608466
42.883311394 14.915513414
42.891123894 14.913804429
42.895762566 14.905991929
42.894053582 14.899318752
42.890961134 14.891424872
42.891123894 14.880316473
42.898285352 14.861761786
42.910411004 14.841376044
42.926605665 14.823228257
42.945648634 14.811428127
42.946787957 14.825873114
42.953135613 14.859198309
42.952321811 14.879543361
42.941661004 14.915350653
42.937266472 14.948472398
42.932139519 14.96084219
42.923594597 14.971421617
42.898122592 14.995266018
42.887217644 15.008205471
42.880137566 15.024847723
42.877452019 15.048529364
42.882334832 15.102484442
42.877452019 15.119859117
42.864024285 15.136419989
42.828949415 15.151760158
42.796885613 15.178697007
42.776703321 15.19139232
42.754730665 15.201808986
42.73340905 15.209295966
42.711273634 15.214260158
42.691416863 15.214260158
42.676931186 15.205796617
42.671397332 15.185370184
42.660411004 15.182562567
42.637705925 15.190863348
42.618011915 15.207505601
42.616709832 15.229722398
42.610118035 15.243597723
42.621348504 15.244696356
42.654633009 15.237209377
42.671722852 15.239650783
42.6826278 15.246486721
42.688731316 15.257025458
42.691905144 15.270697333
42.690928582 15.28123607
42.680674675 15.296047268
42.678233269 15.308294989
42.704274936 15.35545482
42.712412957 15.366278387
42.71762129 15.353461005
42.715098504 15.336981512
42.707855665 15.321519273
42.699392123 15.311672268
42.718516472 15.303127346
42.733734571 15.293890692
42.774261915 15.260443427
42.779144727 15.253322658
42.781260613 15.240301825
42.778575066 15.221625067
42.781993035 15.21507396
42.794932488 15.209295966
42.79590905 15.217352606
42.794606967 15.22260163
42.79167728 15.226304429
42.78809655 15.229722398
42.803070509 15.245184637
42.809092644 15.267767645
42.806895379 15.344305731
42.797373894 15.379706122
42.781260613 15.407904364
42.777191602 15.42194245
42.777679884 15.432806708
42.77995853 15.443182684
42.781260613 15.455715236
42.780528191 15.467474677
42.778330925 15.478989976
42.774261915 15.491034247
42.759938998 15.516058661
42.719248894 15.570013739
42.72136478 15.57819245
42.73340905 15.592230536
42.723887566 15.602199611
42.714854363 15.613959052
42.708262566 15.627834377
42.705577019 15.644354559
42.716075066 15.67983633
42.71363366 15.694728908
42.691905144 15.702093817
42.699229363 15.717433986
42.709239129 15.725897528
42.721039259 15.732814846
42.73340905 15.743068752
42.741709832 15.753241278
42.745778842 15.76194896
42.746918165 15.772650458
42.747243686 15.788397528
42.752452019 15.81639232
42.765798373 15.835760809
42.783457879 15.849432684
42.801768425 15.860337632
42.819997592 15.87494538
42.830332879 15.892523505
42.83480879 15.915350653
42.843272332 16.052191473
42.840098504 16.09780508
42.812754754 16.23826732
42.808848504 16.31264883
42.8076278 16.319566148
42.801768425 16.340155341
42.802582227 16.339422919
42.803070509 16.342352606
42.802989129 16.347357489
42.801768425 16.353216864
42.798838738 16.358465887
42.790700717 16.368638414
42.7894868901 16.3709446841
42.837312459 16.387217916
42.872452434 16.401635641
42.898187297 16.418895569
42.906765584 16.434915263
42.905628703 16.451089986
42.902941528 16.466282857
42.906765584 16.479356995
42.917410929 16.483801168
42.956271606 16.49072581
42.970947713 16.4957901
43.014665975 16.520698141
43.036266723 16.536304424
43.04877242 16.553460999
43.074610636 16.618780009
43.078641398 16.637693584
43.079984986 16.658829244
43.084945923 16.672575175
43.097761678 16.677794495
43.122773071 16.673298646
43.162925659 16.661516419
43.179978882 16.664617004
43.186076701 16.683272196
43.18567891 16.684847057
43.179772176 16.708231914
43.170677124 16.723476461
43.168506714 16.737222392
43.182872762 16.757996317
43.191864461 16.764249166
43.201062867 16.768124899
43.208607625 16.773395894
43.212845092 16.78388621
43.211501505 16.796856995
43.204731893 16.807709046
43.194448283 16.81546051
43.157344604 16.825382385
43.14582076 16.834477438
43.133728475 16.871012675
43.112644491 16.910028382
43.108717082 16.926978252
43.115435018 16.951834616
43.131558065 16.99043691
43.135898885 17.009608867
43.136002238 17.031416321
43.13031783 17.053482157
43.122463013 17.070121969
43.118432251 17.086245016
43.124323365 17.106967265
43.145303996 17.146551412
43.150988404 17.166860251
43.150058228 17.189959615
43.156156047 17.209700013
43.176878296 17.225513001
43.20333663 17.236313375
43.226177612 17.241274312
43.248605184 17.251919658
43.252170858 17.271970114
43.241835571 17.293415833
43.222198527 17.307833557
43.165044393 17.325920308
43.167886597 17.330519511
43.215945679 17.387208557
43.303072143 17.459038798
43.391025431 17.511955465
43.412884562 17.519965312
43.434950399 17.522859192
43.453140503 17.518776754
43.487143596 17.517484843
43.503369995 17.513454081
43.577060587 17.482964986
43.619538615 17.458832093
43.689301799 17.383849589
43.730642945 17.352430319
43.750641724 17.345660706
43.768780151 17.345505676
43.806193888 17.349588115
43.845778035 17.34617747
43.86324467 17.346952616
43.88670577 17.353670553
43.89264856 17.351035055
43.89264856 17.340079651
43.890064738 17.320184225
43.894043823 17.312174378
43.897351115 17.30736847
43.903293905 17.30431956
43.915127808 17.301839091
43.93869226 17.30519806
43.954298543 17.320029196
43.967114299 17.339562887
43.98230717 17.356822815
44.003907918 17.367829896
44.020961141 17.36602122
44.05935673 17.347055969
44.085349976 17.343438619
44.104470256 17.351965231
44.119663126 17.369948629
44.134287557 17.39470164
44.14901534 17.40483022
44.169375855 17.402349752
44.211543824 17.390619202
44.23056075 17.391859436
44.307351929 17.408964336
44.404141887 17.418731181
44.465171753 17.416457418
44.533798055 17.402866517
44.561961711 17.404468486
44.624645223 17.427206116
44.646452677 17.431805319
44.849024292 17.430513407
44.972466368 17.429696196
44.997335652 17.429531556
45.165387411 17.428394674
45.222128133 17.417387594
45.38470219 17.326488749
45.430384155 17.312019348
45.642309204 17.291090394
45.890821167 17.266647441
46.079956909 17.247992249
46.322629435 17.22406606
46.487890665 17.245976868
46.710099325 17.275380758
46.747203003 17.254761861
46.811798543 17.168462219
46.885799194 17.069553528
46.970341838 16.956847229
46.983002564 16.949095764
46.997026374 16.948514131
47.128781779 16.943049621
47.161337931 16.947442119
47.19089685 16.958914286
47.313576701 17.027902324
47.427574911 17.09182607
47.428568591 17.093103659
47.457960653 17.130893453
47.524829956 17.307575175
47.572113892 17.432322083
47.589012085 17.463276265
47.68626713 17.579651591
47.835508667 17.758193664
47.993586874 17.947587789
48.084382365 18.055901591
48.16194869 18.148919169
48.184427937 18.163931173
48.31258549 18.226588847
48.484357951 18.31040802
48.675974162 18.404019877
48.847539917 18.48770986
48.991303752 18.557886454
49.035848837 18.579719747
49.128814738 18.612095032
49.25785079 18.629509989
49.418047729 18.651059062
49.578244669 18.672608134
49.73844161 18.694157207
49.898535197 18.715706279
50.058732137 18.737255351
50.218929078 18.758856099
50.379126018 18.780353495
50.539322957 18.801902567
50.699364869 18.823529155
50.859716838 18.845026551
51.019810425 18.866575622
51.179904012 18.888150533
51.340100952 18.909699606
51.500297892 18.931248678
51.660494832 18.952823588
51.820691773 18.974372661
51.97861495 18.995637513
51.985688749 18.979731806
52.013961629 18.91615916
52.056749715 18.819627584
52.099537801 18.723044332
52.142325887 18.626512757
52.18501062 18.529929504
52.227798706 18.433423767
52.270690145 18.336866353
52.313323202 18.240283102
52.356162964 18.143777364
52.399002726 18.047271627
52.441739136 17.950636699
52.484527222 17.854156799
52.52741866 17.757625224
52.570206747 17.661093648
52.612839803 17.564562073
52.655627889 17.467978821
52.698415975 17.371447246
52.730145305 17.299875387
52.728284953 17.299358622
52.723013957 17.298686829
52.721463664 17.298170065
52.736243124 17.289178365
52.773863566 17.287111308
52.791020141 17.281220195
52.801562134 17.267422587
52.840319458 17.183706767
52.902744588 17.048262838
