29.80746504 45.614325262
29.730967644 45.591376044
29.781260613 45.610663153
29.801442905 45.621893622
29.809418165 45.631659247
29.814789259 45.641058661
29.827647332 45.64472077
29.843109571 45.646185614
29.856700066 45.649115302
29.872731967 45.658270575
29.901621941 45.680487372
29.918711785 45.690659898
30.075694207 45.792425848
30.125987175 45.811468817
29.908050977 45.666449286
29.80746504 45.614325262
32.63933353 46.060003973
32.783213738 46.046332098
32.852061394 46.056301174
32.88168379 46.055405992
32.913584832 46.038804429
32.954844597 46.051743882
32.978688998 46.053290106
32.989268425 46.042629299
32.999359571 46.03530508
33.045095248 46.037909247
33.05746504 46.025213934
33.040049675 46.012152411
32.619395379 46.060003973
32.626719597 46.065904039
32.631358269 46.066229559
32.63933353 46.060003973
32.153086785 46.155991929
32.166270379 46.149359442
32.143890821 46.152655341
32.101817254 46.166693427
31.73715254 46.220770575
31.580332879 46.262762762
31.549001498 46.282416083
31.521983269 46.313218492
31.514008009 46.329413153
31.505056186 46.354925848
31.504405144 46.373358466
31.521983269 46.368475653
31.538422071 46.325832424
31.554372592 46.296332098
31.577972852 46.275580145
31.618174675 46.259222723
31.94027754 46.204575914
32.070811394 46.182440497
32.153086785 46.155991929
33.196505575 52.36894928
33.294329061 52.357296245
33.358976277 52.357554627
33.376184529 52.355255025
33.40057608 52.344343017
33.403676392 52.342956035
33.419334351 52.338330994
33.437317749 52.339157817
33.45178715 52.345255636
33.465326376 52.352748718
33.480519246 52.357761333
33.499432821 52.34099233
33.493024943 52.303139343
33.510078166 52.287533061
33.531678915 52.288824972
33.600201864 52.330786235
33.687948445 52.355823466
33.733578736 52.360991109
33.778950643 52.360060934
33.804065389 52.35460907
33.815227498 52.345074768
33.823392375 52.331458029
33.83910201 52.31391388
33.858739054 52.302157491
33.900700317 52.285853577
33.919510539 52.269756369
33.944418579 52.235779114
33.957751099 52.224694519
34.021933228 52.197900289
34.038883097 52.186479798
34.055729614 52.170330913
34.065341431 52.158626201
34.071025838 52.148962708
34.07360966 52.139557597
34.073919719 52.128317973
34.05665979 52.105812887
34.05665979 52.100386862
34.060070434 52.08317861
34.062550903 52.050209046
34.068235311 52.031011252
34.080327596 52.013622131
34.101101521 51.992512309
34.104408813 51.975304057
34.096657349 51.960576274
34.096243937 51.951817119
34.146163371 51.951610413
34.166420533 51.942256979
34.203420857 51.912310487
34.209415324 51.908796489
34.22264449 51.903163758
34.228432251 51.899262187
34.231016072 51.894533794
34.234633423 51.880736186
34.234220012 51.878281556
34.246002238 51.87546519
34.264915812 51.881201274
34.276698039 51.881227113
34.294578084 51.873889059
34.327754353 51.850505473
34.347288046 51.841694641
34.371101382 51.826811306
34.38573531 51.817665101
34.412710409 51.77769338
34.414157349 51.736455587
34.3763302 51.70860199
34.356899862 51.705553081
34.298195435 51.706147359
34.127973267 51.680748393
34.089112589 51.666614889
34.079500774 51.643102112
34.090662883 51.633206076
34.126009562 51.627004904
34.140065552 51.621191305
34.144509725 51.613775737
34.148850545 51.593208516
34.152984659 51.583984274
34.160322714 51.576129456
34.202387329 51.546157125
34.21540979 51.531997783
34.223678019 51.514763692
34.225951782 51.492878723
34.223781372 51.482362569
34.214996379 51.464663392
34.212102498 51.455025737
34.213239379 51.444819641
34.217063436 51.436060487
34.219647258 51.427275492
34.217063436 51.417069398
34.208795207 51.411462504
34.186987753 51.408310242
34.181923461 51.402341614
34.185850871 51.394150899
34.195979451 51.385624288
34.215719848 51.373764547
34.230499308 51.367666728
34.247345825 51.36342926
34.264399048 51.361207174
34.280315389 51.36125885
34.300159139 51.368390198
34.308737427 51.33461965
34.283622681 51.301236674
34.243935181 51.27408071
34.185954224 51.248914286
34.257887817 51.229561462
34.281762329 51.226435039
34.299539022 51.23162852
34.336952759 51.251136374
34.371782674 51.256846619
34.408989706 51.253125916
34.480406535 51.236977031
34.513479451 51.229561462
34.578178345 51.23669281
34.608357381 51.234005636
34.622413371 51.224755555
34.62851119 51.2110613
34.633162069 51.195610047
34.642773885 51.180623881
34.657449992 51.171658021
34.674916626 51.167678935
34.748090454 51.164733379
34.817543579 51.174732768
34.899605754 51.196462708
34.946114542 51.214291077
34.961824178 51.215324605
34.980324341 51.209536846
34.99944462 51.202095439
35.018771606 51.20455007
35.038718709 51.210156962
35.059389282 51.212327373
35.078716268 51.207624817
35.091325318 51.197677104
35.099180135 51.183181865
35.123778117 51.091327006
35.143621867 51.058486634
35.172560669 51.040632427
35.206460408 51.038927104
35.274259887 51.048797302
35.308676392 51.047324525
35.328416789 51.043164571
35.346400187 51.036601664
35.355081827 51.025594585
35.346710245 51.008257141
35.332550904 50.999937236
35.278083944 50.992650859
35.282218058 50.981540426
35.282218058 50.961107412
35.282218058 50.95425527
35.28480188 50.944333395
35.293586873 50.937615458
35.317151327 50.934204814
35.329140259 50.929088847
35.341749308 50.91585968
35.342989542 50.90412913
35.340405721 50.891830139
35.34143925 50.876482239
35.348570597 50.863769837
35.369034465 50.84604482
35.377716105 50.83374583
35.37967981 50.819586487
35.377406047 50.807545879
35.379059692 50.797210592
35.393115682 50.788373922
35.418230428 50.778917135
35.429392537 50.772147522
35.43848759 50.762380676
35.447065878 50.734320373
35.443758586 50.70946401
35.445412231 50.687501527
35.468873332 50.668536275
35.391565389 50.646367087
35.376165812 50.63458486
35.377716105 50.621820781
35.425258423 50.500484518
35.44644576 50.476041565
35.480138794 50.466894837
35.501946248 50.464311015
35.522720174 50.459505107
35.540806925 50.45004832
35.554656209 50.43325348
35.562304321 50.40963735
35.563854615 50.39180898
35.570159139 50.37646108
35.592173299 50.360493062
35.611396932 50.351708069
35.631550741 50.344990133
35.652117961 50.341114401
35.673201945 50.340184225
35.692210134 50.344168474
35.696869751 50.345145162
35.710305623 50.355635478
35.721261027 50.368709616
35.737694133 50.381577047
35.746169068 50.383954163
35.765392701 50.384522604
35.774384399 50.38689972
35.785546508 50.394496155
35.805390259 50.412169495
35.819342895 50.41904246
35.837429646 50.423228251
35.931894165 50.430152893
36.105837036 50.421109518
36.133225546 50.411601054
36.140770304 50.392945862
36.169295695 50.383695781
36.269031209 50.281376445
36.291975545 50.274038391
36.315850057 50.274865214
36.339517863 50.281479797
36.36142867 50.291660055
36.380962362 50.304062399
36.387990356 50.306439515
36.400185994 50.30664622
36.410004516 50.304579163
36.430571736 50.296879374
36.45268925 50.293572082
36.480181111 50.280859681
36.512117147 50.276415507
36.521108846 50.274090068
36.53640507 50.267527161
36.538885539 50.265046692
36.536095012 50.260912577
36.533924601 50.238691712
36.531650838 50.228821513
36.534648072 50.219933167
36.549530884 50.212181702
36.57102828 50.206910706
36.594386027 50.204430237
36.616916952 50.206393942
36.635830526 50.214042054
36.644408814 50.222258606
36.660428508 50.243859355
36.669833618 50.253006083
36.682649373 50.260654196
36.848634074 50.323699443
36.914056437 50.33909902
36.980098918 50.342147929
37.051722452 50.33532664
37.19703658 50.362405091
37.226698853 50.377081198
37.285196574 50.415270081
37.314755494 50.42296987
37.415214478 50.431858216
37.435264933 50.424933573
37.450251099 50.398992005
37.463790324 50.366539205
37.480016724 50.340029195
37.568176717 50.312537334
37.599182576 50.290884908
37.601559692 50.249026998
37.591534464 50.225307516
37.588640585 50.214610494
37.59029423 50.20381012
37.597115519 50.196937154
37.631842082 50.174096171
37.727650187 50.078701477
37.763410279 50.062578431
37.842785278 50.03911733
37.881749308 50.02304596
37.915855754 50.003305563
37.946551555 49.978190816
37.979004353 49.941448873
37.980037882 49.939588522
37.995334106 49.921346741
37.99585087 49.905895488
38.000398397 49.899797669
38.022923793 49.909142189
38.06654423 49.927237854
38.079153279 49.929925029
38.090315389 49.928426413
38.108402141 49.920674947
38.119047486 49.919176331
38.166176392 49.940570374
38.171344035 49.98408193
38.164109334 50.030384014
38.173927856 50.060149638
38.189844197 50.062785136
38.25381962 50.059064433
38.28120813 50.062423401
38.299914999 50.060511373
38.314074341 50.049504294
38.344150024 49.992091777
38.356035604 49.980567932
38.376292765 49.974935201
38.42011438 49.971782939
38.43778772 49.96728709
38.461145467 49.956900127
38.497525675 49.948166809
38.57018274 49.956641744
38.619482056 49.950750631
38.628887166 49.953334452
38.637775513 49.957210185
38.662166789 49.962584534
38.664647257 49.965168356
38.664337199 49.962687887
38.672812134 49.942999166
38.675602661 49.927031149
38.68097701 49.918297831
38.687281535 49.913801982
38.747846313 49.885431621
38.852232707 49.865794577
38.886339152 49.84517568
38.910523722 49.820577698
38.937395467 49.803472799
39.032273397 49.807348532
39.049119914 49.81055247
39.068343547 49.821094462
39.09986617 49.851635234
39.117126098 49.864399313
39.15578007 49.873597718
39.181005517 49.859486931
39.182755168 49.858508199
39.238048951 49.765128886
39.260889934 49.74450999
39.289932089 49.73205597
39.327655884 49.726319885
39.367240031 49.731849264
39.405997355 49.744251608
39.443617798 49.749522603
39.479894653 49.733606263
39.499118286 49.72812856
39.557512655 49.723994446
39.570431763 49.713297425
39.581593872 49.690714823
39.597406861 49.647978415
39.622935018 49.613458558
39.65332076 49.59981598
39.68866744 49.593459778
39.729181763 49.580799052
39.781064901 49.548397929
39.801528768 49.542196757
39.828710571 49.541473288
39.859406372 49.545555726
39.889378703 49.553255513
39.914700155 49.562970684
39.974024699 49.60255483
39.998105916 49.608239238
40.01774296 49.607877503
40.11551477 49.590565898
40.118504096 49.588451001
40.130707642 49.579817201
40.126056763 49.559094951
40.110657186 49.545349019
40.072003214 49.530672913
40.054329875 49.519769186
40.034899536 49.487058004
40.040894002 49.455483704
40.061977987 49.425821432
40.101355429 49.385462138
40.148070923 49.349598694
40.159543091 49.333579
40.157165975 49.315853984
40.142696574 49.281902568
40.141663045 49.245780741
40.134014934 49.236272279
40.110243775 49.227642314
40.090916789 49.217255351
40.057740519 49.182787171
40.038413533 49.168524476
39.979605754 49.141859437
39.952113892 49.124547832
39.930926554 49.100569967
39.92606897 49.086513977
39.923381795 49.057988587
39.918730916 49.04780833
39.907258749 49.04258901
39.891342407 49.041762187
39.861990194 49.045121156
39.831501099 49.045276184
39.74892216 49.026207581
39.698279256 49.028377991
39.681122681 49.020316468
39.673991333 48.970138652
39.687530558 48.957581279
39.70778772 48.948796286
39.725977824 48.937014059
39.739413696 48.918978983
39.747371867 48.905336406
39.758740682 48.895414531
39.782305135 48.888438213
39.861886841 48.87644928
39.896510051 48.879911601
39.908188924 48.878412984
39.918627564 48.872470195
39.937644491 48.856243795
39.950356893 48.852781474
39.9722677 48.860326233
39.98994104 48.875674134
40.008854614 48.887818095
40.034279419 48.885596009
40.05381311 48.86921458
40.052779582 48.849732565
40.038723593 48.829992168
40.019603312 48.813145651
39.975264933 48.78968455
39.934957317 48.786687317
39.824163046 48.81562612
39.80121871 48.814902649
39.779411255 48.807719625
39.759360799 48.792836812
39.751195923 48.781881409
39.744477987 48.770512594
39.736313111 48.761520894
39.71140507 48.754802959
39.702930135 48.746586405
39.641848592 48.611710918
39.631720011 48.58690623
39.67027063 48.588404847
39.690114379 48.593675842
39.80917688 48.583753968
39.835325155 48.573470358
39.855065552 48.556107077
39.862713664 48.530062155
39.863850546 48.52274994
39.866124308 48.517039693
39.868501424 48.512905579
39.869534953 48.509908346
39.865400838 48.501485088
39.855995728 48.499366353
39.846693969 48.499831441
39.842146444 48.499056295
39.844730266 48.483501689
39.854342082 48.475440165
39.864780721 48.469833273
39.896199992 48.423918763
39.906845337 48.398338928
39.914493449 48.384696351
39.924105266 48.376118063
39.901470988 48.361183574
39.884107706 48.346352438
39.815894816 48.308163554
39.884831177 48.278992208
39.905191691 48.280645854
39.957384888 48.293384095
39.978882284 48.290076803
39.993248332 48.273230286
39.99066451 48.253748271
39.977642049 48.235454814
39.960485474 48.222070618
39.912633097 48.197679342
39.893719523 48.182977397
39.843076619 48.119751282
39.83119104 48.099985047
39.82902063 48.076782329
39.844316854 48.045673116
39.842973266 48.036397197
39.840286092 48.035001933
39.833568156 48.036190491
39.778791138 48.029214173
39.768145792 48.02433075
39.759877563 48.014951478
39.761944621 48.009783834
39.770109497 48.004099427
39.780238078 47.993144023
39.79439742 47.971310731
39.796154419 47.961363017
39.793984009 47.945705058
39.790470012 47.937746888
39.779824666 47.922476502
39.777034139 47.913743185
39.777550903 47.906585999
39.78209843 47.892891745
39.782925252 47.886561382
39.775587199 47.858010152
39.759050741 47.832947083
39.733832642 47.815997213
39.700759725 47.811527201
39.600610799 47.829484762
39.570018351 47.830931702
39.50935022 47.822766826
39.479894653 47.826125794
39.45705367 47.831293437
39.413955525 47.823180237
39.391631307 47.822611796
39.373544556 47.828296204
39.340058227 47.84356659
39.319697713 47.84602122
39.173556763 47.837055359
39.133249146 47.829536438
39.113508748 47.828554586
39.092941528 47.832094421
39.039094686 47.856924948
39.03618022 47.857002648
38.8772441 47.86123993
38.830942017 47.848243306
38.796215454 47.819924622
38.770997355 47.780831401
38.753324016 47.735149435
38.745159139 47.693110657
38.734513794 47.677142639
38.713016398 47.675721538
38.677876424 47.685178325
38.662166789 47.683292135
38.643356567 47.673525289
38.606356242 47.645051575
38.587649373 47.634302877
38.562224569 47.626628927
38.352935018 47.607095236
38.319035278 47.591308085
38.293403768 47.562782695
38.27438684 47.527849427
38.260330851 47.492941997
38.263638142 47.421706035
38.257953736 47.393232321
38.233355753 47.362407328
38.203383423 47.334631246
38.190567668 47.31690623
38.188707316 47.300989889
38.201006307 47.290628764
38.220333293 47.288794251
38.257643677 47.292747498
38.275730429 47.291817322
38.291853475 47.287037252
38.300948527 47.276030172
38.298158 47.256031392
38.284722127 47.24114858
38.263948202 47.231536764
38.241313924 47.223940328
38.222503702 47.215232849
38.203486776 47.192314352
38.196975545 47.162393698
38.201419719 47.130741883
38.2166586382 47.1032670045
38.216644727 47.103257554
38.216481967 47.103094794
38.196299675 47.089504299
38.142263217 47.037665106
38.10808353 47.026353257
38.130381707 47.058417059
38.130056186 47.074652411
38.10434004 47.081610419
38.071543816 47.099798895
38.066579623 47.098089911
38.061045769 47.094956773
38.035166863 47.084295966
38.02621504 47.081610419
37.987640821 47.091945705
37.962087436 47.095933335
37.950450066 47.091253973
37.861094597 47.10150788
37.753265821 47.075262762
37.710297071 47.07416413
37.58073978 47.090399481
37.546397332 47.081610419
37.482920769 47.035956122
37.3779403 46.933905341
37.351735873 46.898749091
37.335215691 46.882473049
37.312998894 46.875555731
37.317393425 46.900824286
37.295420769 46.920233466
37.2607528 46.932684637
37.227061394 46.936997789
37.208181186 46.93357982
37.162282748 46.909084377
37.046560092 46.877752997
37.028819207 46.875555731
37.017751498 46.87128327
36.984873894 46.852484442
36.973806186 46.848293361
36.938812696 46.839504299
36.886241082 46.804022528
36.853688998 46.800482489
36.862478061 46.776922919
36.849131707 46.754461981
36.829600457 46.731878973
36.819590691 46.707668361
36.812266472 46.680568752
36.793711785 46.653631903
36.769297722 46.637396552
36.743825717 46.642157294
36.743825717 46.649603583
36.751231316 46.649603583
36.771657748 46.643459377
36.790293816 46.671291408
36.802256707 46.70701732
36.802500847 46.724758205
36.794281446 46.729193427
36.758067254 46.758856512
36.742849155 46.764715887
36.710134311 46.772772528
36.696055535 46.779974677
36.679209832 46.773016669
36.661631707 46.773749091
36.633962436 46.779974677
36.617035352 46.776678778
36.605967644 46.76943594
36.597829623 46.762152411
36.590017123 46.758856512
36.524099155 46.758856512
36.482676629 46.741685289
36.43246504 46.734849351
36.400157097 46.723944403
36.371104363 46.708441473
36.30347741 46.659247137
36.284353061 46.636419989
36.278330925 46.607407945
36.270843946 46.607407945
36.271169467 46.622219143
36.267588738 46.625555731
36.257823113 46.621730861
36.247894727 46.619045315
36.246755405 46.612738348
36.245778842 46.610825914
36.240733269 46.619940497
36.243337436 46.624090887
36.244476759 46.630519924
36.244313998 46.635321356
36.232920769 46.64069245
36.230642123 46.642157294
36.221853061 46.654038804
36.216644727 46.658677476
36.20997155 46.662665106
36.189463738 46.669012762
36.171722852 46.668605861
36.134450717 46.662665106
36.062022332 46.670111395
35.925547722 46.65228913
35.901621941 46.652736721
35.82715905 46.623358466
35.771169467 46.601263739
35.741953972 46.584418036
35.661306186 46.519273179
35.628672722 46.498480536
35.51050866 46.45722077
35.491465691 46.447984117
35.475759311 46.435695705
35.445485873 46.405991929
35.430023634 46.395575262
35.395030144 46.378607489
35.380137566 46.368475653
35.284515821 46.259222723
35.279551629 46.255153713
35.263519727 46.24225495
35.209483269 46.169867255
35.184743686 46.145493882
35.161794467 46.128241278
35.121104363 46.118475653
35.09652754 46.104193427
35.062266472 46.098618882
35.038584832 46.08608633
35.000010613 46.073635158
34.982106967 46.077826239
34.985362175 46.087469794
35.017100457 46.112779039
35.051931186 46.128241278
35.049082879 46.132066148
35.044444207 46.141913153
35.148936394 46.16412995
35.200450066 46.183010158
35.227875196 46.221747137
35.251800977 46.240220445
35.262217644 46.257310289
35.291351759 46.293361721
35.327810092 46.319240627
35.342133009 46.335760809
35.346039259 46.361029364
35.328868035 46.348049221
35.31153405 46.337632554
35.29175866 46.336411851
35.267588738 46.351060289
35.258555535 46.373358466
35.26449629 46.399807033
35.284515821 46.43740469
35.277110222 46.440741278
35.260915561 46.44159577
35.250498894 46.443548895
35.243174675 46.446966864
35.230316602 46.455511786
35.214610222 46.462632554
35.201670769 46.476304429
35.191416863 46.494289455
35.188324415 46.512437242
35.16667728 46.493150132
35.174001498 46.473334052
35.192067905 46.455064195
35.20199629 46.440497137
35.205088738 46.427557684
35.210703972 46.420152085
35.21371504 46.411810614
35.209483269 46.396429755
35.201508009 46.385321356
35.167816602 46.361029364
35.10840905 46.297756252
35.105072462 46.295070705
35.075043165 46.271063544
35.030772332 46.251776434
34.936045769 46.235419012
34.926524285 46.235052802
34.914073113 46.238104559
34.908050977 46.244289455
34.907237175 46.251654364
34.904795769 46.255682684
34.8935653 46.251776434
34.886566602 46.242743231
34.88542728 46.231390692
34.882172071 46.221747137
34.8388778 46.207668361
34.835134311 46.20319245
34.817637566 46.186224677
34.812266472 46.176662502
34.81128991 46.166245835
34.813243035 46.158270575
34.81910241 46.141913153
34.824229363 46.077948309
34.828949415 46.063421942
34.83855228 46.047552802
34.874359571 45.926092841
34.883474155 45.912827867
34.895192905 45.901027736
34.90503991 45.888617255
34.958181186 45.789536851
35.044444207 45.670070705
35.332204623 45.37124258
35.480723504 45.297796942
35.517832879 45.295477606
35.694997592 45.330389716
35.715993686 45.340562242
35.743337436 45.361070054
35.747406446 45.370754299
35.748545769 45.379706122
35.7529403 45.386419989
35.767425977 45.388983466
35.772715691 45.392279364
35.788422071 45.407456773
35.79175866 45.412298895
35.794932488 45.430568752
35.803965691 45.44916413
35.817149285 45.464056708
35.833262566 45.470892645
35.857676629 45.469427802
35.860036655 45.459540106
35.852224155 45.444159247
35.846934441 45.426255601
35.854014519 45.41400788
35.871104363 45.404120184
35.946625196 45.372137762
35.986013217 45.362738348
36.02230879 45.368109442
36.051768425 45.395209052
36.06527754 45.425482489
36.068858269 45.429999091
36.09636478 45.441961981
36.117930535 45.4570987
36.137461785 45.462062893
36.252452019 45.461493231
36.267832879 45.467230536
36.28402754 45.47662995
36.299978061 45.473334052
36.30738366 45.46092357
36.298838738 45.443019924
36.311696811 45.443508205
36.321055535 45.448391018
36.329763217 45.454250393
36.340505405 45.45726146
36.359629754 45.454494533
36.391368035 45.439642645
36.411794467 45.436224677
36.470550977 45.445786851
36.490570509 45.443019924
36.515879754 45.419745184
36.532969597 45.408921617
36.548594597 45.412298895
36.566661004 45.425197658
36.583262566 45.427394924
36.598806186 45.421210028
36.613536004 45.408880927
36.631114129 45.374741929
36.638356967 45.351263739
36.630869988 45.340562242
36.598317905 45.334295966
36.586192254 45.333807684
36.574880405 45.33608633
36.545176629 45.347398179
36.521820509 45.349920966
36.502452019 45.346869208
36.489268425 45.336330471
36.484385613 45.31639232
36.487966342 45.309312242
36.494395379 45.305243231
36.497243686 45.30072663
36.490570509 45.292181708
36.482106967 45.288804429
36.459320509 45.287746486
36.450368686 45.28534577
36.437266472 45.272040106
36.426036004 45.251532294
36.417979363 45.229925848
36.409434441 45.171128648
36.40886478 45.149481512
36.414805535 45.128363348
36.442230665 45.106512762
36.455332879 45.091620184
36.453379754 45.076483466
36.44011478 45.067450262
36.367849155 45.048773505
36.278493686 45.045843817
36.267751498 45.043687242
36.257823113 45.03896719
36.253916863 45.033189195
36.248220248 45.016099351
36.244313998 45.010972398
36.224619988 45.007513739
36.135996941 45.021429755
36.079112175 45.046372789
36.079112175 45.03896719
36.047862175 45.048773505
36.025401238 45.032904364
36.008474155 45.009751695
35.993418816 44.997992255
35.91684004 45.001410223
35.847992384 44.99241771
35.827810092 44.999212958
35.81902103 45.021551825
35.812998894 45.031642971
35.783213738 45.057521877
35.771169467 45.065619208
35.706390821 45.094671942
35.634043816 45.114691473
35.590586785 45.119859117
35.547373894 45.119696356
35.506195509 45.11351146
35.469574415 45.101019598
35.41675866 45.070868231
35.408050977 45.06248607
35.405528191 45.05097077
35.400401238 45.04287344
35.39730879 45.03506094
35.400645379 45.024644273
35.406504754 45.020086981
35.435394727 45.010972398
35.435394727 45.004828192
35.422129754 45.000433661
35.38941491 45.001939195
35.37403405 44.997992255
35.36215254 44.986558335
35.360606316 44.973578192
35.367198113 44.943345445
35.31934655 44.970038153
35.31527754 44.966050523
35.304942254 44.96092357
35.298187696 44.956366278
35.273203972 44.966986395
35.256032748 44.958685614
35.23316491 44.92568594
35.215098504 44.914374091
35.171885613 44.907171942
35.154307488 44.901109117
35.129730665 44.868597723
35.10840905 44.824937242
35.08082116 44.793768622
35.037608269 44.798773505
35.027028842 44.809393622
35.017832879 44.823187567
35.005707227 44.835191148
34.986013217 44.840277411
34.952484571 44.841538804
34.942067905 44.840277411
34.930186394 44.83612702
34.922618035 44.830877997
34.916026238 44.825344143
34.907888217 44.82050202
34.889903191 44.818101304
34.857188347 44.823716539
34.84262129 44.816717841
34.826508009 44.811835028
34.757009311 44.82050202
34.720957879 44.810980536
34.650645379 44.77728913
34.613047722 44.765204169
34.533213738 44.752915757
34.500010613 44.742621161
34.47527103 44.723618882
34.474375847 44.726385809
34.474375847 44.728908596
34.473317905 44.730292059
34.469004754 44.729803778
34.429372592 44.689642645
34.424001498 44.682684637
34.414317254 44.673773505
34.380218946 44.631333726
34.341156446 44.55849844
34.331309441 44.545477606
34.322764519 44.543524481
34.300303582 44.545599677
34.286143425 44.545396226
34.275401238 44.546372789
34.271006707 44.545477606
34.266123894 44.541937567
34.265798373 44.53896719
34.266123894 44.535834052
34.263519727 44.531887111
34.242930535 44.507473049
34.229828321 44.49990469
34.18246504 44.492824611
34.170095248 44.481634833
34.160817905 44.466457424
34.14747155 44.449896552
34.136485222 44.441961981
34.102549675 44.425116278
34.08871504 44.42202383
34.065765821 44.419623114
33.957855665 44.38300202
33.937754754 44.381048895
33.914886915 44.383775132
33.852061394 44.401516018
33.839610222 44.401190497
33.818614129 44.395982164
33.8076278 44.39468008
33.74122155 44.395900783
33.720957879 44.399644273
33.645355665 44.425116278
33.63168379 44.434312242
33.626149936 44.45302969
33.6201278 44.462225653
33.590017123 44.490057684
33.578379754 44.497056382
33.560394727 44.49628327
33.539073113 44.491603908
33.517588738 44.490545966
33.499522332 44.500799872
33.48715254 44.510321356
33.379649285 44.564520575
33.372325066 44.576483466
33.371348504 44.587958075
33.371104363 44.588446356
33.375010613 44.585394598
33.405446811 44.590236721
33.413828972 44.593329169
33.435883009 44.605292059
33.444997592 44.606919664
33.466481967 44.605780341
33.477386915 44.606634833
33.485524936 44.610337632
33.500010613 44.613918361
33.551117384 44.614650783
33.571543816 44.620550848
33.557790561 44.624335028
33.525157097 44.62885163
33.516286655 44.634263414
33.514821811 44.649115302
33.523610873 44.661444403
33.535655144 44.672186591
33.544200066 44.682684637
33.548350457 44.698675848
33.546722852 44.709540106
33.536794467 44.729803778
33.530446811 44.757310289
33.525157097 44.772406317
33.516286655 44.78510163
33.524180535 44.789699611
33.527679884 44.79319896
33.530528191 44.798773505
33.537364129 44.818996486
33.546071811 44.836900132
33.559580925 44.849758205
33.598317905 44.85932038
33.609222852 44.871730861
33.61605879 44.889105536
33.61988366 44.908636786
33.619639519 44.931463934
33.608571811 44.970607815
33.605642123 44.987453518
33.602793816 44.993394273
33.585215691 45.018459377
33.581797722 45.02749258
33.578379754 45.053208726
33.562510613 45.09393952
33.537445509 45.11737702
33.469086134 45.148830471
33.413422071 45.184515692
33.396494988 45.189764716
33.355153842 45.185736395
33.317637566 45.175482489
33.282562696 45.160549221
33.259613477 45.156073309
33.249359571 45.165594794
33.240082227 45.17963288
33.218516472 45.18744538
33.173594597 45.196600653
33.158376498 45.206773179
33.123301629 45.237860419
33.098480665 45.248114325
33.090017123 45.256659247
33.078623894 45.271673895
33.06934655 45.276556708
33.051768425 45.281642971
33.043223504 45.28534577
32.976573113 45.325669664
32.940603061 45.342515367
32.899261915 45.354234117
32.750173373 45.3633487
32.728526238 45.361070054
32.712738477 45.353176174
32.677419467 45.325995184
32.66309655 45.320135809
32.591481967 45.320135809
32.570160352 45.325181382
32.535411004 45.338039455
32.512868686 45.340562242
32.485850457 45.394924221
32.481618686 45.408880927
32.4951278 45.435532945
32.525157097 45.458156643
32.6435653 45.521673895
32.66309655 45.525580145
32.68620853 45.527004299
32.704844597 45.531073309
32.720469597 45.537339585
32.734711134 45.545396226
32.743825717 45.552883205
32.749766472 45.559637762
32.757823113 45.564642645
32.772959832 45.56655508
32.783050977 45.565375067
32.802419467 45.560248114
32.813975457 45.559068101
32.827891472 45.56240469
32.829763217 45.57021719
32.826426629 45.579413153
32.824880405 45.586981512
32.82699629 45.595526434
32.83073978 45.601019598
32.837738477 45.608099677
32.868174675 45.630072333
32.936778191 45.662502346
33.163422071 45.736273505
33.176117384 45.743109442
33.181000196 45.755194403
33.176442905 45.758937893
33.16675866 45.762600002
33.1591903 45.768500067
33.160655144 45.778794664
33.169200066 45.784409898
33.17855879 45.780259507
33.194834832 45.765122789
33.230153842 45.750921942
33.265391472 45.75381094
33.338145379 45.785630601
33.374278191 45.796535549
33.379649285 45.803045966
33.410004102 45.826605536
33.424978061 45.830959377
33.466970248 45.850083726
33.482188347 45.854478257
33.489512566 45.852362372
33.507660352 45.842962958
33.519867384 45.840887762
33.53012129 45.841864325
33.554209832 45.847072658
33.578379754 45.868150132
33.598643425 45.877386786
33.610199415 45.880764065
33.61988366 45.881822007
33.630381707 45.880031643
33.641612175 45.876044012
33.650563998 45.870672919
33.654063347 45.864447333
33.65894616 45.85932038
33.670176629 45.858547268
33.691661004 45.860744533
33.693125847 45.872544664
33.691091342 45.896226304
33.693532748 45.914496161
33.708669467 45.909735419
33.72527103 45.916083075
33.759450717 45.922267971
33.777028842 45.92963288
33.758636915 45.940863348
33.739593946 45.947821356
33.68246504 45.958441473
33.657237175 45.95693594
33.645843946 45.953558661
33.639008009 45.947333075
33.632009311 45.944403387
33.61988366 45.950751044
33.638438347 45.968247789
33.646820509 45.979722398
33.6435653 45.984930731
33.632009311 45.98826732
33.631114129 45.996527411
33.636485222 46.006415106
33.6435653 46.014960028
33.642263217 46.022162177
33.629567905 46.056586005
33.6279403 46.067816473
33.638845248 46.07831452
33.648448113 46.09003327
33.6435653 46.104681708
33.613454623 46.145209052
33.59652754 46.155747789
33.571543816 46.149359442
33.5498153 46.136419989
33.532481316 46.121527411
33.531260613 46.106878973
33.557871941 46.094712632
33.557871941 46.087307033
33.531260613 46.08592357
33.505625847 46.080267645
33.495778842 46.067857164
33.516286655 46.046332098
33.506358269 46.04682038
33.485524936 46.053168036
33.423838738 46.053290106
33.415293816 46.058091539
33.384287957 46.087591864
33.357758009 46.103827216
33.3310653 46.107489325
33.310801629 46.087307033
33.305837436 46.092352606
33.301442905 46.09365469
33.296397332 46.093573309
33.290293816 46.094712632
33.306895379 46.106146552
33.317718946 46.119696356
33.315684441 46.131008205
33.293467644 46.135687567
33.214610222 46.128241278
33.221853061 46.141506252
33.22535241 46.154120184
33.235118035 46.223822333
33.211924675 46.206284898
33.194997592 46.178697007
33.175059441 46.153143622
33.14323978 46.141913153
33.13550866 46.14069245
33.122894727 46.135891018
33.112803582 46.135687567
33.103282097 46.138373114
33.081797722 46.149359442
33.023448113 46.169867255
33.032481316 46.141017971
33.01823978 46.127671617
32.91309655 46.115179755
32.899261915 46.115220445
32.891612175 46.116685289
32.882660352 46.120672919
32.876149936 46.121405341
32.853200717 46.120347398
32.844574415 46.121405341
32.789805535 46.134344794
32.766286655 46.135687567
32.751312696 46.13304271
32.714040561 46.120062567
32.588226759 46.104396877
32.577810092 46.10154857
32.567556186 46.096584377
32.551036004 46.084295966
32.543711785 46.080471096
32.503428582 46.076117255
32.302500847 46.116685289
32.280528191 46.127590236
32.267751498 46.126613674
32.262461785 46.128241278
32.26050866 46.132147528
32.257334832 46.144964911
32.255625847 46.149359442
32.251719597 46.156887111
32.247406446 46.170721747
32.241953972 46.176662502
32.260915561 46.188625393
32.266774936 46.194810289
32.269297722 46.204575914
32.239268425 46.19525788
32.213145379 46.193060614
32.187347852 46.196722723
32.142588738 46.207993882
32.128672722 46.209702867
32.115407748 46.214544989
32.077891472 46.249497789
32.050140821 46.266058661
32.018077019 46.257513739
31.968435092 46.275702216
31.8857528 46.320013739
31.884043816 46.3086612
31.887950066 46.295152085
31.889903191 46.283840236
31.882334832 46.279120184
31.81918379 46.280585028
31.801117384 46.28506094
31.785899285 46.292385158
31.77247155 46.302679755
31.767344597 46.318182684
31.77995853 46.331773179
31.7998153 46.342230536
31.816742384 46.347967841
31.837412957 46.349554755
31.892588738 46.341131903
31.968272332 46.351060289
31.977305535 46.355292059
32.029633009 46.388983466
32.04167728 46.39085521
32.055186394 46.39057038
32.061859571 46.393784898
32.05355879 46.405991929
32.007823113 46.448960679
31.991709832 46.453558661
31.954600457 46.450995184
31.910655144 46.455877997
31.771657748 46.495835679
31.748545769 46.49994538
31.726410352 46.500881252
31.710703972 46.495428778
31.695974155 46.484116929
31.69027754 46.478583075
31.68653405 46.470892645
31.685069207 46.461371161
31.68653405 46.42987702
31.663584832 46.472113348
31.655772332 46.478338934
31.641449415 46.482082424
31.524424675 46.564195054
31.508311394 46.587591864
31.540293816 46.570054429
31.566661004 46.550360419
31.581553582 46.545233466
31.756358269 46.554266669
31.790212436 46.547267971
31.847911004 46.523016669
31.851735873 46.521958726
31.861827019 46.519273179
31.947113477 46.519273179
32.033457879 46.506293036
32.091156446 46.512844143
32.111664259 46.512437242
32.22152754 46.495428778
32.27613366 46.470892645
32.317556186 46.464341539
32.361013217 46.466864325
32.399668816 46.478338934
32.427012566 46.498846747
32.408376498 46.517279364
32.435720248 46.54315827
32.505707227 46.584133205
32.524750196 46.592718817
32.570974155 46.596421617
32.588389519 46.604315497
32.603770379 46.615708726
32.619395379 46.623521226
32.633799675 46.633124091
32.645518425 46.649603583
32.621836785 46.641791083
32.594574415 46.628322658
32.567393425 46.618475653
32.543711785 46.621730861
32.40902754 46.568915106
32.335785352 46.562160549
32.269297722 46.587591864
32.253754102 46.604722398
32.248220248 46.607407945
32.236827019 46.604437567
32.220062696 46.590725002
32.210948113 46.587591864
32.199717644 46.586493231
32.180186394 46.581773179
32.169932488 46.580755927
32.146332227 46.560248114
32.132090691 46.57029857
32.117930535 46.606878973
32.101084832 46.614894924
32.039561394 46.623480536
32.022797071 46.62913646
32.008962436 46.639797268
31.992930535 46.657416083
31.979828321 46.677069403
31.974457227 46.693996486
31.970713738 46.712876695
31.961436394 46.727606512
31.950205925 46.741766669
31.94027754 46.758856512
31.93620853 46.800360419
31.954763217 46.831447658
31.981700066 46.860337632
32.002452019 46.895453192
32.007497592 46.915228583
32.00668379 46.930487372
31.995941602 46.940375067
31.946055535 46.946682033
31.935883009 46.954820054
31.939219597 46.967962958
31.968923373 46.998683986
31.976898634 47.009344794
31.970957879 47.016343492
31.943695509 47.018947658
31.900157097 47.013617255
31.881114129 47.015041408
31.865244988 47.026353257
31.89323978 47.068426825
31.896820509 47.092718817
31.882334832 47.118597723
31.868174675 47.127346096
31.855723504 47.129624742
31.845550977 47.134019273
31.837901238 47.149237372
31.83472741 47.16819896
31.834483269 47.178941148
31.830577019 47.186753648
31.816742384 47.197088934
31.757660352 47.216213283
31.748545769 47.228461005
31.753265821 47.248521226
31.752126498 47.255845445
31.741709832 47.259100653
31.737803582 47.255357164
31.723806186 47.237494208
31.720550977 47.231878973
31.726817254 47.220526434
31.742442254 47.209173895
31.761729363 47.200506903
31.806162957 47.192694403
31.816254102 47.180853583
31.815603061 47.122626044
31.819997592 47.11709219
31.844737175 47.112982489
31.851573113 47.108343817
31.856618686 47.103664455
31.861827019 47.10150788
31.874278191 47.09381745
31.866465691 47.077053127
31.852305535 47.060532945
31.844737175 47.053697007
31.837412957 47.008449611
31.868988477 46.998846747
31.914073113 47.003078518
31.947113477 46.999090887
31.917735222 46.976263739
31.904307488 46.960516669
31.899424675 46.943833726
31.907725457 46.926459052
31.925629102 46.922919012
31.947601759 46.928168036
31.968272332 46.936997789
31.972829623 46.915350653
31.963389519 46.885687567
31.945078972 46.85952383
31.923187696 46.848293361
31.898610873 46.842922268
31.877452019 46.82827383
31.864756707 46.806586005
31.865244988 46.779974677
31.902842644 46.745184637
31.906748894 46.73822663
31.899424675 46.693996486
31.902354363 46.676988023
31.907481316 46.669175523
31.908539259 46.662746486
31.899424675 46.649603583
31.892100457 46.643622137
31.8701278 46.633124091
31.85840905 46.62913646
31.814707879 46.623032945
31.771494988 46.627508856
31.674082879 46.653225002
31.614431186 46.649603583
31.597178582 46.643215236
31.58871504 46.629584052
31.578868035 46.61733633
31.556813998 46.614894924
31.548513217 46.618068752
31.534515821 46.627183335
31.525401238 46.62913646
31.504161004 46.627997137
31.493011915 46.628729559
31.485036655 46.632269598
31.480967644 46.646429755
31.49089603 46.663397528
31.546153191 46.727606512
31.560231967 46.749090887
31.559825066 46.758856512
31.572113477 46.766302802
31.618174675 46.813462632
31.606130405 46.826402085
31.597829623 46.82046133
31.591319207 46.805975653
31.583994988 46.793646552
31.576670769 46.789374091
31.55738366 46.783636786
31.549327019 46.779974677
31.543467644 46.774847723
31.524180535 46.75405508
31.522959832 46.750311591
31.519541863 46.747463283
31.508311394 46.745184637
31.495616082 46.750718492
31.481618686 46.758856512
31.466807488 46.783596096
31.4560653 46.796047268
31.440684441 46.800482489
31.45191491 46.775458075
31.453786655 46.769110419
31.45582116 46.754584052
31.461924675 46.748683986
31.470713738 46.745347398
31.502126498 46.727728583
31.505869988 46.720404364
31.498301629 46.707668361
31.479665561 46.687201239
31.478200717 46.68378327
31.462657097 46.675238348
31.42855879 46.637640692
31.416188998 46.62913646
31.396657748 46.626044012
31.352224155 46.60932038
31.337657097 46.601263739
31.323903842 46.606146552
31.29574629 46.608872789
31.282969597 46.614894924
31.275563998 46.607407945
31.25668379 46.616400458
31.186859571 46.62913646
31.159515821 46.6289737
31.10816491 46.617743231
31.054535352 46.612738348
31.013031446 46.603338934
30.991384311 46.601263739
30.982432488 46.597398179
30.959239129 46.583400783
30.950450066 46.584133205
30.939138217 46.587713934
30.926036004 46.584295966
30.866953972 46.555812893
30.8545028 46.553412177
30.812510613 46.560044664
30.802582227 46.560248114
30.790700717 46.552923895
30.760915561 46.524359442
30.754893425 46.51585521
30.758311394 46.502590236
30.775238477 46.477687893
30.782074415 46.45722077
30.785899285 46.45726146
30.793467644 46.452337958
30.798187696 46.446437893
30.792979363 46.443548895
30.790375196 46.4414737
30.786794467 46.436509507
30.783539259 46.430853583
30.774750196 46.400620835
30.77247155 46.396429755
30.731293165 46.358587958
30.714528842 46.347967841
30.660655144 46.350897528
30.651866082 46.344549872
30.656504754 46.339016018
30.679372592 46.32831452
30.68653405 46.320013739
30.686778191 46.309027411
30.68238366 46.299546617
30.653493686 46.259588934
30.583506707 46.190334377
30.561859571 46.161688544
30.547699415 46.147772528
30.531993035 46.141913153
30.523285352 46.133775132
30.503428582 46.094387111
30.494151238 46.080471096
30.371267123 45.997951565
30.261403842 45.895493882
30.204925977 45.855861721
30.138438347 45.819769598
30.140961134 45.832953192
30.135264519 45.889146226
30.127452019 45.891343492
30.118337436 45.884507554
30.110606316 45.87506745
30.105804884 45.86347077
30.102305535 45.836859442
30.10059655 45.830308335
30.096853061 45.823716539
30.09644616 45.818426825
30.094574415 45.814846096
30.086680535 45.813544012
30.084320509 45.815619208
30.078379754 45.819403387
30.072438998 45.820990302
30.069590691 45.816717841
30.06120853 45.813462632
30.01465905 45.839667059
29.990733269 45.847072658
29.968516472 45.838934637
29.960459832 45.819159247
29.958262566 45.794623114
29.952891472 45.771958726
29.943044467 45.783514716
29.93238366 45.792425848
29.93238366 45.799872137
29.939138217 45.810451565
29.935069207 45.816148179
29.926280144 45.813788153
29.918711785 45.799872137
29.917735222 45.782904364
29.922373894 45.76943594
29.930186394 45.759100653
29.939300977 45.751532294
29.93238366 45.724188544
29.927419467 45.733710028
29.919688347 45.740545966
29.898203972 45.751532294
29.895762566 45.755357164
29.896820509 45.759914455
29.896169467 45.763617255
29.887705925 45.765122789
29.88168379 45.763006903
29.878754102 45.758286851
29.876800977 45.753607489
29.87403405 45.751532294
29.850840691 45.751125393
29.823741082 45.747626044
29.802419467 45.737494208
29.79574629 45.717352606
29.803233269 45.704169012
29.816416863 45.697699286
29.843028191 45.690659898
29.85824629 45.67987702
29.865000847 45.672349351
29.860118035 45.668931382
29.84253991 45.663885809
29.826670769 45.654242255
29.809580925 45.64858633
29.789073113 45.655259507
29.786143425 45.648911851
29.78386478 45.646633205
29.784353061 45.643622137
29.789073113 45.635443427
29.774099155 45.629584052
29.745941602 45.622626044
29.733734571 45.614325262
29.735036655 45.64057038
29.723968946 45.667425848
29.705251498 45.688421942
29.6826278 45.696844794
29.685313347 45.704250393
29.679209832 45.751532294
29.685801629 45.767726955
29.692230665 45.775336005
29.693858269 45.78131745
29.685883009 45.792425848
29.680430535 45.798285223
29.677582227 45.800197658
29.674001498 45.801581122
29.653330925 45.813869533
29.64747155 45.818548895
29.642832879 45.827215887
29.638194207 45.826320705
29.633555535 45.821356512
29.631358269 45.813544012
29.634613477 45.806626695
29.648692254 45.793605861
29.651866082 45.78900788
29.647959832 45.78119538
29.629567905 45.763495184
29.62387129 45.751532294
29.622731967 45.736232815
29.625336134 45.728257554
29.630707227 45.721502997
29.637543165 45.709906317
29.603200717 45.69131094
29.597178582 45.65228913
29.599375847 45.604437567
29.589691602 45.559068101
29.615000847 45.550116278
29.629079623 45.546698309
29.648448113 45.545396226
29.66684004 45.548163153
29.681162957 45.555121161
29.707041863 45.573309637
29.694509311 45.562201239
29.661631707 45.525864976
29.648448113 45.518133856
29.638031446 45.513861395
29.63168379 45.504461981
29.626719597 45.495062567
29.620860222 45.490790106
29.605153842 45.487005927
29.605723504 45.478176174
29.621104363 45.454413153
29.629649285 45.446926174
29.640798373 45.441799221
29.651866082 45.443019924
29.655609571 45.451849677
29.653819207 45.464016018
29.656016472 45.474188544
29.672373894 45.477118231
29.672373894 45.453843492
29.675303582 45.449611721
29.681488477 45.450181382
29.68653405 45.453558661
29.685883009 45.45726146
29.69434655 45.455511786
29.70215905 45.456610419
29.708669467 45.452785549
29.713226759 45.436224677
29.719737175 45.451361395
29.724457227 45.468166408
29.732269727 45.475734768
29.747406446 45.463446356
29.754649285 45.447251695
29.755869988 45.427883205
29.747813347 45.41429271
29.727712436 45.415676174
29.741872592 45.404527085
29.750173373 45.385809637
29.753916863 45.364081122
29.756195509 45.321234442
29.754893425 45.31268952
29.751475457 45.304144598
29.742930535 45.290472723
29.74122155 45.282212632
29.729746941 45.258124091
29.727712436 45.247748114
29.728688998 45.239325262
29.729746941 45.237738348
29.728037957 45.236883856
29.708750847 45.223334052
29.692393425 45.216742255
29.67448978 45.213568427
29.659074653 45.215880695
29.659078756 45.215886719
29.664214721 45.223183899
29.666488484 45.230625306
29.664989869 45.237860006
29.659253784 45.244164531
29.672276245 45.272948303
29.667108602 45.311860657
29.650262085 45.346122132
29.628144572 45.360798238
29.616362346 45.365345765
29.569698527 45.39495636
29.430637248 45.430406392
29.353742717 45.435935771
29.343924195 45.438106181
29.332968791 45.442136943
29.32211674 45.443842265
29.312814982 45.439346415
29.307027222 45.434127095
29.299275757 45.428907777
29.290490763 45.424618633
29.281809122 45.422293193
29.260828491 45.42203481
29.244602091 45.424205221
29.228168986 45.423740133
29.20667159 45.415420227
29.191582072 45.406170146
29.183107137 45.398987122
29.179386434 45.391855774
29.174322143 45.388961894
29.150137573 45.387876689
29.141869344 45.385086161
29.127503296 45.37454417
29.110295043 45.369066468
29.069522339 45.360798238
29.018155966 45.330877584
29.00461674 45.326071676
28.98244755 45.325503235
28.973662557 45.32369456
28.966479533 45.319870504
28.96043339 45.311292216
28.957384481 45.292016907
28.952836954 45.285092265
28.929892618 45.279097799
28.910048869 45.287366028
28.893615763 45.299820049
28.880851684 45.306176249
28.858114054 45.30907013
28.83181075 45.322299297
28.81630782 45.326071676
28.789746134 45.321420797
28.788609253 45.307106425
28.790159545 45.292068583
28.761530803 45.28183665
28.759670451 45.274188538
28.762564331 45.265145162
28.767266886 45.257755433
28.774294881 45.253362936
28.802665243 45.244164531
28.791399781 45.234966126
28.778687378 45.231090394
28.74737146 45.230470276
28.710061076 45.226956279
28.577045939 45.248091939
28.494156942 45.278891094
28.405170125 45.295065817
28.370236857 45.309225159
28.353286987 45.312429098
28.330239298 45.322919413
28.31080896 45.347827454
28.281198364 45.401829326
28.286417684 45.421724752
28.266883993 45.440483297
28.237635132 45.452058818
28.215146087 45.450365082
28.212933797 45.450198466
28.199497925 45.461773987
28.201564982 45.468853658
28.208489624 45.481411031
28.217171264 45.493141581
28.217171264 45.493193258
28.217274617 45.493348288
28.270423378 45.52147069
28.270501343 45.521511943
28.341918172 45.517636211
28.416848999 45.503786926
28.480927775 45.501978251
28.50201176 45.508747864
28.506455932 45.520581767
28.500048055 45.55458486
28.497980998 45.556445211
28.49823938 45.558718974
28.503743389 45.566102402
28.504595581 45.567245586
28.510435018 45.571017965
28.536893351 45.579802959
28.523095744 45.593238831
28.518754923 45.607036438
28.516894572 45.620989075
28.511313517 45.635045065
28.498497762 45.644295146
28.48289148 45.6507547
28.474003133 45.657937725
28.480927775 45.669461569
28.504182169 45.693697815
28.515240926 45.702017721
28.532500855 45.710079244
28.561439657 45.716590475
28.567640828 45.724600322
28.563525429 45.735494026
28.560612834 45.743203837
28.576684204 45.761910706
28.643605184 45.766509908
28.669753459 45.777310283
28.673267456 45.786870423
28.671923868 45.797257386
28.669391724 45.806300761
28.669753459 45.812036845
28.677298218 45.816584371
28.70639205 45.821131897
28.725564006 45.828780009
28.738276407 45.837565003
28.745046021 45.850484111
28.746441284 45.870586243
28.74230717 45.887329407
28.728406209 45.921952617
28.729181356 45.938644104
28.740240112 45.953216858
28.757603393 45.961175029
28.931959676 45.99316274
28.956867717 46.001379293
28.958934773 46.021016338
28.941158081 46.064682922
28.938780965 46.089280905
28.946429077 46.105093893
28.980845581 46.132120667
29.003479858 46.158940736
29.015365438 46.182608541
29.009836059 46.204364319
28.984112143 46.221221024
28.950769898 46.243069967
28.950614868 46.243121644
28.933509969 46.258986308
28.932889852 46.272628886
28.939917847 46.286994935
28.94580896 46.304978333
28.944878784 46.320739645
28.927308797 46.36802358
28.919247274 46.404662171
28.925448446 46.43277415
28.94580896 46.45478831
29.020326375 46.489514872
29.055914596 46.498740201
29.074948364 46.503674215
29.162746622 46.538090719
29.183059285 46.538041891
29.184244018 46.538039043
29.200212036 46.523983053
29.206774943 46.502511495
29.207601766 46.417891338
29.205638061 46.406109111
29.19928186 46.396497294
29.190341837 46.387195536
29.183417196 46.377609558
29.183727254 46.367170919
29.200677124 46.357119853
29.22289799 46.366473288
29.259174845 46.394352723
29.271370484 46.39742747
29.278191772 46.395877178
29.283256062 46.39742747
29.290077352 46.410243225
29.290697469 46.419260763
29.285943238 46.439492086
29.289147176 46.451636047
29.306717163 46.471996562
29.320773153 46.468740947
29.344234253 46.434169414
29.362114299 46.415927633
29.374723348 46.416186015
29.418234904 46.462488098
29.43683842 46.476699118
29.45672369 46.484366324
29.457612345 46.484708965
29.48086674 46.482047628
29.486447795 46.475872295
29.488204793 46.469361064
29.486241089 46.462488098
29.48086674 46.45551178
29.475285685 46.447553609
29.473321981 46.439802145
29.47507898 46.432257386
29.48086674 46.425151877
29.496059611 46.420811056
29.527478882 46.416651103
29.541431519 46.413033753
29.555642538 46.404197083
29.569440145 46.382286276
29.58297937 46.369651388
29.598585653 46.363062643
29.615638875 46.361822409
29.632071981 46.366059876
29.645507853 46.375594178
29.652949259 46.391898092
29.647988322 46.416392721
29.654396199 46.422697245
29.682714885 46.422929789
29.702868693 46.428329976
29.713824097 46.44305776
29.714134155 46.471169739
29.72694991 46.455796
29.779556519 46.421095276
29.800330444 46.398357646
29.805084676 46.389986064
29.806738322 46.380891012
29.806169882 46.361564026
29.808185262 46.354691061
29.828132365 46.339394837
29.84776941 46.341461894
29.884666382 46.364199524
29.902546427 46.371175843
29.918669474 46.373656311
30.037266886 46.368927918
30.081140177 46.374198914
30.1071851 46.391898092
30.131576375 46.422826437
30.118243856 46.428691712
30.102017456 46.430732931
30.086927938 46.42887258
30.077006063 46.422826437
30.060004516 46.436804911
30.014064168 46.46202301
30.02171228 46.470652975
30.00941329 46.488067932
30.002850383 46.494217428
29.994943889 46.49853241
29.989259481 46.498687439
29.977063843 46.4931839
29.970552612 46.49173696
29.967038614 46.493855693
29.962077677 46.503441671
29.960217326 46.505947978
29.916085652 46.51881541
29.90192631 46.53083018
29.898825724 46.553128561
29.916085652 46.554368795
29.938099812 46.55734019
29.949675334 46.578863424
29.94740157 46.588346049
29.93494755 46.608835755
29.931278524 46.619171041
29.931898641 46.632374369
29.935412638 46.641856995
29.940270223 46.650797017
29.944404338 46.662475891
29.95262089 46.724694316
29.951122273 46.743116964
29.946678101 46.750739238
29.935671021 46.765156963
29.931795288 46.772443339
29.930451701 46.781641744
29.930658406 46.803087464
29.928177938 46.809753723
29.91742924 46.813965353
29.90771407 46.810942282
29.898515666 46.806653138
29.889627319 46.807169902
29.884873087 46.812673442
29.876914917 46.830786031
29.872212361 46.837710673
29.843635294 46.854143779
29.815213257 46.856624248
29.78575769 46.854660543
29.754131714 46.858019511
29.735838257 46.867192078
29.712480509 46.893443706
29.696150757 46.904683329
29.680854533 46.908559062
29.648091675 46.910419414
29.631865275 46.914398499
29.623286987 46.919540304
29.607577352 46.932020163
29.5984823 46.93537913
29.573160848 46.933725485
29.56747644 46.93465566
29.558691447 46.945740255
29.559828329 46.95884023
29.560625743 46.961256395
29.564995972 46.97449819
29.572489055 47.011756897
29.583392781 47.022789816
29.59543339 47.03214325
29.603029826 47.045759989
29.60209965 47.061004538
29.59486495 47.074595439
29.583392781 47.085214945
29.570163615 47.091441956
29.551353394 47.090201721
29.539726197 47.078884582
29.530992879 47.066017151
29.520140829 47.059919332
29.511459188 47.066017151
29.48086674 47.105239563
29.47869633 47.108469341
29.477869507 47.111544088
29.478592976 47.114644674
29.48086674 47.117486878
29.50866866 47.119398906
29.530372762 47.12368805
29.544842163 47.135573629
29.550629923 47.160171611
29.54039799 47.212545675
29.54401534 47.234249777
29.568716675 47.243138123
29.580188843 47.260449727
29.579258667 47.283600769
29.570060262 47.306777649
29.556572714 47.324037578
29.539881225 47.334217835
29.520967652 47.33892039
29.501072225 47.339824728
29.48086674 47.338274435
29.470634806 47.322745667
29.46608728 47.307449442
29.459162638 47.293496806
29.441696004 47.282127991
29.425572957 47.27866567
29.409553263 47.279750876
29.394463745 47.284711813
29.380821167 47.292980041
29.370881519 47.304433933
29.367592 47.30822459
29.364491415 47.322435608
29.364078002 47.336879171
29.35891036 47.352717998
29.345836222 47.365843811
29.330384969 47.37049469
29.314675333 47.372716777
29.30082605 47.378194479
29.29271285 47.388865662
29.288217001 47.40077708
29.281395711 47.411474101
29.25069991 47.425375061
29.232613159 47.446329855
29.218350464 47.45160085
29.201865682 47.446588237
29.192408895 47.435813701
29.182073609 47.429870911
29.163883504 47.439379374
29.155615275 47.449998881
29.140008993 47.48015208
29.137188792 47.484008432
29.130655558 47.492941997
29.130603882 47.49304535
29.130500529 47.493097026
29.130397176 47.493200378
29.117426391 47.533327128
29.130500529 47.559630433
29.156183716 47.582781474
29.182073609 47.613218893
29.192408895 47.65091685
29.191478719 47.686263529
29.196956421 47.717501933
29.226670369 47.743236796
29.238607625 47.756000875
29.234731893 47.76680125
29.221967814 47.774811096
29.187447957 47.783208517
29.177836141 47.789719747
29.177732788 47.800700989
29.186724487 47.8182193
29.198920125 47.829484762
29.217420288 47.842894796
29.232768188 47.857079976
29.236023803 47.870722555
29.225998576 47.87558014
29.186621134 47.883641663
29.172565145 47.891005554
29.164606974 47.905604147
29.155821981 47.939865621
29.147967163 47.955368551
29.13628829 47.968184306
29.123989298 47.975987447
29.110036662 47.979656474
29.092725057 47.980173238
29.061047404 47.969760438
29.01722579 47.931080628
28.980845581 47.926378072
28.950356486 47.934801331
28.936086736 47.942164356
28.914803101 47.953146464
28.882557007 47.976762594
28.862085148 48.000502077
28.855685262 48.007923483
28.839252156 48.018284607
28.832534221 48.024821676
28.830777221 48.030867819
28.827573283 48.057016094
28.811553589 48.082905986
28.809176473 48.089778952
28.80834965 48.096574402
28.805920858 48.103809103
28.799254598 48.111793111
28.771245972 48.124453837
28.735072469 48.128691305
28.665619344 48.12933726
28.573635295 48.154968771
28.541595906 48.155950623
28.519323364 48.149129334
28.501113053 48.112889266
28.501081584 48.11282664
28.499790098 48.10891363
28.494156942 48.091846009
28.493743531 48.074818624
28.490022827 48.065491028
28.479584188 48.064922588
28.459378703 48.074456889
28.447441447 48.082750957
28.419019409 48.122231751
28.435659221 48.134685771
28.436899455 48.149852804
28.427287639 48.163366191
28.411578003 48.170704244
28.388633667 48.168585511
28.375559529 48.156648255
28.364965861 48.14150706
28.349566284 48.129724833
28.328585653 48.12701182
28.317423543 48.135357565
28.315563192 48.149284363
28.322177775 48.163211161
28.33788741 48.175484315
28.352253458 48.181866354
28.363363892 48.191013082
28.370030151 48.211631979
28.3681698 48.230623068
28.357731161 48.238607076
28.340574585 48.240105693
28.294479207 48.236488343
28.277529337 48.229124451
28.261716349 48.219951884
28.240322307 48.211631979
28.216964559 48.20814382
28.199911336 48.211735332
28.189369344 48.22305247
28.185751994 48.242379456
28.178517293 48.258864238
28.162084188 48.257184754
28.131078329 48.239588929
28.115575399 48.236746725
28.09325118 48.237444357
28.078678426 48.244911601
28.098315471 48.284108175
28.092837768 48.302065735
28.076404663 48.314933167
28.055940796 48.321496074
28.003176857 48.325882843
27.967057332 48.328885804
27.926439656 48.339427795
27.904528849 48.362475484
27.896674032 48.36717804
27.885371499 48.378443876
27.864841349 48.398907369
27.849855184 48.409630229
27.785259643 48.441566264
27.751773315 48.451979066
27.627026408 48.451255595
27.606872599 48.457818502
27.604805542 48.484121806
27.582998087 48.486033834
27.557056519 48.474354961
27.545170939 48.472365418
27.503896381 48.472365418
27.503829794 48.472365418
27.480885458 48.451410625
27.420217325 48.41714915
27.403474161 48.411490581
27.389831583 48.415004578
27.361409546 48.432807109
27.342185913 48.436114401
27.306012411 48.42366038
27.251930017 48.378310041
27.24648116 48.373740947
27.208550659 48.360615133
27.175787801 48.361803691
27.068817586 48.388882142
27.048043661 48.397667135
27.037398315 48.399682516
27.026339559 48.397098694
27.025409383 48.389863994
27.02819991 48.381389059
27.027786499 48.374774476
27.028509969 48.37079539
27.03181726 48.365240174
27.033057495 48.360201722
27.027683146 48.357747091
27.015590861 48.359400737
27.004635458 48.358754781
26.997814168 48.361545309
26.990579468 48.362372131
26.981071004 48.355680034
26.943243856 48.351261699
26.908723999 48.365240174
26.875961141 48.383998719
26.842784872 48.393739726
26.831932821 48.39136261
26.828418824 48.3851356
26.825628296 48.377771708
26.816946655 48.371725566
26.81007369 48.371880595
26.793588908 48.376273092
26.78805953 48.375963033
26.777517538 48.36617035
26.778189331 48.357204488
26.784080444 48.34516388
26.78935144 48.325940247
26.790074911 48.307052511
26.78573409 48.294107564
26.774365275 48.287182923
26.754573202 48.286149394
26.73591801 48.291833801
26.723619019 48.302582499
26.712973674 48.314907328
26.699434449 48.325113424
26.679797404 48.330177714
26.674009644 48.321702779
26.669100382 48.308809509
26.636079142 48.294882711
26.625123739 48.282893778
26.618612508 48.267184143
26.617889038 48.258967591
26.587399943 48.249355774
26.461309448 48.230390524
26.444669637 48.227729187
26.397437378 48.226204733
26.380487508 48.223207499
26.347311239 48.212097067
26.330258015 48.208505555
26.311757853 48.209719951
26.303489624 48.21204539
26.29615157 48.178998312
26.297495158 48.156338196
26.286953166 48.12471222
26.270726766 48.093603007
26.255327189 48.072338155
26.243234904 48.062907207
26.21708663 48.048024394
26.204787638 48.037379049
26.182670125 48.003272604
26.173058309 47.993144023
26.125722697 47.97841624
26.102530449 47.978267094
26.029294474 47.977796122
25.965732462 47.964902852
25.918086792 47.968158468
25.901240275 47.965962219
25.870957886 47.957022197
25.818351278 47.952578024
25.752515503 47.934594626
25.261744426 47.898576152
25.218956339 47.87847402
25.121908 47.770315247
25.080256795 47.743133443
25.080050089 47.743081767
25.079946737 47.742926738
25.017418253 47.724581604
24.942380238 47.715562921
24.928857956 47.713937702
24.896598755 47.710060527
24.877788533 47.718742167
24.854430786 47.743133443
24.820737752 47.784087016
24.808232056 47.795740052
24.793659302 47.804473369
24.712837362 47.825919088
24.679144328 47.840130107
24.661470988 47.853876038
24.656923462 47.866200867
24.655993286 47.879300843
24.64927535 47.895217184
24.633669067 47.908291321
24.608450968 47.9219339
24.569808453 47.937288541
24.561632121 47.940537415
24.542098429 47.943818868
24.485564412 47.943198751
24.428513631 47.952526347
24.409186646 47.952061259
24.38624231 47.943689677
24.347174926 47.920874532
24.29787561 47.919789328
24.231006307 47.897025859
24.209302205 47.8975943
24.150184367 47.912916362
24.148737427 47.912115377
24.13116744 47.914544169
24.094787231 47.937927755
24.074943482 47.944180604
24.025230753 47.953249818
24.008797648 47.961207988
23.977275025 47.962293193
23.876609334 47.934439596
23.855215291 47.93423289
23.848394002 47.949658305
23.796510864 47.981981913
23.780077759 47.987511291
23.710521281 47.9850825
23.687266886 47.98725291
23.646132446 47.996606344
23.581743612 48.001567281
23.563243449 48.005753072
23.525623006 48.001179709
23.514460897 47.99898346
23.503712199 47.992885641
23.499371378 47.986219381
23.494307088 47.980534973
23.488519328 47.975858257
23.485475561 47.974234157
23.481594686 47.972163391
23.46082076 47.971336569
23.396018514 47.993066508
23.394468221 47.993454082
23.393021281 47.993583273
23.391574341 47.993454082
23.390127401 47.993066508
23.38216923 47.991128642
23.374727824 47.990560202
23.367286418 47.991206157
23.360051717 47.993144023
23.337520793 48.010869039
23.289771769 48.038205872
23.248637329 48.071227112
23.231377401 48.079727886
23.16171757 48.095902609
23.139083292 48.098124695
23.118619426 48.09153595
23.098982381 48.071227112
23.07655481 48.024511617
23.063118937 48.007458395
23.020330851 47.984720764
23.00441451 47.983067119
22.98818811 47.986374411
22.972478475 47.992885641
22.957078898 48.000120341
22.939302206 48.00564972
22.924109334 48.004822896
22.915737752 47.992988994
22.924212687 47.972731832
22.915841105 47.959192607
22.897857706 47.950976055
22.877600546 47.946738587
22.840806925 47.966789043
22.832435343 47.978933004
22.849488566 47.993144023
22.851348918 48.008801982
22.857963501 48.018026226
22.861580851 48.02838735
22.854759562 48.047300924
22.844320923 48.061046855
22.830988403 48.072441508
22.801429484 48.090967509
22.76556604 48.104532573
22.762052043 48.109260966
22.74572229 48.116288961
22.728565714 48.113136699
22.711615845 48.105824484
22.693219035 48.101767884
22.621182088 48.101767884
22.608056274 48.096832784
22.605472453 48.09703949
22.600098103 48.101121928
22.583044881 48.124815573
22.568885539 48.156519063
22.555759725 48.177163799
22.481449015 48.242586162
22.477418254 48.243929749
22.473284139 48.24449819
22.469046672 48.244136454
22.449719686 48.2376769
22.434216756 48.236746725
22.418403768 48.238968811
22.398766724 48.24434316
22.394529256 48.244756572
22.390498495 48.24434316
22.386467732 48.24305125
22.378612915 48.238865459
22.37086145 48.23739268
22.363626749 48.238710429
22.357115519 48.243102926
22.308126261 48.293694153
22.297377563 48.314002991
22.296447388 48.327800598
22.298721151 48.339324443
22.298721151 48.349142965
22.291279744 48.357566224
22.284355103 48.358393047
22.256759888 48.357282003
22.256966593 48.373224182
22.271849406 48.403454895
22.236089315 48.415288798
22.201982869 48.41815684
22.169220011 48.409526876
22.159298136 48.402318014
22.158315182 48.402227
22.158263205 48.402222187
22.156507609 48.402059631
22.132839803 48.404798483
22.133769979 48.476835429
22.144828735 48.493113506
22.148342733 48.508823141
22.136663859 48.549337463
22.138730916 48.569594625
22.153717081 48.585872701
22.219036092 48.620935161
22.225237264 48.628221538
22.235675903 48.644163717
22.243220663 48.651191711
22.255519654 48.656772766
22.282184692 48.662405497
22.294276978 48.667624817
22.310296671 48.681680807
22.322492309 48.700335999
22.328900187 48.721575013
22.327659953 48.743020732
22.330760539 48.756404928
22.33840865 48.762967835
22.347813761 48.767877096
22.356495402 48.776145325
22.363420044 48.787617493
22.365693807 48.794387106
22.363523396 48.828286845
22.361559693 48.836451722
22.362283162 48.844254862
22.368897746 48.856450501
22.370798705 48.858248147
22.37840621 48.8654422
22.402384074 48.878826396
22.411789184 48.887766419
22.413752889 48.893864238
22.413649536 48.906783346
22.414889771 48.911692607
22.427292114 48.9294693
22.448996216 48.971430562
22.466566203 48.980525615
22.505013469 48.984246318
22.520516398 48.992927958
22.520102986 49.009826152
22.524753865 49.032873841
22.531988566 49.055714824
22.539636678 49.072199606
22.560720663 49.085532125
22.580771118 49.081449687
22.618288208 49.054216207
22.64288619 49.043157451
22.664383586 49.041452128
22.685777629 49.042795716
22.721951132 49.041038717
22.744482055 49.045534567
22.755334106 49.044707743
22.765462687 49.038403219
22.78396285 49.021349996
22.795021606 49.019024556
22.812901652 49.012875062
22.835019165 48.999749248
22.855276326 48.994013164
22.8669552 49.009981181
22.86501402 49.013237354
22.863751261 49.01535553
22.847524862 49.033700664
22.843184041 49.043105774
22.844424276 49.056696676
22.853519328 49.076282044
22.853415975 49.084756979
22.84132369 49.094885559
22.796468546 49.111370342
22.778071737 49.120310364
22.748822876 49.14558014
22.716370077 49.160566305
22.720194132 49.161186422
22.721434367 49.161599833
22.705724731 49.168834534
22.692495565 49.157930807
22.687844686 49.155915426
22.681746867 49.161238098
22.687121216 49.17338206
22.702934204 49.195034485
22.717093547 49.230432841
22.733940063 49.26087026
22.73776412 49.275391338
22.724224894 49.367065329
22.719780721 49.38298167
22.714199666 49.390629781
22.692598917 49.405512594
22.679576456 49.418948467
22.676785929 49.424477845
22.673065226 49.43584666
22.666864054 49.478376364
22.660146118 49.493000794
22.640922485 49.528760885
22.665830526 49.56736318
22.741691528 49.633664042
22.758951456 49.665600078
22.766186157 49.674230042
22.777348266 49.68048289
22.798845662 49.683273417
22.809801066 49.686322327
22.826647583 49.697381083
22.88824589 49.769728088
22.89796106 49.777427877
22.906746053 49.781200257
22.924419392 49.785437725
22.933101034 49.791070456
22.937751913 49.798201803
22.945916788 49.818355611
22.951187785 49.826623841
22.993045695 49.854425761
23.10146285 49.957106832
23.141253702 49.985477194
23.177840617 50.003977356
23.207916301 50.033949687
23.436429484 50.193474834
23.481594686 50.215954082
23.536061646 50.24277415
23.536164999 50.24277415
23.536268351 50.242825826
23.536371704 50.242825826
23.565310506 50.257811992
23.644168741 50.312692363
23.658018026 50.325611471
23.658677406 50.327004927
23.671247193 50.353568421
23.682202596 50.368244528
23.695741821 50.376771138
23.713001749 50.38240387
23.747521606 50.389380188
23.928699178 50.390827128
23.981305786 50.404779765
24.003216593 50.437697652
24.00776412 50.448498027
24.009417765 50.461468811
24.007867472 50.480744121
24.010657999 50.492784729
24.075046835 50.514282125
24.093960408 50.527149557
24.106466105 50.538621725
24.10770634 50.540843811
24.102538696 50.543634338
24.095407349 50.556863505
24.085278768 50.604405823
24.108429809 50.629882304
24.108165423 50.630287411
24.082798299 50.669156393
24.074943482 50.690188701
24.081041301 50.712978007
24.054169555 50.717163798
24.0268844 50.728015849
24.01282841 50.743312073
24.025850871 50.760830384
24.025850871 50.767031555
23.997945598 50.769201966
23.974277791 50.776178284
23.959498332 50.788890687
23.95763798 50.808010967
23.969936971 50.825167542
23.992881307 50.836226298
24.020476521 50.838551737
24.046934855 50.829094951
24.067295369 50.834831034
24.100471639 50.834986064
24.130857381 50.839068502
24.143156372 50.856431783
24.130237264 50.86893748
24.046934855 50.898031311
23.979342081 50.937512106
23.964355916 50.953221741
23.958878214 50.966347555
23.957844685 50.975339254
23.955054158 50.983555807
23.943995402 50.994201151
23.931799764 50.999472148
23.919087361 51.002727763
23.911749308 51.006810201
23.915986776 51.014665019
23.915986776 51.020866191
23.904204549 51.062724101
23.895522909 51.076108297
23.869271281 51.101739807
23.854491821 51.121531881
23.858212524 51.130730286
23.874748983 51.136130473
23.863586873 51.148274434
23.816044556 51.178789368
23.765194946 51.199020692
23.742664022 51.216254781
23.687266886 51.292400005
23.670213664 51.299376323
23.650886678 51.299608867
23.635177043 51.304698996
23.628665812 51.325963848
23.634040161 51.339296367
23.647786092 51.353998312
23.665562785 51.365806376
23.683856242 51.370276388
23.67765507 51.383789775
23.678895304 51.394073385
23.686026652 51.401049703
23.697602173 51.404434509
23.689437297 51.416423442
23.648716268 51.45396637
23.647165975 51.46019338
23.662772258 51.480192159
23.648612915 51.486212464
23.630526164 51.490424093
23.614816528 51.497219544
23.608098592 51.511223857
23.606238241 51.517399191
23.615436646 51.513110047
23.624118286 51.515900574
23.628665812 51.531222636
23.626288697 51.540886129
23.599106893 51.588971049
23.593319132 51.596955058
23.594352661 51.604964905
23.606444946 51.618116557
23.61667688 51.624782817
23.628975871 51.629046122
23.726230916 51.644859111
23.749692017 51.644471538
23.820282023 51.631268209
23.845293416 51.629821269
23.884877563 51.619873556
23.91288619 51.598582866
23.941308228 51.581917216
23.981305786 51.585999654
24.130754028 51.669792989
24.244132121 51.718213807
24.272347452 51.742889303
24.296118612 51.808130798
24.311518189 51.827561137
24.347898397 51.861150818
24.369602498 51.875103455
24.390789836 51.880012716
24.639766886 51.892130839
24.701055135 51.882906596
24.721829061 51.882338156
25.002742147 51.910475973
25.092659139 51.939750672
25.138031046 51.948949077
25.183299601 51.949750061
25.351971477 51.921483053
25.547396408 51.919441982
25.683475789 51.918020732
25.76791508 51.928511047
25.981132039 51.903473816
26.050585165 51.904817404
26.080764201 51.900657451
26.145359741 51.864845684
26.175332072 51.856706645
26.407772665 51.850608826
26.419761597 51.846862285
26.419968302 51.839730937
26.416971069 51.830635885
26.419244832 51.820920716
26.431543823 51.810223694
26.445599813 51.805598654
26.665741415 51.801387024
26.854773803 51.749348857
26.920816284 51.742527568
27.021585327 51.764541728
27.109952026 51.762422995
27.151086466 51.756764425
27.177854858 51.747075094
27.184159383 51.731442974
27.181472208 51.710126445
27.181058797 51.68340973
27.189016968 51.663772685
27.203589722 51.655142721
27.223640177 51.65369578
27.247928101 51.655659485
27.27748702 51.651137797
27.274489787 51.633800354
27.259710327 51.612302959
27.25402592 51.595378927
27.267461792 51.587498271
27.289269247 51.588971049
27.329060099 51.596955058
27.388384644 51.590728048
27.40900354 51.5917099
27.430966023 51.598427836
27.458767944 51.61749644
27.477268107 51.623671774
27.512304728 51.623129171
27.51242625 51.623098617
27.620618531 51.595895692
27.676842488 51.594810486
27.692655477 51.589229432
27.705161174 51.568352153
27.697306356 51.54318573
27.664130087 51.492852885
27.666181614 51.490194447
27.670331258 51.4848172
27.683767131 51.475515443
27.700045207 51.467531433
27.714256225 51.463707377
27.73012089 51.465154317
27.74055953 51.471407166
27.787326701 51.510913798
27.792546021 51.517295838
27.797145223 51.530602519
27.796266724 51.541532085
27.793734578 51.55230662
27.793217814 51.565019023
27.799522339 51.585198669
27.8125448 51.602019349
27.831251668 51.612923076
27.854196004 51.61532603
27.875590047 51.608039653
27.936051473 51.567008565
27.954758342 51.560781555
27.973155151 51.557810161
28.070823608 51.557629293
28.090150594 51.562047628
28.114231812 51.575612691
28.146684611 51.614395854
28.166218302 51.633102723
28.187612346 51.645195008
28.210039917 51.651964621
28.230400431 51.651137797
28.245128214 51.640621643
28.248900594 51.630596416
28.24838383 51.622095642
28.249365682 51.613078105
28.25778894 51.601760966
28.269726196 51.594267884
28.298509969 51.582976583
28.310912313 51.574449971
28.317423543 51.563959656
28.328172241 51.536364441
28.333856649 51.528380433
28.34687911 51.525150656
28.359643188 51.529362284
28.385533081 51.545046082
28.435349162 51.566130066
28.461239054 51.571659444
28.488369181 51.57202118
28.578079468 51.560109762
28.603917684 51.553546855
28.612702677 51.539930115
28.615183146 51.519569601
28.630892781 51.463629863
28.637300659 51.44962555
28.647015829 51.439006043
28.663552286 51.433993429
28.677918335 51.438075867
28.691147501 51.443424378
28.703963257 51.442623393
28.711094605 51.430246887
28.718225952 51.411617534
28.728767945 51.401256409
28.746751342 51.41399465
28.751608928 51.428748271
28.749438517 51.46685964
28.752229045 51.483706157
28.771866089 51.511275533
28.799874716 51.532617899
28.831914103 51.548275859
28.863643432 51.558921204
28.892892294 51.562874451
28.954593954 51.563262024
28.980845581 51.569463197
28.999965861 51.582408142
29.023633667 51.614034119
29.04358077 51.626178081
29.063217814 51.630596416
29.083681681 51.631216533
29.123885945 51.625041199
29.147967163 51.615636088
29.160421183 51.603311259
29.181453491 51.567008565
29.214836467 51.535460103
29.22651534 51.519052836
29.230442749 51.492878723
29.221037638 51.466962992
29.227755574 51.455620016
29.244395386 51.447894389
29.264859253 51.432908224
29.276124716 51.413581239
29.28459965 51.391747946
29.297001994 51.37371287
29.31994633 51.365573832
29.340565226 51.37009552
29.353260212 51.377055123
29.379684285 51.391541239
29.402731975 51.396140442
29.446398559 51.384900818
29.466293986 51.385055848
29.48086674 51.401256409
29.495542846 51.425647685
29.505464722 51.43745575
29.519003947 51.44179657
29.545048869 51.443656921
29.568199911 51.44962555
29.583186076 51.460813498
29.597345418 51.473965149
29.618015991 51.485644023
29.637756388 51.490889181
29.660804078 51.493137106
29.682714885 51.49119924
29.699974813 51.483706157
29.716511271 51.465671082
29.725296265 51.450452372
29.737905314 51.439496969
29.828649129 51.429962668
29.846632528 51.432908224
29.856761108 51.439858704
29.873607625 51.45918569
29.886268351 51.464792582
29.896551961 51.464198304
29.912571655 51.457428691
29.925077352 51.457867941
29.985745483 51.47786672
30.008689819 51.48207835
30.148629598 51.484429627
30.177310018 51.479494527
30.20537032 51.466497904
30.242784057 51.43440684
30.256891723 51.425053406
30.307379598 51.409602153
30.320195353 51.402083232
30.326189819 51.395261943
30.329032023 51.388621521
30.330117229 51.380715027
30.330013876 51.370353903
30.328256877 51.362473247
30.319885294 51.341595968
30.317094767 51.340588277
30.324536174 51.329968771
30.355128621 51.305267436
30.368461141 51.297671001
30.383757365 51.293924459
30.41352299 51.29405365
30.428095744 51.291754049
30.442771851 51.28304657
30.465044393 51.261936748
30.480702351 51.258862
30.494654989 51.259921367
30.508090861 51.257673442
30.520803264 51.252402446
30.53201705 51.244625143
30.539613484 51.235168356
30.550672242 51.236796163
30.554656844 51.242507427
30.55532312 51.243462423
30.556615031 51.267311096
30.559353882 51.269326478
30.577233928 51.289015198
30.579921102 51.303665467
30.610461874 51.317540589
30.63831547 51.335859884
30.632424357 51.364101054
30.645550171 51.367460023
30.644516642 51.372679342
30.637488648 51.378596293
30.632424357 51.383970642
30.622605835 51.41210846
30.618161661 51.418723043
30.6060177 51.42456248
30.595579061 51.424950053
30.587879272 51.427353008
30.58400354 51.439212749
30.586018921 51.451847636
30.59356368 51.45890147
30.604829142 51.461226909
30.618161661 51.459650778
30.618161661 51.467143861
30.60761967 51.469831035
30.597284383 51.474275208
30.588912801 51.481819967
30.58400354 51.493834738
30.589739624 51.501973776
30.585398803 51.509389344
30.575063517 51.516055603
30.56286788 51.521765849
30.571446167 51.526416728
30.576407105 51.531119284
30.58400354 51.542255554
30.567415405 51.547268169
30.534135783 51.553262635
30.522560262 51.562719422
30.522560262 51.568920593
30.527727905 51.571297709
30.531086874 51.57331309
30.535272665 51.575018412
30.543127482 51.576387838
30.543127482 51.58258901
30.534549194 51.585844626
30.515118856 51.596257427
30.515118856 51.603672994
30.543850952 51.620131938
30.556615031 51.623620097
30.552842651 51.633335267
30.549948771 51.63718516
30.55532312 51.639768983
30.563487996 51.647313742
30.570309286 51.651499533
30.564314819 51.66529714
30.575993693 51.686406962
30.570309286 51.699920349
30.582814982 51.702297465
30.613820842 51.702917583
30.624982951 51.706095683
30.630564006 51.715604147
30.632010946 51.727980652
30.635059855 51.739685364
30.646170288 51.747075094
30.646170288 51.754542338
30.638108765 51.755110779
30.618161661 51.761337789
30.630460653 51.77001943
30.652784871 51.77914032
30.670561564 51.790534974
30.669631388 51.806063742
30.662293335 51.815598043
30.661983277 51.819422099
30.666324096 51.822393494
30.672731975 51.829602356
30.694539429 51.847275696
30.697329956 51.850738017
30.702807658 51.853761089
30.70756189 51.860375672
30.713969767 51.866964417
30.734536987 51.87373403
30.737224162 51.882234803
30.737844279 51.891588237
30.741668335 51.8979186
30.749729859 51.899623922
30.779495483 51.8979186
30.788177124 51.900605774
30.79706547 51.906729432
30.810604696 51.918382467
30.810604696 51.925177918
30.805230347 51.929337871
30.802543172 51.935539042
30.803059937 51.939130554
30.831378621 51.945900167
30.845641317 51.951352031
30.85804366 51.957630718
30.869102417 51.965020447
30.87933435 51.973650411
30.879644409 51.976880188
30.879024292 51.982021993
30.880884643 51.988171489
30.888739461 51.994346823
30.896904338 51.998325908
30.902795451 51.999979554
30.908376505 51.998351746
30.915197795 51.992589823
30.941242716 51.99380422
30.950131063 52.006775004
30.940519247 52.020081686
30.911270386 52.022562154
30.914629354 52.027574768
30.91685144 52.032354839
30.919745321 52.037264099
30.924706258 52.042276713
30.918815145 52.059174906
30.934421428 52.069716899
30.959329467 52.074677836
31.09632369 52.079612936
31.134822632 52.076667379
31.159213908 52.068114929
31.204895874 52.043930359
31.228977091 52.038220114
31.252438191 52.0444988
31.268871297 52.061241964
31.284270874 52.081240743
31.304424683 52.097492981
31.383076213 52.117491761
31.474853556 52.117775981
31.649933309 52.096847026
31.76434493 52.100567729
31.825839884 52.104055888
31.858706095 52.099870097
31.882063843 52.086408386
31.887489868 52.070026957
31.88774825 52.051552633
31.892037394 52.036178895
31.910382528 52.029073385
31.927229044 52.031088766
31.980559122 52.047625225
32.016939331 52.049795634
32.077142375 52.039951274
32.095590861 52.040726421
32.233308553 52.08085317
32.277698609 52.102660625
32.306740763 52.141185405
32.318833049 52.201414287
32.328238159 52.219165141
32.337849976 52.225469666
32.350148967 52.229888001
32.361311076 52.235908305
32.366995484 52.247199606
32.363274781 52.255726217
32.344464559 52.276525981
32.339503621 52.287248841
32.353559611 52.32158783
32.394280639 52.32680715
32.480580282 52.307144267
32.528432658 52.316213481
32.725423218 52.252083029
32.755602254 52.252393087
32.814823445 52.262004903
32.84417566 52.2623408
32.861022177 52.257198996
32.890787801 52.242316183
32.908977905 52.241101787
32.926857951 52.246915386
33.030107463 52.303604431
33.04824589 52.309082134
33.057289266 52.308642884
33.07041508 52.304172872
33.079613485 52.305593975
33.087364949 52.310761618
33.099043823 52.324765931
33.108862345 52.328331604
33.127982625 52.332724102
33.140850057 52.340372213
33.166636597 52.360060934
33.182862996 52.367295635
33.196505575 52.36894928
