34.711606893 -12.120809428
34.688972616 -12.124530131
34.669025512 -12.117812195
34.656209758 -12.097244975
34.655899699 -12.076264343
34.662410929 -12.052803243
34.680911092 -12.00939504
34.694140259 -12.000403341
34.715637655 -12.001643575
34.738271932 -12.009498392
34.754188273 -12.020143738
34.76235315 -12.040297546
34.759252563 -12.065618998
34.748193807 -12.090423685
34.732484172 -12.109027201
34.711606893 -12.120809428
34.631715128 -12.052493184
34.611147908 -12.07254364
34.59605839 -12.071923523
34.583552694 -12.058901062
34.570736939 -12.041021016
34.5440719 -12.011358744
34.541798136 -11.99461558
34.561641886 -11.978595886
34.562572062 -11.977975769
34.598435506 -11.970534363
34.627477661 -11.987277527
34.641223592 -12.017869974
34.631715128 -12.052493184
33.042303101 -9.440662943
33.103901408 -9.487895202
33.11299646 -9.491512553
33.139919881 -9.497403666
33.169220418 -9.508875834
33.172941121 -9.511046244
33.182036174 -9.507945658
33.195782104 -9.496680196
33.202396688 -9.493476257
33.216349324 -9.493372905
33.23712325 -9.499574076
33.249112182 -9.500710958
33.25769047 -9.498023784
33.273503459 -9.487688497
33.282391805 -9.486034851
33.300271851 -9.492236023
33.356495809 -9.53182017
33.374995972 -9.549080098
33.392204224 -9.586183777
33.404244832 -9.604890645
33.419644409 -9.615639343
33.438971395 -9.621530456
33.480519246 -9.624424336
33.511628459 -9.61698293
33.535192912 -9.603340352
33.559480835 -9.593315125
33.593380575 -9.596829121
33.623869669 -9.606337585
33.650135414 -9.610901132
33.650638061 -9.610988464
33.676062866 -9.607681172
33.702521199 -9.592901713
33.734612264 -9.58411672
33.762000773 -9.600963236
33.78752893 -9.626491394
33.8134705 -9.643337911
33.8369316 -9.652846374
33.865250285 -9.669589539
33.889331502 -9.689743347
33.900183553 -9.709587097
33.911862426 -9.717958679
33.928295532 -9.700285339
33.928295532 -9.693464051
33.943074992 -9.683852234
33.951343221 -9.6736203
33.954857218 -9.660597839
33.955580689 -9.642304382
33.962608684 -9.612125346
33.964469035 -9.594658712
33.945865519 -9.550010274
33.960748332 -9.524895528
33.984312785 -9.505568543
33.996508423 -9.491822611
34.012734822 -9.477456563
34.047461385 -9.48996226
34.078490688 -9.510185831
34.079810832 -9.511046244
34.089319296 -9.522208354
34.103168579 -9.529856466
34.137068318 -9.570577494
34.144613078 -9.574918314
34.161873006 -9.593625183
34.190811808 -9.606750997
34.288066853 -9.708450216
34.317935831 -9.719198913
34.324240356 -9.73242808
34.326720826 -9.750308126
34.331681763 -9.7692217
34.337469523 -9.77717987
34.359690389 -9.799917501
34.364237915 -9.802397969
34.382324667 -9.819657898
34.383461548 -9.823792013
34.483300415 -9.946161804
34.49466923 -9.966729024
34.524744914 -10.00879364
34.536423787 -10.043003438
34.537767375 -10.053855489
34.535700318 -10.065327657
34.526811971 -10.084861348
34.524744914 -10.094783223
34.532393026 -10.128889669
34.565569296 -10.202683614
34.575077759 -10.255806986
34.58344934 -10.277614441
34.585619751 -10.290016784
34.585309692 -10.300662129
34.565052531 -10.409802755
34.569496704 -10.431403504
34.588720337 -10.463132833
34.592957804 -10.481736348
34.590787395 -10.491244812
34.581485637 -10.513672384
34.579418579 -10.526488138
34.580088163 -10.531844812
34.581072225 -10.539717305
34.585723104 -10.553566589
34.592337687 -10.566692403
34.600399211 -10.578061218
34.608874146 -10.581988627
34.617555786 -10.581471863
34.620858923 -10.582422766
34.624377075 -10.583435567
34.627167603 -10.59511444
34.62634078 -10.614338073
34.629027954 -10.620229187
34.65052535 -10.645343933
34.660033814 -10.665497742
34.660860637 -10.687305196
34.64763147 -10.70838918
34.653935995 -10.717587585
34.655692993 -10.722031759
34.659930461 -10.727716166
34.666441691 -10.732367045
34.672436157 -10.739498393
34.675019978 -10.752417501
34.662824341 -10.7614092
34.656726522 -10.769884135
34.660550577 -10.79603241
34.64763147 -10.858560893
34.64763147 -10.902899272
34.64546106 -10.913234558
34.62706425 -10.954058939
34.617838282 -10.965738621
34.597918741 -10.990955912
34.592957804 -11.016174012
34.597298625 -11.036637879
34.610631144 -11.077668966
34.613525024 -11.102163595
34.621069784 -11.119733581
34.668715454 -11.160144552
34.673986451 -11.169963074
34.677087036 -11.178748067
34.681841268 -11.185052592
34.699928019 -11.189496765
34.70788619 -11.194974467
34.714087362 -11.202725931
34.716567831 -11.211717631
34.719771769 -11.234558614
34.728660116 -11.253988953
34.741682577 -11.268665059
34.757495565 -11.277553405
34.757495565 -11.283754577
34.751604452 -11.287061869
34.743026164 -11.293676453
34.737031698 -11.296777038
34.75914921 -11.337498067
34.765557088 -11.345146179
34.772171672 -11.344422709
34.784884073 -11.333467306
34.79232548 -11.330883484
34.800490356 -11.331917012
34.843691854 -11.34628306
34.867876424 -11.358788757
34.886583293 -11.375428568
34.894128052 -11.395995789
34.89836552 -11.403540548
34.917072388 -11.418836771
34.925650675 -11.445915222
34.935055786 -11.456457215
34.944460897 -11.464415385
34.948698364 -11.471753438
34.950972127 -11.477747904
34.955726359 -11.486739604
34.960687296 -11.498521831
34.962961059 -11.513094584
34.962961059 -11.56487437
34.964614706 -11.57355601
34.65124882 -11.570042013
34.616728963 -11.578310242
34.607117147 -11.591125996
34.6072205 -11.609316101
34.613938436 -11.652724304
34.611974731 -11.693135274
34.604429972 -11.732616069
34.563812296 -11.830904642
34.487641235 -11.944076029
34.380050904 -12.103859558
34.358760213 -12.154399109
34.354005981 -12.199460958
34.355581017 -12.204939613
34.380360962 -12.291134949
34.439168742 -12.49505015
34.494462525 -12.687389832
34.507484985 -12.799424336
34.523918091 -12.939674174
34.537767375 -13.059356791
34.549342895 -13.159092306
34.542831665 -13.243789978
34.545312134 -13.325748799
34.578178345 -13.398405864
34.579418579 -13.400369568
34.582759733 -13.403625921
34.599779093 -13.420213318
34.611457967 -13.435819601
34.631715128 -13.47116628
34.63646936 -13.482225036
34.637606242 -13.488219503
34.640603475 -13.492353618
34.651352173 -13.497831319
34.66747522 -13.500931905
34.795426066 -13.498761495
34.829635865 -13.503929138
34.863122192 -13.515814717
34.863897596 -13.51628303
34.89443811 -13.534728292
34.996550741 -13.625988871
35.084090617 -13.704226989
35.171113729 -13.805719502
35.278704061 -13.930879821
35.370067993 -14.037229919
35.455747518 -14.136965434
35.522823527 -14.262745869
35.609433227 -14.369406026
35.714439738 -14.49870046
35.750539409 -14.543142708
35.786890096 -14.587893982
35.835569295 -14.635849711
35.847248169 -14.650422465
35.853035929 -14.667475687
35.863267863 -14.876661886
35.869882446 -14.885550232
35.882801554 -14.887513937
35.90429895 -14.886893819
35.866781861 -14.973090109
35.839289998 -15.036342061
35.790817505 -15.146826274
35.784202921 -15.171837666
35.784512981 -15.195195414
35.788582505 -15.211427613
35.812004842 -15.304852804
35.840530233 -15.417197367
35.837623211 -15.458280938
35.837558283 -15.459198533
35.831951945 -15.538430277
35.823063598 -15.663383891
35.816759074 -15.751957296
35.806733846 -15.895824483
35.796591428 -15.933197759
35.789680624 -15.958663025
35.790094035 -15.974476013
35.79567509 -16.004965108
35.794641561 -16.020674743
35.785133097 -16.042275492
35.77004358 -16.058811951
35.697593221 -16.107491149
35.687051229 -16.112658793
35.677852824 -16.113485616
35.658939249 -16.110074971
35.648603963 -16.110591736
35.553209269 -16.138393656
35.529024699 -16.140770772
35.524063762 -16.146661886
35.521066528 -16.162164815
35.514555298 -16.17136322
35.502049601 -16.170846456
35.488717082 -16.164645284
35.480138794 -16.156893819
35.472904093 -16.140150655
35.456367635 -16.129401958
35.435800415 -16.123924255
35.416060018 -16.122890727
35.39342574 -16.128575134
35.37461552 -16.140977478
35.304955689 -16.202059021
35.299156139 -16.208720957
35.277153768 -16.233995056
35.258756958 -16.271512146
35.251935669 -16.317814229
35.254209432 -16.328356222
35.266198365 -16.356468201
35.262270955 -16.366596781
35.238706502 -16.394088643
35.237253459 -16.399090463
35.233332153 -16.412588806
35.233642212 -16.452379659
35.22816451 -16.470259704
35.214418579 -16.484212341
35.144655396 -16.529067484
35.131942993 -16.537645772
35.148376099 -16.582087504
35.164395792 -16.606788838
35.168529908 -16.617124125
35.174317667 -16.625495707
35.185479777 -16.629009705
35.194678182 -16.630559997
35.21658899 -16.638724874
35.222996867 -16.642135519
35.227544393 -16.64688975
35.232712036 -16.657225036
35.236639445 -16.662599386
35.239740031 -16.66456309
35.248214966 -16.66818044
35.251005493 -16.670040792
35.275086711 -16.695465596
35.278187297 -16.700736592
35.281081177 -16.766882426
35.285111938 -16.786726176
35.305162394 -16.825690206
35.310226684 -16.850598247
35.285215291 -16.871062114
35.282838175 -16.892146098
35.285111938 -16.930076599
35.281908 -16.934727478
35.275810181 -16.939171651
35.270952596 -16.944235941
35.271366008 -16.950540467
35.276016887 -16.955191345
35.308366333 -16.973691508
35.3143608 -16.982269796
35.309296508 -16.995292257
35.298651164 -17.013585714
35.29741093 -17.02970876
35.306195923 -17.067329203
35.30753951 -17.087586365
35.304955689 -17.104226176
35.299477986 -17.117972107
35.291933228 -17.129340922
35.291672873 -17.129368229
35.234779094 -17.135335388
35.133906698 -17.132028096
35.081300089 -17.124069925
35.066003866 -17.109807231
35.069104451 -17.084072367
35.036548299 -17.035909932
35.044403117 -17.004697367
35.066107219 -16.987334086
35.09142867 -16.975345154
35.11344283 -16.960255636
35.125121704 -16.932867127
35.128118937 -16.900724385
35.12749882 -16.86444753
35.118300415 -16.83344167
35.09576949 -16.817318624
35.062799927 -16.816388448
35.033034301 -16.819178976
35.004508911 -16.814631449
34.975053345 -16.792100525
34.956656535 -16.768329366
34.948078247 -16.759337667
34.934435669 -16.74972585
34.92761438 -16.747245382
34.912318156 -16.744558207
34.905496867 -16.740837504
34.900949341 -16.733292745
34.897745402 -16.713965759
34.893507935 -16.70569753
34.886613111 -16.700848912
34.87748824 -16.694432068
34.859918254 -16.687197367
34.84462203 -16.678412374
34.834803508 -16.66311615
34.827568807 -16.641515401
34.819507283 -16.62776947
34.772998495 -16.589735616
34.762869914 -16.576403096
34.744989868 -16.542916768
34.73207076 -16.529170837
34.668715454 -16.496614685
34.661170695 -16.493927511
34.654969523 -16.489379984
34.642670533 -16.459717712
34.637399536 -16.450519308
34.6306816 -16.44338796
34.598332154 -16.419720153
34.585826456 -16.407834574
34.575077759 -16.392331645
34.547069132 -16.323085225
34.524744914 -16.300761007
34.480406535 -16.294456481
34.445990031 -16.293216247
34.426456339 -16.273889261
34.385218546 -16.186452739
34.389249308 -16.152449646
34.408989706 -16.087854105
34.404545532 -16.059742127
34.387699015 -16.037004496
34.304293254 -15.952151795
34.2897205 -15.943470153
34.256440877 -15.92817393
34.244038534 -15.917631938
34.233186483 -15.889830017
34.231326131 -15.854173278
34.236390422 -15.81924001
34.24713912 -15.794125264
34.275561157 -15.76435964
34.29333785 -15.751130473
34.31028772 -15.743275655
34.330958293 -15.737074483
34.341810343 -15.730873311
34.342217822 -15.730323011
34.404028768 -15.646847432
34.415914348 -15.615118103
34.419118286 -15.57532725
34.410023234 -15.514969177
34.410126587 -15.481276143
34.422632283 -15.464532979
34.440615682 -15.45554128
34.460252726 -15.424845479
34.480406535 -15.412856547
34.487021118 -15.400454203
34.491982056 -15.375132751
34.496632934 -15.362730408
34.50800175 -15.348054301
34.52030074 -15.339786072
34.533323202 -15.333068135
34.546759074 -15.323249613
34.565155884 -15.297308044
34.569083293 -15.27115977
34.55908512 -15.200177714
34.548309367 -15.123675231
34.550686482 -15.106622009
34.559884888 -15.095666605
34.557301066 -15.084297791
34.550996542 -15.071792093
34.548722779 -15.057632752
34.554613892 -15.043576762
34.574974406 -15.0160849
34.58231246 -15.00130544
34.584172811 -14.984458923
34.57693811 -14.969266052
34.565982707 -14.954279887
34.556991008 -14.938260193
34.551099895 -14.91831309
34.548722779 -14.901569926
34.548412719 -14.82777598
34.542831665 -14.796253357
34.532082967 -14.766797791
34.515339803 -14.734551697
34.505831339 -14.700341898
34.519370564 -14.640810648
34.51813033 -14.607427673
34.501800578 -14.575698344
34.449710734 -14.525468851
34.426456339 -14.497563578
34.393796834 -14.432347921
34.38043631 -14.413643187
34.372092733 -14.401962179
34.344084106 -14.387389425
34.335299113 -14.388836365
34.327754353 -14.393590596
34.320519653 -14.399378357
34.312871541 -14.404235942
34.30491337 -14.405786234
34.288893677 -14.404029236
34.281348918 -14.404959411
34.182440226 -14.439479268
34.109576456 -14.441442973
34.077537069 -14.45467214
34.070199015 -14.464904073
34.058623494 -14.490122172
34.050768677 -14.495186462
33.94555546 -14.481440531
33.9163066 -14.481337179
33.88891809 -14.488158467
33.830833781 -14.522678324
33.802411743 -14.532806905
33.774196411 -14.530016378
33.720401245 -14.489708761
33.699213908 -14.496219991
33.684072714 -14.518750916
33.675546102 -14.54779307
33.675442749 -14.582312928
33.67223881 -14.600192972
33.662420288 -14.607014262
33.644850302 -14.601743266
33.632964722 -14.591407979
33.624489787 -14.57807546
33.618405582 -14.561840567
33.604232625 -14.524021911
33.595757691 -14.511412862
33.584285522 -14.502627868
33.557413778 -14.49043223
33.54594161 -14.481647237
33.537466674 -14.468728129
33.532350708 -14.456222432
33.525787801 -14.444336853
33.512455282 -14.432968038
33.470287313 -14.414467875
33.457368205 -14.404339294
33.439178101 -14.380671488
33.388586874 -14.280625915
33.371016886 -14.256751404
33.357105492 -14.230565248
33.354325399 -14.225332132
33.347142375 -14.218820902
33.338254029 -14.215410258
33.323939656 -14.206315206
33.315568074 -14.197116801
33.290556682 -14.156912537
33.286215861 -14.138929138
33.291280151 -14.089216411
33.280221395 -14.060794372
33.257793824 -14.043637797
33.202706747 -14.013872172
33.185653524 -13.993821716
33.154544312 -13.936564229
33.140281616 -13.924988708
33.130256389 -13.930569763
33.120644572 -13.955891215
33.111601196 -13.964572855
33.076926311 -13.97449473
33.062973673 -13.981729431
33.049434448 -13.996612244
33.018170206 -14.046221619
32.999825074 -14.050459086
32.976467326 -14.021106872
32.971299683 -14.005914001
32.97481368 -13.955477804
32.976674031 -13.949793396
32.97626062 -13.9445224
32.970576212 -13.936047465
32.962514689 -13.932016703
32.944427938 -13.932946879
32.936159709 -13.926228942
32.93006189 -13.910519307
32.92789148 -13.895636495
32.923912394 -13.880443623
32.87414799 -13.820602315
32.859420207 -13.808096618
32.828776083 -13.797037862
32.79187911 -13.789803161
32.76304366 -13.777194112
32.757359253 -13.750219014
32.76810795 -13.739056905
32.804849894 -13.722003682
32.813376506 -13.711151632
32.80779545 -13.699162699
32.76986495 -13.64686615
32.743406616 -13.635393982
32.70671635 -13.635083923
32.675090372 -13.628055928
32.663308147 -13.596326599
32.667648966 -13.575552674
32.677260783 -13.567801208
32.691626831 -13.569144795
32.710230346 -13.575345967
32.722839396 -13.573382263
32.749814494 -13.550851339
32.76319869 -13.542479756
32.800043986 -13.537105408
32.813066447 -13.528217061
32.81751062 -13.505582784
32.816890503 -13.487392679
32.819060913 -13.471683044
32.827432495 -13.460830993
32.845829305 -13.458040466
32.874251342 -13.443157654
32.892131388 -13.404813741
32.90548718 -13.351390574
32.91962325 -13.294846293
32.937865031 -13.255882263
32.962721395 -13.224979757
32.992797079 -13.216401469
32.998171427 -13.202448832
32.995070842 -13.190873312
32.979051147 -13.167877299
32.971299683 -13.150927429
32.967113892 -13.134184265
32.965925334 -13.116820984
32.981531616 -13.006130066
33.008920125 -12.945048523
33.013571004 -12.917246602
33.005044392 -12.892958679
32.980498088 -12.870737814
32.95352299 -12.854098002
32.94701176 -12.843245951
32.941120646 -12.769865417
32.944634644 -12.752398783
32.958070516 -12.72521698
32.994140666 -12.672507019
33.024836466 -12.612665711
33.035378459 -12.599126485
33.049537801 -12.586827494
33.057702678 -12.583416849
33.064627319 -12.584967143
33.070001668 -12.590444844
33.074239135 -12.598299662
33.08126713 -12.604810893
33.089948771 -12.600780131
33.099043823 -12.593235371
33.107001994 -12.588687846
33.122814982 -12.584553731
33.130359741 -12.583726909
33.139919881 -12.58631073
33.1468962 -12.593235371
33.158781779 -12.615352885
33.163019246 -12.620417175
33.17325118 -12.620003764
33.178005411 -12.615042827
33.181312703 -12.608221537
33.187307169 -12.602330424
33.19237146 -12.599023132
33.196815633 -12.595405782
33.202913452 -12.591788431
33.212990357 -12.588584493
33.22699467 -12.57907603
33.243634481 -12.544762878
33.255106648 -12.531947123
33.263168172 -12.528536479
33.289729858 -12.524195658
33.302235555 -12.525125834
33.311950724 -12.529880066
33.320322306 -12.535047709
33.328280477 -12.53763153
33.35039799 -12.532670593
33.373238973 -12.51851125
33.393754517 -12.49825409
33.409412475 -12.475206401
33.420781291 -12.464974467
33.451115356 -12.452985534
33.459952026 -12.441099955
33.460778849 -12.416501973
33.465326376 -12.409060567
33.480519246 -12.406373392
33.487753947 -12.389836935
33.513887143 -12.37428146
33.518139689 -12.371750183
33.527131388 -12.355627136
33.525581096 -12.335266622
33.514108927 -12.331029154
33.497365763 -12.331545918
33.458298381 -12.318110046
33.384607788 -12.340020853
33.349467814 -12.327928568
33.330140829 -12.298266296
33.312467489 -12.228606466
33.299961792 -12.19594696
33.288386271 -12.18220103
33.260274292 -12.155742696
33.252729533 -12.139516296
33.251282593 -12.105823262
33.254899943 -12.072646993
33.294225708 -11.981283061
33.303579143 -11.930226746
33.309315226 -11.914310404
33.312674194 -11.898704121
33.308746786 -11.884441427
33.297481323 -11.862530619
33.29737797 -11.846510925
33.310607137 -11.80878713
33.314017781 -11.772200216
33.302648967 -11.609729513
33.296757853 -11.593606465
33.283218628 -11.578413595
33.266888875 -11.575623068
33.249318889 -11.577793477
33.232679077 -11.577690124
33.215935913 -11.571592305
33.212628621 -11.563840841
33.227304728 -11.532731628
33.233815959 -11.514024759
33.234952841 -11.501725769
33.230301961 -11.416563009
33.239707072 -11.402403666
33.265183553 -11.423074239
33.273606812 -11.409431661
33.273813517 -11.396615906
33.271849813 -11.383696797
33.273503459 -11.369640808
33.278050984 -11.364266459
33.293347209 -11.357755229
33.298928264 -11.35310435
33.300271851 -11.347006531
33.296809529 -11.335741069
33.298308146 -11.329229838
33.368484741 -11.222673035
33.382230672 -11.194664409
33.390912313 -11.164795431
33.358872924 -11.109398295
33.336600382 -11.087384135
33.31810022 -11.062269389
33.303682495 -11.034570821
33.293967326 -11.004495138
33.290960199 -10.975086453
33.287869507 -10.944860534
33.280324747 -10.913337911
33.265855346 -10.901142273
33.252109416 -10.903105977
33.239603719 -10.903105977
33.231697225 -10.897628275
33.232575725 -10.883262227
33.241412394 -10.865692241
33.250765829 -10.862488301
33.261204467 -10.865278828
33.273400106 -10.865588888
33.288127889 -10.856700541
33.306886434 -10.828588562
33.319082072 -10.818149922
33.332621298 -10.813602397
33.357839397 -10.808744812
33.371740357 -10.80326711
33.385537964 -10.800889994
33.418662557 -10.807297871
33.434010458 -10.808124695
33.447136272 -10.802233581
33.465326376 -10.784353536
33.480519246 -10.781563009
33.500983113 -10.769160665
33.511990194 -10.751797383
33.52826827 -10.711593119
33.576947469 -10.657642924
33.590279988 -10.648961283
33.603095744 -10.643276875
33.642266479 -10.615268249
33.657769409 -10.601315613
33.674202515 -10.577027689
33.673849293 -10.573048059
33.673522574 -10.569367025
33.672652222 -10.559561055
33.66557255 -10.541370951
33.665417522 -10.515119324
33.638184042 -10.511605326
33.622732788 -10.49403534
33.603199097 -10.449180196
33.595550985 -10.440601908
33.567645712 -10.416003927
33.559170776 -10.404325053
33.532919149 -10.342623393
33.529301799 -10.318645528
33.535606323 -10.262731629
33.533280884 -10.231209005
33.518966512 -10.214982605
33.499122762 -10.201236674
33.480519246 -10.177052104
33.454577678 -10.168060404
33.436490926 -10.153280945
33.420161173 -10.135607605
33.399180542 -10.117934265
33.317531779 -10.082070821
33.304095907 -10.063777364
33.304716023 -10.037939148
33.30998702 -10.012721049
33.328797241 -9.96548879
33.358459513 -9.919910176
33.365590861 -9.898826192
33.359182984 -9.870920919
33.343473348 -9.831440124
33.336962117 -9.82368866
33.299961792 -9.810252787
33.287766154 -9.803844909
33.275777221 -9.793302917
33.267198934 -9.781210632
33.252729533 -9.754028829
33.241774129 -9.742349955
33.21671106 -9.727053731
33.207254273 -9.712894389
33.204567098 -9.698114929
33.207822714 -9.688709819
33.212990357 -9.680648295
33.215780884 -9.669899597
33.214282267 -9.654706726
33.209838094 -9.641374206
33.195420369 -9.616259461
33.17542159 -9.602306824
33.121471395 -9.599516297
33.098320353 -9.58845754
33.092532593 -9.614399109
33.089225301 -9.643958028
33.080440307 -9.662251485
33.058322794 -9.654293314
33.053051799 -9.644784851
33.050778036 -9.632692566
33.046747274 -9.62204722
33.035740194 -9.61698293
33.022252645 -9.620290222
33.011193888 -9.627834981
33.000135132 -9.632795918
32.986905965 -9.628455099
32.974710327 -9.601273295
32.992383667 -9.529132995
32.991970255 -9.50184784
32.983081909 -9.497713724
32.968612508 -9.484381205
32.961894572 -9.480350444
32.950267375 -9.480867207
32.943601115 -9.485724792
32.937503296 -9.48779185
32.927788127 -9.479833679
32.923033895 -9.466294454
32.920863485 -9.407900086
32.936263062 -9.391673685
32.955279989 -9.382061869
32.974710327 -9.381235047
32.992280314 -9.391363627
33.042303101 -9.440662943
