-160.012440559 -0.382094008
-160.024769661 -0.388767185
-160.029977994 -0.376153253
-160.029937304 -0.376153253
-160.00890052 -0.372491144
-160.012440559 -0.382094008
-176.475290494 0.193101304
-176.479318814 0.190334377
-176.481271939 0.1914737
-176.482899543 0.194322007
-176.485829231 0.196519273
-176.482126431 0.196682033
-176.479115364 0.197902736
-176.476877408 0.197455145
-176.475290494 0.193101304
-176.459543424 0.225897528
-176.459177213 0.219224351
-176.463937955 0.221869208
-176.459543424 0.225897528
-176.636097786 0.803412177
-176.636179166 0.790187893
-176.640492317 0.801988023
-176.640044726 0.803534247
-176.639637825 0.804958401
-176.639027473 0.806952216
-176.636097786 0.803412177
-169.541696744 16.721909898
-169.547352668 16.721014716
-169.549509244 16.723456122
-169.547678189 16.727362372
-169.53233802 16.733058986
-169.522409634 16.732163804
-169.541696744 16.721909898
-169.51276608 16.744330145
-169.513661262 16.743963934
-169.513661262 16.745591539
-169.51276608 16.744330145
-169.533273892 16.754787502
-169.539173957 16.754461981
-169.537220832 16.756496486
-169.532582161 16.758490302
-169.530262825 16.760199286
-169.52082272 16.762600002
-169.517404752 16.762437242
-169.523508267 16.758490302
-169.52839108 16.756048895
-169.533273892 16.754787502
-75.024322069 18.417263088
-75.021066861 18.415635484
-75.010731575 18.415635484
-75.010243293 18.415147203
-75.006988085 18.415147203
-75.003732877 18.410793361
-75.002634244 18.4102237
-75.002634244 18.40643952
-75.002634244 18.404771226
-75.003163215 18.403713283
-75.003163215 18.397731838
-75.005319791 18.396104234
-75.006988085 18.396104234
-75.008046028 18.395005601
-75.010731575 18.395005601
-75.011830207 18.396104234
-75.015085416 18.396104234
-75.016184049 18.396673895
-75.017811653 18.396673895
-75.018910286 18.397731838
-75.018910286 18.398830471
-75.0204972 18.400417385
-75.0204972 18.402614651
-75.023752408 18.40643952
-75.023752408 18.406968492
-75.025949674 18.408026434
-75.030832486 18.413478908
-75.030262825 18.417263088
-75.024322069 18.417263088
166.652354363 19.284247137
166.644216342 19.275580145
166.619395379 19.281642971
166.629730665 19.282416083
166.638194207 19.286444403
166.640879754 19.294012762
166.634776238 19.305731512
166.648122592 19.297756252
166.652354363 19.284247137
-177.324899869 28.204982815
-177.335275845 28.204291083
-177.328928189 28.21108633
-177.322865364 28.207668361
-177.321156379 28.205877997
-177.324899869 28.204982815
-177.380726692 28.198919989
-177.389597134 28.197658596
-177.385243293 28.20697663
-177.378000455 28.212836005
-177.368641731 28.215318101
-177.357655403 28.214422919
-177.36445065 28.207586981
-177.37218177 28.202337958
-177.380726692 28.198919989
