-3.184966601 5.132269598
-3.163400845 5.125474351
-3.159087694 5.125555731
-3.155140754 5.127875067
-3.146351692 5.121568101
-3.131703254 5.108140367
-3.11831621 5.107001044
-3.115305142 5.107814846
-3.11528143604 5.10782091015
-3.11960095301 5.09133139696
-3.119618293 5.091335354
-3.120228645 5.091498114
-3.163807746 5.10154857
-3.262074348 5.110988674
-3.276356575 5.118109442
-3.272328254 5.132391669
-3.253285286 5.149603583
-3.234120246 5.163478908
-3.207386848 5.156642971
-3.20030677 5.151800848
-3.197417773 5.145900783
-3.195952929 5.140204169
-3.193186002 5.136135158
-3.184966601 5.132269598
-6.244446167 10.706866964
-6.249458781 10.665603332
-6.246616577 10.657619324
-6.227754679 10.650849711
-6.216902628 10.645087789
-6.207807577 10.63754303
-6.204448608 10.629610698
-6.209771281 10.617750957
-6.219796509 10.611859843
-6.230700236 10.606924744
-6.238658407 10.597984721
-6.232870646 10.584109599
-6.230028442 10.572043152
-6.231372029 10.560235088
-6.237934936 10.55194102
-6.256228393 10.537239075
-6.260930949 10.529151714
-6.261292684 10.514088033
-6.256021688 10.511607565
-6.247650106 10.513829651
-6.238658407 10.512744446
-6.233490764 10.507576802
-6.228168091 10.500574646
-6.222432007 10.494631857
-6.215662394 10.492616476
-6.204190227 10.494373474
-6.196128703 10.494683533
-6.190289266 10.491143698
-6.185793417 10.481325176
-6.187498738 10.475408224
-6.19819576 10.457398987
-6.200366171 10.448769023
-6.196903849 10.439157207
-6.180574097 10.420217794
-6.195663615 10.389211934
-6.198764201 10.370815125
-6.183933065 10.358852031
-6.208324341 10.331980286
-6.207807577 10.328517965
-6.205378784 10.322626851
-6.203983521 10.316038107
-6.20615393 10.310818787
-6.214370484 10.307795716
-6.221140096 10.310353699
-6.225894328 10.314487813
-6.22832312 10.316089783
-6.240673788 10.302576396
-6.243309286 10.289011333
-6.240001994 10.251933492
-6.224809123 10.255034078
-6.214008749 10.247851054
-6.194320028 10.224183248
-6.180884155 10.215837504
-6.105333211 10.189275818
-6.015932983 10.189870097
-5.997122763 10.208189392
-5.985237183 10.227283834
-5.978312541 10.2486262
-5.974746867 10.273637594
-5.963016317 10.282732645
-5.916404175 10.266635437
-5.904725301 10.275291239
-5.908962768 10.330068258
-5.904828654 10.348284201
-5.89330481 10.365027364
-5.878060262 10.376060283
-5.806281698 10.41347402
-5.677555705 10.441508484
-5.621796835 10.44693451
-5.59404659 10.453936666
-5.584383098 10.454246725
-5.571722372 10.449880066
-5.549708212 10.435643209
-5.522578085 10.42548879
-5.50511145 10.415566915
-5.487489787 10.392932638
-5.475294149 10.367714539
-5.474157268 10.350325419
-5.459946249 10.345157776
-5.453021607 10.34394338
-5.443771526 10.343529969
-5.437828735 10.340015971
-5.433487916 10.331876933
-5.430077271 10.32293691
-5.426976685 10.316864929
-5.416227987 10.307537333
-5.402533732 10.300561015
-5.385738892 10.296478577
-5.365533407 10.295703431
-5.360830851 10.29875234
-5.357058472 10.304385071
-5.353337769 10.308260804
-5.348170125 10.305987041
-5.343777629 10.30309316
-5.338506633 10.302214661
-5.327086141 10.302576396
-5.31551062 10.30526357
-5.309206095 10.31149058
-5.304141805 10.318415223
-5.296648722 10.323040263
-5.279802205 10.322420146
-5.233551798 10.315676371
-5.217583781 10.319939677
-5.168439494 10.291336772
-5.159499471 10.292318624
-5.152058065 10.305625305
-5.135676636 10.304281718
-5.119882392 10.293983277
-5.119191854 10.29353302
-5.111802124 10.278650208
-5.111802124 10.22371816
-5.114411784 10.218292134
-5.118210002 10.212478536
-5.117073121 10.208034363
-5.10490332 10.206949158
-5.097849488 10.209274597
-5.091906697 10.214338887
-5.087333334 10.22082428
-5.084413615 10.227438864
-5.08159725 10.206897481
-5.090149699 10.18881073
-5.09071814 10.177932841
-5.063949748 10.179043885
-5.070719361 10.161008809
-5.064724895 10.150802714
-5.039455119 10.13434377
-5.037594768 10.126488953
-5.061030029 10.118453268
-5.070099243 10.1101592
-5.061701823 10.110055847
-5.055138917 10.108040467
-5.049376994 10.105353292
-5.042865763 10.103337911
-5.056482504 10.097110901
-5.048343466 10.085354512
-5.037233032 10.083752544
-5.025528321 10.088739319
-5.015580608 10.097110901
-5.010516317 10.079049988
-4.999793457 10.06946401
-4.986641806 10.063262838
-4.974523682 10.055537211
-4.963335734 10.040318502
-4.956411092 10.021999207
-4.96020931 10.008485819
-4.981396647 10.007736511
-4.976926635 9.997607931
-4.96571285 9.983112691
-4.954809123 9.959703268
-4.952948772 9.953372905
-4.96731482 9.912367656
-4.966074585 9.901024679
-4.936670695 9.873997904
-4.928014893 9.870948995
-4.922356323 9.877460226
-4.917085327 9.886477763
-4.909385539 9.891051127
-4.898016724 9.888906555
-4.893495036 9.884204
-4.890058553 9.879501445
-4.881738648 9.877408549
-4.858329224 9.875703227
-4.838459635 9.869450378
-4.824274455 9.85697052
-4.817556518 9.836454976
-4.798462077 9.842526958
-4.790323039 9.827514953
-4.785413778 9.804829
-4.775905314 9.788008321
-4.79189917 9.782349752
-4.800399943 9.781109518
-4.810115112 9.781781311
-4.810115112 9.774339905
-4.801226766 9.766459249
-4.799314738 9.76253184
-4.796446696 9.754496155
-4.783191691 9.758371887
-4.769962524 9.737365418
-4.754769654 9.740207622
-4.760454061 9.745323588
-4.762133545 9.749948629
-4.75859371 9.753307597
-4.748645996 9.754496155
-4.738336548 9.753152568
-4.733323934 9.74963857
-4.730016643 9.744238383
-4.724383912 9.737107035
-4.71280839 9.726849264
-4.709087687 9.720312195
-4.707640748 9.709770203
-4.705470337 9.702096253
-4.700095988 9.697910462
-4.68660844 9.692406922
-4.681544149 9.686722514
-4.681802531 9.682846781
-4.681079061 9.682071635
-4.672914185 9.685585633
-4.664826823 9.690856628
-4.658263916 9.697600403
-4.654724081 9.703543193
-4.655809285 9.706075338
-4.64110734 9.706023661
-4.628730835 9.707703145
-4.616948609 9.713852641
-4.6040295 9.727159322
-4.592712361 9.717831727
-4.578320476 9.696515198
-4.566719116 9.692406922
-4.552198039 9.696463522
-4.548425659 9.706798808
-4.547960571 9.720260518
-4.543051311 9.73400645
-4.539899048 9.740776062
-4.539098064 9.744703471
-4.535945801 9.746615499
-4.517781535 9.746615499
-4.509952555 9.745065206
-4.50395809 9.742016297
-4.501606811 9.737107035
-4.503828899 9.719898783
-4.513647421 9.694008891
-4.515921184 9.675689595
-4.501710164 9.655019023
-4.469205689 9.651763407
-4.433368083 9.65346873
-4.409105998 9.647732646
-4.400165975 9.633134054
-4.391587688 9.600293681
-4.384869751 9.589415792
-4.371175496 9.582956238
-4.367816529 9.591973775
-4.368023234 9.608381043
-4.365026002 9.624168193
-4.3496781 9.620034078
-4.322547974 9.608897807
-4.322476994 9.60898071
-4.315933391 9.616623434
-4.302988444 9.641712341
-4.300482138 9.654295553
-4.303453532 9.677911682
-4.303298503 9.686722514
-4.297794962 9.695843404
-4.267512573 9.727262675
-4.279191447 9.731138408
-4.283635621 9.732016907
-4.270328939 9.743928325
-4.253094849 9.750051982
-4.21542273 9.75485789
-4.196974243 9.764960633
-4.168293824 9.804829
-4.150258748 9.818290711
-4.133050497 9.820409444
-4.076154745 9.803795471
-4.065716105 9.798085226
-4.059876668 9.796276551
-4.053675497 9.797620138
-4.051711792 9.802348531
-4.051350057 9.807567851
-4.050316529 9.810306702
-4.034968628 9.817618917
-4.026674561 9.820306091
-3.994609334 9.820771179
-3.988253134 9.834801331
-3.984041504 9.851156921
-3.96918453 9.858985901
-3.94773881 9.86436025
-3.910092529 9.888493144
-3.891624634 9.893900095
-3.889706177 9.894461772
-3.823482829 9.895702006
-3.804259196 9.901386414
-3.795758423 9.9076651
-3.779738729 9.924692485
-3.769610148 9.931332906
-3.755037395 9.935880433
-3.706461548 9.941823222
-3.698994303 9.940789693
-3.685946005 9.93345164
-3.67964148 9.932211405
-3.674318807 9.935260315
-3.665042888 9.946603292
-3.661658081 9.948928731
-3.648170532 9.944587911
-3.640548258 9.937379048
-3.63401119 9.92924001
-3.623340007 9.921746928
-3.606260946 9.918181254
-3.546471314 9.926139425
-3.389168254 9.913246155
-3.376559204 9.908491923
-3.359015056 9.892498068
-3.348343872 9.886994527
-3.33924882 9.890095113
-3.32751827 9.897303976
-3.317182984 9.901334737
-3.31273881 9.894513449
-3.313565633 9.874566345
-3.311808635 9.854128316
-3.301731731 9.841131694
-3.277857219 9.843457133
-3.264059611 9.857073873
-3.230237386 9.904719543
-3.214760295 9.915623271
-3.202564657 9.908233541
-3.20222876 9.888958232
-3.20439917 9.865367941
-3.200006674 9.845369161
-3.182565878 9.835163066
-3.160112468 9.834697978
-3.136935588 9.829530335
-3.11691097 9.805294088
-3.104379436 9.757131653
-3.094560913 9.73385142
-3.077094279 9.719407858
-3.059059204 9.718555196
-3.0246427 9.728606262
-3.00567745 9.72416209
-2.989993652 9.708426616
-2.977823853 9.685172221
-2.959892131 9.638611755
-2.910153565 9.542726136
-2.81041805 9.411106262
-2.787602906 9.393717143
-2.763676718 9.391882629
-2.744918172 9.40810903
-2.72047522 9.45921702
-2.689210978 9.488724263
-2.675671753 9.471722718
-2.674586548 9.457485861
-2.678668987 9.425549825
-2.677377075 9.417772522
-2.672416138 9.401003519
-2.672416138 9.374028422
-2.677532105 9.357001038
-2.689417684 9.349533794
-2.703060262 9.343255107
-2.713343872 9.329922587
-2.714997518 9.311060689
-2.707142701 9.295635275
-2.692983358 9.285325826
-2.675516723 9.281501771
-2.659807088 9.272897645
-2.661150675 9.253906556
-2.673087932 9.234889628
-2.704817261 9.218404847
-2.716496135 9.200266418
-2.733911092 9.164842225
-2.755201782 9.143138123
-2.759387573 9.134818217
-2.761299602 9.084795431
-2.765433716 9.069111633
-2.774838827 9.054978129
-2.765071981 9.049474589
-2.758664103 9.042860006
-2.750809285 9.037408142
-2.736960002 9.035134379
-2.711328492 9.033894145
-2.686058716 9.028261414
-2.660788941 9.014903056
-2.654329387 8.998831685
-2.653295858 8.978393657
-2.637689575 8.931471456
-2.631746786 8.926975607
-2.625028849 8.925993754
-2.619447794 8.923616639
-2.617174032 8.915012513
-2.615933797 8.897830099
-2.595573283 8.828066915
-2.596658488 8.814398499
-2.607252156 8.808559062
-2.614641887 8.80191864
-2.617225708 8.7891804
-2.612381686 8.781321221
-2.612161418 8.780963847
-2.603118042 8.785149638
-2.59836381 8.769465841
-2.552345947 8.489366659
-2.506328084 8.209267477
-2.51320105 8.194022929
-2.55810787 8.167693787
-2.571750447 8.163120422
-2.583274292 8.164334818
-2.595986695 8.170277609
-2.604254924 8.170794373
-2.610662801 8.164851583
-2.617639119 8.151493225
-2.621876587 8.135731913
-2.619447794 8.123097026
-2.606218628 8.094313253
-2.599759074 8.070387064
-2.60068925 8.052946269
-2.610559448 8.040001322
-2.631178345 8.029588521
-2.690864625 8.009744772
-2.709261434 7.99672231
-2.754891724 7.944374084
-2.771221477 7.930731507
-2.77261674 7.933935446
-2.777681031 7.939619853
-2.78434729 7.944012349
-2.790625977 7.94328888
-2.793545695 7.935950826
-2.797886516 7.861278381
-2.801193807 7.850219625
-2.809151977 7.841693014
-2.831398681 7.828360494
-2.840002807 7.820247294
-2.840829631 7.815234681
-2.837909912 7.802263896
-2.838168295 7.79683787
-2.842018188 7.790274963
-2.852069255 7.778131002
-2.855944987 7.771568095
-2.928162801 7.617675679
-2.941521159 7.577161357
-2.99045874 7.270668437
-2.989528565 7.258937887
-2.98322404 7.24498525
-2.976531942 7.236717021
-2.972087769 7.228603821
-2.972811238 7.214961243
-2.981699585 7.195530905
-3.02753658 7.138428447
-3.032600871 7.128351542
-3.0408691 7.078328755
-3.045933391 7.071249085
-3.09546525 7.055177714
-3.096592623 7.054476971
-3.097274114 7.054053375
-3.109598755 7.046392721
-3.224940552 6.849402161
-3.241683716 6.810903219
-3.24307898 6.774755554
-3.238738159 6.764626974
-3.226232463 6.748581441
-3.212744914 6.722665711
-3.210419475 6.715999451
-3.230056519 6.66111908
-3.235482544 6.654582011
-3.253905192 6.644427592
-3.261114054 6.633937277
-3.262509318 6.617142436
-3.183599406 6.263908183
-3.171721891 6.249584688
-3.168794108 6.246053976
-3.13936438 6.219285584
-3.11807369 6.163475037
-3.087765463 5.996689352
-3.073244385 5.960955099
-3.034719605 5.890700989
-3.022523967 5.854501648
-3.019965983 5.818353984
-3.029758667 5.704252421
-2.964801391 5.709781799
-2.974904134 5.647279155
-2.969503947 5.621440938
-2.945861979 5.608289287
-2.92630245 5.610718078
-2.893746297 5.630355123
-2.87749406 5.636814677
-2.806258098 5.618495382
-2.793442342 5.608134257
-2.785587525 5.595034282
-2.781815145 5.578885397
-2.779438029 5.526485494
-2.761713013 5.454913636
-2.734427856 5.391144918
-2.730138713 5.37316152
-2.732670858 5.355720724
-2.742592733 5.343137512
-2.755873576 5.34070872
-2.789566609 5.346858216
-2.796129516 5.284975688
-2.793287313 5.271100566
-2.779334676 5.251075948
-2.774890503 5.239577942
-2.775407268 5.231025492
-2.779644735 5.210122376
-2.778817912 5.201001486
-2.775665649 5.197539164
-2.762488159 5.18629954
-2.757010457 5.179865825
-2.766622273 5.161029765
-2.780884969 5.150875346
-2.803855143 5.147568054
-2.843658007 5.149115302
-2.846180793 5.176988023
-2.879383918 5.181341864
-2.920399543 5.176499742
-2.946685351 5.177069403
-2.93846595 5.156927802
-2.943511523 5.1367862
-2.9579972 5.1211612
-2.97777259 5.114976304
-2.99339759 5.119533596
-3.046294726 5.144110419
-3.062814908 5.156642971
-3.082753059 5.151068427
-3.12238522 5.149969794
-3.139149543 5.142320054
-3.146839973 5.161322333
-3.162464973 5.184149481
-3.18089759 5.20319245
-3.196888801 5.21116771
-3.205067512 5.21865469
-3.194325325 5.23444245
-3.178822395 5.248846747
-3.172718879 5.252183335
-3.167958137 5.266302802
-3.16502845 5.295884507
-3.159087694 5.307440497
-3.145375129 5.315985419
-3.134755012 5.318589585
-3.127919075 5.324896552
-3.125477668 5.344631252
-3.127756314 5.35960521
-3.134429491 5.366766669
-3.146066861 5.368841864
-3.162749804 5.368841864
-3.167388476 5.366644598
-3.173329231 5.361761786
-3.18073483 5.356838283
-3.189768033 5.354641018
-3.198109504 5.355902411
-3.211822069 5.361476955
-3.220529752 5.362046617
-3.230213996 5.358628648
-3.249419726 5.345363674
-3.262074348 5.340887762
-3.252064582 5.318101304
-3.246937629 5.297593492
-3.254302538 5.283596096
-3.282622851 5.280178127
-3.278187629 5.272528387
-3.278187629 5.265448309
-3.282134569 5.258734442
-3.289418098 5.252183335
-3.280262825 5.2461612
-3.275786913 5.244777736
-3.282622851 5.244777736
-3.273060676 5.241156317
-3.26280677 5.238836981
-3.252023892 5.237860419
-3.240956184 5.23851146
-3.240956184 5.231675523
-3.250396288 5.227362372
-3.265695767 5.228705145
-3.275786913 5.225490627
-3.284291145 5.219061591
-3.291981575 5.210516669
-3.298329231 5.200669664
-3.303049283 5.190130927
-3.31358802 5.197251695
-3.320708788 5.193508205
-3.318999804 5.184800523
-3.303049283 5.177069403
-3.308990038 5.163763739
-3.303089973 5.155707098
-3.290516731 5.151353257
-3.275786913 5.149115302
-3.312163866 5.119940497
-3.378041145 5.123195705
-3.631988085 5.177069403
-3.678537564 5.17983633
-3.710113085 5.186102606
-3.718006965 5.188706773
-3.721424934 5.193833726
-3.719634569 5.20311107
-3.717274543 5.210191148
-3.718902148 5.217027085
-3.728871223 5.225490627
-3.721424934 5.23851146
-3.73167884 5.230047919
-3.739654101 5.217108466
-3.745228645 5.202704169
-3.748036262 5.190130927
-3.755523241 5.190130927
-3.767486132 5.197007554
-3.786854621 5.198960679
-3.827504036 5.197577216
-3.84089108 5.201157945
-3.885853645 5.225490627
-3.955799934 5.23456452
-3.987049934 5.243963934
-4.001942512 5.266506252
-3.983387825 5.260321356
-3.962310351 5.262437242
-3.943837043 5.271795966
-3.932972786 5.286932684
-3.918446418 5.268988348
-3.91128496 5.26186758
-3.902902799 5.258978583
-3.896351692 5.261542059
-3.893666145 5.267482815
-3.894846158 5.274481512
-3.89952552 5.280178127
-3.89952552 5.286932684
-3.885731575 5.283880927
-3.851185676 5.26976146
-3.844309049 5.2695987
-3.834136523 5.272853908
-3.811634895 5.264105536
-3.775380012 5.244777736
-3.777740038 5.251206773
-3.779449023 5.261175848
-3.78221595 5.266506252
-3.76667233 5.266058661
-3.739816861 5.262396552
-3.728871223 5.266506252
-3.715687629 5.282294012
-3.721913215 5.291001695
-3.734771288 5.298529364
-3.741851366 5.310532945
-3.753325976 5.34381745
-3.755523241 5.358343817
-3.75890052 5.366197007
-3.767241991 5.371527411
-3.778146939 5.372788804
-3.788970507 5.368841864
-3.795521614 5.373195705
-3.804921028 5.375962632
-3.813303189 5.374416408
-3.816965299 5.365464585
-3.814035611 5.359808661
-3.792713996 5.344631252
-3.767404752 5.310614325
-3.752349413 5.294582424
-3.735015429 5.286932684
-3.743967252 5.273993231
-3.759429491 5.275376695
-3.776275194 5.279038804
-3.788970507 5.272691148
-3.796498176 5.272691148
-3.808990038 5.287787177
-3.818348762 5.291693427
-3.828684049 5.291205145
-3.844309049 5.29315827
-3.854888476 5.29686107
-3.866688606 5.303615627
-3.875884569 5.313421942
-3.878407356 5.326646226
-3.883168098 5.322211005
-3.889149543 5.317775783
-3.891997851 5.313625393
-3.896148241 5.321844794
-3.898833788 5.329657294
-3.900054491 5.338039455
-3.89952552 5.348374742
-3.906320767 5.348374742
-3.907704231 5.334295966
-3.912587043 5.322211005
-3.920969205 5.316229559
-3.932972786 5.32046133
-3.940744595 5.314601955
-3.951649543 5.312933661
-3.963531054 5.314927476
-3.974598762 5.32046133
-3.997954882 5.316839911
-4.009348111 5.313625393
-3.999623176 5.30463288
-3.983998176 5.30093008
-3.967437304 5.301947333
-3.954741991 5.307440497
-3.940541145 5.29315827
-3.953846809 5.282904364
-3.971018033 5.273016669
-3.989084439 5.269110419
-4.005604621 5.276434637
-4.018137174 5.283636786
-4.04002845 5.293402411
-4.060902473 5.299546617
-4.070220507 5.296576239
-4.078521288 5.287787177
-4.096913215 5.292669989
-4.125477668 5.307440497
-4.138742642 5.303412177
-4.14940345 5.296576239
-4.160145637 5.293402411
-4.173898892 5.299994208
-4.179676887 5.294175523
-4.186187304 5.294094143
-4.193267382 5.298814195
-4.200550911 5.307440497
-4.22777259 5.28904857
-4.241037564 5.283921617
-4.255767382 5.286932684
-4.253773567 5.291489976
-4.250884569 5.302964585
-4.248931444 5.307440497
-4.27456621 5.31240469
-4.285633918 5.310532945
-4.297352668 5.299994208
-4.304798957 5.306830145
-4.313832161 5.311224677
-4.32144121 5.310980536
-4.327626106 5.295233466
-4.343495246 5.282619533
-4.351307746 5.272691148
-4.358469205 5.280015367
-4.370472786 5.28921133
-4.383290168 5.29702383
-4.392404752 5.299994208
-4.402902799 5.294338283
-4.413400845 5.28506094
-4.423817512 5.281561591
-4.433908658 5.29315827
-4.43089759 5.295396226
-4.429676887 5.295640367
-4.428700325 5.296372789
-4.426503059 5.299994208
-4.463531054 5.298244533
-4.47769121 5.291327216
-4.48167884 5.272691148
-4.472157356 5.27749258
-4.463775194 5.276109117
-4.457386848 5.2695987
-4.453724739 5.258978583
-4.472767707 5.263373114
-4.543771939 5.266506252
-4.547678189 5.276027736
-4.552479621 5.284491278
-4.56362871 5.299994208
-4.569325325 5.290432033
-4.569691536 5.282538153
-4.565541145 5.276516018
-4.557484504 5.272691148
-4.557484504 5.266506252
-4.57551022 5.263006903
-4.589182095 5.256577867
-4.612131314 5.23851146
-4.630604621 5.250555731
-4.651966926 5.249172268
-4.670562304 5.240708726
-4.680287239 5.231675523
-4.687163866 5.231675523
-4.693837043 5.23460521
-4.702463345 5.239894924
-4.710194465 5.2461612
-4.714466926 5.252183335
-4.702788866 5.257391669
-4.693023241 5.256252346
-4.682118293 5.252997137
-4.667307095 5.252183335
-4.669422981 5.26186758
-4.672596809 5.268052476
-4.678130663 5.271389065
-4.687163866 5.272691148
-4.687163866 5.280178127
-4.67690996 5.284816799
-4.670399543 5.291896877
-4.667307095 5.301459052
-4.667307095 5.313625393
-4.673451301 5.313625393
-4.685780403 5.290594794
-4.702504036 5.278306382
-4.7236222 5.27350495
-4.749256965 5.272691148
-4.722157356 5.252264716
-4.742176887 5.23456452
-4.779367642 5.21889883
-4.803822395 5.204413153
-4.810047981 5.189927476
-4.808583137 5.180487372
-4.799549934 5.174505927
-4.783355273 5.170314846
-4.765451627 5.169338283
-4.747670051 5.172349351
-4.737456835 5.179348049
-4.742421028 5.190130927
-4.742421028 5.197577216
-4.717152473 5.204413153
-4.704741991 5.211330471
-4.70030677 5.206732489
-4.695383267 5.200181382
-4.687163866 5.197577216
-4.674794075 5.200669664
-4.654530403 5.209418036
-4.639393684 5.21116771
-4.608306444 5.21116771
-4.59886634 5.209173895
-4.592518684 5.204779364
-4.588205533 5.200140692
-4.584787564 5.197577216
-4.569935676 5.19550202
-4.5595597 5.196966864
-4.53636634 5.204413153
-4.546701627 5.20319245
-4.558827278 5.204169012
-4.568348762 5.208726304
-4.571034309 5.218003648
-4.564930793 5.223211981
-4.530140754 5.231675523
-4.530140754 5.218003648
-4.522694465 5.218003648
-4.500599739 5.228705145
-4.441639778 5.225043036
-4.412831184 5.23851146
-4.408070442 5.223618882
-4.400298632 5.229681708
-4.392079231 5.243557033
-4.385568814 5.252183335
-4.367258267 5.251695054
-4.351673957 5.244370835
-4.337757942 5.240871486
-4.324696418 5.252183335
-4.30581621 5.244574286
-4.28628496 5.247870184
-4.266265429 5.255031643
-4.225209114 5.262355861
-4.199574348 5.276841539
-4.183827278 5.280178127
-4.060454882 5.283351955
-4.029204882 5.272691148
-4.038563606 5.268377997
-4.048573371 5.266180731
-4.059193489 5.26569245
-4.070220507 5.266506252
-3.995757616 5.231675523
-4.308135546 5.2062035175
-4.620513476 5.180731512
-4.784657356 5.143947658
-4.875355598 5.136216539
-4.892648892 5.128648179
-4.90347246 5.134344794
-4.91519121 5.136379299
-4.969105598 5.137396552
-4.982004361 5.136135158
-4.982004361 5.142320054
-4.978749153 5.142564195
-4.972157356 5.142035223
-4.968983528 5.142320054
-4.968983528 5.149115302
-4.9970597 5.148749091
-5.003773567 5.160589911
-5.003285286 5.178778387
-5.009917773 5.197577216
-4.9970597 5.212795315
-5.009755012 5.216050523
-5.064279752 5.209214585
-5.082142707 5.203599351
-5.09870358 5.194769598
-5.112294075 5.183294989
-5.129017707 5.197699286
-5.157866991 5.212225653
-5.191395637 5.219224351
-5.221587694 5.21116771
-5.225453254 5.215480861
-5.232329882 5.220770575
-5.234038866 5.223049221
-5.235829231 5.225490627
-5.242054817 5.225490627
-5.253041145 5.214097398
-5.270863411 5.219387111
-5.289906379 5.227728583
-5.304798957 5.225490627
-5.310943163 5.225490627
-5.32152259 5.230210679
-5.327259895 5.226060289
-5.328195767 5.216457424
-5.323963996 5.204413153
-5.327056444 5.205511786
-5.338286913 5.21116771
-5.337757942 5.200669664
-5.338286913 5.197577216
-5.330067512 5.199896552
-5.328521288 5.196844794
-5.324452278 5.190781968
-5.323963996 5.190130927
-5.316965299 5.194159247
-5.311512825 5.195786851
-5.297352668 5.197577216
-5.297352668 5.190130927
-5.305002408 5.181626695
-5.328439908 5.170070705
-5.338286913 5.163478908
-5.338286913 5.183294989
-5.35252845 5.141831773
-5.359364387 5.128648179
-5.392893033 5.177069403
-5.400380012 5.177069403
-5.400786913 5.173976955
-5.400380012 5.163478908
-5.413929817 5.170314846
-5.398996549 5.141994533
-5.357899543 5.123521226
-5.308827278 5.118150132
-5.269398567 5.128648179
-5.285471158 5.14077383
-5.302357551 5.140448309
-5.320139127 5.137640692
-5.338286913 5.142320054
-5.338286913 5.149115302
-5.328114387 5.14850495
-5.319935676 5.149807033
-5.312570767 5.15257396
-5.304798957 5.156642971
-5.299468554 5.160956122
-5.286854621 5.174058335
-5.283070442 5.177069403
-5.268137174 5.173732815
-5.251616991 5.165432033
-5.23546302 5.161322333
-5.221587694 5.170314846
-5.209339973 5.162827867
-5.197132942 5.16014232
-5.186919726 5.16425202
-5.18065345 5.177069403
-5.198963996 5.174383856
-5.207020637 5.182440497
-5.213775194 5.193019924
-5.228423632 5.197577216
-5.228423632 5.204413153
-5.214751757 5.197577216
-5.181385871 5.202337958
-5.120757616 5.166978257
-5.09496009 5.173732815
-5.080922004 5.184759833
-5.067738411 5.186957098
-5.033192512 5.183294989
-5.029123502 5.17572663
-5.023426887 5.158514716
-5.014881965 5.140082098
-5.002430793 5.128648179
-5.255360481 5.12103913
-5.294300911 5.106024481
-5.495676236 5.095282294
-5.524810351 5.099798895
-5.550526496 5.114976304
-5.578439908 5.094549872
-5.557687955 5.088446356
-5.550526496 5.087713934
-5.630238411 5.063218492
-5.851307746 5.029974677
-5.858672655 5.027696031
-5.971424934 4.992621161
-5.988433398 4.983872789
-5.995594856 4.974758205
-6.007435676 4.975246486
-6.05972246 4.955796617
-6.138579882 4.915228583
-6.412220832 4.823879299
-6.420765754 4.817124742
-6.426625129 4.801988023
-6.441517707 4.793931382
-6.547189908 4.768011786
-6.567860481 4.76557038
-6.583851692 4.760402736
-6.610747851 4.734767971
-6.626820442 4.724595445
-6.753325976 4.687323309
-6.853667773 4.680609442
-6.879505989 4.66791413
-6.903146939 4.662014065
-6.914173957 4.655707098
-6.942128059 4.621568101
-6.996001757 4.576483466
-7.058216926 4.53900788
-7.099191861 4.526516018
-7.173451301 4.518784898
-7.232818163 4.493312893
-7.245228645 4.484930731
-7.255238411 4.465521552
-7.266021288 4.463609117
-7.27847246 4.463771877
-7.288156705 4.460516669
-7.306019661 4.44546133
-7.359852668 4.416083075
-7.43871009 4.350978908
-7.456776496 4.344061591
-7.480865038 4.346136786
-7.524322069 4.354681708
-7.540638801 4.352850653
-7.54066612414 4.35284458156
-7.573770711 4.375392965
-7.579196737 4.387149353
-7.57785315 4.397277934
-7.56741451 4.415933126
-7.564313925 4.425829163
-7.565709188 4.435208435
-7.572840535 4.455388082
-7.570928507 4.480709534
-7.572737183 4.491122335
-7.575424357 4.500346578
-7.576871298 4.509338277
-7.572478801 4.723356222
-7.576871298 4.775291036
-7.579558472 4.784282735
-7.585552938 4.791543274
-7.593407755 4.797434387
-7.601004191 4.80464325
-7.606016805 4.816192932
-7.605996507 4.817363425
-7.605861776 4.825132955
-7.600229045 4.845803528
-7.598833781 4.857094828
-7.605965128 4.887997335
-7.60550004 4.897428284
-7.57495927 4.921561178
-7.561781779 4.920165914
-7.553461874 4.914248963
-7.549534464 4.913887228
-7.549586141 4.929054261
-7.555322225 4.948432922
-7.564623983 4.961584575
-7.571600301 4.975382182
-7.570205038 4.996879578
-7.570360067 4.996879578
-7.578163208 5.054731344
-7.575786092 5.072068786
-7.563228719 5.090155538
-7.54684729 5.097700298
-7.529923259 5.097390238
-7.515841431 5.091809184
-7.48891801 5.140669251
-7.483026896 5.158239238
-7.48225175 5.175059916
-7.490468303 5.222188822
-7.47992631 5.255158387
-7.475688843 5.2642276
-7.468247437 5.273451844
-7.44240922 5.287378642
-7.439928752 5.290169169
-7.42850826 5.288153789
-7.43011023 5.284252217
-7.43517452 5.27929128
-7.434089315 5.27407196
-7.430885376 5.267534892
-7.4308337 5.259990133
-7.42850826 5.256140239
-7.418793091 5.260455221
-7.413780477 5.266708069
-7.41011145 5.283167013
-7.407682658 5.289859111
-7.395590373 5.306783142
-7.389750936 5.317144267
-7.38882076 5.328383891
-7.391456258 5.347685038
-7.39693396 5.366443583
-7.404375367 5.367993877
-7.414865682 5.365978495
-7.429696819 5.374298401
-7.439101929 5.387811788
-7.446026571 5.404916687
-7.449953979 5.422770895
-7.450212362 5.438713074
-7.436208049 5.431323344
-7.431712199 5.441917013
-7.432383993 5.479563294
-7.425149292 5.494161885
-7.413470418 5.503489482
-7.408147746 5.51178355
-7.40985186 5.51341697
-7.419981649 5.523126526
-7.413470418 5.522816468
-7.393626669 5.523979187
-7.407114217 5.541394145
-7.411920126 5.560359396
-7.405098836 5.572400004
-7.384118205 5.568963522
-7.396675578 5.585086568
-7.417962621 5.627756685
-7.431040406 5.653971253
-7.449488892 5.7323644
-7.448558716 5.769054668
-7.442047485 5.811274312
-7.446543336 5.845949198
-7.478582723 5.859875997
-7.481683309 5.830213725
-7.486644247 5.813806458
-7.494395711 5.806184184
-7.503904175 5.812101136
-7.508813436 5.826182963
-7.515583049 5.839231263
-7.531085979 5.84202179
-7.527778687 5.858842468
-7.535194254 5.855845235
-7.54757076 5.845432434
-7.559146281 5.839851379
-7.566277628 5.843727112
-7.579506795 5.860341085
-7.587206584 5.866774801
-7.579093384 5.877187602
-7.584157674 5.883698832
-7.605758423 5.893129781
-7.608497274 5.893698222
-7.62911617 5.904937846
-7.630614787 5.908606873
-7.648339803 5.911294047
-7.663119263 5.923102112
-7.67402299 5.935737
-7.680482544 5.940930481
-7.6915413 5.927727153
-7.703220174 5.907883403
-7.717172811 5.900752055
-7.734949504 5.925634258
-7.747145141 5.937597352
-7.786625936 5.958164572
-7.799648397 5.974468486
-7.800681926 5.981729024
-7.799958455 6.010151062
-7.797736369 6.014750265
-7.788589641 6.019788717
-7.786470906 6.02511139
-7.788744669 6.031493429
-7.793860636 6.03407725
-7.799234986 6.03567922
-7.802438924 6.039244893
-7.805694539 6.0620342
-7.809673625 6.071206767
-7.819388794 6.080095113
-7.828380494 6.080715231
-7.84088619 6.077356262
-7.850498006 6.072240296
-7.850911417 6.067563578
-7.861815145 6.081490377
-7.864502319 6.101695862
-7.862021851 6.124381815
-7.857370972 6.145388286
-7.844141805 6.183964742
-7.846622274 6.19747813
-7.862125203 6.216391703
-7.906566935 6.251996765
-7.910029256 6.256776835
-7.912664754 6.268429871
-7.914370077 6.271737163
-7.92054541 6.273804219
-7.925222127 6.272512309
-7.929511271 6.27075531
-7.934885621 6.271427104
-7.999377808 6.286697489
-8.015707561 6.297782084
-8.033019165 6.301761169
-8.060097616 6.301141053
-8.106606404 6.294681499
-8.118285278 6.289901428
-8.140609498 6.277576599
-8.154355428 6.274217631
-8.170581828 6.274010926
-8.179056763 6.27685313
-8.185723023 6.281839905
-8.196575074 6.28814443
-8.208486491 6.292536927
-8.285975302 6.310055237
-8.295070353 6.313362529
-8.29656897 6.317496643
-8.29656897 6.324395447
-8.297705851 6.332586161
-8.302718466 6.340647685
-8.310004842 6.34462677
-8.314190633 6.341526184
-8.317497925 6.336978659
-8.32235551 6.336461894
-8.332949178 6.345970357
-8.342612671 6.356951599
-8.352947957 6.361059876
-8.365970418 6.350078634
-8.376564087 6.354729513
-8.388811402 6.355091247
-8.401058716 6.350440369
-8.411807414 6.340027568
-8.423692993 6.351990662
-8.420153158 6.358088481
-8.410980591 6.36317861
-8.405967977 6.372247824
-8.40824174 6.379921774
-8.41723344 6.398189392
-8.419042115 6.407646179
-8.413874471 6.424182638
-8.406484742 6.430538839
-8.405089478 6.436326599
-8.418266968 6.451209412
-8.449634562 6.467926737
-8.461210084 6.482887065
-8.467514608 6.487072856
-8.472372193 6.478649597
-8.476919719 6.460149435
-8.484774536 6.441571757
-8.497228557 6.431365662
-8.515625366 6.437592672
-8.545339315 6.477202657
-8.556501425 6.487021179
-8.568076945 6.490405985
-8.592106487 6.489682516
-8.601847493 6.491749572
-8.618719849 6.492834778
-8.594121867 6.523892314
-8.589367635 6.526062724
-8.577327026 6.528026429
-8.572727824 6.530842794
-8.570609091 6.535131938
-8.566113241 6.549058737
-8.567198446 6.550609029
-8.566113241 6.550919088
-8.54947343 6.560143331
-8.54714799 6.560039978
-8.533557089 6.576343892
-8.461313436 6.633420512
-8.441645674 6.655310175
-8.3517594 6.755351054
-8.337496704 6.777261862
-8.324991008 6.80625234
-8.316619426 6.836276347
-8.31496578 6.85028066
-8.315715088 6.863819885
-8.320598511 6.869659322
-8.328763387 6.875085347
-8.333672648 6.88257843
-8.32090857 6.910173645
-8.319978394 6.925831604
-8.321218628 6.94226471
-8.319978394 6.959989726
-8.314552368 6.968568013
-8.294140178 6.984381002
-8.286647095 6.993786112
-8.28411495 7.01786733
-8.301219849 7.113210348
-8.302615113 7.137601624
-8.305353963 7.146903382
-8.311503459 7.157290344
-8.326231242 7.172069804
-8.32974524 7.178322652
-8.330572062 7.18473053
-8.328453329 7.197391256
-8.328970093 7.204005839
-8.333000855 7.211860657
-8.344989787 7.226795146
-8.349692342 7.23470164
-8.35754716 7.2657075
-8.364006714 7.278884989
-8.381059937 7.303017884
-8.38767452 7.314955139
-8.393048869 7.334333802
-8.405141155 7.431278788
-8.425605022 7.501920471
-8.443640096 7.537112122
-8.48544633 7.5579894
-8.440022746 7.599898987
-8.414804647 7.612921448
-8.390878459 7.585791321
-8.372274943 7.587289937
-8.336773234 7.59783193
-8.30323523 7.589305318
-8.265356405 7.560056458
-8.228976196 7.544295146
-8.2002441 7.576334534
-8.199779012 7.583362529
-8.203034627 7.599588928
-8.202621216 7.607185364
-8.197866984 7.618554179
-8.177868205 7.64387563
-8.173424031 7.64780304
-8.162106894 7.65415924
-8.158024455 7.658241679
-8.157404338 7.662375794
-8.160194865 7.672194316
-8.159523071 7.67632843
-8.127380331 7.713018697
-8.122626099 7.727488098
-8.119008749 7.760819397
-8.115133016 7.776890768
-8.110482137 7.782420146
-8.10391923 7.786347555
-8.098260661 7.791876933
-8.096322794 7.801902161
-8.101438761 7.812805888
-8.123762981 7.832029521
-8.131204387 7.842416484
-8.128878947 7.882569072
-8.079114543 7.957654928
-8.068882609 7.996567281
-8.067228964 8.020751852
-8.069089315 8.029278463
-8.053844767 8.028761699
-8.011986858 8.03555715
-8.002168335 8.032430725
-7.992504842 8.024162496
-7.98036088 8.016566061
-7.962635864 8.015170797
-7.965637542 8.026927369
-7.968216919 8.037029928
-7.980412557 8.058992411
-7.997052369 8.077337545
-8.015707561 8.088473816
-8.021288615 8.102658997
-8.021702027 8.117722677
-8.015707561 8.148160095
-8.008266154 8.160433248
-8.002426717 8.17430837
-8.003305216 8.184049378
-8.015707561 8.183894348
-8.075962281 8.163378805
-8.08552242 8.162035218
-8.182932495 8.191671652
-8.265976522 8.245983582
-8.264581258 8.256499736
-8.248251505 8.273578797
-8.24530595 8.285076803
-8.247631389 8.303835347
-8.247631389 8.322568055
-8.235280721 8.379515483
-8.236882691 8.400082703
-8.24210201 8.412769267
-8.249078329 8.423776347
-8.254297648 8.434499206
-8.254401001 8.446513977
-8.248871623 8.453567811
-8.200295777 8.491834208
-8.18634314 8.49369456
-8.150531372 8.486485698
-8.130119181 8.488604432
-8.096891235 8.501704407
-8.076634074 8.5032547
-8.068107463 8.500464173
-8.057203736 8.490852356
-8.050666667 8.487674256
-8.042475953 8.487157492
-8.024905965 8.488604432
-8.015707561 8.487209168
-7.985890259 8.494934795
-7.970542358 8.496950175
-7.956279663 8.494366354
-7.943877319 8.484625346
-7.936952677 8.471422018
-7.931578329 8.457030131
-7.923826863 8.443775126
-7.91287146 8.434189148
-7.898582927 8.426282654
-7.882330688 8.421450908
-7.865587525 8.420882467
-7.848585978 8.428633931
-7.846777303 8.442689921
-7.849412802 8.459200541
-7.845743774 8.474315898
-7.823832967 8.477855734
-7.802438924 8.449201151
-7.771019653 8.386517639
-7.7483337 8.372306621
-7.720738485 8.368534241
-7.66244747 8.374864604
-7.683221395 8.417316793
-7.689577597 8.43865916
-7.68647701 8.462585348
-7.679293987 8.487725932
-7.67924231 8.505089213
-7.69169633 8.546662903
-7.693970093 8.567772725
-7.691592977 8.606142477
-7.696812297 8.624849346
-7.703943645 8.633479309
-7.73182308 8.652082825
-7.741202352 8.662909038
-7.76512854 8.706084697
-7.772053182 8.714533793
-7.79091508 8.730941061
-7.79569515 8.736470439
-7.803679158 8.74905365
-7.810190389 8.753368633
-7.816055664 8.753523661
-7.826571818 8.748226827
-7.831015991 8.747658386
-7.890960653 8.765693462
-7.913129842 8.768225606
-7.958915161 8.781997375
-7.968940389 8.812848205
-7.950698609 8.899535421
-7.946461141 8.948602193
-7.941603556 8.972218323
-7.931888387 8.99645457
-7.931836711 8.99645457
-7.931836711 8.996557922
-7.931785034 8.996557922
-7.916747193 9.012345073
-7.827036906 9.057820333
-7.807813274 9.06004242
-7.788072876 9.06004242
-7.764198365 9.063608093
-7.748202715 9.075403105
-7.746783407 9.076449687
-7.759392456 9.091668396
-7.801043661 9.114793599
-7.823367879 9.131976013
-7.83421993 9.142983093
-7.847914185 9.168562928
-7.85623409 9.170216573
-7.866310994 9.166030782
-7.878713338 9.163912049
-7.929562948 9.18388499
-7.930648153 9.220291036
-7.894939738 9.307133281
-7.891735799 9.330232645
-7.865380818 9.409917705
-7.870600138 9.418599345
-7.911889608 9.418651021
-7.933025269 9.414258525
-7.971059123 9.392967835
-7.991574666 9.385319723
-8.009868123 9.3836144
-8.032295695 9.384647929
-8.054051473 9.389092102
-8.070432902 9.397541199
-8.087176066 9.415395406
-8.145363729 9.497147522
-8.152856811 9.51311554
-8.157611043 9.530866395
-8.161021688 9.553604024
-8.161590129 9.575644023
-8.16029286 9.584813799
-8.123504598 9.844852397
-8.1281038 9.86624644
-8.146862345 9.864696146
-8.15099646 9.866143087
-8.155078899 9.875238139
-8.152133342 9.878829651
-8.147327433 9.880121562
-8.145673788 9.882498678
-8.14722408 9.887924703
-8.14954952 9.905339661
-8.153218547 9.910920716
-8.15895463 9.912367656
-8.164535685 9.912677714
-8.167894653 9.914693095
-8.171512003 9.922832133
-8.174715943 9.933038229
-8.173837443 9.941874899
-8.152391723 9.949988098
-8.140092733 9.959703268
-8.136268677 9.969444275
-8.148877727 9.973888449
-8.158489543 9.984921367
-8.147740845 10.010036113
-8.12753536 10.037114563
-8.108776815 10.054193624
-8.05787553 10.07308136
-8.034879517 10.085793763
-8.015707561 10.110365906
-8.012348592 10.124861145
-8.007232626 10.138322856
-7.999842896 10.150699361
-7.989662639 10.161990662
-7.970904094 10.15506602
-7.949871786 10.155427755
-7.929046183 10.160957133
-7.910959432 10.16940623
-7.892252564 10.184831644
-7.882847453 10.190826111
-7.857215943 10.194417623
-7.847423258 10.197931621
-7.838664104 10.203719381
-7.82900061 10.211651713
-7.805074422 10.241830749
-7.801250367 10.249453024
-7.797736369 10.260279236
-7.791225138 10.265782776
-7.783835409 10.270433655
-7.778254354 10.278340149
-7.776342326 10.292732036
-7.76440507 10.312911682
-7.77758256 10.329861552
-7.757428751 10.334047343
-7.735337077 10.347095642
-7.7239941 10.363606262
-7.736034709 10.378282369
-7.726784627 10.382881571
-7.722288778 10.384483541
-7.722288778 10.391330669
-7.7086462 10.402466939
-7.69980953 10.404533997
-7.68792395 10.403087057
-7.679035604 10.405929261
-7.673971314 10.416393738
-7.670043904 10.428770244
-7.664411173 10.437141825
-7.643688925 10.440474955
-7.607773804 10.418719177
-7.584416057 10.416522929
-7.574339152 10.41753062
-7.556381592 10.417272237
-7.547415731 10.420502015
-7.539612589 10.427633362
-7.515841431 10.457812399
-7.501475383 10.458639221
-7.489848185 10.456107076
-7.480236369 10.450293477
-7.471606405 10.441095072
-7.46618038 10.429493713
-7.465353556 10.417995708
-7.46618038 10.407479554
-7.465456909 10.398617045
-7.461477824 10.388643493
-7.444682984 10.360815735
-7.44328772 10.349963685
-7.445768188 10.340377706
-7.444424601 10.334202372
-7.431402141 10.333737284
-7.422203736 10.336088562
-7.395021932 10.346217143
-7.372335978 10.344770203
-7.366341512 10.329448141
-7.372697714 10.288597921
-7.371819214 10.264516704
-7.363395955 10.252191875
-7.346962851 10.247902731
-7.284020955 10.246559143
-7.204749309 10.234492696
-7.106357381 10.207259216
-7.089459188 10.197569886
-7.073129435 10.17852712
-7.058246623 10.155970358
-7.040521606 10.140054017
-7.015768595 10.140880839
-6.992410848 10.149097392
-6.971636923 10.164419454
-6.959389608 10.185503439
-6.961611694 10.211031596
-6.971171835 10.222064514
-6.984297649 10.23038442
-6.994891317 10.239401958
-6.997113403 10.252760316
-6.973135538 10.332290344
-6.96124996 10.344873556
-6.938719035 10.348335877
-6.882029988 10.341256206
-6.86275468 10.343840027
-6.803895223 10.370866801
-6.782087769 10.373037212
-6.760228638 10.36611257
-6.722556519 10.344046733
-6.700335653 10.341669617
-6.677391317 10.349033509
-6.668916382 10.361022441
-6.668270004 10.365839977
-6.663955445 10.397996928
-6.659614624 10.40536082
-6.653051717 10.413060608
-6.64793575 10.42187144
-6.647780722 10.432697653
-6.653981893 10.440035706
-6.664627238 10.444557394
-6.675634318 10.447864686
-6.683075724 10.451688741
-6.695788127 10.471196594
-6.697545125 10.488301494
-6.68777828 10.520470072
-6.682817343 10.565971171
-6.68560787 10.574006857
-6.68922522 10.580931498
-6.691085572 10.589432271
-6.688966837 10.607854919
-6.684212606 10.626561788
-6.681938843 10.627388611
-6.667882854 10.650901387
-6.669174764 10.654157003
-6.647108928 10.661340027
-6.633983114 10.653020122
-6.6136226 10.618474426
-6.598584758 10.604909363
-6.578069214 10.591137594
-6.537554891 10.569691874
-6.521380168 10.564214172
-6.466964884 10.55354299
-6.445984253 10.552251078
-6.421489624 10.556591899
-6.402782756 10.569123434
-6.399217082 10.592481181
-6.406658488 10.601860453
-6.419060832 10.607699891
-6.430688029 10.614960429
-6.435855672 10.62870636
-6.433995321 10.667928772
-6.427019003 10.686093038
-6.409810751 10.694387106
-6.388054972 10.695523987
-6.367539429 10.692268372
-6.341701212 10.691441549
-6.322219198 10.700484925
-6.303564006 10.713171489
-6.279999552 10.723274231
-6.255970012 10.72647817
-6.245841431 10.720742086
-6.244446167 10.706866964
