-89.160496175 17.81431427
-89.1562173954 17.5982433485
-89.1507278741 17.3210320797
-89.1492048452 17.0362708063
-89.1660673976 16.7770090634
-89.1843527061 16.4958724443
-89.1931396714 16.3926256028
-89.2085168605 16.1861319198
-89.234135092 15.95494456
-89.236022276 15.906493168
-89.236512208 15.893914693
-89.228243978 15.880840556
-89.225996054 15.884044495
-89.216539267 15.888643697
-89.204834554 15.892416077
-89.19576534 15.892932841
-89.177446045 15.900270894
-89.100913249 15.896808574
-89.072387859 15.901511129
-89.040322632 15.901717834
-88.951878419 15.879651999
-88.913970507 15.893947658
-88.900013801 15.887844143
-88.866200325 15.860337632
-88.831613736 15.868638414
-88.787342903 15.859076239
-88.753285286 15.83978913
-88.749501106 15.818793036
-88.726796028 15.815171617
-88.62596595 15.75389232
-88.638295051 15.708807684
-88.636219856 15.702093817
-88.609242317 15.702093817
-88.598378059 15.706122137
-88.595204231 15.714667059
-88.596343554 15.722154039
-88.59870358 15.723211981
-88.598988411 15.727362372
-88.602365689 15.730902411
-88.605580207 15.735541083
-88.605458137 15.743068752
-88.600453254 15.744574286
-88.591175911 15.743557033
-88.582183398 15.745021877
-88.578195767 15.75389232
-88.574330207 15.769964911
-88.565500455 15.780951239
-88.556060351 15.789496161
-88.550282356 15.798285223
-88.549061653 15.813666083
-88.556711392 15.837347723
-88.557687955 15.852932033
-88.550282356 15.852932033
-88.550648567 15.842474677
-88.550282356 15.839260158
-88.54405677 15.839260158
-88.532134569 15.846828518
-88.503041145 15.841376044
-88.488840299 15.846747137
-88.511952278 15.867580471
-88.524810351 15.877020575
-88.543283658 15.885158596
-88.551014778 15.895168361
-88.557687955 15.906561591
-88.564523892 15.914984442
-88.607574023 15.938421942
-88.619862434 15.95327383
-88.605458137 15.969631252
-88.590199348 15.96100495
-88.561838345 15.949042059
-88.550282356 15.942328192
-88.521229621 15.912746486
-88.500233528 15.901068427
-88.447906054 15.858710028
-88.34483802 15.811957098
-88.311024543 15.782416083
-88.300404426 15.777818101
-88.256337043 15.740383205
-88.221547004 15.725897528
-88.220936653 15.725653387
-88.2209221351 15.7256473379
-88.232619996 15.721418762
-88.23574642 15.712427063
-88.234919597 15.701575013
-88.241585856 15.688242493
-88.247761191 15.695683899
-88.26499528 15.688604228
-88.279697225 15.68074941
-88.295587729 15.675013326
-88.316671713 15.674599914
-88.322304444 15.667261861
-88.352560995 15.616903178
-88.39899227 15.572797343
-88.467433936 15.520739666
-88.500019694 15.495954489
-88.500019694 15.495902812
-88.587378703 15.430299581
-88.674195109 15.365058086
-88.760899402 15.299961814
-88.847026937 15.235298564
-88.973427491 15.140394796
-89.008283244 15.12440094
-89.109827434 15.091457214
-89.140523235 15.076393534
-89.146940319 15.071284391
-89.160806235 15.060244649
-89.172769329 15.042209575
-89.188582317 14.996088359
-89.169100301 14.978415019
-89.169151978 14.952060038
-89.181528483 14.923663839
-89.189214956 14.913059034
-89.19881425 14.899815165
-89.223618938 14.879015401
-89.231447917 14.86731069
-89.232429769 14.848500468
-89.227675538 14.83457367
-89.218968059 14.8216804
-89.19881425 14.798090108
-89.18940914 14.78300059
-89.170547241 14.738791403
-89.159669353 14.725122986
-89.150522625 14.717294007
-89.146213234 14.710857664
-89.14450232 14.708302308
-89.142693645 14.691274923
-89.14522579 14.683445943
-89.155845296 14.672257995
-89.159410971 14.665979309
-89.15522518 14.615594788
-89.155741944 14.597843934
-89.160392823 14.581281637
-89.172149211 14.570403747
-89.183698894 14.569525248
-89.20881364 14.577948507
-89.221086792 14.580093079
-89.238114177 14.577948507
-89.245684775 14.57298757
-89.250542359 14.565184428
-89.259611572 14.554254862
-89.29092749 14.528003235
-89.304854289 14.513352966
-89.314802002 14.495963847
-89.323044393 14.487463074
-89.345265259 14.481959534
-89.355497193 14.475448303
-89.361982585 14.462400004
-89.36379126 14.446561178
-89.36162085 14.415477804
-89.390611329 14.435993348
-89.391696534 14.433719585
-89.396864177 14.426045635
-89.398181926 14.44537262
-89.408362183 14.441522726
-89.431099813 14.41870758
-89.446835287 14.415529481
-89.458126587 14.41958608
-89.469417887 14.42537384
-89.485282552 14.427389222
-89.49614813 14.422897484
-89.503033407 14.420051168
-89.52776058 14.391060689
-89.541351481 14.381526387
-89.544245362 14.400052388
-89.555174927 14.410826925
-89.569876872 14.412015483
-89.584062053 14.401809387
-89.590573284 14.385970561
-89.58628414 14.374679261
-89.578971924 14.364783223
-89.576078044 14.353130189
-89.582408407 14.343363343
-89.592433635 14.336387024
-89.598350587 14.327989604
-89.592175253 14.313830261
-89.571272136 14.311143087
-89.564373332 14.308145853
-89.558585572 14.302823182
-89.555691691 14.299024963
-89.549878093 14.288276265
-89.548586182 14.283599549
-89.546777507 14.268329163
-89.544917156 14.261817932
-89.540550497 14.257606303
-89.527863932 14.251456808
-89.524659994 14.247374369
-89.524504965 14.231768087
-89.53093868 14.225566915
-89.638322307 14.200555522
-89.664625611 14.18885081
-89.68984371 14.17001475
-89.709868327 14.14872406
-89.752604737 14.075240174
-89.75544694 14.067075297
-89.754465088 14.059401347
-89.748010068 14.044894904
-89.747256226 14.043200785
-89.747643799 14.037645569
-89.76226823 14.029997457
-89.776944336 14.035785218
-89.80296342 14.055473938
-89.821101847 14.060073141
-89.835855469 14.059091289
-89.880116333 14.042684021
-89.890787517 14.03588857
-89.912078207 14.015192159
-90.008170533 13.949692281
-90.022975831 13.936954041
-90.031476603 13.922923889
-90.038091187 13.908376974
-90.047367107 13.894295146
-90.059640259 13.884709167
-90.087080444 13.87047231
-90.099043539 13.858509216
-90.106975871 13.844065654
-90.112298543 13.828252666
-90.114779012 13.812000428
-90.114313925 13.796264954
-90.092981728 13.7289030479
-90.098328124 13.73141413
-90.245553208 13.790725711
-90.401159454 13.858588018
-90.500208786 13.894699659
-90.580412888 13.913267343
-90.638018795 13.922358034
-90.707277736 13.928888581
-90.784614826 13.921538447
-90.796246576 13.918160508
-90.910333201 13.911135082
-91.043740424 13.913584837
-91.165760871 13.926703192
-91.316461252 13.955679359
-91.55186927 14.057277736
-91.637115038 14.104437567
-91.762557671 14.180174112
-91.908192512 14.283840236
-92.049590624 14.408026434
-92.2462338321 14.5462829244
-92.226097168 14.549345602
-92.208062094 14.570507101
-92.186073771 14.629573263
-92.164731405 14.66814972
-92.160803997 14.68349762
-92.161734172 14.702333679
-92.179381673 14.75158132
-92.180105144 14.758790182
-92.178813233 14.773388774
-92.179381673 14.781243591
-92.188657593 14.805893249
-92.190828003 14.814238993
-92.191654827 14.83529714
-92.186797242 14.847260233
-92.166023316 14.870824687
-92.154680339 14.900797018
-92.157574219 14.96304128
-92.154215251 14.995933329
-92.14235551 15.007483012
-92.129875651 15.010945333
-92.116982381 15.012392274
-92.10383073 15.017869975
-92.093598796 15.029419658
-92.073806722 15.07370636
-92.203359538 15.237158915
-92.210930135 15.253359477
-92.211291871 15.272066345
-92.204651449 15.289507141
-92.186177124 15.32038381
-92.137446249 15.401825866
-92.105931231 15.454469062
-92.068535726 15.51693512
-91.989599976 15.648968404
-91.910560872 15.780950013
-91.841676189 15.896085103
-91.792971151 15.977578837
-91.774470988 16.008429667
-91.751888387 16.046308492
-91.739847779 16.060984599
-91.723776409 16.06878774
-91.678404501 16.068891093
-91.540480103 16.069149475
-91.402607382 16.069304505
-91.264786337 16.06951121
-91.126913616 16.069769593
-90.994797832 16.069868593
-90.988989218 16.069872946
-90.851116497 16.070131327
-90.713295452 16.070338034
-90.575474406 16.070596415
-90.485738282 16.070699768
-90.466152914 16.072921855
-90.448195097 16.079259908
-90.448143677 16.079278056
-90.447841202 16.079686593
-90.444164592 16.084652405
-90.437420817 16.098863424
-90.434475261 16.10718333
-90.440211345 16.10485789
-90.44274349 16.104186096
-90.444526327 16.10325592
-90.448143677 16.099741924
-90.455585084 16.099741924
-90.459486654 16.116795146
-90.435302084 16.136277161
-90.448143677 16.148214417
-90.448143677 16.154415589
-90.426129517 16.163148906
-90.432718262 16.17322581
-90.461812094 16.189142151
-90.465584473 16.208107402
-90.458504802 16.22174998
-90.446231649 16.230845032
-90.434475261 16.236322734
-90.447988648 16.241490377
-90.457833009 16.249138489
-90.459434978 16.259060364
-90.448143677 16.271100973
-90.443725343 16.266863505
-90.440624756 16.265313212
-90.42767981 16.26360789
-90.431426351 16.268930563
-90.43752417 16.280040996
-90.44129655 16.285363668
-90.436749024 16.284846904
-90.435508789 16.286242168
-90.435508789 16.288774312
-90.434475261 16.29156484
-90.42855831 16.287637431
-90.420238404 16.285363668
-90.41406307 16.287844137
-90.414011393 16.298386129
-90.420186728 16.296009013
-90.434733643 16.301228333
-90.444888062 16.30835968
-90.437885905 16.312080383
-90.419463257 16.317816467
-90.404683798 16.331510722
-90.398792684 16.347582092
-90.407190105 16.360449524
-90.414011393 16.360449524
-90.414011393 16.353008118
-90.420806844 16.353008118
-90.418223023 16.367167461
-90.408740398 16.372335103
-90.395123657 16.371404927
-90.379853272 16.367270813
-90.391377117 16.385977681
-90.392694865 16.391713766
-90.392901571 16.40483958
-90.394916952 16.419205627
-90.40060136 16.420549215
-90.409463868 16.416673483
-90.420806844 16.41512319
-90.426697958 16.417707011
-90.434113526 16.422409566
-90.444371298 16.426802063
-90.475842245 16.430729472
-90.478426067 16.436413879
-90.477082479 16.444992167
-90.482301799 16.456050924
-90.488218751 16.461580302
-90.497753053 16.468039856
-90.508915162 16.471088765
-90.532893026 16.459926656
-90.53906836 16.468866679
-90.543719239 16.490209045
-90.55340857 16.490260722
-90.579350139 16.482767639
-90.584724488 16.480235495
-90.590615601 16.483387757
-90.604671591 16.486178284
-90.620742962 16.486746725
-90.633093628 16.48333608
-90.627874308 16.49289622
-90.618985962 16.500079244
-90.61206132 16.507624003
-90.612629761 16.518114319
-90.624153605 16.524935608
-90.639501506 16.525865784
-90.648183147 16.529586487
-90.639966593 16.544831034
-90.643532268 16.561005758
-90.637021038 16.577903952
-90.633765422 16.592166646
-90.647356324 16.60007314
-90.650250204 16.593406881
-90.653609172 16.59009959
-90.658828492 16.588445943
-90.667200074 16.586999003
-90.667200074 16.593200175
-90.654022583 16.616609599
-90.667716838 16.652576396
-90.735309611 16.746575826
-90.749779012 16.757686259
-90.78559078 16.774997864
-90.80037024 16.786831767
-90.796959596 16.79866567
-90.796959596 16.805435283
-90.810602173 16.812928365
-90.819955607 16.80533193
-90.831737834 16.805435283
-90.900622519 16.826002503
-90.919071004 16.836337789
-90.948164836 16.86470815
-90.968887086 16.874371643
-90.952764038 16.890908102
-90.955192831 16.898762919
-90.968835409 16.901036682
-90.986250367 16.901088359
-90.987955689 16.896902568
-90.984286663 16.88775584
-90.983253134 16.87860911
-90.993071656 16.874371643
-90.998342652 16.87716217
-91.010900025 16.890287984
-91.016687785 16.894835511
-91.054928346 16.908013
-91.066865601 16.918193258
-91.071309775 16.938915507
-91.076942505 16.949509176
-91.112237509 16.990488587
-91.116113241 16.99927358
-91.121229208 17.01839386
-91.12655188 17.024595032
-91.137145549 17.02650706
-91.161226766 17.023974915
-91.171200318 17.028005677
-91.206753704 17.065367737
-91.215952108 17.079217021
-91.220241252 17.089293925
-91.225357219 17.107018942
-91.229594686 17.11399526
-91.238793091 17.119214579
-91.259205282 17.124330547
-91.263132691 17.130738424
-91.265148072 17.146241354
-91.27083248 17.164276428
-91.27951412 17.180089416
-91.290417847 17.189081116
-91.31775468 17.19047638
-91.344523072 17.186342265
-91.364883586 17.18975291
-91.372945109 17.213575745
-91.388344686 17.221585592
-91.419247193 17.227735087
-91.442501587 17.23796702
-91.43826412 17.253676657
-91.430771037 17.254968567
-90.99198645 17.251919658
-90.991443848 17.5269416305
-90.990901246 17.801963603
-90.982839722 17.81054189
-90.962220826 17.816019593
-90.919122681 17.816019593
-90.699239462 17.815812887
-90.479459595 17.815606181
-90.259653891 17.815347799
-90.039770671 17.815141093
-89.820016643 17.814986064
-89.600159262 17.814727681
-89.380301881 17.814520976
-89.160496175 17.81431427
