10.929942254 33.896307684
10.95972741 33.866115627
10.991465691 33.841701565
11.010996941 33.831610419
11.031097852 33.823879299
11.048513217 33.814764716
11.060313347 33.80072663
10.993988477 33.749741929
10.977305535 33.743150132
10.971039259 33.738714911
10.966481967 33.73041413
10.956716342 33.697739976
10.950450066 33.697739976
10.953623894 33.724188544
10.956716342 33.732489325
10.941091342 33.728216864
10.928484416 33.696630334
10.910529617 33.6738788
10.893709349 33.658247469
10.887785649 33.64014151
10.871056089 33.654333437
10.870746171 33.671840235
10.876920793 33.68821779
10.858994649 33.711060802
10.842133009 33.717962958
10.826182488 33.729803778
10.808929884 33.73432038
10.790349198 33.718572065
10.781921657 33.703696243
10.763419624 33.700162711
10.740153798 33.715477692
10.733791155 33.730665753
10.727803848 33.758180719
10.728314245 33.784568203
10.747592736 33.812748402
10.735479486 33.8537544
10.736013217 33.884751695
10.772959832 33.896307684
10.85425866 33.881659247
10.897797071 33.879339911
10.929942254 33.896307684
11.0958894 34.646980751
11.0557084 34.620962315
11.036498549 34.624310565
11.016612175 34.632513739
10.983498786 34.645917418
10.964121941 34.656683661
10.973837248 34.663010319
10.98715254 34.67177969
11.101328972 34.670965887
11.110841855 34.659505685
11.0958894 34.646980751
11.280528191 34.762884833
11.304795511 34.742294447
11.297035294 34.728693165
11.199657131 34.694719988
11.149096441 34.66928671
11.130745834 34.663291279
11.122306398 34.680425768
11.136155401 34.693887672
11.152686646 34.70687737
11.170646589 34.728592269
11.173119716 34.742432779
11.172251904 34.748801359
11.173024936 34.75800202
11.180948085 34.761781752
11.183116082 34.752183335
11.198188775 34.744019804
11.222110581 34.74764501
11.224303473 34.770057376
11.217501767 34.781615365
11.225252312 34.795221962
11.237124579 34.804189586
11.245264696 34.814966218
11.254270067 34.825822422
11.270762566 34.817857164
11.299484176 34.814178588
11.304171183 34.80528897
11.278086785 34.797674872
11.274424675 34.791734117
11.26823978 34.78534577
11.265798373 34.77338288
11.274848702 34.770375783
11.280528191 34.762884833
9.861175977 37.31635163
9.861664259 37.271185614
9.83073978 37.251206773
9.792735222 37.238023179
9.771820509 37.213324286
9.775075717 37.205796617
9.790700717 37.178412177
9.79566491 37.172349351
9.801524285 37.169134833
9.807790561 37.155015367
9.815928582 37.151841539
9.859711134 37.147040106
9.879893425 37.150091864
9.902110222 37.164862372
9.914317254 37.178290106
9.925303582 37.196763414
9.924978061 37.213120835
9.861175977 37.233832098
9.851573113 37.232855536
9.8310653 37.227728583
9.819590691 37.227606512
9.819590691 37.233832098
9.843923373 37.247463283
9.853526238 37.249497789
9.859629754 37.25413646
9.863942905 37.259019273
9.867442254 37.26170482
9.882497592 37.263576565
9.979828321 37.24603913
9.997813347 37.247463283
10.051280144 37.266587632
10.059825066 37.264837958
10.075856967 37.244940497
10.146250847 37.236517645
10.17872155 37.212713934
10.253103061 37.19139232
10.27214603 37.178534247
10.240082227 37.17177969
10.22527103 37.166734117
10.211273634 37.158677476
10.20582116 37.175116278
10.177989129 37.177964585
10.146006707 37.171210028
10.128103061 37.158677476
10.13542728 37.142320054
10.161631707 37.134344794
10.191905144 37.133246161
10.211273634 37.137600002
10.218190951 37.12893301
10.227061394 37.117661851
10.230316602 37.108099677
10.224375847 37.095933335
10.21753991 37.110296942
10.174327019 37.076239325
10.18238366 37.027044989
10.220062696 36.97662995
10.265879754 36.938910223
10.303233269 36.924383856
10.313731316 36.918443101
10.337006056 36.891831773
10.347178582 36.880275783
10.341970248 36.868597723
10.31902103 36.850246486
10.309336785 36.829779364
10.298838738 36.821763414
10.285166863 36.819973049
10.27214603 36.829087632
10.279551629 36.844305731
10.270192905 36.848456122
10.2529403 36.846340236
10.220469597 36.837795315
10.210703972 36.831854559
10.193614129 36.812323309
10.188487175 36.797593492
10.202891472 36.792629299
10.234222852 36.791896877
10.247243686 36.786281643
10.253916863 36.791449286
10.257009311 36.793850002
10.27214603 36.816066799
10.293630405 36.777736721
10.320078972 36.748765367
10.355316602 36.731187242
10.403005405 36.72671133
10.41675866 36.729559637
10.436995327 36.728839412
10.487727274 36.749651543
10.518713489 36.755796726
10.538232868 36.77202591
10.546049949 36.799921159
10.552598455 36.822920654
10.566905144 36.86322663
10.58497155 36.876166083
10.606130405 36.879706122
10.652598504 36.876898505
10.694672071 36.883449611
10.733465667 36.895812251
10.783205036 36.924417926
10.813975457 36.950384833
10.82309004 36.953924872
10.82691491 36.963202216
10.830088738 36.968247789
10.887543165 37.006008205
10.895843946 37.014105536
10.898448113 37.025213934
10.894704623 37.032171942
10.892914259 37.038641669
10.902110222 37.048814195
10.923675977 37.057033596
10.974131707 37.061265367
11.012705925 37.084784247
11.033376498 37.087469794
11.051036004 37.080308335
11.060313347 37.06248607
11.058929884 37.053900458
11.048594597 37.041978257
11.046071811 37.03143952
11.048350457 37.020331122
11.058116082 37.006008205
11.060313347 36.997015692
11.063975457 36.990057684
11.081309441 36.969387111
11.087738477 36.959418036
11.090098504 36.949611721
11.091807488 36.928208726
11.094493035 36.918443101
11.099131707 36.910589911
11.105967644 36.901597398
11.113129102 36.894232489
11.118418816 36.891180731
11.124278191 36.885687567
11.136226578 36.870530121
11.130545149 36.854038798
11.116766912 36.838411877
11.076735226 36.825188398
11.022139533 36.788276075
10.992547829 36.744064456
10.949929815 36.693877741
10.87951936 36.588474994
10.825662358 36.479810783
10.799928575 36.451885235
10.717153534 36.434551236
10.620440907 36.390280397
10.585564369 36.398132016
10.550928289 36.377255796
10.519085115 36.337472459
10.504844912 36.299354722
10.491067929 36.258065642
10.479266895 36.216961997
10.476855707 36.16552186
10.474694877 36.112485958
10.479527532 36.079327304
10.492393454 36.045340814
10.499847852 36.02728913
10.504730665 36.020941473
10.509125196 36.011175848
10.514821811 35.989081122
10.5185653 35.979966539
10.540537957 35.952826239
10.556488477 35.937974351
10.570323113 35.931586005
10.582286004 35.92182038
10.608571811 35.855861721
10.622080925 35.842596747
10.691335483 35.789618231
10.693695509 35.787787177
10.713063998 35.779242255
10.743619663 35.769672076
10.80372155 35.786932684
10.813812696 35.784979559
10.82309004 35.780462958
10.841420439 35.766547617
10.83033969 35.753233544
10.824522355 35.733389134
10.829600457 35.713120835
10.841156446 35.698797919
10.88152103 35.683010158
10.971815894 35.654138114
11.011973504 35.657904364
11.04099805 35.637730383
11.055021624 35.614476322
11.017100457 35.602280992
11.011973504 35.579046942
11.013926629 35.562892971
11.014903191 35.555161851
11.023936394 35.533758856
11.039235873 35.518500067
11.085057411 35.506785421
11.057689731 35.486733472
11.050666014 35.459781746
11.045530315 35.434754664
11.049412181 35.391255272
11.03718778 35.370821392
11.042232667 35.334435394
11.065890552 35.303268366
11.101328972 35.266831773
11.122080925 35.253648179
11.147103928 35.244005401
11.160781762 35.23823214
11.159159606 35.218757087
11.131352161 35.217959043
11.111577776 35.20559467
11.09231553 35.173938785
11.062912201 35.153638925
11.048830264 35.131223359
11.034990274 35.107055576
11.015879754 35.092840887
11.02245254 35.064502308
11.018105253 35.034190914
10.984366015 34.999413969
10.945862975 34.983531199
10.917653842 34.957424221
10.924951137 34.934121989
10.916514519 34.913316148
10.916335641 34.87356914
10.875498894 34.849066473
10.866709832 34.841253973
10.860362175 34.836818752
10.856293165 34.830877997
10.867357628 34.811033137
10.871421001 34.797366971
10.834884905 34.78339816
10.81126229 34.768880123
10.779042135 34.739501375
10.763468906 34.71344816
10.743988477 34.698675848
10.734711134 34.680853583
10.717295769 34.664740302
10.701182488 34.655951239
10.634287957 34.637884833
10.625254754 34.633246161
10.621429884 34.626288153
10.61988366 34.615871486
10.615000847 34.603583075
10.607432488 34.593329169
10.605709539 34.573668252
10.598751836 34.562453465
10.597023266 34.544713234
10.581614599 34.532679159
10.559376362 34.523490489
10.465993686 34.51194896
10.431895379 34.49632396
10.378723611 34.423080315
10.330414259 34.412583726
10.320485873 34.413234768
10.31128991 34.416815497
10.300059441 34.417710679
10.28809655 34.41400788
10.281993035 34.408880927
10.278005405 34.402736721
10.25660241 34.37909577
10.247243686 34.372137762
10.234222852 34.369330145
10.186778191 34.351955471
10.16667728 34.338812567
10.126719597 34.325628973
10.102161376 34.304074944
10.089778403 34.272974503
10.054033834 34.213163235
10.032777141 34.184654922
10.018809441 34.180568752
10.010264519 34.173163153
10.010101759 34.173081773
10.005218946 34.170640367
10.01465905 34.153387762
10.01840254 34.133490302
10.01823978 34.091538804
10.021494988 34.073309637
10.036143425 34.034491278
10.039317254 34.016099351
10.048838738 33.983465887
10.071299675 33.946234442
10.16309655 33.836249091
10.172699415 33.82807038
10.186859571 33.821763414
10.330251498 33.702826239
10.367686394 33.684068101
10.446055535 33.655422268
10.460215691 33.652696031
10.489268425 33.647121486
10.558372869 33.65572112
10.634071727 33.673627658
10.697618425 33.702596743
10.716644727 33.70693594
10.739991963 33.671578426
10.736923596 33.602850314
10.707530144 33.581691799
10.691416863 33.576117255
10.679047071 33.56256745
10.674082879 33.545599677
10.679942254 33.529852606
10.703623894 33.49603913
10.717133009 33.483547268
10.738129102 33.478013414
10.780528191 33.485744533
10.856211785 33.524318752
10.892263217 33.533270575
10.909434441 33.539618231
10.925140821 33.555080471
10.932790561 33.574042059
10.926280144 33.591253973
10.9091903 33.607855536
10.906504754 33.616441148
10.93620853 33.636297919
10.94792728 33.629461981
10.960622592 33.627671617
10.97144616 33.631903387
10.977875196 33.643133856
10.984629754 33.643133856
11.000661655 33.634182033
11.042816602 33.617865302
11.060313347 33.608343817
11.073578321 33.594468492
11.10816491 33.549627997
11.111582879 33.540025132
11.116621178 33.48997283
11.089929354 33.454148712
11.110783424 33.392970468
11.102073675 33.364080875
11.131114129 33.371527411
11.150889519 33.353949286
11.17066491 33.331773179
11.193858269 33.320990302
11.21778405 33.31631094
11.269053582 33.294256903
11.293711785 33.286810614
11.287364129 33.282049872
11.284434441 33.280829169
11.28003991 33.280015367
11.181895379 33.306789455
11.133636915 33.311428127
11.121836785 33.280015367
11.13152103 33.268052476
11.147715691 33.256903387
11.163340691 33.242621161
11.170176629 33.221014716
11.179535352 33.21108633
11.201508009 33.21116771
11.245371941 33.217922268
11.28785241 33.210109768
11.372243686 33.18378327
11.41675866 33.18378327
11.433116082 33.193548895
11.427582227 33.20701732
11.410655144 33.21893952
11.392751498 33.224107164
11.381358269 33.23069896
11.367442254 33.245266018
11.351898634 33.258856512
11.442393425 33.204657294
11.497813347 33.182684637
11.504567905 33.181341864
11.505111803 33.1812253147
11.50604659 33.136376445
11.477417847 33.041214295
11.474937378 33.025840556
11.474420613 32.96987498
11.456540567 32.902101339
11.463775268 32.798464254
11.449202514 32.693018494
11.449925985 32.637957255
11.470389852 32.599277446
11.537362508 32.543518575
11.560616903 32.507577616
11.5641309 32.465487163
11.546354207 32.434274598
11.526085437 32.417862703
11.513901408 32.407997131
11.444034871 32.368490499
11.182341254 32.262223369
10.873217 32.136695862
10.845931844 32.111787822
10.805624227 32.032361145
10.772861369 32.004507549
10.736584513 31.985387269
10.703098185 31.96218455
10.683564493 31.957016907
10.665271036 31.963218079
10.647287638 31.971951396
10.628477417 31.974121806
10.605946492 31.953606263
10.59757491 31.873507792
10.584552449 31.840279846
10.54238448 31.806638489
10.525537963 31.772066956
10.513549031 31.757029114
10.498872924 31.744316711
10.482543172 31.733102925
10.427766154 31.714602763
10.31542159 31.715842997
10.263951863 31.680496318
10.196462442 31.578590393
10.132590373 31.517560527
10.116880737 31.494409485
10.106235392 31.429193828
10.108095744 31.411830547
10.182716512 31.240781556
10.213205607 31.135361633
10.244831584 31.078155823
10.246175171 31.059552307
10.240594116 31.021156719
10.245038289 30.985706686
10.270153036 30.915633443
10.269739624 30.882147115
10.253926636 30.841787821
10.192224976 30.731251933
10.101171101 30.641696676
9.995647827 30.494522196
9.871314331 30.355150859
9.845786174 30.342283427
9.772922404 30.338097636
9.743466838 30.331328024
9.519707885 30.228905335
9.491389201 30.338976135
9.463070516 30.449046937
9.434751831 30.55906606
9.406329793 30.669085185
9.377907756 30.779155985
9.34958907 30.88917511
9.321270386 30.999245911
9.292951701 31.109316712
9.264426311 31.219335836
9.236210978 31.329406637
9.207788941 31.439425761
9.179470255 31.549496562
9.151151571 31.659567363
9.122729533 31.76953481
9.094514201 31.879605611
9.06598881 31.989676412
9.063303822 32.000191513
9.045008179 32.07184194
9.033742716 32.090755514
9.019893433 32.10486318
8.851531616 32.208241882
8.642345419 32.336657817
8.482665242 32.434791362
8.359985392 32.501014709
8.33262728 32.526355407
8.331253296 32.527628072
8.319574422 32.560597636
8.309962606 32.663872986
8.296423381 32.804407043
8.282884156 32.836368917
8.181391642 32.969823303
8.086823771 33.094285991
8.064499552 33.105783997
8.043622274 33.101830749
8.022641642 33.103045146
8.002177775 33.108367819
7.982747437 33.116816915
7.871953166 33.184125468
7.835469604 33.194538269
7.787513875 33.198310649
7.750720255 33.207664083
7.724985392 33.231409404
7.709689168 33.278150737
7.708286223 33.410703984
7.708242228 33.414860738
7.693152709 33.454108989
7.616568237 33.565962626
7.553006225 33.658747661
7.544427938 33.68424998
7.534196004 33.736236471
7.505463908 33.782848613
7.498539266 33.79997935
7.484896688 33.85501475
7.479832398 33.893901265
7.500606323 33.994256898
7.503706909 34.067973328
7.51745284 34.09502594
7.539228219 34.113757839
7.579567911 34.148459372
7.604062541 34.175486145
7.631451049 34.199102275
7.670311727 34.215302836
7.733873738 34.223777771
7.752787313 34.232149353
7.765293009 34.244706726
7.774284709 34.260958964
7.811905151 34.379272156
7.831542195 34.414386292
7.870609579 34.437899068
7.957322632 34.469421692
7.999077189 34.494174703
8.094058472 34.5301415
8.10248316 34.536354708
8.143667846 34.566728414
8.1672323 34.578562317
8.17519047 34.585280253
8.179531291 34.592153219
8.186559286 34.609568176
8.19286381 34.617733053
8.228830607 34.636439922
8.236478719 34.647653708
8.210640503 34.681191712
8.21343103 34.696746318
8.225213257 34.711680807
8.257355997 34.73974111
8.25871446 34.741298
8.266554403 34.750283102
8.26934493 34.763874003
8.250741414 34.864746399
8.248881062 34.901953431
8.259009644 34.940659079
8.282884156 34.994040833
8.300454142 35.067679749
8.313683309 35.103078105
8.360915568 35.145917868
8.421376993 35.222088929
8.431298869 35.241725973
8.396882365 35.263688457
8.355231161 35.274333802
8.317404012 35.289474996
8.294356323 35.325080058
8.287948446 35.366059469
8.290015502 35.402594706
8.300867553 35.437476299
8.336730997 35.508376363
8.337041056 35.537935283
8.327225481 35.621405428
8.323605184 35.652191874
8.306551961 35.684903056
8.257666057 35.750325419
8.245780477 35.785310364
8.241439656 35.827736715
8.247227417 35.907318421
8.268423401 35.969863948
8.272445516 35.981732483
8.275649455 36.03681956
8.296733439 36.1104068
8.307998901 36.126994934
8.317093953 36.145908509
8.314510132 36.163943583
8.307068726 36.182495423
8.302314494 36.202339172
8.307068726 36.243628642
8.354404338 36.350908915
8.355423113 36.356115986
8.358125041 36.369925843
8.359675333 36.411215312
8.357711629 36.430387268
8.349236695 36.448784078
8.333837118 36.456380514
8.314923543 36.460617982
8.295596557 36.468679504
8.208780151 36.477826233
8.167852417 36.491365459
8.167890169 36.491994979
8.169919474 36.525833639
8.193483927 36.548984681
8.222319376 36.56376414
8.286914917 36.583401184
8.407941121 36.642622376
8.430368693 36.662621155
8.453209676 36.697657776
8.461787964 36.73279775
8.441634155 36.753209941
8.406700887 36.7679894
8.413108765 36.783905742
8.444011271 36.796204733
8.482665242 36.799977113
8.520078979 36.797910055
8.554495483 36.803646139
8.623845255 36.826073711
8.641725301 36.836357321
8.642552124 36.848501282
8.608238973 36.890720927
8.604828329 36.900978699
8.605655151 36.913045146
8.60251042864 36.9395107635
8.602549675 36.939520575
8.621104363 36.945786851
8.692149285 36.969387111
8.716563347 36.973089911
8.802012566 36.973089911
8.824392123 36.979478257
8.865733269 37.007635809
8.896006707 37.018866278
8.903656446 37.021673895
8.925791863 37.038885809
8.956879102 37.069281317
8.987640821 37.116848049
9.000987175 37.123968817
9.0107528 37.127834377
9.038747592 37.151841539
9.049327019 37.156968492
9.079437696 37.166815497
9.1591903 37.192816473
9.171397332 37.198797919
9.192393425 37.226141669
9.210703972 37.233832098
9.34253991 37.235337632
9.380707227 37.247463283
9.40512129 37.268500067
9.419118686 37.275824286
9.4326278 37.271389065
9.442881707 37.266546942
9.453868035 37.268296617
9.464528842 37.272447007
9.493907097 37.278143622
9.517344597 37.286688544
9.538584832 37.298000393
9.552744988 37.309515692
9.57309004 37.300238348
9.591481967 37.302923895
9.628428582 37.323146877
9.649261915 37.331854559
9.666270379 37.335435289
9.710297071 37.33616771
9.732432488 37.343329169
9.744639519 37.345200914
9.755137566 37.3399112
9.763194207 37.333644924
9.773448113 37.330511786
9.858897332 37.328802802
9.859060092 37.325873114
9.861175977 37.31635163
