0
40
63
91
128
156
166
187
518
629
739
777
837
847
876
904
1039
1147
1183
1432
1447
1459
1484
1504
1518
1543
1618
1637
1648
1667
1711
1762
1788
1807
1825
1841
1903
1934
1961
1983
1992
2005
2071
2098
2166
2235
2246
2258
2280
2340
2477
2562
2574
2612
2811
2823
2876
2898
2929
3000
3014
3022
3065
3080
3090
3111
3130
3139
3148
3176
3192
3227
3461
3484
3497
3552
3565
3621
3647
3666
3682
3695
3717
3747
3798
3820
3833
3842
3851
3862
3905
3931
3940
3962
3989
4044
4071
4122
4193
4972
5010
5023
5031
5040
5058
5085
5120
5145
5162
5171
5209
5219
5248
5272
5283
5312
5339
5353
5389
5410
5584
5598
5613
5627
5647
5676
5695
5723
5765
5789
5803
5818
5834
5854
5867
5949
5965
5989
6023
6031
6054
6062
6096
6123
6136
6166
6171
6187
6213
6411
6423
6440
6583
6627
6922
6975
6990
7073
7090
7098
7119
7137
7168
23127
23142
23219
23241
23269
23301
23322
23411
23444
23478
23503
23626
23654
23691
23730
23749
