113.558604363 22.163031317
113.569427931 22.160752671
113.574066602 22.160752671
113.574066602 22.156113999
113.571787957 22.152899481
113.567881707 22.150580145
113.563243035 22.150580145
113.560231967 22.141546942
113.567637566 22.139064846
113.572520379 22.137315171
113.577972852 22.139634507
113.577972852 22.138088283
113.574880405 22.135036526
113.579763217 22.131903387
113.585948113 22.131944078
113.586680535 22.129543361
113.587494337 22.127224026
113.587494337 22.124863999
113.585948113 22.124090887
113.583588087 22.123317776
113.577484571 22.126654364
113.577972852 22.120917059
113.574066602 22.119370835
113.570974155 22.120143947
113.566742384 22.123358466
113.566661004 22.11737702
113.56519616 22.112616278
113.566335483 22.107692776
113.563243035 22.106919664
113.55738366 22.111151434
113.552256707 22.107692776
113.551524285 22.106146552
113.549164259 22.10537344
113.546804233 22.10537344
113.543711785 22.107692776
113.541107618 22.11326732
113.545258009 22.114243882
113.542328321 22.14073314
113.542246941 22.14081452
113.53410892 22.148789781
113.532237175 22.15253327
113.532237175 22.152614651
113.534434441 22.161200262
113.541433139 22.162339585
113.542979363 22.163804429
113.552907748 22.165838934
113.558604363 22.163031317
113.553802931 22.211493231
113.555593295 22.207546291
113.556813998 22.203558661
113.551524285 22.204413153
113.548431837 22.202053127
113.549164259 22.199733791
113.550710483 22.198960679
113.557139519 22.202460028
113.553802931 22.196641343
113.553802931 22.195868231
113.552256707 22.197414455
113.550710483 22.195868231
113.551524285 22.194199937
113.551524285 22.191880601
113.551524285 22.191107489
113.551524285 22.189561265
113.548431837 22.188055731
113.542979363 22.184190171
113.539886915 22.182643947
113.535980665 22.182643947
113.532888217 22.178697007
113.528900587 22.178697007
113.524831576 22.173814195
113.524750196 22.173732815
113.519867384 22.18370189
113.519867384 22.18374258
113.520192905 22.184881903
113.52214603 22.190497137
113.524831576 22.193060614
113.525401238 22.193630276
113.530365431 22.201524156
113.535248243 22.207546291
113.533702019 22.210760809
113.532074415 22.210760809
113.532888217 22.209173895
113.527354363 22.207546291
113.524343295 22.212551174
113.528900587 22.213853257
113.528900587 22.214626369
113.535248243 22.214626369
113.536468946 22.217067776
113.538910352 22.220770575
113.544525587 22.217678127
113.544525587 22.216131903
113.550710483 22.213853257
113.553802931 22.211493231
