30.471785843 -1.066836592
30.463855835 -1.075127055
30.456156047 -1.086082458
30.453003785 -1.09734792
30.456311076 -1.108096618
30.470883829 -1.118121846
30.474191121 -1.131764425
30.472072388 -1.137655538
30.468300008 -1.143339945
30.465612834 -1.149334411
30.467266479 -1.155328877
30.476051473 -1.161219991
30.484009643 -1.159979756
30.490520874 -1.156465759
30.494654989 -1.155328877
30.506953979 -1.164217224
30.511191447 -1.170418396
30.515118856 -1.196256612
30.521216675 -1.210829366
30.539406779 -1.241008402
30.545297892 -1.261368916
30.55459965 -1.273461202
30.556615031 -1.281626078
30.555633179 -1.284726664
30.553359416 -1.289067484
30.5509823 -1.294958598
30.549948771 -1.302400004
30.55532312 -1.318419698
30.568242228 -1.328134868
30.597697795 -1.340330505
30.608239787 -1.347771912
30.623225952 -1.362034607
30.632424357 -1.367615661
30.698466837 -1.392110291
30.718103881 -1.394900818
30.73753422 -1.406683044
30.743218628 -1.432831319
30.741358277 -1.458876241
30.73825769 -1.470658468
30.732935018 -1.476446228
30.738877808 -1.489468688
30.755414266 -1.511586202
30.76781661 -1.524815369
30.772260783 -1.53246348
30.781975952 -1.568430277
30.791587768 -1.590961202
30.807245728 -1.603260193
30.831016887 -1.59416514
30.838303263 -1.615352478
30.83747644 -1.641087341
30.824557333 -1.719945577
30.824247273 -1.730694274
30.826521037 -1.735861918
30.835409383 -1.749504496
30.837889852 -1.758702901
30.826417684 -1.786194763
30.829931681 -1.796736755
30.837889852 -1.836837667
30.83241215 -1.853787537
30.822231893 -1.868773702
30.816599162 -1.884173279
30.824247273 -1.902053325
30.808020874 -1.914765726
30.801923055 -1.921276957
30.796962118 -1.92933848
30.826934449 -1.934092712
30.829931681 -1.960551045
30.816754191 -2.018738708
30.835461059 -2.014707947
30.853496135 -2.023699645
30.868740682 -2.03899587
30.879437703 -2.053465271
30.887809285 -2.082507426
30.853392782 -2.193818461
30.844711141 -2.237846781
30.848948608 -2.306266378
30.844711141 -2.326626892
30.834375855 -2.34533376
30.821353394 -2.354738871
30.804558553 -2.362180277
30.7891073 -2.371068624
30.775154663 -2.374479268
30.767919963 -2.378613383
30.75882491 -2.381093852
30.750660034 -2.379130147
30.698466837 -2.353395284
30.687718139 -2.349984639
30.674799031 -2.351741638
30.663326864 -2.360733337
30.649064168 -2.387605082
30.637850382 -2.397010193
30.616921427 -2.398147074
30.595217325 -2.391945902
30.573926636 -2.389258728
30.55459965 -2.400627543
30.52173344 -2.399387309
30.488453817 -2.383781026
30.434141886 -2.339235941
30.428405802 -2.331381124
30.423238159 -2.317325134
30.418483927 -2.311847432
30.415073283 -2.313087666
30.383447306 -2.305542907
30.378589722 -2.303062439
30.362518351 -2.307816671
30.352751505 -2.316911723
30.348610082 -2.322351936
30.344018189 -2.328383891
30.331150756 -2.34026947
30.316784709 -2.347607523
30.297974487 -2.353705342
30.278854207 -2.357632751
30.262731161 -2.358356221
30.250328816 -2.355565694
30.219116252 -2.340372823
30.207489054 -2.339235941
30.203923381 -2.345953878
30.203406617 -2.355358989
30.201339559 -2.362386983
30.156174357 -2.419024353
30.139121134 -2.430806579
30.116796916 -2.43153005
30.09385258 -2.422641703
30.072975301 -2.408792419
30.056542196 -2.394426371
30.025536336 -2.357736105
30.013340698 -2.348330994
30.001920207 -2.344300231
29.99230839 -2.343990173
29.983885131 -2.344816996
29.976133667 -2.343680115
29.958519715 -2.32853281
29.956781101 -2.327037671
29.949933716 -2.32114919
29.941923869 -2.316601664
29.931691935 -2.316911723
29.928798055 -2.322492777
29.928901408 -2.331794535
29.922390177 -2.382954203
29.929573202 -2.459848734
29.907920776 -2.535399679
29.903725678 -2.637946528
29.903269898 -2.649087829
29.897895548 -2.671101989
29.888387085 -2.692909444
29.876191447 -2.713580017
29.862858927 -2.731666769
29.84239506 -2.752440694
29.823584839 -2.763499451
29.803379354 -2.767323506
29.77852299 -2.766600037
29.756198771 -2.7598821
29.744726603 -2.759985453
29.737285197 -2.769287211
29.733977905 -2.790267842
29.729637085 -2.7995696
29.719921916 -2.805460714
29.697546021 -2.808251241
29.678684122 -2.805357361
29.637086889 -2.791628629
29.626387573 -2.788097432
29.619256225 -2.787684021
29.5894906 -2.798432719
29.582049194 -2.802980245
29.574091024 -2.80608083
29.563755737 -2.805667419
29.54184493 -2.808561299
29.523138061 -2.820446879
29.504121135 -2.826854757
29.48086674 -2.813728943
29.4446748 -2.806989289
29.425366251 -2.803393656
29.40743453 -2.805460714
29.364284709 -2.824167582
29.339686727 -2.826441345
29.330850057 -2.807424418
29.329661499 -2.794918721
29.320359741 -2.774144796
29.318085978 -2.762569275
29.321496623 -2.752130636
29.335345907 -2.735180766
29.337516316 -2.72381195
29.331418497 -2.711409607
29.309714396 -2.691049093
29.309480544 -2.690126858
29.30604537 -2.676579691
29.30733728 -2.664797465
29.30661381 -2.660146586
29.294418172 -2.651051534
29.276124716 -2.640612894
29.254989054 -2.635548604
29.212769409 -2.630277609
29.19044519 -2.623456319
29.129725383 -2.596997986
29.113447307 -2.59462087
29.055259643 -2.598444926
29.03257369 -2.620665792
29.015365438 -2.720711365
29.00012089 -2.703658142
28.979605347 -2.693529561
28.949736369 -2.690325622
28.936403849 -2.685054626
28.899093465 -2.660663351
28.891342 -2.65270518
28.898059937 -2.576327413
28.891342 -2.553073018
28.88105839 -2.542634379
28.869844605 -2.53726003
28.860956258 -2.531162211
28.857235555 -2.518346456
28.860852905 -2.505220642
28.878216187 -2.489717712
28.874702189 -2.477522074
28.864573608 -2.459435323
28.860852905 -2.439591573
28.858837524 -2.41819753
28.866330607 -2.391945902
28.880386596 -2.379853617
28.907258342 -2.370551859
28.92813562 -2.36445404
28.945447225 -2.354222107
28.959658244 -2.339752706
28.971233765 -2.321665955
28.978778524 -2.306783142
28.982189168 -2.296034444
28.983377726 -2.287352803
28.993661336 -2.277740987
29.002136271 -2.274743754
29.030920044 -2.275673929
29.075413452 -2.263891703
29.109829956 -2.2367099
29.134841349 -2.19774587
29.150550984 -2.150410258
29.156338745 -2.108655701
29.154271687 -2.072688904
29.127710001 -1.915695902
29.125539592 -1.879108989
29.130500529 -1.843348897
29.14931075 -1.799320576
29.186640035 -1.739618239
29.212252645 -1.698654887
29.233336629 -1.658657328
29.245428914 -1.640983988
29.293694702 -1.60098643
29.303823282 -1.587860616
29.331211792 -1.531429952
29.342787313 -1.516547139
29.358496948 -1.509932556
29.434926392 -1.50683197
29.437406861 -1.506211853
29.439628947 -1.504764913
29.441696004 -1.502594502
29.445065226 -1.497286824
29.464330282 -1.466937765
29.498746785 -1.43107432
29.538640991 -1.402342224
29.57791508 -1.388389588
29.618119344 -1.390559997
29.639099976 -1.389009704
29.657703491 -1.383945414
29.678322388 -1.372369893
29.693773641 -1.361207784
29.710516805 -1.352526143
29.734804728 -1.348185323
29.746690308 -1.350872497
29.767980997 -1.363791605
29.774905639 -1.366272074
29.783173869 -1.361414489
29.789168335 -1.341674093
29.798211711 -1.330925395
29.807461792 -1.325137634
29.816143432 -1.322553813
29.825024114 -1.323880811
29.825135132 -1.3238974
29.836090536 -1.329478455
29.864202514 -1.370302836
29.868646688 -1.391283467
29.871023804 -1.432417907
29.880738973 -1.453605245
29.897895548 -1.469624939
29.91742924 -1.475205994
29.938461548 -1.472932231
29.960424032 -1.464767354
30.028326863 -1.427146912
30.03866215 -1.424976501
30.047757202 -1.403169047
30.060779663 -1.389733175
30.065984343 -1.386944954
30.095506226 -1.371129659
30.136330607 -1.355213318
30.147182658 -1.345084737
30.152350301 -1.329891866
30.15844812 -1.291134542
30.165579468 -1.277491964
30.173434286 -1.272841085
30.181392456 -1.271497498
30.189350627 -1.27087738
30.196740356 -1.26870697
30.21219161 -1.259508565
30.256685018 -1.217237244
30.269759156 -1.20049408
30.280507853 -1.182407328
30.282419882 -1.175792745
30.284641968 -1.161426696
30.287535848 -1.15543223
30.290949658 -1.152620857
30.294563843 -1.14964447
30.311307007 -1.142099711
30.317404826 -1.13703542
30.322572469 -1.12184255
30.329032023 -1.080501403
30.337455282 -1.066238708
30.352751505 -1.060761007
30.369287964 -1.063241475
30.386341186 -1.068202413
30.403187703 -1.070372823
30.418897339 -1.066445414
30.432023153 -1.060554301
30.445614054 -1.058693949
30.460828623 -1.06342755
30.471785843 -1.066836592
