-6.88776608 61.622219143
-6.877023892 61.621730861
-6.865834114 61.622503973
-6.914173957 61.601385809
-6.914173957 61.595200914
-6.825672981 61.600165106
-6.799061653 61.583441473
-6.737456835 61.579046942
-6.715565559 61.567857164
-6.713205533 61.554429429
-6.724273241 61.546454169
-6.740630663 61.544867255
-6.753773567 61.550482489
-6.766102668 61.558010158
-6.782622851 61.561590887
-6.797718879 61.560614325
-6.805572069 61.554185289
-6.78620358 61.551703192
-6.77452552 61.543280341
-6.766428189 61.533596096
-6.757191536 61.526922919
-6.74722246 61.525946356
-6.725331184 61.528469143
-6.715565559 61.526922919
-6.705718554 61.521063544
-6.701649543 61.514715887
-6.704660611 61.509344794
-6.715565559 61.505804755
-6.715565559 61.498968817
-6.673980273 61.48847077
-6.677601692 61.479925848
-6.686594205 61.478420315
-6.698068814 61.479559637
-6.709380663 61.479152736
-6.743641731 61.469956773
-6.761097786 61.46889883
-6.783843554 61.472316799
-6.783843554 61.46482982
-6.772450325 61.463568427
-6.7626847 61.460028387
-6.75519772 61.453680731
-6.750355598 61.444322007
-6.738840299 61.455715236
-6.721180793 61.459377346
-6.681385871 61.457993882
-6.683827278 61.454291083
-6.688303189 61.444322007
-6.666249153 61.439846096
-6.651234504 61.425238348
-6.646351692 61.408148505
-6.654774543 61.395941473
-6.677601692 61.394110419
-6.699777799 61.404242255
-6.736683723 61.430731512
-6.827463345 61.471869208
-6.870472786 61.501532294
-6.865834114 61.526922919
-6.892241991 61.542425848
-6.92308509 61.566107489
-6.946034309 61.590725002
-6.948963996 61.608832098
-6.953521288 61.613674221
-6.962554491 61.628729559
-6.942128059 61.628729559
-6.944325325 61.632391669
-6.944691536 61.633368231
-6.948963996 61.636135158
-6.912220832 61.647894598
-6.894642707 61.649115302
-6.88003496 61.642320054
-6.900217252 61.631577867
-6.90733802 61.628729559
-6.897857226 61.624335028
-6.88776608 61.622219143
-6.841867642 61.898871161
-6.821685351 61.896877346
-6.789702929 61.899400132
-6.777658658 61.896877346
-6.768218554 61.891791083
-6.754058398 61.879828192
-6.742909309 61.876410223
-6.666859504 61.866034247
-6.654774543 61.858954169
-6.648182746 61.844794012
-6.619211392 61.830877997
-6.612538215 61.821112372
-6.626454231 61.810492255
-6.633168098 61.803697007
-6.6298722 61.800604559
-6.627674934 61.795314846
-6.6298722 61.766546942
-6.634632942 61.763332424
-6.64191647 61.756293036
-6.651031054 61.749253648
-6.660959439 61.74603913
-6.668039517 61.748846747
-6.733225064 61.813910223
-6.746652799 61.821112372
-6.838286913 61.829006252
-6.854359504 61.83222077
-6.867665168 61.839341539
-6.873280403 61.852118231
-6.877552864 61.869574286
-6.899077929 61.893866278
-6.90733802 61.909857489
-6.884266731 61.907863674
-6.841867642 61.898871161
-7.546254036 62.096991278
-7.558705207 62.096136786
-7.640695767 62.099839585
-7.644154426 62.107001044
-7.617258267 62.114447333
-7.588042773 62.115139065
-7.55972246 62.107733466
-7.546009895 62.10179271
-7.536732551 62.098781643
-7.546254036 62.096991278
-7.160145637 62.132554429
-7.144154426 62.116156317
-7.13390052 62.109116929
-7.109038866 62.104925848
-7.082630989 62.10569896
-7.057972786 62.103176174
-7.038319465 62.088609117
-7.050689257 62.075832424
-7.05980384 62.062892971
-7.071848111 62.052557684
-7.093006965 62.047674872
-7.110910611 62.049302476
-7.127268033 62.053045966
-7.143544075 62.054022528
-7.16120358 62.047674872
-7.153228319 62.044134833
-7.145008918 62.041693427
-7.136138476 62.040472723
-7.126454231 62.040228583
-7.18488522 62.026556708
-7.202137825 62.01972077
-7.193592903 62.030585028
-7.189116991 62.034002997
-7.196034309 62.047919012
-7.207427538 62.060207424
-7.221424934 62.066229559
-7.236317512 62.061346747
-7.228016731 62.058050848
-7.215687629 62.051174221
-7.206613736 62.042547919
-7.208404101 62.034002997
-7.218983528 62.032863674
-7.263579882 62.047674872
-7.325754361 62.053900458
-7.366200325 62.067450262
-7.380279101 62.068182684
-7.380279101 62.074937242
-7.284820116 62.074937242
-7.307118293 62.083197333
-7.332834439 62.089504299
-7.383697069 62.094875393
-7.410755989 62.10569896
-7.429554817 62.128485419
-7.431548632 62.148179429
-7.407622851 62.150091864
-7.3720597 62.13296133
-7.359852668 62.129584052
-7.352406379 62.12885163
-7.32917233 62.129584052
-7.32135983 62.131740627
-7.318837043 62.136419989
-7.318023241 62.141099351
-7.315174934 62.143255927
-7.303618944 62.145493882
-7.2861222 62.155259507
-7.21589108 62.163763739
-7.21589108 62.157538153
-7.222645637 62.157538153
-7.222645637 62.150091864
-7.183908658 62.137437242
-7.171131965 62.135809637
-7.160145637 62.132554429
-6.326079882 62.247137762
-6.341867642 62.244330145
-6.358509895 62.245835679
-6.370350715 62.255926825
-6.380726692 62.269110419
-6.384348111 62.280218817
-6.372466601 62.287990627
-6.355620898 62.291896877
-6.32144121 62.308091539
-6.291330533 62.307684637
-6.275786913 62.302720445
-6.276844856 62.296291408
-6.306141731 62.281805731
-6.299549934 62.271551825
-6.299427864 62.262274481
-6.304107226 62.256008205
-6.313140429 62.250799872
-6.326079882 62.247137762
-7.190256314 62.309800523
-7.185617642 62.30882396
-7.18081621 62.309149481
-7.174956835 62.307766018
-7.1064347 62.300034898
-7.072621223 62.290269273
-7.058216926 62.276678778
-7.045480924 62.252386786
-6.99722246 62.20718008
-6.99738522 62.184230861
-6.963775194 62.178900458
-6.906605598 62.155462958
-6.856068489 62.147894598
-6.847320116 62.142035223
-6.846343554 62.133368231
-6.85269121 62.122748114
-6.862212694 62.115423895
-6.875477668 62.108954169
-6.889312304 62.104315497
-6.900502082 62.102280992
-6.812977668 62.104234117
-6.79808509 62.091742255
-6.784087694 62.076727606
-6.779367642 62.066107489
-6.787587043 62.061346747
-6.845936653 62.061346747
-6.845936653 62.053900458
-6.810536262 62.046332098
-6.742909309 62.04710521
-6.715565559 62.034002997
-6.726144986 62.021714585
-6.734038866 62.005357164
-6.731922981 61.991115627
-6.698841926 61.982082424
-6.700754361 61.973700262
-6.705881314 61.960760809
-6.701893684 61.944037177
-6.734486457 61.938218492
-6.765004036 61.953680731
-6.793853319 61.974514065
-6.856922981 61.994777736
-6.910145637 62.037909247
-6.945546028 62.047674872
-6.959828254 62.049994208
-6.969146288 62.056952216
-6.974110481 62.068589585
-6.975697395 62.084906317
-6.982167121 62.094061591
-6.997670051 62.103745835
-7.016021288 62.111883856
-7.030873176 62.116603908
-7.109445767 62.122748114
-7.126942512 62.127142645
-7.137115038 62.13666413
-7.136138476 62.146144924
-7.120228645 62.150091864
-7.128814257 62.162054755
-7.142486132 62.160793361
-7.158558723 62.154120184
-7.174956835 62.150091864
-7.185617642 62.1524112
-7.213693814 62.164740302
-7.222645637 62.170599677
-7.232085741 62.176418361
-7.235218879 62.180161851
-7.236317512 62.18764883
-7.233957486 62.198391018
-7.228260871 62.201117255
-7.221587694 62.201402085
-7.21589108 62.204738674
-7.210357226 62.218451239
-7.209462043 62.228705145
-7.205067512 62.235663153
-7.189116991 62.239447333
-7.20815996 62.254217841
-7.20811927 62.275213934
-7.195423957 62.314601955
-7.190256314 62.309800523
-6.887521939 62.321437893
-6.883208788 62.311224677
-6.900705533 62.304144598
-6.923410611 62.297919012
-6.93464108 62.290350653
-6.934234179 62.27358633
-6.931304491 62.260077216
-6.923207161 62.249009507
-6.90733802 62.239447333
-6.917388476 62.269924221
-6.912953254 62.281805731
-6.838490364 62.294175523
-6.813832161 62.293402411
-6.79808509 62.280462958
-6.80597897 62.279486395
-6.824777799 62.273016669
-6.746652799 62.266791083
-6.737131314 62.262111721
-6.745432095 62.252020575
-6.763498502 62.24241771
-6.783843554 62.239447333
-6.783843554 62.232001044
-6.772287564 62.230169989
-6.753325976 62.221096096
-6.742909309 62.218410549
-6.734730598 62.219183661
-6.715728319 62.224554755
-6.705637174 62.225816148
-6.650949674 62.216253973
-6.608631965 62.202378648
-6.605539517 62.195990302
-6.618763801 62.192287502
-6.643950976 62.191066799
-6.703968879 62.195135809
-6.722401496 62.191066799
-6.722401496 62.184230861
-6.600087043 62.153387762
-6.564116991 62.135809637
-6.616200325 62.139146226
-6.667795377 62.150091864
-6.667795377 62.143255927
-6.64582272 62.141017971
-6.625477668 62.133449611
-6.592030403 62.116603908
-6.592030403 62.109116929
-6.610096809 62.110419012
-6.630686002 62.109076239
-6.649159309 62.104193427
-6.660959439 62.094875393
-6.656605598 62.092962958
-6.652251757 62.09003327
-6.647328254 62.088609117
-6.647328254 62.081244208
-6.655751106 62.077053127
-6.659535286 62.072943427
-6.659087694 62.068060614
-6.654774543 62.061346747
-6.691395637 62.073391018
-6.701242642 62.094183661
-6.701527473 62.119126695
-6.709380663 62.143255927
-6.726796028 62.161281643
-6.753570116 62.181708075
-6.783843554 62.194810289
-6.811838345 62.191066799
-6.788400845 62.178045966
-6.758656379 62.165594794
-6.733021614 62.148830471
-6.722401496 62.122748114
-6.740305142 62.101141669
-6.780873176 62.116685289
-6.859608528 62.163763739
-6.900257942 62.162543036
-6.910755989 62.167181708
-6.916981575 62.171576239
-6.937977668 62.182114976
-6.945546028 62.184230861
-6.957508918 62.189601955
-7.020334439 62.239691473
-7.055083788 62.290350653
-7.06358802 62.296372789
-7.075021939 62.301947333
-7.084055142 62.307766018
-7.085560676 62.314601955
-7.077137825 62.321600653
-7.066639778 62.32050202
-7.055246549 62.31639232
-7.044585741 62.314601955
-7.022857226 62.318996486
-6.986439582 62.33226146
-6.940663215 62.336981512
-6.928456184 62.335028387
-6.918120898 62.331040757
-6.909331835 62.326239325
-6.899973111 62.322414455
-6.887521939 62.321437893
-6.386586067 62.259955145
-6.405262825 62.244614976
-6.436512825 62.24237702
-6.468576627 62.248928127
-6.489654101 62.259955145
-6.496490038 62.252508856
-6.459339973 62.228094794
-6.439849413 62.220119533
-6.420765754 62.225816148
-6.417795377 62.208319403
-6.414296028 62.202582098
-6.407093879 62.197821356
-6.407093879 62.191066799
-6.423817512 62.185492255
-6.444162564 62.183091539
-6.463856575 62.185532945
-6.479074674 62.194484768
-6.506459114 62.221747137
-6.522124804 62.229559637
-6.537464973 62.225816148
-6.516021288 62.191799221
-6.506988085 62.181097723
-6.503163215 62.174058335
-6.509917773 62.173814195
-6.519398567 62.176418361
-6.529367642 62.180609442
-6.532093879 62.183905341
-6.534087694 62.18756745
-6.537464973 62.191066799
-6.57127845 62.213324286
-6.582753059 62.228583075
-6.578358528 62.245672919
-6.57135983 62.251776434
-6.56749427 62.251125393
-6.564808723 62.247707424
-6.561024543 62.245672919
-6.553089973 62.247015692
-6.551503059 62.250881252
-6.551421679 62.256496486
-6.54796302 62.263373114
-6.546009895 62.271958726
-6.548898892 62.299505927
-6.551096158 62.307766018
-6.563303189 62.32831452
-6.571685351 62.346747137
-6.566517707 62.361273505
-6.537464973 62.369818427
-6.544911262 62.362372137
-6.51691647 62.323065497
-6.482736783 62.295111395
-6.440174934 62.275132554
-6.386586067 62.259955145
-6.579701301 62.266791083
-6.594471809 62.261175848
-6.616200325 62.266302802
-6.636382616 62.280096747
-6.646311002 62.289618231
-6.673329231 62.321030992
-6.684315559 62.344061591
-6.68081621 62.366115627
-6.664296028 62.374212958
-6.648060676 62.366522528
-6.639271614 62.351996161
-6.596262174 62.30475495
-6.585275845 62.289862372
-6.580718554 62.281561591
-6.579701301 62.266791083
-6.643299934 62.23851146
-6.658599413 62.236476955
-6.676665819 62.241400458
-6.691029426 62.252264716
-6.698963996 62.268459377
-6.708973762 62.283270575
-6.71605384 62.289618231
-6.735829231 62.304144598
-6.762277799 62.327704169
-6.769439257 62.33600495
-6.787220832 62.361273505
-6.789051887 62.375311591
-6.779123502 62.379584052
-6.765288866 62.373724677
-6.751942512 62.362127997
-6.724354621 62.328843492
-6.654693163 62.264064846
-6.648182746 62.259833075
-6.639149543 62.249009507
-6.643299934 62.23851146
-6.454823371 62.32420482
-6.449126757 62.317816473
-6.43846595 62.319077867
-6.427479621 62.325873114
-6.415516731 62.326239325
-6.409169075 62.324042059
-6.401519335 62.320013739
-6.394602017 62.309881903
-6.39940345 62.301092841
-6.405913866 62.294256903
-6.423695442 62.290350653
-6.455718554 62.295965887
-6.48546302 62.310003973
-6.509266731 62.329779364
-6.524077929 62.346502997
-6.533436653 62.371893622
-6.546294726 62.378119208
-6.55589759 62.390936591
-6.542551236 62.398911851
-6.519032356 62.395331122
-6.504628059 62.387600002
-6.494740364 62.37494538
-6.487049934 62.360337632
-6.474761523 62.349351304
-6.460438606 62.33982982
-6.454701301 62.331040757
-6.454823371 62.32420482
