36.391194296 34.622487284
36.415998983 34.622900697
36.440183553 34.62936025
36.436256144 34.597837626
36.429124796 34.593186747
36.418479451 34.600318095
36.403699992 34.603832092
36.388920532 34.596235657
36.386853475 34.584246724
36.388093709 34.569518942
36.383546183 34.553809306
36.364012492 34.541096904
36.336623982 34.52884959
36.319880818 34.514121806
36.329851247 34.498603316
36.332696574 34.494174703
36.335383748 34.493477071
36.338174276 34.493296204
36.340964803 34.493477071
36.343651977 34.494174703
36.363082316 34.499032288
36.392331177 34.500143331
36.419719686 34.498334656
36.433465617 34.494329733
36.433465617 34.494174703
36.439873494 34.477457377
36.449795369 34.464538269
36.463231242 34.455236512
36.480181111 34.449138693
36.494650512 34.43425588
36.501885213 34.430302633
36.509223267 34.432421367
36.525139608 34.422938741
36.530617309 34.414179586
36.529790487 34.403094991
36.52627649 34.386687724
36.523589314 34.37978892
36.519971964 34.375060527
36.516768026 34.369867045
36.515941203 34.361650493
36.518628377 34.353640645
36.523589314 34.345889181
36.545190063 34.320722759
36.555835408 34.311085104
36.562966756 34.308501282
36.570304809 34.30896637
36.57681604 34.307674459
36.581983683 34.299897156
36.579916626 34.286900533
36.570304809 34.275867615
36.562760051 34.262948507
36.567514282 34.244138285
36.574025512 34.229746399
36.598210083 34.209850972
36.603553891 34.200100866
36.604101196 34.199102275
36.575885864 34.173264059
36.552734823 34.140992127
36.507983032 34.109185283
36.488449341 34.088643901
36.48266158 34.074510397
36.480697876 34.062754008
36.475220174 34.053503927
36.458890422 34.046708476
36.44514449 34.046140036
36.423647095 34.052806295
36.412174927 34.053633118
36.391090943 34.044718933
36.35781132 34.009553121
36.318020467 33.980510966
36.302310832 33.964387919
36.288564901 33.946507874
36.267170858 33.910386048
36.268927856 33.906768698
36.275335734 33.897208557
36.281640259 33.891110738
36.311095825 33.871990458
36.350369914 33.866409404
36.367629842 33.857546896
36.369593547 33.837005514
36.357501262 33.823776347
36.338277629 33.821192526
36.300553833 33.828685608
36.249187459 33.849743754
36.231824178 33.852534281
36.216631307 33.847754212
36.20267867 33.838297424
36.186555623 33.830210063
36.165678345 33.829796652
36.157616821 33.834059957
36.144904419 33.847418315
36.138289836 33.850622253
36.102426391 33.832277121
36.085063111 33.82605011
36.066459594 33.821993511
36.050439901 33.816438294
36.040518026 33.805612081
36.027082154 33.784295553
35.994009236 33.760705262
35.980263306 33.743548686
35.974165487 33.732154032
35.95587203 33.718123881
35.948430623 33.709209696
35.946983683 33.700838114
35.949877564 33.682699687
35.947190389 33.673087871
35.942436157 33.669212138
35.929413697 33.665078024
35.925382934 33.661667379
35.921558878 33.640299174
35.934788045 33.633400371
35.956905558 33.62993805
35.980263306 33.619008484
35.994526001 33.615701192
36.012922811 33.608027242
36.029665975 33.597640279
36.038450968 33.586348979
36.035247029 33.56779714
36.019847453 33.552630106
35.999280233 33.541261292
35.980263306 33.533949077
35.956802205 33.534207458
35.933237752 33.52782542
35.921868937 33.514570414
35.935408163 33.494261577
35.919491821 33.46235138
35.888485962 33.440414734
35.870089152 33.431242167
35.845116087 33.418742463
35.821099894 33.4067217
35.805700317 33.391347962
35.785753215 33.357887472
35.769423462 33.342642924
35.757537882 33.336312561
35.743688599 33.331170757
35.729425903 33.327811788
35.716196737 33.326726583
35.698523397 33.322669983
35.660489543 33.289261169
35.64054244 33.275851136
35.624716109 33.272924349
35.610363403 33.270270081
35.601475057 33.262725322
35.604575643 33.24435435
35.604575643 33.244302674
35.604575643 33.244250997
35.603892448 33.240322623
35.603852173 33.240091044
35.598064413 33.244250997
35.597857707 33.244380188
35.597754354 33.24435435
35.585041951 33.252209168
35.5669552 33.276187032
35.56116744 33.282129822
35.549488566 33.281018779
35.54277063 33.271536153
35.536879516 33.257867737
35.527784465 33.244250997
35.520033 33.222185161
35.517655884 33.172885844
35.512281535 33.147409363
35.503703247 33.130614523
35.485099731 33.102605896
35.480138794 33.087387187
35.449442993 33.085216777
35.401590617 33.06793101
35.345159953 33.055580342
35.331930786 33.057156474
35.322629028 33.067362569
35.315704387 33.07922231
35.305782511 33.08937673
35.294620402 33.096973165
35.288824698 33.09920123
35.283664998 33.101184794
35.27146936 33.101184794
35.234469035 33.090927023
35.227337687 33.091366272
35.213178345 33.09444102
35.207183879 33.094802755
35.200672648 33.092735698
35.189613891 33.085526836
35.185273072 33.083976542
35.105235222 33.089016018
35.105235222 33.090643622
35.106455925 33.095038153
35.101898634 33.094468492
35.10043379 33.095689195
35.10043379 33.098211981
35.099619988 33.101263739
35.105804884 33.112453518
35.114756707 33.123724677
35.125498894 33.132513739
35.147634311 33.140326239
35.154795769 33.150295315
35.160980665 33.161688544
35.167816602 33.170152085
35.161794467 33.176947333
35.167816602 33.177883205
35.171071811 33.176581122
35.17465254 33.170152085
35.204763217 33.224798895
35.209157748 33.254624742
35.188324415 33.280015367
35.20972741 33.293402411
35.224782748 33.311997789
35.243662957 33.35569896
35.246104363 33.368882554
35.246755405 33.395819403
35.250498894 33.409735419
35.268728061 33.432603257
35.275075717 33.444973049
35.271006707 33.457505601
35.32300866 33.490912177
35.349131707 33.513861395
35.360362175 33.543443101
35.362478061 33.556341864
35.400645379 33.643133856
35.394379102 33.649969794
35.409922722 33.661281643
35.421641472 33.702337958
35.438487175 33.711371161
35.437836134 33.723374742
35.477305535 33.803900458
35.481293165 33.823675848
35.483002149 33.865179755
35.48324629 33.872463283
35.479991082 33.884263414
35.473806186 33.893866278
35.470469597 33.902085679
35.475840691 33.909979559
35.486582879 33.912990627
35.499766472 33.911200262
35.511241082 33.907049872
35.517344597 33.90253327
35.524180535 33.90253327
35.53386478 33.907049872
35.548106316 33.90619538
35.55746504 33.905666408
35.572032097 33.909979559
35.578379754 33.916693427
35.587901238 33.936590887
35.593109571 33.944769598
35.593435092 33.948919989
35.591970248 33.950425523
35.585703972 33.950913804
35.594248894 33.959295966
35.606293165 33.983221747
35.613536004 33.993150132
35.6201278 33.995103257
35.636729363 33.995306708
35.640879754 33.999416408
35.640391472 34.008530992
35.6357528 34.013251044
35.630381707 34.016099351
35.627207879 34.019842841
35.626963738 34.044256903
35.64332116 34.088080145
35.647715691 34.119126695
35.644541863 34.130845445
35.630381707 34.152818101
35.627207879 34.166937567
35.627207879 34.201117255
35.630381707 34.208441473
35.644541863 34.216986395
35.647715691 34.222154039
35.648285352 34.253607489
35.653005405 34.284857489
35.665212436 34.311346747
35.688731316 34.32831452
35.70582116 34.31659577
35.722178582 34.337469794
35.7373153 34.369208075
35.750743035 34.389797268
35.806162957 34.414984442
35.823578321 34.434515692
35.805430535 34.458685614
35.805430535 34.4649112
35.823985222 34.46084219
35.903330925 34.477972723
35.956797722 34.520086981
35.972911004 34.529771226
35.98316491 34.538641669
35.988780144 34.552720445
35.989593946 34.599676825
35.986827019 34.620794989
35.980642123 34.638495184
35.969899936 34.649847723
35.9698996554 34.6498489555
35.982640422 34.650237529
35.991425415 34.648222148
35.998763468 34.645379944
36.016230103 34.633649394
36.037934204 34.628430075
36.060775188 34.62791331
36.087233521 34.631013896
36.112139913 34.629532266
36.155859822 34.626931458
36.160200643 34.628068339
36.172189575 34.634062806
36.178287394 34.63530304
36.183351684 34.633494365
36.195133911 34.626207988
36.20123173 34.624450989
36.261589803 34.627241516
36.271511678 34.630962219
36.280710083 34.639127096
36.284430786 34.648325501
36.284844197 34.667910868
36.288151489 34.675558981
36.308925415 34.687547913
36.323808228 34.679486389
36.34737268 34.64413971
36.367526489 34.629205221
36.391194296 34.622487284
