71.757304321 39.903095194
71.741801391 39.900769755
71.716169881 39.906764221
71.696842896 39.913843892
71.6753455 39.925781149
71.665526978 39.940198873
71.681753378 39.955081686
71.706868123 39.956115214
71.724128052 39.962678121
71.760611613 39.983710429
71.785519654 39.989704895
71.789757121 39.979317932
71.767122843 39.915445862
71.757304321 39.903095194
71.169381551 40.042828267
71.17692631 40.042001445
71.181887248 40.043396708
71.192946005 40.050269674
71.198217 40.052595113
71.223745158 40.057866109
71.236354208 40.056057434
71.244002319 40.046755677
71.237284383 40.031097717
71.1909823 40.006241354
71.174704224 39.993994039
71.177029663 39.968155823
71.221057984 39.931723938
71.219094279 39.900924785
71.208448934 39.888780823
71.19459965 39.884801738
71.161009969 39.884233297
71.113674357 39.874466452
71.098894898 39.87549998
71.087216024 39.883819886
71.084787231 39.894826966
71.079981323 39.903405254
71.060964396 39.904128723
71.049802287 39.897979228
71.036056356 39.887540589
71.021897014 39.880822652
71.009287964 39.885731913
71.007634318 39.911156718
71.050370728 39.962884827
71.045823201 39.992030335
71.034299357 39.999110006
71.007634318 40.003502503
70.994508504 40.008876852
70.98313969 40.021382548
70.958438354 40.063085429
70.952960653 40.079208476
70.954045858 40.095796611
70.959885294 40.113418274
70.977145223 40.144579163
71.008564494 40.157756653
71.031198772 40.146904603
71.047941935 40.122513326
71.061739542 40.095176493
71.078844442 40.078640036
71.105974569 40.064945781
71.162043498 40.046910706
71.165454142 40.044636943
71.169381551 40.042828267
62.005961548 43.486984965
62.026115357 43.480628765
62.028320516 43.480922383
62.110916382 43.491920065
62.146056356 43.496674297
62.181403035 43.501428529
62.216749716 43.506156922
62.251889689 43.510859477
62.308423706 43.518404236
62.36485437 43.526000671
62.421285034 43.533597107
62.477715698 43.541116029
62.568976278 43.551890564
62.660236857 43.562716776
62.751497437 43.573491313
62.842861369 43.584291688
62.934121949 43.595066223
63.025382528 43.60584076
63.116643107 43.616615296
63.20800704 43.627467347
63.360349162 43.617416281
63.512691284 43.607261861
63.66513676 43.59728831
63.817375529 43.587237244
63.955920044 43.578064678
64.094671265 43.568917949
64.233164103 43.559719544
64.371656942 43.550598654
64.426744018 43.547032979
64.444210653 43.550676168
64.461573934 43.554319357
64.562136272 43.594807842
64.658357788 43.633591003
64.757628214 43.6736144
64.85503829 43.712914328
64.873073364 43.717823588
64.891005086 43.722784525
64.907024781 43.72097585
64.922941122 43.719115499
64.939580933 43.708289287
64.956530803 43.697359721
65.064224487 43.59555715
65.171918172 43.493677063
65.221734253 43.455281474
65.271446981 43.417015076
65.374489787 43.369912008
65.477377563 43.32280894
65.497169637 43.310019023
65.516910034 43.297229106
65.601866089 43.169019877
65.656126343 43.087216085
65.73105717 42.974225566
65.795239298 42.877203065
65.804024292 42.876479594
65.81260258 42.875756124
65.956934855 42.933013611
66.101267131 42.990322775
66.079718059 42.741940003
66.058168986 42.493608907
66.055688517 42.467253927
66.053208048 42.440873109
66.048143758 42.432268983
66.043182821 42.423664856
66.031400594 42.420254212
66.019618367 42.416843567
66.016724487 42.409944763
66.013727254 42.403020121
66.013159364 42.372869946
66.010058228 42.20822581
66.006492553 42.013431499
66.007526082 42.008057149
66.008662964 42.002656962
66.012900432 42.000073141
66.017241251 41.99761851
66.137647339 41.997230937
66.247356405 41.996920878
66.356600382 41.996636658
66.477368205 41.996223247
66.481192261 41.996636658
66.484809611 41.997024231
66.488633667 41.99689504
66.492406047 41.996791687
66.495765015 41.996171571
66.499175659 41.99560313
66.501656128 41.994517924
66.504136597 41.993484395
66.521448202 41.86710968
66.538863159 41.740760804
66.570695841 41.617305807
66.602631877 41.493799134
66.645523315 41.346469625
66.688208049 41.199191793
66.710738974 41.178624573
66.732959839 41.158057353
66.757890444 41.153140136
66.774094279 41.149944153
66.815280396 41.14188263
66.931397339 41.147153626
67.028962443 41.151494446
67.174793335 41.158109029
67.281711874 41.162966614
67.409300985 41.168702698
67.490536336 41.172423402
67.620244182 41.178366191
67.748143351 41.184102275
67.759563843 41.181673483
67.770932658 41.179296367
67.792016642 41.170976461
67.812997274 41.162708232
67.823952678 41.159762676
67.834908081 41.156868795
67.844519898 41.157902324
67.854131714 41.158987528
67.883070516 41.173456929
67.912009318 41.187978007
67.924670044 41.194179179
67.937434123 41.200380351
67.943531942 41.186117655
67.949474731 41.171906637
67.950766642 41.171234843
67.951903524 41.17056305
67.955417522 41.164981995
67.958931519 41.159452616
67.980945679 41.137490133
68.003063192 41.115631002
68.008127482 41.106742656
68.013191773 41.097854309
68.017119182 41.078527323
68.021149943 41.059148662
68.027661174 41.050932109
68.03437911 41.042715556
68.0403219 41.046436259
68.046368042 41.050208639
68.05277592 41.052534078
68.059080445 41.054756165
68.065178264 41.054084371
68.071379435 41.053309224
68.076857137 41.047986552
68.082128133 41.042715556
68.089052776 41.053929342
68.095977417 41.065143128
68.106622762 41.065918274
68.11737146 41.066745097
68.119335165 41.056099752
68.121195516 41.045506083
68.121298869 41.044369202
68.121453898 41.043283997
68.120161987 41.038684795
68.118921753 41.034033916
68.123675985 41.032845357
68.128481893 41.0316568
68.12998051 41.030623271
68.131324097 41.029641419
68.119851929 41.023233541
68.108224732 41.016825663
68.104038941 41.015223694
68.09969812 41.013621724
68.103780558 41.011916403
68.107862996 41.010262757
68.110343465 41.007885641
68.112668905 41.005508525
68.116751343 40.999669088
68.120885457 40.993829652
68.120782105 40.979515279
68.120575399 40.965304261
68.115717815 40.94850942
68.110756877 40.931662903
68.10331547 40.915333151
68.095977417 40.898951722
68.088225952 40.885929261
68.080577841 40.872958476
68.075151815 40.866395569
68.069519083 40.859832662
68.062129354 40.853528138
68.054739624 40.847223612
68.046523072 40.842262675
68.038203165 40.837198385
68.020633179 40.831152243
68.003063192 40.825157777
67.998619019 40.82205719
67.994071493 40.818956605
67.9925212 40.815029195
67.990919231 40.811101787
67.994226522 40.809344788
67.997482137 40.807536113
68.017325887 40.804280497
68.037066284 40.801076559
68.052259155 40.794513652
68.067503703 40.788002421
68.113237346 40.753534241
68.158919312 40.719117737
68.19240564 40.699015605
68.226098673 40.678861797
68.266496578 40.662702635
68.343920939 40.63173289
68.461743205 40.58465566
68.463396851 40.587187806
68.465050496 40.58971995
68.471148315 40.594474182
68.477349488 40.599228414
68.484894247 40.598918356
68.492439006 40.598608297
68.496314738 40.602122295
68.499880412 40.605636292
68.50267094 40.609977112
68.505461467 40.614317933
68.510112346 40.616746724
68.514814901 40.61912384
68.520550984 40.618348694
68.526338745 40.617573548
68.546337524 40.610028789
68.566232951 40.602484029
68.579668823 40.600933736
68.593001343 40.599486796
68.603543335 40.604292704
68.614240357 40.609098613
68.617392619 40.61566152
68.620389852 40.622224427
68.610674683 40.626100159
68.601114543 40.630027568
68.613258504 40.645168763
68.625454142 40.66041331
68.626384318 40.663772278
68.627417847 40.667131247
68.623128703 40.672712301
68.618839559 40.678241679
68.615428914 40.684442851
68.612121623 40.690540671
68.610364624 40.696948548
68.608504272 40.703356425
68.609021037 40.709609274
68.609434448 40.715810445
68.596928752 40.718084209
68.584216349 40.720357972
68.579358765 40.722425028
68.574604533 40.724492086
68.570470419 40.728471171
68.566336303 40.732501933
68.563029012 40.741803691
68.559773397 40.751312155
68.55465743 40.793170065
68.549696493 40.835027974
68.551453491 40.842727763
68.553417196 40.850427551
68.556156046 40.85290802
68.55899825 40.855491842
68.562098836 40.857352194
68.565406128 40.859160869
68.568713419 40.864845277
68.571865682 40.870478008
68.572537476 40.875283915
68.573157593 40.8801415
68.571814006 40.891355286
68.570573771 40.902517395
68.570677124 40.907995097
68.57088383 40.913524475
68.573002563 40.912542624
68.575328003 40.911612448
68.579978882 40.910217184
68.584733114 40.90882192
68.586903523 40.907685039
68.589177287 40.906599833
68.594654989 40.91838206
68.60013269 40.930060934
68.613981974 40.937295635
68.627934611 40.944530335
68.649524451 40.951690602
68.658630412 40.954710592
68.689377889 40.964942525
68.699558146 40.974399312
68.709531698 40.983752747
68.727876831 41.023801982
68.746273641 41.063799541
68.759864542 41.075530091
68.773765503 41.087260641
68.808182007 41.098681132
68.842443482 41.110101624
68.854897502 41.1263797
68.867351522 41.142554423
68.873656047 41.149065654
68.880218954 41.155525208
68.890502564 41.158109029
68.90083785 41.160641175
68.922231893 41.162759908
68.943780965 41.164878642
68.961712687 41.171596578
68.979747762 41.178211161
68.997007691 41.187099508
69.014060913 41.196039531
69.022587524 41.202395731
69.031217489 41.208751933
69.035144897 41.214488018
69.03917566 41.220275777
69.046927124 41.267869771
69.054781941 41.31541209
69.05436853 41.323628642
69.053955119 41.331896871
69.052508179 41.337787985
69.051164591 41.343627421
69.049717651 41.345436096
69.048322388 41.347244772
69.045996948 41.348536683
69.04351648 41.34988027
69.0388656 41.354324442
69.034266398 41.35871694
69.032974487 41.362851054
69.031579224 41.366985168
69.033904663 41.370499166
69.036178426 41.374013163
69.04031254 41.376648662
69.044446655 41.379180807
69.067546021 41.387759095
69.090645386 41.396285706
69.100050497 41.398507793
69.109455607 41.400678202
69.118809041 41.397939352
69.128059123 41.395148824
69.133123413 41.405535787
69.138187704 41.415922751
69.150383342 41.424966126
69.162682333 41.434061178
69.189864136 41.447083639
69.217149292 41.460054423
69.225314169 41.46139801
69.233324015 41.462638245
69.248155152 41.458555806
69.262934611 41.454576722
69.270272664 41.455351868
69.277559042 41.45617869
69.296834351 41.465480449
69.316161336 41.474833883
69.323551066 41.476384176
69.331147502 41.477934469
69.360809774 41.473800355
69.390678752 41.469717916
69.396466512 41.472353414
69.402357626 41.474833883
69.401737508 41.480001526
69.401117391 41.485169169
69.392745809 41.496744691
69.38447758 41.508216858
69.382720581 41.513487854
69.380808553 41.518810526
69.38737146 41.531884664
69.393779338 41.544958802
69.407111858 41.552245179
69.420341024 41.559531555
69.448814738 41.566352845
69.477288452 41.573122457
69.528189738 41.603198141
69.578987671 41.633377177
69.593198689 41.645831198
69.607564738 41.658285218
69.615987997 41.663271993
69.624566284 41.668310446
69.692004028 41.682392273
69.759441773 41.696448263
69.815148967 41.698050232
69.87085616 41.699574687
69.89173344 41.706215109
69.912404012 41.71285553
69.92764856 41.726317241
69.942893107 41.739727275
69.949714397 41.747452902
69.956535685 41.755178528
69.96428715 41.759906922
69.972038615 41.764583639
69.999995565 41.772335104
70.027952515 41.779983216
70.06944869 41.802927552
70.111099894 41.82597524
70.123657267 41.837059835
70.136369669 41.848092753
70.170372762 41.891991883
70.204169149 41.935813497
70.21140385 41.941394552
70.218586873 41.94692393
70.227113485 41.950644633
70.235795126 41.954287822
70.244890177 41.956716614
70.253881877 41.959119568
70.262150106 41.962323507
70.270314983 41.965553284
70.276671183 41.970875956
70.282975709 41.976250306
70.286748088 41.984983623
70.290262085 41.993768616
70.302664429 42.014129131
70.315066773 42.034592998
70.336357462 42.048416443
70.357906535 42.062239889
70.406740764 42.078001201
70.455419963 42.093736674
70.462758016 42.092651469
70.470199422 42.09161794
70.479397827 42.08670868
70.488492879 42.081876933
70.496502727 42.075133159
70.504460897 42.068466899
70.508233277 42.061981506
70.511850627 42.055418599
70.515364624 42.046039327
70.518878622 42.036685893
70.526630086 42.030820618
70.534226522 42.024981181
70.54482019 42.021854757
70.55525883 42.018702494
70.567092733 42.017513937
70.579029989 42.016247864
70.594532918 42.021854757
70.610242553 42.027409973
70.620836223 42.042163595
70.631481568 42.05686554
70.640731649 42.075133159
70.649826701 42.093400777
70.661453898 42.109678853
70.673184449 42.125982768
70.687240438 42.138462627
70.701141398 42.150942485
70.706412395 42.157634583
70.71183842 42.164326681
70.715869181 42.173654276
70.719899943 42.182904359
70.727134643 42.190139059
70.734265991 42.197296244
70.746254923 42.19765798
70.758140503 42.198019715
70.781394897 42.193213806
70.80454594 42.188433737
70.823459513 42.190500793
70.842373088 42.192542013
70.861183309 42.199699199
70.87999353 42.206933899
70.91389327 42.227552796
70.947793009 42.248145854
70.969600464 42.263467916
71.014042195 42.287704163
71.045771526 42.290959778
71.077604207 42.281167094
71.217854044 42.206365458
71.249868228 42.198385315
71.253200725 42.197554627
71.238214559 42.160244243
71.201007527 42.140788066
71.118428589 42.12290802
70.977145223 42.044230652
70.935907431 42.036866761
70.886711467 42.038494568
70.845473674 42.03035553
70.828058716 41.993742778
70.82511316 41.936330262
70.814002726 41.919535421
70.779327841 41.909665223
70.679695679 41.901112773
70.648948202 41.88739268
70.550091187 41.824063212
70.506476277 41.785590108
70.477227417 41.738435365
70.453662964 41.712080384
70.423483928 41.696913351
70.390824422 41.68505361
70.331189819 41.649629415
70.169287557 41.578341777
70.148255249 41.552451884
70.166548706 41.52020579
70.203445679 41.505633037
70.344418986 41.493799134
70.344522339 41.493695781
70.344729045 41.493644104
70.34493575 41.493489075
70.382246134 41.476435852
70.398989298 41.464963685
70.413613729 41.450700989
70.438056682 41.416077779
70.453197876 41.405484111
70.470781709 41.404879076
70.477227417 41.404657288
70.511333862 41.41447581
70.633807007 41.467495829
70.667810099 41.471371562
70.686723674 41.462483216
70.703570191 41.445481669
70.759690796 41.372514547
70.769199259 41.352102356
70.771059611 41.331018372
70.756280152 41.269626771
70.75803715 41.252160136
70.770439494 41.238517558
70.786562541 41.240429586
70.80599288 41.247457581
70.828523803 41.249111227
70.847747436 41.243065084
70.865730835 41.233194886
70.882163941 41.220482483
70.895961548 41.206116435
70.914203329 41.193042297
70.934150431 41.191440328
70.977145223 41.196349589
71.024687541 41.189786682
71.04701176 41.182035218
71.06757898 41.169736226
71.085769084 41.162036439
71.123079468 41.158212382
71.139099162 41.14839386
71.164420614 41.116199443
71.180130249 41.108137919
71.189948771 41.127464905
71.187881714 41.148445537
71.183024129 41.166377259
71.185711304 41.180226543
71.206381877 41.188753154
71.230153036 41.187254537
71.241521851 41.175162252
71.253820841 41.137490133
71.263380982 41.12348582
71.276145061 41.113150533
71.28947758 41.113874004
71.300226278 41.13304596
71.325237671 41.157333883
71.393657267 41.112737122
71.416084839 41.127361552
71.421459188 41.162088115
71.412570842 41.334687398
71.418772014 41.347399801
71.432466268 41.34481598
71.480628703 41.310761211
71.523830201 41.296653545
71.557936646 41.301717835
71.585531861 41.323525289
71.618811483 41.377785543
71.633074178 41.411323547
71.637414999 41.431270651
71.633694296 41.449615784
71.605582316 41.476849264
71.595557088 41.493489075
71.595557088 41.493695781
71.595453736 41.493747457
71.595453736 41.493799134
71.615297485 41.532143046
71.62738977 41.543201803
71.649507284 41.549919739
71.671418091 41.547387594
71.684130494 41.534055075
71.689401489 41.514624735
71.689504842 41.493799134
71.671108033 41.437626852
71.671934855 41.42548289
71.681443319 41.422847392
71.687334432 41.431012268
71.691468547 41.441915996
71.696119425 41.447445374
71.706868123 41.444086405
71.712242473 41.428015036
71.721647583 41.42475942
71.729709106 41.430082092
71.730432577 41.451166077
71.736840454 41.455403544
71.745212036 41.452819723
71.753170207 41.447290344
71.847014608 41.341818746
71.863034302 41.31220815
71.868822063 41.279238587
71.866341594 41.23660553
71.87161259 41.194489237
71.897657512 41.184929098
71.977032511 41.195212708
72.001217081 41.180019836
72.016513306 41.163535055
72.033773234 41.156610413
72.063642212 41.170201314
72.085242961 41.184877421
72.108497355 41.196401266
72.132888632 41.199295146
72.158416789 41.187874654
72.169888957 41.168651022
72.174643188 41.141417542
72.176400188 41.112892151
72.185598592 41.060647278
72.185598592 41.041061911
72.178777303 41.023181865
72.165134725 40.99935903
72.195486497 41.006357791
72.25298466 41.019616191
72.28977828 41.0235436
72.297323039 41.028142802
72.308795207 41.054446106
72.314066203 41.061680807
72.33235966 41.072842917
72.345692179 41.06596995
72.374320923 41.031966858
72.395198201 41.022044983
72.423516887 41.015740459
72.476743612 41.011813049
72.481911255 41.008815817
72.484701782 41.004681702
72.485218547 40.999565735
72.483564901 40.993519592
72.483358195 40.970575256
72.501444946 40.963495586
72.526249634 40.962203674
72.54557662 40.956519267
72.588468059 40.905824687
72.619473918 40.880089824
72.658231242 40.867170716
72.701226034 40.863243307
72.830107056 40.872079977
72.868657674 40.864121806
72.872998494 40.834821269
72.87031132 40.818181458
72.883127075 40.819628398
72.929429158 40.844174703
73.00342981 40.870167948
73.019449504 40.86189972
73.033298787 40.847223612
73.053555949 40.836319886
73.112467082 40.83916209
73.135041555 40.835273844
73.143291994 40.833852782
73.143369589 40.833839417
73.148640584 40.813685608
73.118048137 40.782938131
73.070609171 40.762474264
72.976764771 40.736067607
72.890981893 40.695088196
72.818944947 40.681083883
72.783908326 40.669663391
72.760033814 40.641758118
72.74835494 40.575095521
72.719209432 40.564863586
72.682415812 40.577679342
72.664225708 40.577782695
72.656474243 40.561142883
72.655130656 40.546363424
72.650479777 40.532152405
72.640867961 40.519853414
72.625468384 40.51049998
72.585780884 40.508742982
72.51529423 40.545639954
72.476743612 40.549567363
72.447908163 40.56047109
72.414835246 40.58987498
72.381555624 40.612147522
72.351893351 40.601967265
72.348509255 40.585508257
72.348482706 40.585379131
72.369928275 40.557930855
72.370083455 40.557732239
72.369980102 40.539852194
72.363262167 40.523574118
72.363467007 40.512410315
72.363468872 40.512308655
72.372253866 40.503265279
72.415585052 40.479329958
72.415662069 40.479287415
72.420027916 40.471026546
72.426095774 40.459545207
72.426204061 40.459340312
72.425170532 40.435982564
72.414421834 40.410712789
72.39406132 40.389422099
72.370496867 40.38564972
72.343418416 40.393401184
72.284300578 40.419859518
72.269624471 40.424045309
72.224355917 40.422443339
72.211643514 40.425595601
72.211768463 40.425836195
72.216501099 40.434949036
72.22807662 40.437532858
72.245129842 40.438721415
72.259599244 40.442390442
72.263630005 40.452519023
72.263415275 40.452651165
72.254224894 40.458306783
72.235931437 40.459908753
72.2283278 40.459606084
72.182704712 40.457790019
72.165858195 40.454431051
72.09929895 40.426370748
72.090100545 40.416035462
72.084106079 40.39738027
72.069636678 40.36942332
72.043178345 40.349321188
71.956671998 40.315679831
71.951094212 40.301528782
71.951090943 40.301520488
71.95822229 40.286534322
71.977032511 40.276095683
72.005971313 40.265760396
72.013238929 40.262072352
72.019820598 40.258732401
72.025401653 40.250877584
72.018890422 40.240025533
72.004834432 40.237286682
71.989021443 40.239302063
71.977032511 40.243074443
71.969177694 40.24441803
71.963389933 40.243746236
71.951814413 40.240904033
71.912333619 40.243436178
71.872956177 40.250774231
71.836472616 40.249172262
71.805466756 40.22529775
71.786759888 40.193516744
71.775907837 40.179925843
71.75978479 40.168091939
71.707178182 40.144269104
71.693328898 40.141116842
71.673071736 40.147886455
71.666870565 40.163131002
71.667180623 40.204162089
71.660152629 40.224470927
71.645993286 40.247105204
71.628319946 40.258887431
71.610129842 40.246381735
71.604032023 40.227261455
71.601654907 40.20994985
71.592973267 40.198426005
71.568271932 40.196565653
71.521246378 40.203748678
71.498405396 40.210518291
71.477114706 40.220801901
71.458924602 40.23413442
71.450966431 40.248913879
71.441354614 40.260902812
71.396551148 40.271548157
71.365131876 40.294130758
71.344926392 40.295215963
71.313558798 40.292683818
71.297074016 40.293820699
71.283224732 40.298419902
71.272837769 40.30772166
71.263949423 40.318211975
71.253820841 40.324413147
71.239558146 40.321105856
71.223951863 40.302864075
71.215115194 40.280746562
71.201007527 40.263848369
71.169381551 40.261419577
71.053212932 40.274235331
70.995128622 40.26658722
70.958955119 40.238371888
70.938336222 40.239922181
70.849711141 40.233772685
70.707187541 40.200183004
70.664296102 40.197495829
70.622128133 40.199562887
70.581820516 40.221732077
70.56394047 40.264210104
70.550607951 40.310460511
70.524046265 40.343740133
70.501928752 40.350819804
70.482911825 40.349269511
70.464101603 40.344825338
70.442190796 40.343326721
70.421210165 40.3479776
70.371394083 40.36492747
70.384933309 40.399705709
70.382142781 40.403943177
70.373564494 40.411797994
70.371394083 40.413348288
70.371962524 40.412986552
70.358785034 40.427714336
70.357028035 40.43040151
70.355426067 40.435104065
70.353824097 40.456136373
70.369637085 40.475515036
70.399351034 40.490191142
70.468184041 40.502490133
70.477795858 40.505487366
70.487872762 40.51556427
70.51195398 40.546776835
70.525493205 40.557112122
70.539445842 40.561866354
70.554225301 40.565018616
70.56931482 40.570444642
70.582078899 40.578764547
70.617167196 40.611940817
70.677938681 40.649922994
70.692924846 40.66041331
70.707239217 40.668991598
70.715662476 40.67214386
70.732095581 40.674986064
70.735506225 40.678861797
70.737159872 40.683564352
70.740673869 40.687698467
70.756176798 40.695139873
70.756292786 40.695578051
70.758502238 40.703924866
70.767132203 40.7376179
70.728891643 40.754464417
70.637424357 40.770587463
70.621766399 40.78598704
70.619337606 40.803195293
70.628742717 40.815856018
70.648689819 40.817509664
70.683468059 40.794513652
70.703156779 40.788932597
70.705120483 40.80743276
70.696852254 40.816217754
70.514434448 40.972590637
70.482911825 40.993519592
70.479759563 40.996465149
70.477227417 40.999824117
70.458006358 41.015736633
70.445704793 41.025920716
70.401159709 41.039976705
70.363539266 41.032431946
70.335892374 40.926960348
70.280391886 40.877712708
70.207993205 40.844588115
70.104226929 40.813323873
70.009659057 40.75803009
69.825329224 40.71400177
69.803315064 40.705630188
69.78352299 40.692969462
69.741561727 40.652455139
69.717687215 40.636280417
69.690918823 40.630027568
69.660119669 40.638709208
69.64751062 40.647442526
69.637175333 40.657932841
69.618881876 40.681652324
69.60782312 40.691780905
69.582605021 40.704389954
69.570822794 40.712451478
69.531858765 40.758598531
69.509224487 40.774669902
69.477288452 40.777047018
69.46168217 40.784333395
69.449176474 40.794461975
69.435843953 40.802678529
69.417757203 40.804228821
69.385252726 40.796115622
69.369284709 40.789397685
69.35507369 40.780354309
69.329597208 40.755342916
69.314197632 40.729297995
69.307169637 40.699325664
69.306601197 40.662532044
69.313474162 40.609356995
69.309340048 40.595817769
69.294973999 40.58915151
69.234254191 40.585275778
69.198442424 40.566517233
69.198029012 40.54584666
69.238233277 40.493963521
69.23833663 40.493963521
69.259730672 40.437636211
69.269445842 40.419807841
69.295490763 40.383944398
69.306342814 40.364979147
69.312699016 40.342809958
69.305309285 40.293820699
69.273114868 40.289583231
69.234615927 40.300848694
69.208364299 40.298316549
69.212498413 40.26875763
69.28525883 40.21863149
69.28525883 40.194963685
69.247690064 40.181734518
69.197925659 40.182974752
69.108008667 40.203645325
69.073639817 40.216940714
69.042017863 40.229173483
69.019228556 40.232067363
68.856551148 40.212740377
68.836655721 40.206435852
68.801877482 40.191139628
68.778468059 40.188762512
68.720538778 40.196513978
68.698317912 40.194963685
68.642732313 40.183691498
68.601993042 40.175429993
68.581115764 40.164216208
68.60695398 40.1423054
68.65170577 40.120756328
68.68705245 40.110317688
68.69654498 40.111739352
68.930655152 40.14680125
68.977267293 40.12101471
68.983778524 40.107010397
68.986982462 40.091714173
68.98543217 40.077141419
68.977267293 40.064894104
68.954529663 40.0620519
68.881769247 40.070836894
68.861512085 40.06582428
68.826062053 40.042053121
68.813142944 40.038900859
68.790405314 40.070165101
68.774695679 40.07988027
68.761724894 40.061483459
68.763843628 40.052491761
68.781620321 40.041536357
68.785030966 40.033939921
68.782912232 40.013424377
68.784410848 40.004019267
68.789371785 39.993994039
68.877428426 39.90056305
68.880787395 39.878342183
68.838257691 39.86464793
68.815365031 39.891881409
68.800120483 39.935134583
68.779759969 39.969447733
68.75888269 39.980558167
68.752009725 39.972755025
68.755575399 39.954048157
68.765238892 39.932447409
68.787614787 39.895757141
68.787356405 39.881701152
68.775212443 39.862529195
68.771440064 39.860513814
68.760949748 39.85911855
68.757539103 39.857516582
68.750407756 39.84247874
68.750614461 39.841083476
68.750511108 39.836070862
68.748340698 39.826148987
68.741622762 39.819637757
68.72818689 39.824960429
68.701521851 39.858446757
68.685088745 39.868006897
68.651085653 39.844700826
68.637753134 39.848938294
68.626177612 39.849610088
68.615842326 39.828112692
68.605817098 39.666882223
68.600339397 39.642852682
68.587006877 39.623163961
68.56292566 39.603578593
68.520240926 39.582546285
68.506701701 39.56756012
68.510158306 39.561411351
68.517267708 39.54876482
68.517450399 39.54843984
68.497710001 39.541411845
68.436266724 39.528802796
68.386605672 39.525185446
68.337564738 39.527924296
68.255864299 39.550558574
68.106209351 39.554124248
67.76452478 39.62259552
67.71760258 39.623370667
67.680447225 39.614120586
67.587377971 39.562650859
67.50743453 39.55293569
67.487642456 39.5380012
67.494567098 39.493714498
67.494567098 39.493662821
67.491156454 39.490097148
67.487022339 39.487151591
67.48237146 39.485291239
67.477410522 39.48441274
67.451675659 39.487151591
67.436482788 39.485704651
67.427284383 39.476609599
67.414778686 39.438110657
67.408164103 39.397906393
67.407078899 39.36100942
67.394418173 39.327368063
67.386873413 39.294191793
67.38025883 39.292331441
67.37126713 39.294501851
67.360621785 39.291763
67.351216675 39.28525177
67.346462443 39.280807597
67.344395386 39.273831279
67.342690063 39.259568583
67.350037296 39.220057946
67.350079794 39.219829407
67.378191773 39.199494731
67.499011271 39.165982564
67.580349976 39.163605449
67.61983077 39.151254781
67.62417159 39.147379049
67.632129761 39.136216939
67.637710815 39.131540223
67.644532105 39.130610047
67.661171916 39.133374736
67.667579793 39.131772767
67.676581395 39.119821488
67.676726522 39.119628805
67.678586874 39.10593455
67.667218058 39.028368226
67.672185417 39.003992322
67.672230672 39.003770244
67.673254199 39.002978022
67.690524129 38.989610901
67.818371623 38.97341034
67.845243367 38.973772075
67.921156047 38.993770854
67.921156047 38.993796692
67.9212594 38.993796692
67.9212594 38.993874207
67.921517782 38.993874207
67.934850302 38.999067689
67.94890629 39.002013245
67.963272339 39.001909892
67.980118856 38.997388205
67.987973674 38.993770854
68.003373251 38.982117819
68.019806356 38.979689026
68.036446167 38.984391582
68.053085979 38.993951721
68.060940796 38.995527853
68.069105672 38.996096293
68.077270549 38.995527853
68.08507369 38.993951721
68.085280396 38.993951721
68.085435425 38.993796692
68.085642131 38.993770854
68.100938354 38.979275615
68.134683065 38.920984599
68.153386407 38.89940254
68.16372522 38.887472433
68.173698771 38.867318624
68.17256189 38.845278626
68.163673543 38.828638814
68.1512712 38.815125428
68.135974976 38.804505921
68.119025106 38.79670278
68.095615683 38.7929304
68.077890666 38.793395488
68.066728556 38.787969462
68.063317912 38.766317038
68.066315145 38.756214295
68.072206259 38.747351786
68.076650431 38.738101705
68.075926962 38.726862081
68.070759318 38.720738424
68.045489543 38.706708273
68.037634725 38.691644592
68.0403219 38.673351135
68.053706095 38.635937398
68.055876506 38.615731914
68.052517538 38.558267721
68.055153035 38.536305237
68.062594442 38.52307607
68.086882365 38.494033915
68.092566773 38.478789368
68.09463383 38.446982524
68.098044474 38.432435608
68.107552938 38.418276266
68.146723673 38.388743185
68.183723999 38.335490621
68.200828898 38.321693014
68.25266036 38.298748678
68.33203536 38.242989807
68.35621993 38.212604065
68.360664103 38.174053447
68.34433435 38.115452372
68.319529663 38.060210266
68.280565633 38.01323639
68.268576701 37.994193624
68.268473348 37.99411611
68.268473348 37.993986918
68.268369995 37.993909404
68.268266642 37.993831889
68.260773559 37.976778666
68.256226034 37.961559957
68.248732951 37.948950907
68.238024507 37.942716056
68.233023316 37.939804179
68.217727091 37.936083476
68.17111495 37.931070863
68.139954061 37.92269928
68.122229045 37.908333232
68.079647665 37.806272279
68.050192098 37.760409444
67.977328329 37.679742534
67.923378133 37.638788961
67.87185673 37.58680247
67.829223674 37.527943014
67.801215047 37.46644806
67.797339315 37.42443512
67.817183065 37.345421855
67.820645386 37.303305563
67.815426066 37.267338766
67.803953899 37.233439026
67.785092001 37.203570048
67.780544475 37.188868103
67.775996948 37.207549134
67.764266398 37.220881653
67.746593058 37.229408265
67.725870809 37.233542379
67.690162394 37.232250468
67.677501668 37.233542379
67.666442912 37.238012391
67.644635457 37.251215719
67.63316329 37.254057923
67.621794474 37.252921041
67.602725871 37.248270162
67.592287231 37.247184957
67.586034383 37.242611593
67.579936564 37.23266388
67.572185099 37.223155416
67.561384725 37.219899801
67.545003296 37.231526998
67.526141398 37.272893982
67.503145386 37.281963196
67.48237146 37.277363993
67.46397465 37.266279398
67.431108439 37.239769389
67.411264689 37.227909648
67.391162557 37.219589742
67.369510132 37.214680481
67.345222209 37.213026836
67.319590698 37.208427633
67.281453491 37.188661398
67.259129272 37.1851474
67.236753377 37.192407939
67.22528121 37.207704163
67.217994832 37.226256003
67.207969605 37.243464254
67.187815796 37.258243714
67.143477417 37.271860453
67.123323609 37.281963196
67.113918498 37.297181905
67.097382039 37.340590108
67.085083049 37.349633484
67.064102417 37.354568583
67.024104858 37.377487081
67.005914754 37.384385885
66.957648966 37.385212708
66.86576827 37.367926941
66.73497522 37.3633019
66.724433227 37.360149638
66.704744507 37.346532899
66.694099162 37.343406474
66.667020711 37.344310811
66.654670044 37.346145325
66.588575887 37.368469543
66.564598022 37.370691631
66.539018189 37.369089661
66.51958785 37.3641804
66.494834839 37.379424948
66.497005249 37.397744242
66.512094768 37.414823303
66.530801636 37.430145366
66.546614624 37.4507901
66.542687215 37.466758118
66.526822551 37.480374858
66.50713383 37.493836568
66.493491251 37.522206929
66.497211954 37.557889506
66.519122763 37.625249736
66.522946818 37.665040589
66.514988647 37.743485413
66.518812703 37.782707825
66.553642619 37.832007142
66.609039754 37.889187114
66.645781698 37.945901998
66.63652367 37.966593133
66.624335978 37.993831889
66.624232626 37.993883566
66.62402592 37.994012757
66.590384562 38.012978007
66.554159384 38.026853129
66.515918823 38.03509552
66.439437704 38.035457255
66.408328492 38.042846985
66.306939331 38.080389914
66.260430542 38.126743673
66.231078329 38.148783672
66.198418824 38.160720927
66.1335649 38.175293681
66.071604858 38.214541932
66.043492879 38.226194967
65.977450399 38.234566549
65.876681356 38.272962138
65.842884969 38.275339254
65.814359578 38.266192526
65.765990438 38.235548401
65.740203898 38.224076234
65.671629273 38.219683736
65.604139852 38.237408753
65.439602091 38.324948629
65.340176636 38.37781362
65.205301148 38.44964386
65.11083663 38.517262472
64.977718139 38.612269592
64.910538778 38.645342509
64.763364299 38.686011861
64.634896688 38.744147848
64.424315226 38.882950745
64.367566303 38.940374046
64.337343791 38.970955709
64.313572632 38.982479553
64.283393596 38.979689026
64.2059823 38.949458314
64.180144084 38.945117493
64.150585164 38.949458314
64.120612834 38.961679789
63.959692424 39.051364238
63.820062703 39.129137268
63.709268432 39.190890605
63.648496948 39.239518128
63.541009969 39.356100159
63.47755131 39.402919007
63.33864506 39.479451803
63.008949423 39.661094462
62.846478719 39.750598043
62.710156291 39.825735576
62.593160848 39.890227763
62.535386597 39.934979553
62.524586222 39.939733785
62.452807658 40.009238586
62.441955607 40.035955302
62.42438562 40.092127584
62.421595092 40.11507192
62.425780883 40.136672669
62.43410079 40.154811097
62.439681844 40.172897848
62.435754435 40.194188538
62.405058635 40.245244853
62.400976196 40.265605368
62.40020105 40.292115377
62.396532023 40.312010803
62.388315471 40.330149232
62.362580608 40.369681702
62.356379435 40.388181865
62.35327885 40.43040151
62.343615356 40.439393209
62.260933065 40.475721741
62.213442424 40.486573792
62.191841675 40.499027812
62.187061257 40.505515522
62.185330445 40.507864482
62.177268921 40.530653789
62.171377808 40.539955547
62.134170776 40.577834372
62.120683227 40.598970032
62.100064331 40.66041331
62.088695516 40.674365947
62.055725952 40.701754456
62.044770549 40.714983622
62.036812378 40.736325989
62.02534021 40.781956279
61.993869263 40.865878804
61.982707153 40.885670878
61.990251912 40.893163961
61.985394328 40.907891745
61.982707153 40.978430075
61.979296509 40.998842265
61.970821574 41.015430399
61.89744104 41.108809713
61.877907349 41.124984436
61.654355103 41.249421285
61.567331991 41.277791647
61.470076945 41.297170309
61.433179972 41.300322571
61.410752401 41.292002666
61.397213175 41.270970358
61.387498006 41.235778707
61.363003377 41.225185039
61.34398645 41.193817444
61.315874471 41.170459697
61.281354614 41.157282207
61.243217408 41.156300354
61.202599731 41.168806051
61.099660279 41.224099833
61.081883586 41.224513245
61.022765747 41.216865133
61.017184692 41.225960185
61.014084107 41.234900208
61.010260051 41.237225647
61.004318068 41.229533188
60.991139771 41.212472636
60.98462854 41.206994935
60.978013957 41.202809144
60.930264933 41.24022288
60.860295044 41.252986959
60.658860311 41.243788554
60.538144165 41.213247782
60.478096151 41.212110902
60.443266235 41.21965566
60.41453414 41.235261943
60.360273886 41.276344706
60.299915812 41.309831035
60.203694296 41.347089742
60.094243612 41.389516093
60.066131633 41.410496725
60.059206991 41.434164531
60.071712687 41.514366354
60.079567505 41.531471252
60.092589966 41.545475566
60.109643189 41.556792704
60.150984334 41.572347311
60.164730265 41.58495636
60.155635213 41.603327332
60.089075969 41.674124044
60.058276815 41.718591614
60.049181763 41.753499044
60.074916626 41.781042583
60.102408488 41.79527944
60.133724406 41.797294821
60.171344849 41.788406474
60.205864705 41.772025045
60.225398397 41.765462138
60.241108033 41.767064107
60.252683553 41.78006073
60.250823202 41.79427175
60.241108033 41.808069357
60.228912395 41.819619039
60.214856405 41.8285849
60.167520793 41.84959137
60.152534627 41.861192729
60.141144116 41.874221484
60.118221477 41.900440979
60.08876591 41.919354553
59.983656046 41.949042663
59.931772908 41.9476474
59.917510213 41.952427471
59.906451457 41.966612651
59.908001749 41.979815979
59.919267212 41.98966034
59.936940551 41.993484395
59.937250611 41.993406881
59.937560669 41.993406881
59.937870727 41.993406881
59.997195272 42.010615133
59.994094686 42.050095928
59.974457642 42.099240215
59.983656046 42.145593974
60.000089152 42.154508159
60.02055302 42.160786845
60.036986124 42.169701029
60.040396769 42.186470032
60.028201131 42.199518332
60.00505009 42.209776103
59.960711711 42.222721049
59.92567509 42.246285502
59.897873169 42.278531596
59.866350545 42.304214783
59.820978638 42.307987162
59.7763302 42.303956401
59.689513794 42.309795838
59.478157186 42.285637106
59.426480754 42.286773987
59.40146936 42.293905335
59.361575154 42.325789694
59.338114055 42.331809998
59.287161093 42.335944113
59.258428996 42.347545471
59.245199829 42.365348003
59.23331425 42.441725769
59.223805786 42.460871888
59.209646444 42.477718405
59.146084432 42.526759339
59.122003215 42.537998962
59.096475057 42.535983582
59.067432902 42.52557078
59.038597453 42.519731344
59.009245239 42.518465271
58.964700155 42.524382223
58.894420207 42.547843323
58.82744755 42.593757833
58.612266887 42.780852356
58.587875611 42.791187643
58.569375447 42.768501689
58.55573287 42.68359731
58.534545532 42.65450348
58.493204386 42.645460104
58.441838013 42.64783722
58.390574992 42.65667389
58.282674602 42.688919983
58.258283325 42.689514262
58.239576457 42.685147604
58.186556437 42.661195578
58.148832642 42.648999939
58.130642537 42.63884552
58.12134078 42.624246928
58.127025187 42.604997457
58.145732056 42.592569276
58.270995728 42.549031881
58.306239054 42.528671367
58.337038208 42.49371226
58.363703247 42.44707428
58.437910604 42.35769989
58.478218221 42.322327372
58.489587036 42.314524231
58.494134562 42.305713399
58.490620565 42.297574361
58.478218221 42.291993307
58.413932739 42.284758607
58.397602987 42.287859192
58.38582076 42.301320903
58.386130818 42.316849671
58.391505168 42.333980408
58.394915813 42.352248027
58.384683879 42.387827251
58.358949016 42.413407085
58.325049276 42.43185557
58.225727173 42.466582133
58.203816366 42.469501851
58.185729614 42.467253927
58.149452759 42.455678406
58.13322636 42.454567362
58.117206665 42.461517843
58.094365682 42.486710104
58.079896281 42.497303772
58.060879354 42.502264709
58.038245077 42.502781474
58.01602421 42.499706726
57.997730753 42.49342804
57.987085408 42.48342865
57.978300415 42.471775615
57.952772258 42.450071513
57.925590454 42.441105653
57.908640584 42.430434469
57.914324992 42.403950297
57.935719035 42.369818014
57.937476033 42.35423757
57.928794393 42.330931498
57.888073364 42.261581727
57.873707316 42.24964447
57.835466757 42.240446066
57.82730188 42.227371928
57.834536581 42.211636454
57.847352336 42.200913595
57.850452922 42.191430969
57.828438762 42.17954539
57.809215129 42.176393128
57.740898885 42.178744405
57.721571899 42.175333761
57.666278117 42.155102438
57.619769328 42.148177796
57.478279256 42.16652293
57.382264445 42.163629049
57.288213338 42.129419251
57.20780481 42.070559794
57.152924439 41.993742778
57.152924439 41.993484395
57.115510702 41.952091573
57.074376261 41.928785503
56.97836145 41.895118306
56.950146118 41.866050314
56.949836059 41.827499695
56.971953573 41.748538106
56.969473104 41.710891825
56.961618286 41.678723247
56.960481405 41.647200623
56.97836145 41.61146637
57.000582316 41.584026184
57.012054484 41.557826233
57.015775187 41.528990784
57.015051717 41.493644104
57.019599243 41.465945537
57.033035115 41.438246969
57.052258748 41.413597311
57.074169555 41.394993795
57.088328898 41.387294007
57.103625122 41.381609599
57.153751261 41.372359518
57.161399374 41.367967021
57.159228963 41.361145732
57.147963501 41.351068827
57.126672811 41.33959666
57.080060669 41.322026672
57.060320272 41.304921774
57.029521118 41.262598776
57.010194132 41.254123841
56.887927694 41.273347474
56.793463176 41.288333639
56.570014282 41.297480367
56.533721316 41.298968795
56.326824992 41.307453919
56.140686483 41.315153707
55.978422486 41.321716614
55.978215779 41.551263326
55.978009074 41.780680848
55.977905721 42.010150045
55.977699015 42.239619243
55.977595663 42.46908844
55.977388957 42.698531799
55.977285604 42.928000997
55.977078898 43.157470194
55.976975545 43.386913555
55.976768839 43.616382752
55.976665487 43.84585195
55.976458781 44.075295309
55.976355428 44.304842021
55.976148723 44.534285381
55.97604537 44.763780416
55.975838663 44.993223776
55.975838663 44.993275452
55.975838663 44.993378804
55.975838663 44.993430481
55.975838663 44.993482157
55.975838663 44.993533834
55.975838663 44.993585511
55.975838663 44.993688864
55.975838663 44.99374054
55.975838663 44.993843892
55.975838663 44.993895569
55.975838663 44.993998922
55.975838663 44.994050598
55.975838663 44.994153952
55.975838663 44.994205628
55.975838663 44.994257305
55.975838663 44.99430898
55.975838663 44.994360657
55.975838663 44.994412333
55.975942017 44.99446401
55.97604537 44.994515686
55.97604537 44.994567363
55.97604537 44.994619039
55.97604537 44.994670716
55.97604537 44.994774068
55.976148723 44.994774068
55.976148723 44.994825745
55.976148723 44.994929098
55.976148723 44.994980774
55.976148723 44.995032451
55.976148723 44.995084127
55.976252075 44.995135804
55.976355428 44.99518748
55.976355428 44.995239156
55.976458781 44.995290832
55.976458781 44.995342509
55.976562134 44.995394186
55.976665487 44.995445862
55.976768839 44.995497539
55.976768839 44.995549215
55.976768839 44.995600892
55.976872192 44.995600892
55.976975545 44.995652568
55.976975545 44.995704244
55.977078898 44.99575592
55.977182251 44.995807597
55.977285604 44.995859273
55.977388957 44.995859273
55.977388957 44.99591095
55.97749231 44.99591095
55.977595663 44.99591095
55.977699015 44.995962627
55.977699015 44.996014303
55.977802368 44.99606598
55.977905721 44.99606598
55.978009074 44.99606598
55.978009074 44.996117656
55.978112427 44.996169332
55.978215779 44.996169332
55.978319132 44.996221008
55.978422486 44.996221008
56.072060181 45.017563375
56.165801229 45.038802389
56.259438925 45.060093079
56.353386679 45.081435445
56.447127726 45.102726136
56.540868774 45.124016826
56.63450647 45.145307515
56.70760971 45.161910898
56.728247518 45.166598206
56.822091919 45.187888896
56.915729614 45.20912791
57.009470663 45.230418599
57.10321171 45.251760967
57.197056112 45.27299998
57.29079716 45.294342347
57.384538208 45.315633037
57.478279256 45.336923726
57.60323287 45.363898825
57.728186483 45.390925599
57.853243449 45.417900696
57.978300415 45.44492747
58.036074666 45.457071431
58.093848918 45.469112041
58.151623169 45.481204326
58.209604126 45.493348288
58.269755493 45.505543926
58.330010214 45.517842916
58.390264934 45.530141907
58.450416301 45.542389222
58.531444947 45.558718974
58.554906046 45.557168681
58.582191203 45.548693746
58.658982382 45.512261861
58.680789836 45.501823223
58.743111613 45.472264303
58.840470011 45.426013896
58.967904094 45.365449117
59.055132166 45.324023175
59.120349569 45.293050435
59.292432088 45.211246643
59.47939742 45.122466532
59.675767863 45.029138896
59.876582479 44.933795878
60.076673624 44.838659566
60.270873657 44.746468812
60.454014933 44.659445699
60.621136516 44.5800707
60.766864055 44.51082428
60.886236613 44.454135234
60.973983195 44.412432353
61.036304972 44.382821758
61.062143189 44.361996155
61.08022994 44.335486145
61.086637818 44.311198222
61.093149048 44.259418437
61.102864217 44.23606069
61.161671997 44.168106181
61.276393677 44.078860982
61.331170695 44.036176249
61.386051066 43.99343984
61.456124308 43.935174663
61.513485148 43.887244772
61.571052694 43.839289043
61.628516886 43.791359152
61.685981079 43.743429261
61.742101684 43.696532899
61.798325643 43.64958486
61.854549602 43.602688497
61.910670207 43.555817973
61.985704386 43.493341166
62.005961548 43.486984965
70.625228719 40.938690898
70.645072469 40.9351769
70.643418823 40.9522818
70.630499715 40.976414694
70.616650432 40.993519592
70.593447713 41.009384257
70.565904175 41.018375956
70.549781128 41.015223694
70.561460002 40.994604798
70.562493531 40.993777975
70.579133342 40.980858866
70.608382202 40.950938212
70.625228719 40.938690898
