-61.432728645 12.587836005
-61.443226692 12.585150458
-61.455922004 12.58608633
-61.459828254 12.591457424
-61.455677864 12.596584377
-61.454660611 12.600775458
-61.456776496 12.604437567
-61.455555793 12.607082424
-61.448312955 12.609930731
-61.441395637 12.607896226
-61.429351366 12.600490627
-61.426625129 12.591864325
-61.432728645 12.587836005
-61.333892382 12.693589585
-61.344105598 12.693060614
-61.353098111 12.696478583
-61.350656705 12.699530341
-61.339263476 12.701971747
-61.333973762 12.708563544
-61.335845507 12.717433986
-61.335357226 12.727199611
-61.326324023 12.733140367
-61.319406705 12.733791408
-61.316314257 12.730047919
-61.314361132 12.720892645
-61.319691536 12.713934637
-61.32551022 12.708197333
-61.328358528 12.69944896
-61.333892382 12.693589585
-61.187611457 12.856390692
-61.190825976 12.855861721
-61.191761848 12.868231512
-61.183176236 12.883490302
-61.174956835 12.881781317
-61.183583137 12.862005927
-61.187611457 12.856390692
-61.226429817 12.993150132
-61.242421028 12.982245184
-61.234974739 12.982245184
-61.242421028 12.974798895
-61.247547981 12.982123114
-61.255482551 12.986721096
-61.265614387 12.988714911
-61.277211067 12.98847077
-61.277211067 12.995917059
-61.262318489 12.991359768
-61.239613411 12.995794989
-61.23957272 13.00385163
-61.246205207 13.011216539
-61.249256965 13.016343492
-61.240956184 13.024237372
-61.213124153 13.041815497
-61.201486783 13.051174221
-61.200062629 13.047308661
-61.199615038 13.043687242
-61.198231575 13.040228583
-61.193999804 13.036851304
-61.20832272 13.023260809
-61.226429817 12.993150132
-61.167347786 13.146063544
-61.185210741 13.132513739
-61.210194465 13.144191799
-61.271351692 13.186509507
-61.279367642 13.215887762
-61.276682095 13.24990469
-61.26292884 13.276434637
-61.265533007 13.280218817
-61.270375129 13.290106512
-61.24339759 13.294378973
-61.231841601 13.316961981
-61.224964973 13.345770575
-61.21202552 13.368882554
-61.199126757 13.377020575
-61.187123176 13.380438544
-61.176380989 13.380764065
-61.151234504 13.376776434
-61.144032356 13.374090887
-61.140044726 13.36737702
-61.13377845 13.352769273
-61.123931444 13.308254299
-61.124419726 13.246975002
-61.13801022 13.186916408
-61.167347786 13.146063544
