-14.912495891 16.64063914
-14.882006795 16.647667134
-14.711216186 16.635781556
-14.699692342 16.637125143
-14.665895955 16.645651754
-14.655974081 16.645910136
-14.647189087 16.64353302
-14.619077108 16.630665589
-14.608070028 16.628805237
-14.597011272 16.629166972
-14.555127523 16.640587464
-14.544456339 16.640845846
-14.503916178 16.632680969
-14.493089966 16.632474264
-14.482392945 16.633662821
-14.471954305 16.636401672
-14.462058268 16.640794169
-14.435832479 16.655987041
-14.426246501 16.659604391
-14.406635295 16.660792948
-14.34325415 16.636660055
-14.335528524 16.631544088
-14.331342733 16.624102682
-14.331756144 16.613147278
-14.33702714 16.594130351
-14.335321819 16.586482239
-14.325968384 16.582399801
-14.287650309 16.585707093
-14.277960978 16.581262919
-14.274576172 16.573511454
-14.273258423 16.555631409
-14.268064942 16.547879944
-14.257652141 16.543177389
-14.233674276 16.541575419
-14.222279623 16.539611715
-14.214166422 16.534960836
-14.197190714 16.51346344
-14.190085205 16.507107239
-14.166391561 16.490880839
-14.132440145 16.45264028
-14.073038086 16.400653789
-14.039835978 16.38210195
-14.033066365 16.376055807
-14.015599732 16.355850322
-14.006711386 16.350269267
-13.987048502 16.342879537
-13.977850098 16.337970276
-13.971855632 16.331200663
-13.971158 16.324224345
-13.977462524 16.308824768
-13.979322876 16.300349833
-13.977281657 16.293838602
-13.967437297 16.281384583
-13.9630448 16.272392883
-13.962683065 16.263969625
-13.967799032 16.246037903
-13.964078329 16.230069886
-13.947050944 16.221129863
-13.907828532 16.21001943
-13.899586141 16.205316875
-13.88382483 16.193741354
-13.877236084 16.186868388
-13.872275147 16.178755189
-13.86382605 16.151831767
-13.859071819 16.142271627
-13.852767293 16.133486634
-13.844834962 16.126045227
-13.835765747 16.120567525
-13.82731665 16.118500469
-13.81920345 16.119275615
-13.811322795 16.122066142
-13.794941366 16.13121287
-13.778818319 16.143201803
-13.77199703 16.150436503
-13.754246175 16.175344544
-13.746701417 16.182372539
-13.738226482 16.18712677
-13.72941565 16.189503886
-13.72013973 16.189968974
-13.71057959 16.188883769
-13.712620809 16.176068013
-13.71830571 16.159288152
-13.722775228 16.146095683
-13.71957129 16.135605367
-13.714842895 16.132763163
-13.704481771 16.128835754
-13.699960083 16.125631816
-13.69884904 16.123926494
-13.697298747 16.12036082
-13.696006836 16.11891388
-13.693578044 16.117518616
-13.687454387 16.115244853
-13.684689697 16.113797913
-13.67812679 16.108216859
-13.675930542 16.106924947
-13.668954223 16.10573639
-13.662417155 16.107441711
-13.635028646 16.121601054
-13.629266724 16.122789612
-13.610482341 16.122892965
-13.606968344 16.1232547
-13.599397746 16.125476787
-13.56906368 16.138189188
-13.516405396 16.149041239
-13.502788655 16.154415589
-13.497259277 16.156069234
-13.491549032 16.15627594
-13.484934448 16.154984029
-13.483099936 16.141031392
-13.499868937 16.11064565
-13.501703451 16.095142721
-13.491549032 16.088424785
-13.455091309 16.102222392
-13.440027629 16.101860657
-13.435066691 16.096537985
-13.427031006 16.083050435
-13.422095907 16.077210999
-13.394578207 16.059279276
-13.388557902 16.052096253
-13.386051595 16.044396464
-13.385043905 16.026878154
-13.383674479 16.019178365
-13.369773519 15.985485331
-13.363339803 15.975098368
-13.355795044 15.965538229
-13.34701005 15.956753235
-13.321766114 15.938149719
-13.315926676 15.930449931
-13.313730428 15.922130026
-13.314350545 15.913603414
-13.318174602 15.896705221
-13.318174602 15.888488668
-13.316030029 15.881770732
-13.311766724 15.875776266
-13.293654134 15.855312399
-13.284765788 15.839912822
-13.27995988 15.822859599
-13.279675659 15.803532613
-13.281897746 15.795109355
-13.285230876 15.78663442
-13.287452962 15.778159485
-13.286135213 15.769632874
-13.28096757 15.762811585
-13.273965414 15.757488912
-13.25866919 15.748807272
-13.250659343 15.742761129
-13.243941406 15.73578481
-13.232546753 15.719610087
-13.228257609 15.711290182
-13.227120728 15.703952128
-13.228877726 15.696614075
-13.243993083 15.673721415
-13.247662109 15.665608216
-13.248747315 15.65671987
-13.247300374 15.648296611
-13.237843587 15.623440247
-13.222805745 15.623853658
-13.192807577 15.628969625
-13.178234822 15.628194479
-13.171051799 15.625352275
-13.152551636 15.612407329
-13.14523942 15.609539287
-13.12221757 15.603493143
-13.109711874 15.596413473
-13.099014852 15.586879171
-13.09180599 15.575122782
-13.089454712 15.561040955
-13.095087443 15.523420512
-13.094958252 15.514713033
-13.093097901 15.50621226
-13.089583903 15.497039693
-13.083845014 15.492750019
-13.053229533 15.485102438
-13.038889323 15.486885274
-13.023773967 15.495954489
-13.0105448 15.506289774
-12.995842855 15.514222107
-12.980184896 15.516289165
-12.964320231 15.509157817
-12.958015707 15.501742249
-12.954940959 15.493060608
-12.950910197 15.465413717
-12.947602906 15.458618266
-12.93755184 15.445776673
-12.933055989 15.43828359
-12.9311698 15.430532125
-12.93101477 15.397045797
-12.927216553 15.380741883
-12.918974162 15.365368144
-12.9068302 15.35268158
-12.847273112 15.3132783
-12.834534872 15.300230001
-12.828049479 15.28387441
-12.833449667 15.269999288
-12.850037802 15.267389629
-12.884195923 15.270826111
-12.894376181 15.263358866
-12.888355876 15.250879008
-12.865489054 15.22868398
-12.856781576 15.221991882
-12.84789323 15.218942973
-12.838333089 15.218762106
-12.816964884 15.223077088
-12.806397054 15.223077088
-12.79632015 15.22028656
-12.787225097 15.214162903
-12.78197994 15.207289937
-12.779473633 15.199615987
-12.779266927 15.191399435
-12.784667114 15.166026306
-12.783995321 15.15814565
-12.780920573 15.149076436
-12.779757853 15.146389262
-12.754565592 15.138560282
-12.746639017 15.131135942
-12.717048503 15.103420308
-12.690305949 15.09238739
-12.689585457 15.092478506
-12.67927303 15.093782654
-12.647647054 15.103161927
-12.632273315 15.105435689
-12.62294572 15.102257589
-12.615065063 15.094609477
-12.602145956 15.07877065
-12.547058879 15.047170512
-12.529592245 15.034354757
-12.518972737 15.028282776
-12.495563314 15.02301178
-12.484892131 15.017275696
-12.476262166 15.007741395
-12.471507934 14.998000387
-12.448201864 14.918211976
-12.447633423 14.907437439
-12.433835816 14.899427592
-12.400091105 14.860386047
-12.38249528 14.846019999
-12.319579224 14.81718455
-12.264130412 14.774939067
-12.256508138 14.745793559
-12.236612712 14.728456116
-12.230489054 14.714555155
-12.222815104 14.703289693
-12.207648072 14.696597595
-12.191421672 14.693445333
-12.180311238 14.692825216
-12.185840617 14.680810446
-12.19028479 14.673653259
-12.192196818 14.666883647
-12.189819702 14.655954082
-12.182791707 14.650243835
-12.17261145 14.647918396
-12.165015015 14.641872253
-12.16594519 14.625180766
-12.171526245 14.61642161
-12.191008261 14.597998962
-12.19839799 14.587560324
-12.200465047 14.577354228
-12.201446899 14.565184428
-12.20418575 14.554254862
-12.211472128 14.547976176
-12.230385701 14.536684876
-12.236431844 14.519450785
-12.23418392 14.498573507
-12.222427531 14.45493276
-12.219869547 14.434598084
-12.221729899 14.391241557
-12.208836629 14.388761088
-12.115612346 14.355119731
-12.108687704 14.342019755
-12.113028524 14.329591573
-12.127807984 14.324294739
-12.119591431 14.310574646
-12.109979615 14.298146464
-12.097783976 14.28806956
-12.058354858 14.274091085
-12.044298869 14.264918518
-12.034480346 14.250268249
-11.997583374 14.166164856
-11.995412964 14.144021505
-12.002751017 14.103455505
-12.025230265 14.026741842
-12.025333618 13.985245667
-12.01530839 13.959304097
-11.999030314 13.943568624
-11.980375122 13.929641826
-11.962908489 13.90915212
-11.95681067 13.890341898
-11.956965698 13.870007222
-11.962908489 13.829467062
-11.97882483 13.784818624
-12.012311158 13.751177267
-12.097628947 13.704410095
-12.083883016 13.692963766
-12.070395468 13.673249207
-12.049828248 13.634362691
-12.03732255 13.598266703
-12.015153361 13.564444478
-11.996808228 13.544161479
-11.939033977 13.502949524
-11.932729452 13.496050721
-11.923841105 13.481142069
-11.918156697 13.474708354
-11.907718059 13.469644063
-11.898467977 13.468507182
-11.890406454 13.465148214
-11.883481812 13.453546855
-11.885652222 13.435770162
-11.899966593 13.382181702
-11.897589477 13.371174622
-11.888804484 13.368875021
-11.862346151 13.356085104
-11.854594686 13.350555726
-11.85077063 13.343140157
-11.844569458 13.32383901
-11.840021932 13.316888529
-11.828136353 13.307276713
-11.822555298 13.306708272
-11.817077597 13.312341004
-11.775116333 13.343346863
-11.772532512 13.362673848
-11.766589722 13.383163554
-11.756512817 13.399803365
-11.741216594 13.407813212
-11.726902222 13.405797832
-11.719770874 13.397891337
-11.71403479 13.388098653
-11.704009562 13.380373027
-11.694501099 13.379184468
-11.674967408 13.383215231
-11.649800985 13.384119568
-11.645253459 13.379752909
-11.646597046 13.365516052
-11.643961548 13.355594177
-11.632902792 13.354379782
-11.620345419 13.357532044
-11.613110718 13.360813497
-11.613007365 13.339057719
-11.605824341 13.319653219
-11.581174682 13.286141052
-11.558540406 13.266504008
-11.554251262 13.256866353
-11.555801555 13.24591095
-11.568565633 13.227901714
-11.572338013 13.217101339
-11.56934078 13.199195456
-11.559728963 13.186922302
-11.547843384 13.176199443
-11.538541626 13.162970276
-11.538076539 13.128011169
-11.533063924 13.111810608
-11.515390584 13.107754008
-11.501541301 13.099589132
-11.489707398 13.0907783
-11.477098348 13.083285218
-11.460820272 13.079176941
-11.450278279 13.075094503
-11.451415161 13.068066509
-11.456944539 13.060444234
-11.458959921 13.054682312
-11.445162313 13.035226135
-11.439529582 13.023004659
-11.43565385 13.016725973
-11.431674764 13.013470358
-11.422993124 13.009413757
-11.424543416 13.005202129
-11.430124471 13.000990499
-11.433431762 12.996959738
-11.433535116 12.988355612
-11.435963908 12.968847758
-11.438702759 12.958900045
-11.423096477 12.956006165
-11.411520955 12.96070872
-11.404234579 12.972103373
-11.401805786 12.989492493
-11.393434204 12.980810852
-11.388835002 12.97055308
-11.386561239 12.95910675
-11.384442505 12.933113505
-11.387801473 12.927119039
-11.39420935 12.923320821
-11.402890992 12.916396179
-11.407283488 12.916292826
-11.413588013 12.919703471
-11.420667684 12.92202891
-11.427230591 12.918618266
-11.427954061 12.912494609
-11.423096477 12.907068584
-11.417308716 12.901952617
-11.415138306 12.896655782
-11.419324097 12.886501364
-11.424905152 12.876166077
-11.428625855 12.865804952
-11.425473592 12.849552715
-11.427023885 12.845237732
-11.430021119 12.841051941
-11.432501587 12.835522563
-11.432088175 12.829347229
-11.428160767 12.82702179
-11.423458212 12.826401672
-11.420977743 12.82557485
-11.419685832 12.824670512
-11.416016806 12.820071309
-11.411675985 12.812888286
-11.408472046 12.804490865
-11.406353312 12.79428477
-11.405423136 12.782347514
-11.407593547 12.771469625
-11.414569865 12.764209087
-11.414569865 12.759713236
-11.404027873 12.741213074
-11.402167521 12.731730449
-11.410332398 12.71881134
-11.424181681 12.716382549
-11.437359172 12.712248433
-11.44795284 12.68594513
-11.455755982 12.680622457
-11.461905477 12.673129374
-11.460975301 12.658401592
-11.457151246 12.655972799
-11.44955481 12.653182272
-11.441751669 12.647756246
-11.436842407 12.637472636
-11.436635702 12.627085674
-11.441803345 12.595511373
-11.440924845 12.584866028
-11.438599406 12.577993063
-11.437359172 12.570758362
-11.439839641 12.559286194
-11.460613566 12.549829407
-11.46779659 12.543524882
-11.456686158 12.539752502
-11.449451457 12.535204976
-11.437875936 12.515361227
-11.429814412 12.508333232
-11.430382853 12.515722962
-11.424750122 12.526368307
-11.416998658 12.529313864
-11.410849162 12.513345846
-11.408678751 12.504922587
-11.402374227 12.488541158
-11.400513876 12.479549459
-11.392607382 12.49184845
-11.390436971 12.497532858
-11.377776245 12.480221253
-11.379791626 12.456863505
-11.386561239 12.430456848
-11.388421591 12.403895162
-11.416016806 12.404980367
-11.481645874 12.428234762
-11.515390584 12.431645407
-11.601535197 12.425237528
-11.643083049 12.417641093
-11.720029256 12.389477438
-11.757804728 12.383327942
-11.83960852 12.38668691
-11.86017574 12.391079407
-11.920637167 12.416039124
-11.921980754 12.41769277
-11.923944458 12.418777974
-11.9308691 12.418726298
-11.935209921 12.417020976
-11.946268677 12.40942454
-11.984302531 12.38901235
-11.997583374 12.386376852
-12.018874064 12.388443909
-12.079180461 12.40813263
-12.103985149 12.407357483
-12.12191687 12.398727519
-12.155041463 12.369013571
-12.192041789 12.348756409
-12.36092037 12.305606588
-12.377120931 12.313668111
-12.405517131 12.356456198
-12.423397176 12.369116924
-12.466753703 12.384464824
-12.487760173 12.389477438
-12.505071777 12.390252584
-12.521918294 12.386893616
-12.541451986 12.379452209
-12.57064917 12.363690898
-12.578129723 12.361528379
-12.579408326 12.361158753
-12.593671021 12.361572164
-12.597314209 12.365447896
-12.598063518 12.372424215
-12.603412028 12.381932678
-12.631549846 12.412680155
-12.648008789 12.425754293
-12.667516642 12.433660787
-12.688058025 12.435986226
-12.752653564 12.432420553
-12.773272461 12.43505605
-12.779163575 12.443272604
-12.783478557 12.453091126
-12.799420736 12.460635885
-12.829057169 12.462754618
-12.83861731 12.466371968
-12.849133464 12.475828756
-12.851252197 12.484355367
-12.849650228 12.491073304
-12.849210978 12.495000712
-12.874041504 12.516394755
-12.913134725 12.536341858
-12.949489095 12.535928447
-12.966232259 12.496085917
-12.969513713 12.476810608
-12.981037557 12.466992086
-12.997418986 12.465855205
-13.015247355 12.472676494
-13.034626018 12.47055776
-13.051989298 12.472263082
-13.06674292 12.4801179
-13.078266765 12.496240947
-13.082710937 12.515671285
-13.079093587 12.532156067
-13.064210775 12.56615916
-13.060412557 12.583367411
-13.059327352 12.603469544
-13.063642334 12.622279765
-13.07645809 12.635922343
-13.091702637 12.638196106
-13.108988403 12.635405579
-13.127307699 12.634837138
-13.145316936 12.643932191
-13.154696208 12.632821757
-13.162628541 12.63814443
-13.169217285 12.638764547
-13.176271119 12.637731018
-13.185211141 12.637782695
-13.197871867 12.634061992
-13.201902629 12.633390198
-13.206450155 12.635663961
-13.216010295 12.645740866
-13.221539673 12.648376363
-13.229084433 12.647807922
-13.246008464 12.643157043
-13.254690104 12.641813456
-13.263397583 12.64320872
-13.275722412 12.651063537
-13.284145671 12.6533373
-13.292930664 12.652717184
-13.322877157 12.646516012
-13.327708903 12.644914042
-13.330034343 12.642071839
-13.332773193 12.639643047
-13.338612631 12.639229635
-13.343444377 12.640986634
-13.352048503 12.6469811
-13.356647705 12.648893128
-13.35980139 12.649736595
-13.404758464 12.661760559
-13.728278768 12.673387757
-14.082753256 12.674834696
-14.343107648 12.675897212
-14.437305257 12.676281636
-14.791728068 12.677780253
-14.872159688 12.678108545
-15.146228394 12.679227193
-15.195114299 12.6794339
-15.223794719 12.675196432
-15.249736287 12.66362091
-15.307820598 12.622693176
-15.368643758 12.595356344
-15.421730782 12.557121923
-15.424609334 12.555048727
-15.677048706 12.439293518
-15.711516886 12.432213847
-15.883964191 12.442182464
-15.893883016 12.442755839
-15.973258016 12.437226461
-15.992481649 12.440688782
-16.055010132 12.461204326
-16.090511841 12.464304912
-16.166062785 12.451437479
-16.172832397 12.4485436
-16.177173218 12.445236308
-16.181875773 12.443375957
-16.190092326 12.44477122
-16.211693075 12.453142802
-16.222390096 12.45505483
-16.232880412 12.45288442
-16.301920125 12.416194153
-16.382018596 12.373819478
-16.412300985 12.361727193
-16.462685506 12.361313782
-16.514878703 12.348549704
-16.533327189 12.347826233
-16.668874471 12.356714579
-16.705616414 12.348032939
-16.7284367771 12.332530837
-16.735015429 12.345160223
-16.739735481 12.358384507
-16.744130012 12.37885163
-16.750477668 12.385646877
-16.765492317 12.395982164
-16.788482226 12.41795482
-16.798736132 12.430894273
-16.802967903 12.443793036
-16.802967903 12.485419012
-16.800770637 12.494452216
-16.790923632 12.503241278
-16.788685676 12.512396552
-16.781361457 12.522935289
-16.73167884 12.552069403
-16.709868944 12.552801825
-16.678822395 12.550238348
-16.645375129 12.570746161
-16.634673632 12.579494533
-16.628977017 12.587632554
-16.624623176 12.596014716
-16.618031379 12.60545482
-16.579741991 12.63279857
-16.561350064 12.611802476
-16.547189908 12.573879299
-16.533314582 12.565334377
-16.532704231 12.580877997
-16.522450325 12.593085028
-16.504750129 12.598049221
-16.485096809 12.59373607
-16.451568163 12.575018622
-16.421457486 12.566880601
-16.388335741 12.551581122
-16.370961067 12.550238348
-16.351307746 12.559515692
-16.327259895 12.588690497
-16.3095597 12.598049221
-16.28628496 12.597072658
-16.266468879 12.59003327
-16.246693489 12.587958075
-16.22386634 12.60175202
-16.21222897 12.606350002
-16.204457161 12.59760163
-16.198597786 12.584906317
-16.192860481 12.577582098
-16.114979621 12.606105861
-16.097075976 12.610256252
-16.073109504 12.611721096
-16.057606575 12.616197007
-16.044667121 12.625474351
-16.029774543 12.63296133
-16.007883267 12.632147528
-15.990345832 12.622870184
-15.963856575 12.602240302
-15.947987434 12.58982982
-15.939605273 12.580633856
-15.927967903 12.578599351
-15.863880989 12.577582098
-15.857736783 12.573187567
-15.84479733 12.559881903
-15.839995898 12.557074286
-15.831166145 12.558254299
-15.805531379 12.564520575
-15.79405677 12.571478583
-15.782948371 12.584662177
-15.768788215 12.592596747
-15.747873502 12.583726304
-15.742421028 12.588324286
-15.736073371 12.591376044
-15.729603645 12.591498114
-15.71593177 12.581773179
-15.710113085 12.582749742
-15.704986132 12.585191148
-15.699452278 12.583726304
-15.691639778 12.574896552
-15.684925911 12.557928778
-15.679554817 12.550238348
-15.67308509 12.544419664
-15.665923632 12.540187893
-15.656890429 12.537583726
-15.644764778 12.537258205
-15.633412239 12.539536851
-15.587717252 12.558010158
-15.569406705 12.576320705
-15.538685676 12.615423895
-15.527251757 12.623724677
-15.517079231 12.62885163
-15.509836392 12.635809637
-15.507069465 12.649562893
-15.51280677 12.655666408
-15.523752408 12.66034577
-15.529855924 12.665757554
-15.521311002 12.673773505
-15.531076627 12.696437893
-15.54019121 12.726874091
-15.543446418 12.75804271
-15.534901496 12.783026434
-15.523345507 12.789862372
-15.50902259 12.790350653
-15.494007942 12.78904857
-15.480336067 12.790472723
-15.466420051 12.796454169
-15.456939257 12.803656317
-15.450672981 12.812811591
-15.446156379 12.824611721
-15.425607877 12.804999091
-15.406809049 12.799709377
-15.394032356 12.810248114
-15.39159095 12.838202216
-15.407053189 12.822333075
-15.421783007 12.822821356
-15.436879036 12.829291083
-15.453033007 12.831447658
-15.468129036 12.824896552
-15.492787239 12.807114976
-15.510731575 12.803452867
-15.520863411 12.803412177
-15.535878059 12.801336981
-15.549468554 12.794338283
-15.555409309 12.779608466
-15.555409309 12.721584377
-15.54409746 12.684068101
-15.542347786 12.673773505
-15.541737434 12.657456773
-15.542469856 12.649400132
-15.545480924 12.642726955
-15.569691536 12.622259833
-15.577381965 12.612494208
-15.627756314 12.567613023
-15.641021288 12.559475002
-15.652902799 12.558905341
-15.663319465 12.563462632
-15.672108528 12.570746161
-15.666411913 12.600653387
-15.696766731 12.614162502
-15.767689582 12.625392971
-15.815825976 12.595363674
-15.833485481 12.591253973
-15.83690345 12.594427802
-15.841297981 12.60146719
-15.848500129 12.608547268
-15.86046302 12.611721096
-15.872670051 12.60956452
-15.889556444 12.600165106
-15.901722786 12.598049221
-15.913319465 12.601223049
-15.928374804 12.608872789
-15.953277148 12.625392971
-15.954457161 12.630316473
-15.953195767 12.637396552
-15.952707486 12.643744208
-15.956450976 12.646429755
-15.96971595 12.648179429
-15.976673957 12.650213934
-15.981190559 12.652655341
-15.987456835 12.660956122
-16.00108802 12.68744538
-16.004750129 12.690822658
-16.009348111 12.692694403
-16.013172981 12.696193752
-16.016957161 12.717515367
-16.022124804 12.728989976
-16.0283097 12.728989976
-16.0283097 12.721584377
-16.029774543 12.717474677
-16.040516731 12.696966864
-16.045155403 12.690497137
-16.048898892 12.65639883
-16.076812304 12.638983466
-16.117746549 12.632147528
-16.128325976 12.627671617
-16.148915168 12.614447333
-16.155018684 12.611721096
-16.165598111 12.612860419
-16.189808723 12.619126695
-16.22760983 12.619126695
-16.238840299 12.616522528
-16.257923957 12.608221747
-16.268625455 12.60545482
-16.280669726 12.60545482
-16.312977668 12.611721096
-16.323841926 12.60956452
-16.337757942 12.600165106
-16.346791145 12.598049221
-16.350209114 12.593329169
-16.355132616 12.582586981
-16.361968554 12.571234442
-16.370961067 12.564520575
-16.411976692 12.577582098
-16.445179817 12.596136786
-16.460682746 12.608872789
-16.467193163 12.622259833
-16.471180793 12.624579169
-16.480336067 12.627386786
-16.48957272 12.631822007
-16.494496223 12.638983466
-16.492827929 12.648911851
-16.486480273 12.657782294
-16.477284309 12.66412995
-16.467193163 12.666327216
-16.467193163 12.673773505
-16.482574023 12.674139716
-16.492298957 12.681708075
-16.497914192 12.693833726
-16.501332161 12.707912502
-16.508168098 12.625392971
-16.515695767 12.625392971
-16.528920051 12.642767645
-16.565663215 12.673895575
-16.570220507 12.693589585
-16.581939257 12.684393622
-16.589670377 12.673285223
-16.59878496 12.66400788
-16.614613411 12.66010163
-16.626576301 12.662543036
-16.634673632 12.669378973
-16.638661262 12.679999091
-16.63792884 12.693589585
-16.623768684 12.719712632
-16.603830533 12.739325262
-16.590728319 12.762030341
-16.596913215 12.797308661
-16.601389127 12.770209052
-16.603749153 12.762518622
-16.609120246 12.753729559
-16.613758918 12.749416408
-16.618519661 12.746527411
-16.638417121 12.728501695
-16.646880663 12.718207098
-16.651031054 12.705267645
-16.652251757 12.684027411
-16.645090299 12.64858633
-16.647206184 12.632228908
-16.677316861 12.619574286
-16.721058723 12.583726304
-16.754628059 12.572211005
-16.773101366 12.582953192
-16.780873176 12.608832098
-16.78254147 12.642726955
-16.777088996 12.678045966
-16.761219856 12.713202216
-16.73546302 12.732896226
-16.700550911 12.721584377
-16.698963996 12.736395575
-16.713246223 12.747300523
-16.733957486 12.751369533
-16.751535611 12.745428778
-16.772124804 12.720648505
-16.783558723 12.712591864
-16.796213345 12.715318101
-16.79027259 12.723456122
-16.788238085 12.732082424
-16.79027259 12.740545966
-16.796213345 12.748846747
-16.77448483 12.778550523
-16.770130989 12.793361721
-16.775054491 12.810939846
-16.78254147 12.810939846
-16.787220832 12.799872137
-16.79405677 12.794989325
-16.800282356 12.798814195
-16.802967903 12.814032294
-16.800526496 12.825995184
-16.794545051 12.838771877
-16.75885983 12.89077383
-16.755238411 12.903469143
-16.756255663 12.916245835
-16.760975715 12.939683335
-16.762074348 12.951157945
-16.759836392 12.972072658
-16.749989387 13.013617255
-16.747792121 13.040269273
-16.749338345 13.056626695
-16.753651496 13.065008856
-16.752125204 13.088039449
-16.748507854 13.099227397
-16.742151652 13.107392273
-16.726338664 13.122636821
-16.723186402 13.132248637
-16.708406942 13.15669159
-16.67352535 13.164313863
-16.630013794 13.163900452
-16.465217652 13.162427674
-16.313288941 13.161084087
-16.092062134 13.159120382
-15.961734172 13.1579835
-15.897441199 13.157399018
-15.870783651 13.157156677
-15.833318238 13.156846619
-15.826600301 13.161678365
-15.82473995 13.232914327
-15.824367247 13.248511948
-15.822672892 13.319420675
-15.818693807 13.333528341
-15.807118287 13.339781189
-15.737406779 13.346344096
-15.69249996 13.360348409
-15.67989091 13.360658468
-15.612453166 13.354224752
-15.596123413 13.355826721
-15.56604773 13.365671082
-15.542948365 13.377995911
-15.519538941 13.386600037
-15.488326376 13.38525645
-15.379237427 13.36251882
-15.342392131 13.362570496
-15.309835979 13.36843577
-15.277073121 13.380295513
-15.248341024 13.398976542
-15.227773804 13.425176493
-15.221727661 13.452823385
-15.217955282 13.514680075
-15.203950968 13.53690094
-15.181331442 13.559843218
-15.160491089 13.580980937
-15.137650106 13.589972636
-15.110158244 13.572480163
-15.065251424 13.531268209
-15.015590373 13.496050721
-15.015435344 13.495999044
-15.015228638 13.495844014
-15.015073608 13.495740662
-14.949702922 13.463081156
-14.915906535 13.454425354
-14.877614298 13.451376445
-14.862576457 13.447061463
-14.829141805 13.427011007
-14.810796671 13.42117157
-14.790332804 13.417347514
-14.779635783 13.41088796
-14.759481974 13.38337026
-14.731576701 13.359004822
-14.698142049 13.345181376
-14.661606812 13.340918071
-14.62455481 13.345181376
-14.592153687 13.353139547
-14.580733196 13.349160462
-14.55210914 13.323094217
-14.542854371 13.314666443
-14.529573527 13.307276713
-14.515104126 13.303168437
-14.483633179 13.301928203
-14.470326497 13.298259176
-14.45913855 13.286916199
-14.451490438 13.276865132
-14.442033651 13.268545227
-14.431439982 13.261439718
-14.39498226 13.242965393
-14.368833985 13.235704855
-14.341781372 13.233637797
-14.284911458 13.238547058
-14.230625367 13.228573507
-14.201686565 13.229555359
-14.179827433 13.24012319
-14.13179419 13.275573222
-14.116808025 13.282161968
-14.09949642 13.281955261
-14.056579142 13.297173971
-14.016271525 13.297639059
-13.976118937 13.308206889
-13.900567993 13.31456309
-13.851036133 13.335750428
-13.822562419 13.378202617
-13.818712525 13.429362284
-13.842690389 13.47664622
-13.852793132 13.484811096
-13.875479085 13.497911072
-13.882503707 13.503781507
-13.884599976 13.505533346
-13.889793457 13.513956604
-13.896175496 13.532921855
-13.90134314 13.541629333
-13.918086304 13.554987691
-13.942090007 13.566924948
-13.967488973 13.57558075
-13.988495443 13.579146423
-14.001905477 13.57702769
-14.022265991 13.565322978
-14.03402238 13.560207011
-14.044461019 13.558605042
-14.061850139 13.560051982
-14.072598837 13.559690247
-14.092881836 13.554729309
-14.139132243 13.531552429
-14.19682898 13.51878835
-14.21579423 13.510752665
-14.271217204 13.476956278
-14.329947469 13.456440735
-14.347284913 13.452358297
-14.365552531 13.454838766
-14.389582073 13.465871684
-14.462134596 13.516656128
-14.470274821 13.522354025
-14.480377563 13.533128561
-14.486862956 13.546538595
-14.500221314 13.589972636
-14.509729778 13.609092917
-14.523243164 13.625655213
-14.542595988 13.640822246
-14.585539103 13.66045929
-14.626673543 13.663508199
-14.667187867 13.652888692
-14.728579468 13.61932485
-14.740930135 13.615449117
-14.754934449 13.620384217
-14.796017212 13.644697978
-14.802941854 13.652320252
-14.822372193 13.717200012
-14.831312215 13.73562266
-14.843972941 13.752675883
-14.860313812 13.765595458
-14.879267945 13.780581156
-14.915803182 13.792440898
-15.016778931 13.796885071
-15.076310181 13.818950908
-15.097704224 13.819984436
-15.17061967 13.793784485
-15.245963908 13.746733094
-15.267254598 13.741797995
-15.275729533 13.748050842
-15.295108195 13.773191427
-15.304461629 13.781873067
-15.34776648 13.78864268
-15.394068563 13.771511943
-15.436339885 13.741177877
-15.467500773 13.708285828
-15.478611207 13.691258444
-15.488946492 13.670329489
-15.496801311 13.648341166
-15.49803009 13.641522305
-15.500470337 13.627980652
-15.502485718 13.588267314
-15.518195354 13.58309967
-15.567132935 13.5832547
-15.62919633 13.583513082
-15.691363078 13.583719788
-15.753426474 13.58397817
-15.815593222 13.584184876
-15.877708293 13.584443258
-15.939771688 13.584649964
-16.001938436 13.584908345
-16.064053508 13.585115052
-16.085382944 13.585168331
-16.126116903 13.585270081
-16.188231974 13.585528463
-16.25029537 13.585735169
-16.312462118 13.585993551
-16.37457719 13.586200257
-16.436640585 13.586458639
-16.498755656 13.586665345
-16.5613991701 13.5869141589
-16.561512825 13.587103583
-16.57135983 13.60179271
-16.576405403 13.612250067
-16.575754361 13.640326239
-16.558664517 13.655910549
-16.533518033 13.668605861
-16.508168098 13.687974351
-16.513498502 13.690863348
-16.523793098 13.698391018
-16.529286262 13.700995184
-16.51659095 13.712836005
-16.507232226 13.728094794
-16.50890052 13.740220445
-16.529286262 13.742621161
-16.526600715 13.72662995
-16.531483528 13.70726146
-16.542103645 13.693670966
-16.556548632 13.694769598
-16.56371009 13.673773505
-16.57925371 13.659572658
-16.59886634 13.654201565
-16.618031379 13.66006094
-16.635568814 13.678045966
-16.640004036 13.696478583
-16.631703254 13.735785223
-16.629750129 13.760484117
-16.627105273 13.770453192
-16.618031379 13.783596096
-16.582508918 13.824693101
-16.576405403 13.838812567
-16.570546028 13.835109768
-16.554921028 13.827948309
-16.549143033 13.824530341
-16.551380989 13.829087632
-16.556548632 13.845648505
-16.521839973 13.85179271
-16.520130989 13.83201732
-16.51292884 13.813299872
-16.501576301 13.801988023
-16.487049934 13.80463288
-16.494618293 13.827460028
-16.496327278 13.852728583
-16.500599739 13.872707424
-16.515695767 13.879787502
-16.510365364 13.893296617
-16.488677538 13.986395575
-16.487049934 14.002630927
-16.50890052 13.971380927
-16.518055793 13.951849677
-16.525949674 13.910467841
-16.53620358 13.885728257
-16.549427864 13.869289455
-16.562814908 13.872951565
-16.570220507 13.872951565
-16.580230273 13.85952383
-16.597889778 13.854315497
-16.618641731 13.85162995
-16.63792884 13.845648505
-16.648671028 13.836859442
-16.652251757 13.828558661
-16.653920051 13.820054429
-16.659006314 13.810858466
-16.664458788 13.805975653
-16.675933398 13.799546617
-16.682525194 13.794094143
-16.69249427 13.775702216
-16.700062629 13.769029039
-16.710194465 13.77362702
-16.713368293 13.783351955
-16.713449674 13.795721747
-16.715321418 13.806341864
-16.724476692 13.810858466
-16.737212694 13.819647528
-16.742421028 13.839422919
-16.741078254 13.860419012
-16.734120246 13.872951565
-16.740223762 13.88662344
-16.744455533 13.902167059
-16.747792121 13.934393622
-16.746815559 13.951361395
-16.74339759 13.96108633
-16.737212694 13.967678127
-16.714222786 13.985581773
-16.702504036 13.989976304
-16.689686653 13.990545966
-16.660267707 13.987250067
-16.646311002 13.982977606
-16.636789517 13.974920966
-16.63792884 13.961655992
-16.623931444 13.973944403
-16.612904426 13.988714911
-16.598988411 13.996812242
-16.576405403 13.988959052
-16.576771614 14.010972398
-16.568918424 14.020819403
-16.556263801 14.026922919
-16.542347786 14.037339585
-16.554798957 14.033107815
-16.568348762 14.030340887
-16.580962694 14.032782294
-16.590728319 14.043605861
-16.545521614 14.070990302
-16.529286262 14.085191148
-16.503325976 14.116278387
-16.489125129 14.128241278
-16.457020637 14.137355861
-16.441477017 14.156561591
-16.429351366 14.160956122
-16.421009895 14.157131252
-16.412993944 14.149807033
-16.404693163 14.145412502
-16.394886848 14.150376695
-16.388824023 14.154852606
-16.372629361 14.162420966
-16.364735481 14.167792059
-16.427723762 14.170111395
-16.454741991 14.180161851
-16.452951627 14.201849677
-16.468739387 14.193833726
-16.474598762 14.179388739
-16.471506314 14.16425202
-16.460357226 14.154120184
-16.472767707 14.147365627
-16.483062304 14.148138739
-16.493072069 14.151841539
-16.504750129 14.154120184
-16.513172981 14.151027736
-16.51675371 14.143459377
-16.518788215 14.134263414
-16.521839973 14.126166083
-16.547515429 14.081854559
-16.556548632 14.071519273
-16.566802538 14.066961981
-16.588449674 14.061957098
-16.600331184 14.054185289
-16.609120246 14.04319896
-16.621571418 14.019964911
-16.631703254 14.010077216
-16.654164192 14.002752997
-16.675404426 14.006903387
-16.697010871 14.014227606
-16.721058723 14.016302802
-16.697580533 14.057440497
-16.696848111 14.064683335
-16.680002408 14.069403387
-16.652251757 14.099514065
-16.665638801 14.095648505
-16.678578254 14.076117255
-16.689686653 14.071519273
-16.711781379 14.070868231
-16.720529752 14.068915106
-16.727894661 14.064683335
-16.71613522 14.051336981
-16.717111783 14.042385158
-16.734120246 14.023138739
-16.737049934 14.015448309
-16.739613411 14.001125393
-16.744699674 13.992743231
-16.764556444 13.970607815
-16.768869595 13.961655992
-16.773426887 13.93357982
-16.768869595 13.838812567
-16.775054491 13.838812567
-16.780995246 14.030747789
-16.786000129 14.059719143
-16.802561002 14.107855536
-16.820790168 14.143459377
-16.829701301 14.154120184
-16.842762825 14.16006094
-16.868804491 14.165757554
-16.878732877 14.174546617
-16.88390052 14.188950914
-16.892404752 14.242865302
-16.898915168 14.259955145
-16.906971809 14.272528387
-16.925892707 14.291245835
-16.9345597 14.295884507
-16.941151496 14.297267971
-16.945464648 14.301418361
-16.947010871 14.314520575
-16.945790168 14.324774481
-16.940744595 14.344427802
-16.939564582 14.355861721
-16.944447395 14.372381903
-16.956532356 14.390122789
-16.987945116 14.421047268
-17.059478319 14.453924872
-17.070464648 14.465399481
-17.076161262 14.478583075
-17.111480273 14.530218817
-17.13784746 14.599025783
-17.178212043 14.653143622
-17.206939257 14.678900458
-17.224110481 14.690415757
-17.243763801 14.6992862
-17.265451627 14.702826239
-17.281646288 14.70726146
-17.324045377 14.728908596
-17.330555793 14.736314195
-17.363596158 14.735907294
-17.392323371 14.739325262
-17.417388476 14.737697658
-17.439808723 14.722072658
-17.431385871 14.712469794
-17.419341601 14.708970445
-17.42682858 14.694403387
-17.439808723 14.688462632
-17.436390754 14.685288804
-17.430246549 14.678045966
-17.42682858 14.674872137
-17.433013476 14.660549221
-17.436390754 14.659572658
-17.439808723 14.653753973
-17.452951627 14.662054755
-17.520171679 14.743068752
-17.536040819 14.757391669
-17.370961067 14.800279039
-17.322132942 14.839016018
-17.17296302 14.900824286
-17.138661262 14.927720445
-16.979725715 15.111883856
-16.947906054 15.157863674
-16.878244595 15.233099677
-16.739165819 15.472398179
-16.669667121 15.561835028
-16.538929817 15.774359442
-16.534291145 15.784369208
-16.536000129 15.794663804
-16.542347786 15.80882396
-16.542345659 15.8088478352
-16.519736288 15.846372376
-16.509917765 15.901511129
-16.507540649 16.010393372
-16.50159786 16.021865539
-16.487800252 16.06604889
-16.470436971 16.106356507
-16.465992798 16.174052633
-16.458758098 16.194154765
-16.444185344 16.206298727
-16.407288371 16.214825338
-16.391682088 16.224747213
-16.385377564 16.23492747
-16.38108842 16.24665802
-16.340160685 16.415898336
-16.334941365 16.455792542
-16.327396607 16.474551087
-16.313547323 16.493309632
-16.295098837 16.510621237
-16.273808146 16.52317861
-16.25101884 16.527622782
-16.217945923 16.521524963
-16.206732138 16.520749817
-16.195363322 16.522713522
-16.185183065 16.527312724
-16.155779175 16.547518209
-16.144307007 16.552685853
-16.132266398 16.554752909
-16.119657349 16.552375793
-16.110458944 16.546949768
-16.103069214 16.539560039
-16.090976929 16.522196757
-16.074027059 16.504885153
-16.053769898 16.495428365
-16.031187296 16.49289622
-16.007312785 16.496151836
-16.000181438 16.501061096
-15.993101766 16.50462677
-15.985608684 16.505867005
-15.977288778 16.503954977
-15.96436967 16.498994039
-15.958065145 16.498425599
-15.950675416 16.499820862
-15.911039591 16.516874084
-15.896931926 16.518424378
-15.861998657 16.510259501
-15.853575399 16.510259501
-15.828925741 16.514548645
-15.812957723 16.513773499
-15.767740845 16.499459127
-15.735288045 16.497702128
-15.726813111 16.495273336
-15.703196981 16.484421286
-15.687539022 16.480545553
-15.672191121 16.481372376
-15.657411662 16.486178284
-15.643614055 16.494653219
-15.621496542 16.514238587
-15.609662638 16.521318258
-15.594418091 16.523643698
-15.551474976 16.515117086
-15.536695516 16.51651235
-15.524809937 16.522196757
-15.51519812 16.530930074
-15.490910197 16.564519755
-15.478507854 16.5751651
-15.463986776 16.581469625
-15.448845581 16.580177714
-15.43944047 16.572684632
-15.433704387 16.562504375
-15.426883097 16.553150941
-15.414532431 16.548034974
-15.399804647 16.548345032
-15.385748657 16.551755677
-15.343632365 16.568705546
-15.328026083 16.571961161
-15.295935018 16.573046367
-15.248599406 16.565811666
-15.232476359 16.566380107
-15.125092733 16.582709859
-15.104008749 16.590357971
-15.097497518 16.594492086
-15.093208374 16.600176494
-15.092846639 16.6076179
-15.096153931 16.613974101
-15.112328654 16.629218649
-15.118271444 16.642602844
-15.116256063 16.655521953
-15.107574422 16.665392151
-15.093311727 16.66916453
-15.078894003 16.664978739
-15.069850627 16.65526357
-15.061995809 16.643791403
-15.05155717 16.634179586
-15.044374146 16.631905823
-15.03693274 16.632577617
-15.029853069 16.635471497
-15.023651896 16.639967347
-15.018742635 16.646116842
-15.016520548 16.652576396
-15.013368286 16.666580709
-15.006908732 16.67583079
-14.996625122 16.682445374
-14.974300904 16.691385397
-14.962932089 16.685804342
-14.949857951 16.672316793
-14.948934023 16.67055293
-14.94133134 16.656038717
-14.930944376 16.643377991
-14.912495891 16.64063914
