53.102061394 38.755072333
53.094737175 38.755072333
53.092133009 38.778794664
53.062998894 38.864691473
53.046885613 38.891669012
53.040212436 38.906683661
53.038422071 38.916937567
53.040049675 38.943426825
53.03785241 38.970160223
53.028575066 39.016302802
53.0263778 39.039374091
53.02995853 39.061346747
53.040293816 39.081000067
53.0576278 39.094427802
53.081716342 39.0977237
53.086599155 39.091294664
53.087901238 39.088120835
53.087901238 39.083441473
53.058848504 39.067084052
53.053965691 39.026800848
53.067393425 38.946844794
53.079437696 38.86347077
53.102061394 38.781724351
53.097992384 38.769232489
53.098399285 38.763902085
53.102061394 38.755072333
53.503754102 39.58612702
53.508636915 39.585516669
53.512950066 39.591213283
53.517344597 39.569403387
53.519297722 39.563869533
53.539724155 39.539618231
53.534434441 39.527655341
53.521983269 39.516099351
53.506195509 39.508612372
53.491872592 39.508612372
53.486582879 39.516343492
53.47527103 39.548081773
53.468272332 39.560451565
53.462901238 39.573797919
53.468516472 39.584947007
53.479991082 39.593329169
53.491872592 39.597967841
53.498301629 39.591009833
53.503754102 39.58612702
58.612266887 42.780852356
58.82744755 42.593757833
58.894420207 42.547843323
58.964700155 42.524382223
59.009245239 42.518465271
59.038597453 42.519731344
59.067432902 42.52557078
59.096475057 42.535983582
59.122003215 42.537998962
59.146084432 42.526759339
59.209646444 42.477718405
59.223805786 42.460871888
59.23331425 42.441725769
59.245199829 42.365348003
59.258428996 42.347545471
59.287161093 42.335944113
59.338114055 42.331809998
59.361575154 42.325789694
59.40146936 42.293905335
59.426480754 42.286773987
59.478157186 42.285637106
59.689513794 42.309795838
59.7763302 42.303956401
59.820978638 42.307987162
59.866350545 42.304214783
59.897873169 42.278531596
59.92567509 42.246285502
59.960711711 42.222721049
60.00505009 42.209776103
60.028201131 42.199518332
60.040396769 42.186470032
60.036986124 42.169701029
60.02055302 42.160786845
60.000089152 42.154508159
59.983656046 42.145593974
59.974457642 42.099240215
59.994094686 42.050095928
59.997195272 42.010615133
59.937870727 41.993406881
59.937560669 41.993406881
59.937250611 41.993406881
59.936940551 41.993484395
59.919267212 41.98966034
59.908001749 41.979815979
59.906451457 41.966612651
59.917510213 41.952427471
59.931772908 41.9476474
59.983656046 41.949042663
60.08876591 41.919354553
60.118221477 41.900440979
60.141144116 41.874221484
60.152534627 41.861192729
60.167520793 41.84959137
60.214856405 41.8285849
60.228912395 41.819619039
60.241108033 41.808069357
60.250823202 41.79427175
60.252683553 41.78006073
60.241108033 41.767064107
60.225398397 41.765462138
60.205864705 41.772025045
60.171344849 41.788406474
60.133724406 41.797294821
60.102408488 41.79527944
60.074916626 41.781042583
60.049181763 41.753499044
60.058276815 41.718591614
60.089075969 41.674124044
60.155635213 41.603327332
60.164730265 41.58495636
60.150984334 41.572347311
60.109643189 41.556792704
60.092589966 41.545475566
60.079567505 41.531471252
60.071712687 41.514366354
60.059206991 41.434164531
60.066131633 41.410496725
60.094243612 41.389516093
60.203694296 41.347089742
60.299915812 41.309831035
60.360273886 41.276344706
60.41453414 41.235261943
60.443266235 41.21965566
60.478096151 41.212110902
60.538144165 41.213247782
60.658860311 41.243788554
60.860295044 41.252986959
60.930264933 41.24022288
60.978013957 41.202809144
60.98462854 41.206994935
60.991139771 41.212472636
61.004318068 41.229533188
61.010260051 41.237225647
61.014084107 41.234900208
61.017184692 41.225960185
61.022765747 41.216865133
61.081883586 41.224513245
61.099660279 41.224099833
61.202599731 41.168806051
61.243217408 41.156300354
61.281354614 41.157282207
61.315874471 41.170459697
61.34398645 41.193817444
61.363003377 41.225185039
61.387498006 41.235778707
61.397213175 41.270970358
61.410752401 41.292002666
61.433179972 41.300322571
61.470076945 41.297170309
61.567331991 41.277791647
61.654355103 41.249421285
61.877907349 41.124984436
61.89744104 41.108809713
61.970821574 41.015430399
61.979296509 40.998842265
61.982707153 40.978430075
61.985394328 40.907891745
61.990251912 40.893163961
61.982707153 40.885670878
61.993869263 40.865878804
62.02534021 40.781956279
62.036812378 40.736325989
62.044770549 40.714983622
62.055725952 40.701754456
62.088695516 40.674365947
62.100064331 40.66041331
62.120683227 40.598970032
62.134170776 40.577834372
62.171377808 40.539955547
62.177268921 40.530653789
62.185330445 40.507864482
62.187061257 40.505515522
62.191841675 40.499027812
62.213442424 40.486573792
62.260933065 40.475721741
62.343615356 40.439393209
62.35327885 40.43040151
62.356379435 40.388181865
62.362580608 40.369681702
62.388315471 40.330149232
62.396532023 40.312010803
62.40020105 40.292115377
62.400976196 40.265605368
62.405058635 40.245244853
62.435754435 40.194188538
62.439681844 40.172897848
62.43410079 40.154811097
62.425780883 40.136672669
62.421595092 40.11507192
62.42438562 40.092127584
62.441955607 40.035955302
62.452807658 40.009238586
62.524586222 39.939733785
62.535386597 39.934979553
62.593160848 39.890227763
62.710156291 39.825735576
62.846478719 39.750598043
63.008949423 39.661094462
63.33864506 39.479451803
63.47755131 39.402919007
63.541009969 39.356100159
63.648496948 39.239518128
63.709268432 39.190890605
63.820062703 39.129137268
63.959692424 39.051364238
64.120612834 38.961679789
64.150585164 38.949458314
64.180144084 38.945117493
64.2059823 38.949458314
64.283393596 38.979689026
64.313572632 38.982479553
64.337343791 38.970955709
64.367566303 38.940374046
64.424315226 38.882950745
64.634896688 38.744147848
64.763364299 38.686011861
64.910538778 38.645342509
64.977718139 38.612269592
65.11083663 38.517262472
65.205301148 38.44964386
65.340176636 38.37781362
65.439602091 38.324948629
65.604139852 38.237408753
65.671629273 38.219683736
65.740203898 38.224076234
65.765990438 38.235548401
65.814359578 38.266192526
65.842884969 38.275339254
65.876681356 38.272962138
65.977450399 38.234566549
66.043492879 38.226194967
66.071604858 38.214541932
66.1335649 38.175293681
66.198418824 38.160720927
66.231078329 38.148783672
66.260430542 38.126743673
66.306939331 38.080389914
66.408328492 38.042846985
66.439437704 38.035457255
66.515918823 38.03509552
66.554159384 38.026853129
66.590384562 38.012978007
66.62402592 37.994012757
66.624232626 37.993883566
66.624335978 37.993831889
66.63652367 37.966593133
66.645781698 37.945901998
66.609039754 37.889187114
66.553642619 37.832007142
66.518812703 37.782707825
66.514988647 37.743485413
66.522946818 37.665040589
66.519122763 37.625249736
66.497211954 37.557889506
66.493491251 37.522206929
66.50713383 37.493836568
66.526822551 37.480374858
66.542687215 37.466758118
66.546614624 37.4507901
66.530801636 37.430145366
66.512094768 37.414823303
66.497005249 37.397744242
66.494834839 37.379424948
66.51958785 37.3641804
66.502896362 37.355653789
66.485223023 37.343406474
66.469926799 37.329763896
66.461451864 37.324441223
66.451064901 37.322942607
66.438662557 37.327903544
66.423624715 37.345680237
66.413496135 37.349633484
66.389621623 37.347178854
66.320685262 37.329143778
66.294433634 37.331210836
66.274383179 37.343277283
66.257743368 37.356842346
66.250847716 37.359650022
66.241878703 37.3633019
66.232525269 37.365420634
66.218469279 37.374799906
66.207720581 37.376892802
66.174647665 37.375497538
66.163072143 37.376892802
66.142918335 37.385057679
66.12560673 37.398700257
66.097856486 37.428414205
66.079666382 37.440868225
65.85518396 37.507944235
65.83606368 37.51915802
65.829087362 37.525617574
65.821077515 37.535177715
65.804334351 37.565305074
65.796479533 37.569335836
65.77653243 37.57290151
65.761442912 37.578379212
65.75885909 37.564116517
65.752657918 37.537864889
65.739428752 37.529054057
65.698294312 37.529415792
65.681034384 37.52639272
65.668838745 37.520553284
65.658710164 37.510269674
65.648323202 37.494146627
65.648323202 37.493991598
65.648271525 37.493939922
65.648168172 37.493836568
65.635765829 37.474096171
65.625740601 37.452805481
65.620986369 37.430403748
65.628892863 37.387538147
65.629461304 37.365420634
65.624086955 37.345137635
65.6112712 37.331055806
65.58315922 37.308059795
65.536857137 37.257106833
65.501407105 37.242275696
65.487921779 37.241997468
65.063087606 37.233232321
64.989086955 37.213672791
64.807909383 37.135512187
64.778763875 37.118045553
64.76016036 37.092620748
64.755612834 37.05363088
64.774629761 36.97758901
64.778763875 36.93846995
64.76522465 36.904621888
64.728548629 36.850569547
64.621357463 36.692593485
64.604821004 36.660554098
64.592005249 36.621073303
64.588801311 36.600454407
64.589008016 36.580248922
64.593710571 36.559836731
64.607766561 36.521647848
64.610505412 36.500925598
64.605854533 36.461083069
64.594382365 36.424186097
64.576657349 36.389614564
64.498160848 36.291429342
64.477696981 36.271637268
64.444572388 36.249984843
64.410879354 36.239856262
64.337240438 36.225955302
64.318946981 36.21975413
64.303650757 36.211537578
64.291868531 36.199445292
64.276055542 36.159241028
64.266133667 36.152471416
64.253731323 36.154848531
64.237143189 36.160429586
64.195905395 36.165907288
64.158698365 36.160274556
64.123351684 36.146063538
64.057257528 36.105239156
64.044648479 36.092320049
64.03622522 36.076403707
64.036380249 36.058575338
64.045578654 36.011291402
64.045113566 35.99873403
63.949977254 36.028861389
63.921968628 36.033718974
63.906327061 36.031732344
63.889825887 36.029636536
63.859853556 36.022091777
63.765905802 35.97728831
63.725701538 35.968865052
63.602298218 35.96266388
63.582092732 35.95904653
63.56343754 35.950623271
63.549588257 35.939047751
63.525920451 35.91269277
63.511089315 35.901840719
63.430215698 35.871041565
63.342934204 35.856262106
63.125273072 35.860241191
63.104085734 35.856468811
63.088634481 35.843394674
63.084397013 35.826083069
63.091321655 35.813318991
63.101295207 35.800554912
63.105687704 35.782881572
63.112043905 35.769910787
63.16325525 35.732290345
63.177259563 35.716890768
63.183925822 35.712343242
63.209350627 35.704488424
63.214414917 35.699269105
63.213588094 35.692292786
63.207696981 35.683197734
63.17989506 35.66645457
63.103155558 35.646042379
63.076645549 35.624700012
63.074940227 35.6098172
63.077369018 35.558760885
63.080572957 35.54651357
63.097212769 35.535454814
63.100726766 35.524964499
63.090494832 35.493545228
63.086257365 35.455666403
63.080211222 35.437062887
63.066827027 35.425590719
63.047086629 35.421353251
63.005538778 35.418407695
62.985281616 35.414583639
62.918205607 35.388176982
62.827565145 35.329317525
62.823063429 35.327514064
62.760489136 35.302445781
62.734237508 35.280741679
62.721628458 35.266427308
62.708605998 35.256040345
62.693619832 35.248392232
62.621066122 35.222709045
62.604529663 35.219401754
62.595641317 35.220590312
62.56618575 35.230770569
62.555437052 35.230408834
62.545515177 35.228031718
62.53548995 35.227359924
62.524586222 35.232165833
62.458905477 35.281878561
62.431878703 35.280638326
62.399322551 35.255936992
62.302015828 35.147519837
62.28620284 35.140646871
62.275712525 35.151033835
62.256850627 35.18715566
62.250959513 35.202348532
62.252613159 35.242811178
62.251217896 35.260381165
62.24434493 35.278054505
62.233699585 35.29376414
62.219023478 35.306269836
62.163884725 35.326165263
62.136341187 35.341358134
62.033815145 35.42398875
62.007460164 35.438923239
61.977746216 35.450912171
61.919351847 35.451842346
61.799049113 35.417477519
61.739621216 35.413756816
61.604745728 35.430603332
61.538703247 35.452307434
61.492711223 35.494165344
61.427702271 35.542844543
61.419309088 35.545891384
61.412612752 35.548322246
61.401243937 35.549820862
61.393182414 35.553593241
61.386877889 35.559536032
61.380263305 35.567339173
61.379953247 35.571318258
61.383880656 35.582118632
61.383467245 35.586459453
61.367654256 35.597983297
61.365483846 35.598500061
61.363933553 35.598241679
61.35153121 35.607130026
61.360109497 35.618395488
61.36093632 35.621030986
61.35153121 35.627800599
61.344193156 35.630901184
61.335718221 35.630901184
61.283318319 35.622632956
61.269675741 35.61849884
61.245387818 35.649297995
61.231745239 35.671880595
61.229161418 35.698597311
61.233088826 35.704591777
61.246731405 35.715495504
61.249728638 35.722471822
61.249005168 35.740196839
61.249728638 35.745777893
61.256343221 35.769497375
61.256136515 35.779367574
61.249728638 35.786705628
61.256136515 35.8091332
61.255516398 35.825359599
61.251899048 35.840397441
61.247351522 35.876209208
61.241046997 35.893882548
61.232158651 35.910677389
61.221823364 35.924526673
61.205803671 35.94049469
61.188337036 35.953568828
61.168079874 35.962353821
61.143585246 35.965506083
61.129839315 35.970518697
61.141414835 35.9823526
61.16177535 35.995943502
61.173970988 36.006485494
61.174591105 36.015838928
61.171077108 36.03594106
61.173970988 36.048033345
61.180275513 36.052787577
61.189680623 36.055784811
61.198155558 36.060797424
61.201979615 36.071597799
61.202393026 36.080744527
61.204150024 36.090563049
61.207250611 36.099503072
61.212211548 36.106376038
61.22275354 36.117538148
61.224717244 36.123687643
61.223063599 36.12880361
61.220479777 36.158930969
61.205493611 36.221097717
61.190920858 36.240631409
61.187613567 36.250346579
61.187200154 36.273549296
61.185443156 36.283987936
61.181412394 36.294478251
61.17727828 36.300369365
61.171077108 36.306415508
61.163118937 36.311583151
61.153507121 36.314942118
61.156194296 36.321866761
61.157744588 36.324657288
61.160948528 36.328636373
61.146685832 36.357265117
61.152473592 36.406306051
61.173970988 36.486817933
61.167976522 36.501804098
61.166322876 36.513844707
61.170663697 36.524438375
61.176864869 36.532034811
61.182239217 36.541646627
61.186166626 36.552808736
61.187613567 36.565107727
61.18595992 36.5776651
61.182239217 36.586915181
61.173970988 36.602314759
61.165806112 36.636317851
61.125188436 36.640762024
61.075475708 36.647790019
60.972949667 36.646343079
60.85440393 36.644637757
60.641083618 36.641485495
60.501247192 36.639470113
60.342290487 36.637144674
60.30921757 36.65197581
60.28865035 36.681069641
60.259608195 36.742409567
60.238524211 36.769746399
60.132587525 36.873409322
60.086388794 36.930020854
60.048871704 36.994022115
60.019209432 37.025803121
59.981588989 37.038825583
59.899526815 37.050556132
59.862836548 37.067816061
59.797207479 37.112206116
59.653236938 37.149671529
59.642591593 37.15023997
59.633186483 37.146260885
59.621507609 37.131507264
59.614479614 37.125486959
59.604971151 37.12388499
59.591535278 37.132334086
59.584610636 37.148896383
59.579856404 37.167809958
59.572725057 37.183390402
59.555981893 37.197782288
59.541202433 37.199849345
59.509473104 37.189824117
59.501204875 37.19021169
59.49272994 37.193596496
59.484668416 37.19876414
59.478157186 37.204138489
59.46172408 37.20760081
59.4588302 37.214757996
59.461827433 37.223000387
59.463067667 37.229718323
59.464514608 37.232457174
59.468131958 37.235841981
59.469372193 37.240699565
59.463481079 37.247443339
59.444670858 37.264186503
59.382039022 37.305682679
59.370360149 37.319428609
59.350723104 37.38836497
59.348345988 37.409293925
59.35165328 37.420430197
59.357854451 37.430274557
59.361988567 37.43921458
59.359198039 37.447508647
59.353203572 37.458438213
59.356304159 37.48063324
59.35165328 37.493836568
59.332326294 37.515127259
59.312275838 37.530345967
59.289228149 37.535177715
59.233107544 37.514713847
59.211713501 37.516315817
59.078284953 37.592745259
59.045625447 37.619617005
59.034566691 37.624526265
59.005524536 37.628014425
58.992192017 37.631450908
58.978136027 37.639512431
58.938655233 37.653930156
58.861037231 37.668089498
58.80109257 37.694651184
58.795614868 37.687726542
58.7931344 37.67284373
58.77980188 37.659640402
58.769259888 37.656798198
58.759027955 37.656152243
58.737737264 37.659407858
58.726368449 37.659382019
58.719237102 37.654782817
58.712932576 37.648814189
58.704250936 37.644628397
58.681720011 37.64271637
58.659085734 37.645403545
58.615884237 37.659511211
58.565654744 37.69485789
58.549324992 37.701575827
58.5297913 37.700387268
58.514288371 37.691473084
58.502299439 37.677391256
58.493101034 37.660673931
58.479665161 37.644111634
58.46230188 37.637497051
58.37176477 37.630365703
58.357812134 37.63331126
58.331457153 37.648297425
58.318848104 37.653051656
58.240920044 37.662327576
58.223866822 37.667469381
58.206813599 37.678734843
58.201956014 37.690103658
58.201852662 37.703952942
58.199268839 37.722194723
58.195754842 37.729636129
58.179941854 37.753045553
58.179115031 37.760771179
58.181285441 37.767928366
58.181182088 37.774853007
58.173533976 37.78162262
58.156687459 37.788185527
58.140564413 37.791131083
58.106871379 37.793430685
58.040932251 37.805703838
57.884145955 37.86533844
57.849522746 37.87272817
57.833296346 37.871746318
57.816449829 37.868645732
57.800016723 37.867638042
57.785030559 37.872573141
57.779139445 37.878774312
57.770044393 37.893889669
57.763016399 37.899393209
57.754748169 37.901021016
57.738418416 37.897997945
57.73482715 37.898271669
57.729943481 37.8986439
57.717127727 37.905077616
57.70462203 37.913707581
57.691186157 37.920270488
57.676096639 37.920477193
57.661110474 37.917428284
57.612327922 37.916601461
57.561374959 37.928228659
57.544631795 37.929985657
57.527681925 37.927841085
57.512075643 37.924068705
57.496262654 37.922311707
57.352395467 37.967528585
57.327074015 37.99411611
57.346814412 38.046929424
57.349294881 38.063569234
57.344333943 38.081061707
57.322939901 38.105117086
57.31136438 38.135011902
57.278601522 38.162943014
57.266922648 38.176895651
57.248835897 38.211518861
57.225788208 38.242369691
57.221550741 38.251154684
57.221137329 38.25859609
57.218346802 38.265081482
57.207288046 38.270740052
57.185894002 38.276476136
57.174938599 38.27756134
57.163983195 38.276476136
57.146619913 38.269809876
57.137914239 38.262364232
57.134837688 38.259732971
57.114683879 38.232111918
57.102798299 38.222009176
57.070448852 38.205059306
57.056496216 38.195240784
57.038409465 38.187282613
57.01804895 38.189814759
56.97836145 38.202733866
56.827879679 38.224954733
56.81237675 38.228959656
56.778166952 38.244488424
56.738996216 38.26960317
56.729384399 38.27105011
56.681532023 38.264616394
56.6013302 38.23686615
56.585207154 38.234566549
56.571771281 38.239501648
56.559162231 38.247382304
56.545209595 38.25410024
56.528156372 38.257407532
56.436482381 38.255082092
56.400102173 38.244126689
56.366409139 38.225523174
56.303363892 38.179427796
56.297059367 38.165785217
56.32424117 38.141135559
56.328995402 38.123772278
56.325481404 38.105220439
56.315456177 38.089459127
56.299746541 38.080234884
56.214067017 38.068840231
56.197840617 38.070648906
56.166740625 38.08079215
56.16187382 38.082379456
56.12146285 38.086461894
55.978422486 38.065894674
55.963022909 38.066514791
55.949070272 38.070080465
55.921888469 38.08144928
55.905041952 38.085583395
55.854088989 38.085996806
55.839412882 38.089924215
55.8003455 38.10780426
55.738437134 38.118604635
55.708671509 38.118656311
55.510957479 38.085841776
55.447395467 38.083671367
55.423107544 38.075894063
55.348796834 38.030496318
55.328126261 38.022124736
55.307455688 38.008792216
55.296086874 38.007551982
55.25050826 37.99540802
55.228804159 37.985796204
55.219709106 37.969983215
55.207410115 37.96615916
55.149635864 37.957477519
55.130308878 37.952309876
55.121730591 37.94471344
55.110775187 37.926471659
55.103540487 37.918797709
55.092791789 37.915542094
55.078735799 37.913707581
55.066643514 37.908436585
55.061372518 37.894845683
55.053517701 37.884407043
55.006802206 37.843091736
54.856630493 37.761132915
54.826658162 37.73526886
54.813635702 37.718629049
54.808158 37.702816061
54.803713826 37.682920634
54.787280721 37.651863098
54.78831425 37.630804952
54.791828248 37.625353089
54.803610473 37.616929831
54.808158 37.610341085
54.809398234 37.603338929
54.808158 37.57928355
54.805057413 37.565046692
54.791414836 37.539931946
54.78831425 37.524635722
54.783663371 37.517452698
54.758341919 37.500554505
54.710799601 37.475698141
54.698293905 37.46629303
54.678553508 37.459988505
54.653955526 37.438904521
54.638969361 37.43327179
54.616851847 37.433013407
54.55597701 37.443607077
54.533342733 37.440816549
54.364154094 37.362681784
54.328497355 37.353276673
54.306379842 37.353224996
54.283332154 37.355653789
54.261524699 37.354826965
54.243024536 37.344956767
54.224524373 37.330745748
54.206437622 37.324596253
54.186593873 37.323743591
53.9137482503 37.3427535969
53.913747592 37.342759507
53.913747592 37.343003648
53.899668816 37.468410549
53.889821811 37.508124091
53.871104363 37.547796942
53.865244988 37.567287502
53.860606316 37.611314195
53.824880405 37.744859117
53.807139519 38.031968492
53.810313347 38.048407294
53.823985222 38.081529039
53.834157748 38.130275783
53.858897332 38.206488348
53.854991082 38.233710028
53.866465691 38.265082098
53.868174675 38.308010158
53.863047722 38.381415106
53.861501498 38.389349677
53.852549675 38.403306382
53.848155144 38.412502346
53.845550977 38.422308661
53.843435092 38.442694403
53.828298373 38.503566799
53.82699629 38.525458075
53.836110873 38.606146552
53.847422722 38.646307684
53.863047722 38.679388739
53.909841342 38.737697658
53.926931186 38.77366771
53.9170028 38.803534247
53.931976759 38.813055731
53.939789259 38.831040757
53.945567254 38.851304429
53.954600457 38.867743231
53.965586785 38.881903387
53.977549675 38.901760158
53.982758009 38.916001695
53.972911004 38.913397528
53.97136478 38.934271552
53.958018425 38.944525458
53.923187696 38.954331773
53.922862175 38.956040757
53.918793165 38.96478913
53.9170028 38.967352606
53.912282748 38.969671942
53.899750196 38.97284577
53.896657748 38.974188544
53.891774936 38.9805362
53.887217644 38.988592841
53.884043816 38.998114325
53.882334832 39.008978583
53.870941602 39.028387762
53.859711134 39.0352237
53.820811394 39.036281643
53.796641472 39.041652736
53.787364129 39.042466539
53.776866082 39.03912995
53.77214603 39.033107815
53.767263217 39.030991929
53.756358269 39.039374091
53.747813347 39.054429429
53.728037957 39.101385809
53.721853061 39.111395575
53.712168816 39.104315497
53.715179884 39.088568427
53.724131707 39.072088934
53.732106967 39.062933661
53.732106967 39.056708075
53.715993686 39.063421942
53.701508009 39.078517971
53.694672071 39.097113348
53.705332879 39.124212958
53.697276238 39.142482815
53.69800866 39.15232982
53.703949415 39.158636786
53.732106967 39.172796942
53.702403191 39.175116278
53.70215905 39.196234442
53.724619988 39.241685289
53.703949415 39.232733466
53.676280144 39.216213283
53.660004102 39.200384833
53.674082879 39.193304755
53.683767123 39.083441473
53.672129754 39.098578192
53.64730879 39.123968817
53.635996941 39.138657945
53.631358269 39.156642971
53.630218946 39.176743882
53.623383009 39.19163646
53.601735873 39.193304755
53.606944207 39.205877997
53.610362175 39.221909898
53.608571811 39.235785223
53.598317905 39.241685289
53.59278405 39.235052802
53.576670769 39.203436591
53.567637566 39.193304755
53.563975457 39.216701565
53.568695509 39.24632396
53.588145379 39.303168036
53.560801629 39.282660223
53.577321811 39.316717841
53.581309441 39.330471096
53.574554884 39.327866929
53.553965691 39.323675848
53.564952019 39.345160223
53.562022332 39.353338934
53.5498153 39.348334052
53.533457879 39.330471096
53.52613366 39.337876695
53.514821811 39.332709052
53.47144616 39.330471096
53.452484571 39.318060614
53.443369988 39.318793036
53.44410241 39.337876695
53.437266472 39.337876695
53.429698113 39.327866929
53.418793165 39.318060614
53.40512129 39.311265367
53.38941491 39.310614325
53.394297722 39.317043361
53.403168165 39.337876695
53.396169467 39.338202216
53.382009311 39.337103583
53.375173373 39.337876695
53.37378991 39.336655992
53.365489129 39.331610419
53.361582879 39.330471096
53.358571811 39.332709052
53.351573113 39.342230536
53.347911004 39.344142971
53.33464603 39.340521552
53.309092644 39.330755927
53.293304884 39.330471096
53.293304884 39.337876695
53.29948978 39.345160223
53.296885613 39.349066473
53.288259311 39.350653387
53.27613366 39.350978908
53.26465905 39.352850653
53.249522332 39.361802476
53.238617384 39.364650783
53.218516472 39.363836981
53.170176629 39.352484442
53.149912957 39.344142971
53.185883009 39.326361395
53.197764519 39.323675848
53.179535352 39.301255601
53.173024936 39.288316148
53.170258009 39.272162177
53.172129754 39.255438544
53.184092644 39.213812567
53.181488477 39.189357815
53.171885613 39.177476304
53.161468946 39.17959219
53.136892123 39.321437893
53.130544467 39.333482164
53.08871504 39.383246161
53.085215691 39.400458075
53.094737175 39.419867255
53.104014519 39.429348049
53.132823113 39.450588283
53.137461785 39.459947007
53.140879754 39.47264232
53.145355665 39.483954169
53.165537957 39.496730861
53.178233269 39.51569245
53.214610222 39.593491929
53.241709832 39.636297919
53.275889519 39.664862372
53.313731316 39.658840236
53.292735222 39.649847723
53.277354363 39.639227606
53.248545769 39.607896226
53.244395379 39.599676825
53.235199415 39.570705471
53.232432488 39.567531643
53.211273634 39.550197658
53.216970248 39.525051174
53.254079623 39.521185614
53.363536004 39.538072007
53.426768425 39.535956122
53.446787957 39.530585028
53.458750847 39.517808335
53.46753991 39.502346096
53.478282097 39.488714911
53.492198113 39.480780341
53.509125196 39.47650788
53.550547722 39.474514065
53.567881707 39.467718817
53.57715905 39.467840887
53.581309441 39.477932033
53.580577019 39.487982489
53.577403191 39.495266018
53.571299675 39.499823309
53.560801629 39.501776434
53.573741082 39.52728913
53.586110873 39.523871161
53.599457227 39.50775788
53.615407748 39.494940497
53.634450717 39.495306708
53.663584832 39.517320054
53.683767123 39.522202867
53.692881707 39.51947663
53.715993686 39.509263414
53.724619988 39.508612372
53.736175977 39.517889716
53.73316491 39.527980861
53.722504102 39.537054755
53.711599155 39.543402411
53.689300977 39.550441799
53.64714603 39.558254299
53.629161004 39.570705471
53.645274285 39.574896552
53.654633009 39.5820987
53.655528191 39.592922268
53.646494988 39.607896226
53.633067254 39.618312893
53.619639519 39.620510158
53.571625196 39.616400458
53.568207227 39.622626044
53.567637566 39.642401434
53.564463738 39.652655341
53.556488477 39.664496161
53.54566491 39.674872137
53.533457879 39.680487372
53.539724155 39.646307684
53.539724155 39.632147528
53.533457879 39.632147528
53.497080925 39.676459052
53.471039259 39.696356512
53.44410241 39.701076565
53.447764519 39.69525788
53.457774285 39.673081773
53.451670769 39.676662502
53.435883009 39.683335679
53.429860873 39.686712958
53.430430535 39.667710679
53.449229363 39.64858633
53.450938347 39.632147528
53.41675866 39.649969794
53.41285241 39.685695705
53.429860873 39.762518622
53.418223504 39.757391669
53.405772332 39.755804755
53.39340254 39.757513739
53.382009311 39.762518622
53.382009311 39.769273179
53.415212436 39.782049872
53.46753991 39.838690497
53.499278191 39.865545966
53.493825717 39.870672919
53.488291863 39.881048895
53.485036655 39.885402736
53.493825717 39.889349677
53.50269616 39.891546942
53.522715691 39.892808335
53.537119988 39.896307684
53.536957227 39.903753973
53.530772332 39.910711981
53.52613366 39.912665106
53.537282748 39.924872137
53.552744988 39.936224677
53.567067905 39.949530341
53.574473504 39.967922268
53.56910241 39.965562242
53.566416863 39.96482982
53.564219597 39.963934637
53.560801629 39.96108633
53.543630405 39.974310614
53.528819207 39.976955471
53.491872592 39.974758205
53.474945509 39.979234117
53.45199629 39.995510158
53.437266472 40.002671617
53.419606967 40.006496486
53.402110222 40.006781317
53.385264519 40.003078518
53.368907097 39.995266018
53.32683353 39.958685614
53.310313347 39.953599351
53.305674675 39.951483466
53.290049675 39.942084052
53.282725457 39.940008856
53.274912957 39.942084052
53.257090691 39.951483466
53.248545769 39.953599351
53.237559441 39.957749742
53.172373894 39.997463283
53.15528405 39.99237702
53.140391472 39.981024481
53.125743035 39.974758205
53.05355879 39.967922268
53.059255405 39.977036851
53.06511478 39.984035549
53.072438998 39.989813544
53.081716342 39.995266018
53.012461785 39.978013414
52.974864129 39.974310614
52.943695509 39.981594143
52.927500847 40.011175848
52.913584832 40.021673895
52.896006707 40.008856512
52.895843946 39.998277085
52.903086785 39.984930731
52.919932488 39.964544989
52.923594597 39.952582098
52.930186394 39.895941473
52.936045769 39.887600002
52.964528842 39.858221747
52.974864129 39.851874091
53.012543165 39.797267971
53.043711785 39.774644273
53.05355879 39.769273179
53.05355879 39.762518622
53.005869988 39.782945054
53.019379102 39.775336005
53.046885613 39.748236395
53.040049675 39.742010809
53.008067254 39.766343492
52.99488366 39.780218817
52.966319207 39.832953192
52.952647332 39.846502997
52.917165561 39.858343817
52.90528405 39.874579169
52.898448113 39.895493882
52.892832879 39.934230861
52.884125196 39.944891669
52.78785241 40.004339911
52.753265821 40.031968492
52.738454623 40.053615627
52.746104363 40.096991278
52.753754102 40.12107982
52.761973504 40.135809637
52.76832116 40.153794664
52.758067254 40.172512111
52.730967644 40.200669664
52.743418816 40.209540106
52.738942905 40.219387111
52.71778405 40.235419012
52.698985222 40.273871161
52.70199629 40.31240469
52.736582879 40.48456452
52.750254754 40.517645575
52.77247155 40.55072663
52.832530144 40.614569403
52.863129102 40.658107815
52.868174675 40.694159247
52.859222852 40.700018622
52.833181186 40.704901434
52.827647332 40.711493231
52.829844597 40.720648505
52.837575717 40.739081122
52.837250196 40.742499091
52.832530144 40.745550848
52.845225457 40.751654364
52.861582879 40.756496486
52.868174675 40.755560614
52.870371941 40.765082098
52.868825717 40.775783596
52.865244988 40.78510163
52.86198978 40.790350653
52.88550866 40.865423895
52.923350457 40.941148179
52.931325717 40.975653387
52.9170028 41.044989325
52.916514519 41.085150458
52.927256707 41.079046942
52.951426629 41.068793036
52.961192254 41.060980536
52.965505405 41.049383856
52.963063998 41.037787177
52.958750847 41.026516018
52.958181186 41.016262111
52.968435092 40.997015692
53.012054884 40.954779364
53.019867384 40.937933661
53.031748894 40.899807033
53.040049675 40.885931708
53.072032097 40.868963934
53.074473504 40.865423895
53.099782748 40.865179755
53.111338738 40.86709219
53.121918165 40.872259833
53.106293165 40.858303127
53.081879102 40.85150788
53.064707879 40.84398021
53.070811394 40.827866929
53.077972852 40.822211005
53.094004754 40.81240469
53.102061394 40.803941148
53.10425866 40.794907945
53.10425866 40.783596096
53.107432488 40.773911851
53.118907097 40.769842841
53.163259311 40.767035223
53.18230228 40.768459377
53.204600457 40.776068427
53.249766472 40.81256745
53.265879754 40.817043361
53.249359571 40.790350653
53.24488366 40.774969794
53.256032748 40.768947658
53.33082116 40.776068427
53.339528842 40.780829169
53.341156446 40.791978257
53.341156446 40.80459219
53.344493035 40.813910223
53.359222852 40.829779364
53.36996504 40.835191148
53.382009311 40.831284898
53.383067254 40.825588283
53.375987175 40.807074286
53.375173373 40.797796942
53.383799675 40.778306382
53.398692254 40.762762762
53.418304884 40.752427476
53.440684441 40.748724677
53.446950717 40.746527411
53.461273634 40.736883856
53.47144616 40.735052802
53.48308353 40.737046617
53.491872592 40.740871486
53.505544467 40.748724677
53.54167728 40.76162344
53.555349155 40.77350495
53.560801629 40.794012762
53.559092644 40.836818752
53.562754754 40.852972723
53.587412957 40.891587632
53.59278405 40.893377997
53.605479363 40.893377997
53.614756707 40.891546942
53.624685092 40.887030341
53.632578972 40.881293036
53.635996941 40.876044012
53.638926629 40.872015692
53.652842644 40.867865302
53.656993035 40.865423895
53.657481316 40.859076239
53.654551629 40.852932033
53.650889519 40.84784577
53.649587436 40.844916083
53.65512129 40.823879299
53.660329623 40.816229559
53.67066491 40.810777085
53.662119988 40.796616929
53.656748894 40.789740302
53.649587436 40.783514716
53.660980665 40.766180731
53.676442905 40.725897528
53.691172722 40.707831122
53.701182488 40.70311107
53.711192254 40.701646226
53.719493035 40.698309637
53.724619988 40.687933661
53.722015821 40.680731512
53.708018425 40.659002997
53.704763217 40.650091864
53.721039259 40.625677802
53.759532097 40.625677802
53.804860873 40.632635809
53.862640821 40.626166083
53.879161004 40.637925523
53.894786004 40.653062242
53.937754754 40.671616929
53.947764519 40.673651434
53.957855665 40.67210521
53.985362175 40.660589911
54.0107528 40.657863674
54.030528191 40.662827867
54.049082879 40.669989325
54.080332879 40.676092841
54.088145379 40.682196356
54.093272332 40.690090236
54.095225457 40.697821356
54.089610222 40.698919989
54.063243035 40.708482164
54.054209832 40.715277411
54.11207116 40.713446356
54.141368035 40.716864325
54.171071811 40.729681708
54.232188347 40.728338934
54.235036655 40.725734768
54.230479363 40.719387111
54.220713738 40.69537995
54.21753991 40.690252997
54.2216903 40.687079169
54.25269616 40.676581122
54.403575066 40.673651434
54.383962436 40.682766018
54.362640821 40.687933661
54.375173373 40.700913804
54.414886915 40.708726304
54.430430535 40.721421617
54.3310653 40.720200914
54.318207227 40.721625067
54.310557488 40.73065827
54.308116082 40.752142645
54.303884311 40.770086981
54.285004102 40.797430731
54.278575066 40.823635158
54.268809441 40.8399112
54.266449415 40.848334052
54.26832116 40.855047919
54.271983269 40.859849351
54.274587436 40.864894924
54.273285352 40.872259833
54.267100457 40.874172268
54.257090691 40.873114325
54.248301629 40.87498607
54.245941602 40.885931708
54.250010613 40.89061107
54.257497592 40.891424872
54.266123894 40.891343492
54.273285352 40.893377997
54.299001498 40.916083075
54.312510613 40.923895575
54.331716342 40.926906643
54.360524936 40.917059637
54.421153191 40.879868882
54.437836134 40.879706122
54.465830925 40.865952867
54.468760613 40.85162995
54.456309441 40.835638739
54.437836134 40.817043361
54.474945509 40.809881903
54.590668165 40.826727606
54.624359571 40.836493231
54.639903191 40.838771877
54.657562696 40.862005927
54.699554884 40.87909577
54.708994988 40.884995835
54.746592644 40.932684637
54.756032748 40.948431708
54.760020379 40.96503327
54.756195509 40.981594143
54.746836785 40.995672919
54.722015821 41.019964911
54.69011478 41.059230861
54.677989129 41.064642645
54.677989129 41.070868231
54.700531446 41.068304755
54.724375847 41.059271552
54.767425977 41.036769924
54.760915561 41.045477606
54.74097741 41.057847398
54.732595248 41.064642645
54.723887566 41.074855861
54.720062696 41.080471096
54.718435092 41.085150458
54.719899936 41.091986395
54.724294467 41.098049221
54.72925866 41.100978908
54.732595248 41.098130601
54.716075066 41.115179755
54.688731316 41.12124258
54.659353061 41.124457098
54.636403842 41.13296133
54.635020379 41.162665106
54.60043379 41.192328192
54.400401238 41.309027411
54.311778191 41.338283596
54.294769727 41.347479559
54.258067254 41.375962632
54.211436394 41.395819403
54.190765821 41.407294012
54.186045769 41.412543036
54.174978061 41.429388739
54.152842644 41.454250393
54.144786004 41.459784247
54.108653191 41.465480861
54.089366082 41.474798895
54.073985222 41.487982489
54.061045769 41.502875067
54.041351759 41.534572658
54.03028405 41.569484768
54.025889519 41.608791408
54.025563998 41.69521719
54.019704623 41.731512762
54.008555535 41.764837958
53.992198113 41.79706452
53.944590691 41.858343817
53.936859571 41.876206773
53.93230228 41.884263414
53.921722852 41.887437242
53.910329623 41.889308986
53.902842644 41.893296617
53.898773634 41.905340887
53.901621941 41.914618231
53.906911655 41.923529364
53.910166863 41.934271552
53.909353061 41.940619208
53.904063347 41.960516669
53.902842644 41.972113348
53.914805535 41.995550848
53.9170028 42.006903387
53.916270379 42.02350495
53.913259311 42.043402411
53.906911655 42.062933661
53.896657748 42.078843492
53.865570509 42.10175202
53.818695509 42.124416408
53.767914259 42.136135158
53.724619988 42.126044012
53.681813998 42.143947658
53.375173373 42.1055362
53.316579623 42.08226146
53.296722852 42.078843492
53.219737175 42.081447658
53.163828972 42.103705145
53.121918165 42.08999258
53.084483269 42.064520575
53.060394727 42.044134833
52.960297071 41.98436107
52.937022332 41.955389716
52.821462436 41.764878648
52.804047071 41.744859117
52.789561394 41.736273505
52.782074415 41.725531317
52.773773634 41.701320705
52.769216342 41.675604559
52.77247155 41.660549221
52.784678582 41.663072007
52.815684441 41.693833726
52.83082116 41.701483466
52.880544467 41.697902736
52.903819207 41.689764716
52.916514519 41.674221096
52.915375196 41.660793361
52.899912957 41.640326239
52.896006707 41.629543361
52.89714603 41.619452216
52.901866082 41.599839585
52.902842644 41.588527736
52.898936394 41.565985419
52.832692905 41.43748607
52.827647332 41.417181708
52.815684441 41.388739325
52.813487175 41.379339911
52.8154403 41.369533596
52.827647332 41.344631252
52.837250196 41.302923895
52.844004754 41.240179755
52.851328972 41.223578192
52.903981967 41.140204169
52.909678582 41.122707424
52.904307488 41.101996161
52.883067254 41.072495835
52.882334832 41.050441799
52.875498894 41.050441799
52.86996504 41.060003973
52.854014519 41.07050202
52.848317905 41.077704169
52.8466903 41.088690497
52.8545028 41.119330145
52.854665561 41.142523505
52.851084832 41.163316148
52.844086134 41.182562567
52.833832227 41.201239325
52.829274936 41.206488348
52.816661004 41.217840887
52.813487175 41.221747137
52.811045769 41.233710028
52.813731316 41.252671617
52.813487175 41.262640692
52.791270379 41.321275132
52.789561394 41.331000067
52.777110222 41.339544989
52.760996941 41.377590236
52.745290561 41.386175848
52.731944207 41.388251044
52.723399285 41.394232489
52.719086134 41.403957424
52.71778405 41.417181708
52.715830925 41.426418361
52.710297071 41.432277736
52.693614129 41.444525458
52.68238366 41.450344143
52.655935092 41.45335521
52.646250847 41.458197333
52.611664259 41.49237702
52.593923373 41.502630927
52.575368686 41.508734442
52.562185092 41.51947663
52.560231967 41.543850002
52.563487175 41.546210028
52.584157748 41.574611721
52.587738477 41.582709052
52.58863366 41.594183661
52.587575717 41.616156317
52.589121941 41.623195705
52.595225457 41.633734442
52.595550977 41.640041408
52.59253991 41.645738023
52.587738477 41.649562893
52.583018425 41.652004299
52.58073978 41.653713283
52.572520379 41.673773505
52.567149285 41.681708075
52.560231967 41.687811591
52.552907748 41.689642645
52.536631707 41.687933661
52.529551629 41.691229559
52.519867384 41.702093817
52.51449629 41.70693594
52.49878991 41.712103583
52.483571811 41.726263739
52.474619988 41.729437567
52.450205925 41.734808661
52.437673373 41.748846747
52.4376706173 41.7488757414
52.478842814 41.780344951
52.631443319 41.894239807
52.764355103 41.993484395
52.764665161 41.993587748
52.764665161 41.993768616
52.978708944 42.126628723
53.135081828 42.167840678
53.191719198 42.193032939
53.41227421 42.258171082
53.478420044 42.268661398
53.654429972 42.292484233
53.807598917 42.313077291
54.047170858 42.345400899
54.122618449 42.337597758
54.195275513 42.318064067
54.350511516 42.240911153
54.518976684 42.157272847
54.619642375 42.107198385
54.738291463 42.048209737
54.907066691 41.932144471
54.93083785 41.909225973
54.940759725 41.889614767
54.940553019 41.872716574
54.936418904 41.855275778
54.934971964 41.833726706
54.940242961 41.813598735
54.9506816 41.79556366
55.054757935 41.690014547
55.100026489 41.644151714
55.164932088 41.557464498
55.228390748 41.472818502
55.259189901 41.444654846
55.294123169 41.421503805
55.356755005 41.389051005
55.372567993 41.375563457
55.384660278 41.35856191
55.412668904 41.307919007
55.429515421 41.290814107
55.450289348 41.278876852
55.478297974 41.266784567
55.509303834 41.258878073
55.635497681 41.264355774
55.694408814 41.281564026
55.787323039 41.291692607
55.876619914 41.324507141
55.910106242 41.326625876
55.978422486 41.321716614
56.140686483 41.315153707
56.326824992 41.307453919
56.533721316 41.298968795
56.570014282 41.297480367
56.793463176 41.288333639
56.887927694 41.273347474
57.010194132 41.254123841
57.029521118 41.262598776
57.060320272 41.304921774
57.080060669 41.322026672
57.126672811 41.33959666
57.147963501 41.351068827
57.159228963 41.361145732
57.161399374 41.367967021
57.153751261 41.372359518
57.103625122 41.381609599
57.088328898 41.387294007
57.074169555 41.394993795
57.052258748 41.413597311
57.033035115 41.438246969
57.019599243 41.465945537
57.015051717 41.493644104
57.015775187 41.528990784
57.012054484 41.557826233
57.000582316 41.584026184
56.97836145 41.61146637
56.960481405 41.647200623
56.961618286 41.678723247
56.969473104 41.710891825
56.971953573 41.748538106
56.949836059 41.827499695
56.950146118 41.866050314
56.97836145 41.895118306
57.074376261 41.928785503
57.115510702 41.952091573
57.152924439 41.993484395
57.152924439 41.993742778
57.20780481 42.070559794
57.288213338 42.129419251
57.382264445 42.163629049
57.478279256 42.16652293
57.619769328 42.148177796
57.666278117 42.155102438
57.721571899 42.175333761
57.740898885 42.178744405
57.809215129 42.176393128
57.828438762 42.17954539
57.850452922 42.191430969
57.847352336 42.200913595
57.834536581 42.211636454
57.82730188 42.227371928
57.835466757 42.240446066
57.873707316 42.24964447
57.888073364 42.261581727
57.928794393 42.330931498
57.937476033 42.35423757
57.935719035 42.369818014
57.914324992 42.403950297
57.908640584 42.430434469
57.925590454 42.441105653
57.952772258 42.450071513
57.978300415 42.471775615
57.987085408 42.48342865
57.997730753 42.49342804
58.01602421 42.499706726
58.038245077 42.502781474
58.060879354 42.502264709
58.079896281 42.497303772
58.094365682 42.486710104
58.117206665 42.461517843
58.13322636 42.454567362
58.149452759 42.455678406
58.185729614 42.467253927
58.203816366 42.469501851
58.225727173 42.466582133
58.325049276 42.43185557
58.358949016 42.413407085
58.384683879 42.387827251
58.394915813 42.352248027
58.391505168 42.333980408
58.386130818 42.316849671
58.38582076 42.301320903
58.397602987 42.287859192
58.413932739 42.284758607
58.478218221 42.291993307
58.490620565 42.297574361
58.494134562 42.305713399
58.489587036 42.314524231
58.478218221 42.322327372
58.437910604 42.35769989
58.363703247 42.44707428
58.337038208 42.49371226
58.306239054 42.528671367
58.270995728 42.549031881
58.145732056 42.592569276
58.127025187 42.604997457
58.12134078 42.624246928
58.130642537 42.63884552
58.148832642 42.648999939
58.186556437 42.661195578
58.239576457 42.685147604
58.258283325 42.689514262
58.282674602 42.688919983
58.390574992 42.65667389
58.441838013 42.64783722
58.493204386 42.645460104
58.534545532 42.65450348
58.55573287 42.68359731
58.569375447 42.768501689
58.587875611 42.791187643
58.612266887 42.780852356
