22.919561808 43.834224752
23.052551215 43.842819856
23.131848592 43.847944845
23.161924275 43.857324117
23.196960896 43.862750143
23.234477987 43.877297059
23.325150732 43.886592281
23.484695272 43.88060435
23.592699016 43.837428691
23.620853516 43.83400993
23.636107219 43.832157695
23.720753215 43.845826111
23.742870727 43.842699687
23.799921509 43.81846344
24.149605832 43.754719949
24.159382772 43.752937724
24.336705387 43.759250925
24.358233684 43.760017395
24.375493612 43.76386729
24.431200806 43.794175517
24.466340779 43.802417908
24.500137166 43.79949819
24.661763224 43.755656716
24.705602661 43.743765158
24.752628215 43.73880422
24.963674764 43.749604594
25.081600382 43.718934631
25.211308227 43.711880799
25.252339315 43.704646098
25.285404775 43.690391315
25.288719523 43.688962301
25.323032674 43.66971283
25.359619588 43.654287415
25.403131144 43.650049948
25.42607548 43.654390767
25.467416626 43.667749125
25.482450035 43.669714753
25.488758993 43.670539653
25.533820841 43.668679301
25.556558472 43.670358785
25.575058634 43.67738678
25.593868856 43.680668234
25.616503134 43.687747904
25.637897176 43.697282207
25.653503458 43.708134257
25.671383504 43.7173585
25.732947937 43.718781011
25.739596395 43.718934631
25.781144246 43.732008769
25.804398641 43.759914042
25.806258993 43.763660584
25.839331909 43.788439433
25.86930424 43.800893453
25.916433146 43.844379171
25.92449467 43.858616028
25.934003133 43.87032074
26.054305868 43.934322001
26.061643921 43.949773254
26.07931726 43.969048564
26.116214233 43.998865865
26.150734091 44.01240509
26.231452678 44.027494609
26.310517619 44.052609355
26.332335498 44.054926298
26.415790673 44.063788794
26.614168335 44.084855448
26.647758016 44.09338206
26.667808471 44.095087382
26.677316935 44.097051087
26.697212361 44.106094463
26.70868453 44.108109843
26.753694702 44.108109843
26.789454793 44.115964661
26.884126017 44.15653066
27.001534871 44.165108949
27.027476441 44.177046204
27.100236857 44.144490052
27.205553426 44.129245504
27.226740763 44.120718893
27.251132039 44.122372539
27.252662458 44.121518866
27.269012085 44.112398987
27.26430953 44.08976471
27.285341838 44.072453105
27.341669149 44.053074443
27.353554728 44.045271302
27.372881714 44.020724996
27.383837117 44.015092265
27.574523152 44.016280823
27.633434285 44.029768372
27.656275268 44.023877259
27.676119019 43.993543193
27.682514976 43.98725601
27.721697631 43.948739726
27.787326701 43.9604186
27.856469767 43.988633932
27.912073608 43.993336487
27.912073608 43.993233134
27.935844767 43.964397685
27.981009969 43.849340109
28.014806355 43.830038961
28.221253703 43.7619811
28.434574015 43.735212707
28.578379754 43.741278387
28.576182488 43.727525132
28.57309004 43.606146552
28.575531446 43.593329169
28.585703972 43.575832424
28.595876498 43.563706773
28.602712436 43.552720445
28.603526238 43.538153387
28.594574415 43.512518622
28.578461134 43.480780341
28.560313347 43.453843492
28.545176629 43.442531643
28.535004102 43.438625393
28.488617384 43.40643952
28.47925866 43.396795966
28.473887566 43.384263414
28.473155144 43.366848049
28.459483269 43.380682684
28.414561394 43.398871161
28.40495853 43.404689846
28.393809441 43.41429271
28.368662957 43.42177969
28.321625196 43.428290106
28.299164259 43.425034898
28.261566602 43.410956122
28.243174675 43.407782294
28.177989129 43.409979559
28.157237175 43.407782294
28.118825717 43.391546942
28.091563347 43.363959052
28.087006056 43.355251369
28.031097852 43.248968817
28.017588738 43.232733466
28.000173373 43.223211981
27.931976759 43.209784247
27.92058353 43.204046942
27.913828972 43.202337958
27.903981967 43.202337958
27.903981967 43.19550202
27.938731316 43.176499742
27.945567254 43.168850002
27.94434655 43.157131252
27.925140821 43.113592841
27.911387566 43.065171617
27.904307488 43.055853583
27.895518425 43.049261786
27.887705925 43.042141018
27.883555535 43.030991929
27.88542728 43.008612372
27.900401238 42.962876695
27.903981967 42.942287502
27.898448113 42.874660549
27.903981967 42.859686591
27.883962436 42.848374742
27.883555535 42.83193594
27.891612175 42.810370184
27.89714603 42.784002997
27.89714603 42.736232815
27.894704623 42.717474677
27.892263217 42.710516669
27.841075066 42.708319403
27.787364129 42.715155341
27.743174675 42.716050523
27.732676629 42.714504299
27.72559655 42.708482164
27.719004754 42.694566148
27.715830925 42.68374258
27.716970248 42.674505927
27.724131707 42.666978257
27.739512566 42.661078192
27.712738477 42.657660223
27.669200066 42.643703518
27.646739129 42.64057038
27.628428582 42.6289737
27.630381707 42.602728583
27.641449415 42.574774481
27.650157097 42.558050848
27.634043816 42.563706773
27.540863477 42.565497137
27.511485222 42.553045966
27.498545769 42.532456773
27.491465691 42.50775788
27.480153842 42.482896226
27.462250196 42.489569403
27.452891472 42.480129299
27.453379754 42.465236721
27.465668165 42.455633856
27.462087436 42.448716539
27.461110873 42.443548895
27.465668165 42.428290106
27.468435092 42.435777085
27.469899936 42.437079169
27.469411655 42.437201239
27.465668165 42.44135163
27.472666863 42.461859442
27.503916863 42.437323309
27.514170769 42.435126044
27.5263778 42.443670966
27.534434441 42.455267645
27.544444207 42.460028387
27.562022332 42.448187567
27.571055535 42.458482164
27.579600457 42.45722077
27.587738477 42.451483466
27.595550977 42.448187567
27.609629754 42.451157945
27.619476759 42.455877997
27.629405144 42.458644924
27.64332116 42.455633856
27.642832879 42.450506903
27.641774936 42.449530341
27.639821811 42.449774481
27.636485222 42.448187567
27.642425977 42.430894273
27.652191602 42.418524481
27.667735222 42.416083075
27.691661004 42.428290106
27.693532748 42.418890692
27.699066602 42.413885809
27.707855665 42.412746486
27.719004754 42.414699611
27.719004754 42.407212632
27.713226759 42.405951239
27.69800866 42.400376695
27.705414259 42.39061107
27.70964603 42.388128973
27.719004754 42.38670482
27.709483269 42.376776434
27.708343946 42.363104559
27.714366082 42.349188544
27.725840691 42.338934637
27.740407748 42.334295966
27.752126498 42.335394598
27.76449629 42.338324286
27.780446811 42.338934637
27.780446811 42.332709052
27.774587436 42.327215887
27.774424675 42.321722723
27.779144727 42.31631094
27.78785241 42.310980536
27.762950066 42.295599677
27.751149936 42.277044989
27.755869988 42.258490302
27.780446811 42.243353583
27.77605228 42.240668036
27.775645379 42.239650783
27.773692254 42.235907294
27.809743686 42.218410549
27.81527754 42.211981512
27.819997592 42.204657294
27.831390821 42.195013739
27.844899936 42.186102606
27.856211785 42.181301174
27.85417728 42.177923895
27.851410352 42.170111395
27.849375847 42.167059637
27.879079623 42.154242255
27.886729363 42.147365627
27.903981967 42.119818427
27.957774285 42.094305731
27.964366082 42.084621486
27.972666863 42.075384833
27.986582879 42.072088934
27.982432488 42.061102606
27.9873153 42.051743882
27.996918165 42.044012762
28.007009311 42.037909247
28.007578972 42.032904364
28.006114129 42.031561591
28.003428582 42.03148021
28.000173373 42.030462958
28.011566602 42.021389065
28.019053582 42.008449611
28.020355665 41.994574286
28.013845248 41.982652085
28.016774936 41.97256094
28.016783431 41.972531457
27.981009969 41.978524069
27.965920451 41.982141419
27.917034546 41.977903951
27.903391968 41.981056213
27.876933634 41.990719707
27.8522323 41.9954481
27.843033895 41.995758159
27.824016968 41.993484395
27.819934529 41.994698792
27.815955445 41.995138042
27.811924682 41.994698792
27.807997274 41.993484395
27.804948364 41.983433329
27.804896687 41.969894104
27.802726278 41.960049744
27.818280884 41.95286672
27.815335327 41.946794739
27.802829631 41.943074036
27.78980717 41.942686463
27.776164592 41.946122945
27.723971395 41.967594503
27.687074422 41.968602193
27.609301392 41.953486837
27.606872599 41.943513285
27.603358602 41.938629863
27.598087606 41.938604025
27.590542847 41.942893169
27.58237797 41.934883322
27.572197713 41.929844869
27.550751994 41.924212138
27.552095581 41.921835022
27.554886108 41.920336405
27.557935018 41.919070334
27.560673869 41.91767507
27.55746993 41.915504659
27.551268758 41.913101705
27.548891642 41.910879619
27.562740926 41.906435445
27.546411173 41.901164449
27.533182007 41.908063253
27.509462524 41.933177999
27.49432133 41.942841492
27.420837443 41.97371816
27.396859578 41.989324443
27.374845418 42.008703105
27.332470744 42.057433981
27.30528894 42.077587789
27.273352906 42.091747132
27.238212931 42.097922465
27.216405477 42.095622864
27.203796427 42.088129781
27.181575561 42.065883077
27.17899174 42.061878154
27.178164917 42.058364156
27.173824097 42.057072246
27.149587849 42.061826478
27.127211954 42.062575786
27.116049845 42.061826478
27.100650268 42.071102397
27.083700398 42.078414612
27.065510294 42.082703756
27.047903041 42.082919649
27.046545044 42.0829363
27.022618856 42.073892924
27.00039799 42.04280955
26.981071004 42.032861837
26.967170044 42.028495179
26.958230021 42.018237406
26.950065144 42.00617096
26.938903035 41.996223247
26.930221395 41.994517924
26.91146285 41.996791687
26.901075887 41.993484395
26.890327189 41.985422873
26.881128784 41.985526225
26.871723674 41.988135885
26.860768269 41.987903341
26.850019572 41.982864889
26.837899181 41.975219503
26.827695353 41.968783061
26.819427124 41.965656636
26.808420044 41.967878724
26.789919881 41.97994517
26.780566447 41.983433329
26.768577515 41.980771994
26.746976766 41.964493917
26.736744833 41.958964539
26.717572876 41.957310893
26.623573446 41.969041444
26.6056934 41.967413636
26.589467 41.958757834
26.560631552 41.935684306
26.553293497 41.93157603
26.547092326 41.926899312
26.542958211 41.920362244
26.54471521 41.916434835
26.556807495 41.910750427
26.559804728 41.907339783
26.558977905 41.90173289
26.554740438 41.892947897
26.553603557 41.887702739
26.552894853 41.881643325
26.552053263 41.874447734
26.547815796 41.856283468
26.539547567 41.837990011
26.526111694 41.82424408
26.478362671 41.813288676
26.375526571 41.816621806
26.334185425 41.789543355
26.320026082 41.765462138
26.316305379 41.743758036
26.323230021 41.723681743
26.333358602 41.713036397
26.294911336 41.710323385
26.273930705 41.714896749
26.261011597 41.723061626
26.23444991 41.745825094
26.226181681 41.749674988
26.211815633 41.750475973
26.189904826 41.734688823
26.135127808 41.733396912
26.108359415 41.727893372
26.081487671 41.711511943
26.074046265 41.709134827
26.067224975 41.708850606
26.06050704 41.707300314
26.05368575 41.701512553
26.048104695 41.689084371
26.047484578 41.67461497
26.050275106 41.660455627
26.055029337 41.648750916
26.059489585 41.64377677
26.066914917 41.635495911
26.081177612 41.630457459
26.095233602 41.628390401
26.10670577 41.624282125
26.115284057 41.616634013
26.121071818 41.608210755
26.130270223 41.582682597
26.130993693 41.575137838
26.1294434 41.559376527
26.131200398 41.55265859
26.136781453 41.549196269
26.152491089 41.547025859
26.158072144 41.542323303
26.163136434 41.529145813
26.164480021 41.517725322
26.162929728 41.50645986
26.159312378 41.493799134
26.147633504 41.484755758
26.145876506 41.478037822
26.156211792 41.460416158
26.16044926 41.455868632
26.174298543 41.445998434
26.177399129 41.439952291
26.17564213 41.431890767
26.17057784 41.429565328
26.164273316 41.427860006
26.159002319 41.421813863
26.14784021 41.396905823
26.132440633 41.371532695
26.120865112 41.357786764
26.114663941 41.355202942
26.107325887 41.356598206
26.021853068 41.341663717
26.00893396 41.336806132
25.982268921 41.323266907
25.959634643 41.314998678
25.948575887 41.31396515
25.935140015 41.315928854
25.921187378 41.316032206
25.896279338 41.306265361
25.882016642 41.304043274
25.862689657 41.310089417
25.833337443 41.334635722
25.811013224 41.3410436
25.80078129 41.338046366
25.763470906 41.31902944
25.728744344 41.317065735
25.717478882 41.314120178
25.705179891 41.307298889
25.698048543 41.30192454
25.691227255 41.298410543
25.679961792 41.297170309
25.670453328 41.299185689
25.64957605 41.308487447
25.639757528 41.311071269
25.551494182 41.315670471
25.537954956 41.31220815
25.530203491 41.302751364
25.523692261 41.291692607
25.514907267 41.283476054
25.505088745 41.280582174
25.49733728 41.281202291
25.489482462 41.283062643
25.4790955 41.283786112
25.453463989 41.280427144
25.28572229 41.239396057
25.26226119 41.238104147
25.239110148 41.240894674
25.21967981 41.249731344
25.17709843 41.293863017
25.157874797 41.306110332
25.153847445 41.307535008
25.11653365 41.320734762
25.112606242 41.324145406
25.104854777 41.334067282
25.101857544 41.336651103
25.096793254 41.336702779
25.080360148 41.334067282
24.916959269 41.386363831
24.886366822 41.400626526
24.872930949 41.401866761
24.863009074 41.400316468
24.842131795 41.394735413
24.803271118 41.392668355
24.800170532 41.379335836
24.802857706 41.361920878
24.794279419 41.347399801
24.774435669 41.348071595
24.752628215 41.362747701
24.718728475 41.395717265
24.699194783 41.408946432
24.680901326 41.415509338
24.661264282 41.417679749
24.638216594 41.417679749
24.644314413 41.4276533
24.609484497 41.427239888
24.595841919 41.429772034
24.580442342 41.440520732
24.579718872 41.444189759
24.582199341 41.455248515
24.581062459 41.460209453
24.577238403 41.463568421
24.567729939 41.468115947
24.564112589 41.471061504
24.558738241 41.476849264
24.553570598 41.480776673
24.549436483 41.485427552
24.546542603 41.493644104
24.543338664 41.521342672
24.53093632 41.547542623
24.510162395 41.561650289
24.481326945 41.553227031
24.459209432 41.549506328
24.438848917 41.527698873
24.423966105 41.525218405
24.402882121 41.527853902
24.387482544 41.526665345
24.353892863 41.519120586
24.345004517 41.518397115
24.318236124 41.520774231
24.309554484 41.519792379
24.303043254 41.516950175
24.296118612 41.515244853
24.286816854 41.517621969
24.285059855 41.523151347
24.287333618 41.531626282
24.286403442 41.540359599
24.266869751 41.54976471
24.250746704 41.563458964
24.23328007 41.561805318
24.214366496 41.555759176
24.197697918 41.547710635
24.196279744 41.547025859
24.181603638 41.537362366
24.177469523 41.531006165
24.173128703 41.515296529
24.170234823 41.511575826
24.162793416 41.512040914
24.158452596 41.516330058
24.154008423 41.522117818
24.146256958 41.526768697
24.116491333 41.53338328
24.076597127 41.536018779
24.047348267 41.525735169
24.049828736 41.493644104
24.05251591 41.471474915
24.051999146 41.46299998
24.045901327 41.455455221
24.034739217 41.451321106
24.022853637 41.453078105
24.000736125 41.464136861
23.997118774 41.457005514
23.992364542 41.454628398
23.986886841 41.453698222
23.981305786 41.450856019
23.964665975 41.438350322
23.949886515 41.437575175
23.902860962 41.463516745
23.894799438 41.464343567
23.867720988 41.445481669
23.851597941 41.439590556
23.830927368 41.43561147
23.809740031 41.433802795
23.792066691 41.434474589
23.777080526 41.429048564
23.754446248 41.400678202
23.738219848 41.397474264
23.705353638 41.403158671
23.672177368 41.402951965
23.652850383 41.397629293
23.627735637 41.378509014
23.62484674 41.377093845
23.612439412 41.371015931
23.578953084 41.371997783
23.513013957 41.397732646
23.414518677 41.399903056
23.39550175 41.395252177
23.365116007 41.37856069
23.347235962 41.371222636
23.326048625 41.369310608
23.315609985 41.376855367
23.306204875 41.388379212
23.287704712 41.398197734
23.269928019 41.397267558
23.246570272 41.389722799
23.224246053 41.379025778
23.209776652 41.368587138
23.206366007 41.360939026
23.204815714 41.342697245
23.199544719 41.332982076
23.190656372 41.326057435
23.179700968 41.321354879
23.157170043 41.316342265
23.115208781 41.312673238
22.916977986 41.335772604
22.940852498 41.349828593
22.944469849 41.368432109
22.939405558 41.38941274
22.937338501 41.410755107
22.94054244 41.416904602
22.95211796 41.427704976
22.954598429 41.432407532
22.953358195 41.438195293
22.947570435 41.448375549
22.946226848 41.453233135
22.943599338 41.523201176
22.943022909 41.538550924
22.947880493 41.555139059
22.948707316 41.560978495
22.946433553 41.567748108
22.93692509 41.578910218
22.933721151 41.584594625
22.932067505 41.597952983
22.932997681 41.612344869
22.936098266 41.626168315
22.940852498 41.637640483
22.945813436 41.641076966
22.961523071 41.644487611
22.967000773 41.647045594
22.970101359 41.652032369
22.97661259 41.666553446
22.985434528 41.677197757
22.99862675 41.693115133
23.009582153 41.716369528
23.008858683 41.73993398
22.991185344 41.760992127
22.980539998 41.764738668
22.956872192 41.765668844
22.945916788 41.76933787
22.939715617 41.776701762
22.918321573 41.814348043
22.907676229 41.848583679
22.901371704 41.860417582
22.896720825 41.864448344
22.885041952 41.869150899
22.882088305 41.871618275
22.880804484 41.872690735
22.878220662 41.880261333
22.878634073 41.895014954
22.877083781 41.902042949
22.866335083 41.924883932
22.858893677 41.947879944
22.857136678 41.971883647
22.854759562 41.982632345
22.846904744 41.993484395
22.846594686 41.993639425
22.845767863 42.006868592
22.845621159 42.007407729
22.843700806 42.014465027
22.838223104 42.019477641
22.826957642 42.025084534
22.821273234 42.025368754
22.80597701 42.021389669
22.798949015 42.02123464
22.791094198 42.025808004
22.787683553 42.032577616
22.785306437 42.039140523
22.780862264 42.043171286
22.77063033 42.043998108
22.725051717 42.042473654
22.718437134 42.044463196
22.713992961 42.048623149
22.710272258 42.052989808
22.705724731 42.055935364
22.675855753 42.060612081
22.627176665 42.079126592
22.617771443 42.082703756
22.53105839 42.129109193
22.510181112 42.14479299
22.506938534 42.148927276
22.494678182 42.164559225
22.481449015 42.19331716
22.443621867 42.214426982
22.345023234 42.313439026
22.364143514 42.320983785
22.405794718 42.321552226
22.423984822 42.325893047
22.438454223 42.340052388
22.454370565 42.376768494
22.469770141 42.391702983
22.485066365 42.397154846
22.497572062 42.399196065
22.508837525 42.40493215
22.51948287 42.420926005
22.533125448 42.457590434
22.536536092 42.478390198
22.53250533 42.493402202
22.53250533 42.493557231
22.524857218 42.507664897
22.512144816 42.519188742
22.481449015 42.535621846
22.42966923 42.571407776
22.42532841 42.572854716
22.428842407 42.592775981
22.441318219 42.632891463
22.444552042 42.643289694
22.449202921 42.66796519
22.442071573 42.681685282
22.468116496 42.718323873
22.481449015 42.727677307
22.482585897 42.730674541
22.482895955 42.733775126
22.482585897 42.736824036
22.481449015 42.739821269
22.466566203 42.748528748
22.453130331 42.763592428
22.429359172 42.806122131
22.425845174 42.809842835
22.427395467 42.813615214
22.430446174 42.817076593
22.436800578 42.824286398
22.445482218 42.830177511
22.470907023 42.840125224
22.481449015 42.846739807
22.497055298 42.864413147
22.506046997 42.870123393
22.519792928 42.870355937
22.537569621 42.868340556
22.544494262 42.871389466
22.544785162 42.871706438
22.549971965 42.877358093
22.563614542 42.884282735
22.590899699 42.886892395
22.666243937 42.871932068
22.69662968 42.87740977
22.727015422 42.886892395
22.738797648 42.897382711
22.739578618 42.898857543
22.745515584 42.910069275
22.763188924 42.958645121
22.769390096 42.971280009
22.776418091 42.979729106
22.788096964 42.984896749
22.815795532 42.989702657
22.828817993 42.993449198
22.828921346 42.993449198
22.829024699 42.993500875
22.829024699 42.993655905
22.842253865 43.007505188
22.884215128 43.036650696
22.889486124 43.044376323
22.896720825 43.062721457
22.901681763 43.069749451
22.910156698 43.075278829
22.927106568 43.081144105
22.935271443 43.085562439
22.955631958 43.108274232
22.974028768 43.141192118
22.98457076 43.174626771
22.982901935 43.187317919
22.981366822 43.198992208
22.96472701 43.204418234
22.915531046 43.212247213
22.897754353 43.220334574
22.883801717 43.230592347
22.857343384 43.256947327
22.833158814 43.274646505
22.826957642 43.281390279
22.823857056 43.289296773
22.820756469 43.307538554
22.817139119 43.315496724
22.80453007 43.328984274
22.733009888 43.381513367
22.724343132 43.386060131
22.719367309 43.388670553
22.702934204 43.394044902
22.693219035 43.394871725
22.674202108 43.394148255
22.664693644 43.396732077
22.658926066 43.401295034
22.656528768 43.403191631
22.645366658 43.420296529
22.6378219 43.426368511
22.628520141 43.4282547
22.606919393 43.427402038
22.596274048 43.429159038
22.586765584 43.434430033
22.572709595 43.448150127
22.565784953 43.453343608
22.532608684 43.464841614
22.518862752 43.474246725
22.509354288 43.493341166
22.49064742 43.540883485
22.478451783 43.559228617
22.477624959 43.564163717
22.478658488 43.569176331
22.481449015 43.57411143
22.48268925 43.576695252
22.483102661 43.579279073
22.48268925 43.581733704
22.481449015 43.584136658
22.478141723 43.587573141
22.477108194 43.591293844
22.478141723 43.594911194
22.481449015 43.598528545
22.481759074 43.598941956
22.48196578 43.59945872
22.481759074 43.599975485
22.481449015 43.600647278
22.473800903 43.612997946
22.472870728 43.635942282
22.466256144 43.649119772
22.455920858 43.656406149
22.426465291 43.668214213
22.413959595 43.67666331
22.404864543 43.687179464
22.396906372 43.69940094
22.390498495 43.71244924
22.386054321 43.725497538
22.385847616 43.733817444
22.389568319 43.750508932
22.38853479 43.758286235
22.362593221 43.780842998
22.349467407 43.807921448
22.354738403 43.829703065
22.367554159 43.852750753
22.377062622 43.883524068
22.379026326 43.913496399
22.38202356 43.91856069
22.391945435 43.931867371
22.394529256 43.936337382
22.396803019 43.951943665
22.397319783 43.980934144
22.399593546 43.993336487
22.411789184 44.006927389
22.434320109 44.013955384
22.465885257 44.01762414
22.481449015 44.019433085
22.503669882 44.019898173
22.514935343 44.030285136
22.522583455 44.044702861
22.534158976 44.057156881
22.554622844 44.062427877
22.575190064 44.061394348
22.592966757 44.063926494
22.604748982 44.079377747
22.60464563 44.08816274
22.598134399 44.109298401
22.597100871 44.119065247
22.599064575 44.130330709
22.609399861 44.159941305
22.607952921 44.159992981
22.605989217 44.163145244
22.604852335 44.168467916
22.606195923 44.174565735
22.608573039 44.175857646
22.624799438 44.189396872
22.63999231 44.207328593
22.648777303 44.213994853
22.691640373 44.228434539
22.906435995 44.122889303
22.942609497 44.111468811
22.988084757 44.107024638
23.008306709 44.100446413
23.030976196 44.093072002
23.040071248 44.062324524
23.023018025 44.031628723
22.988084757 44.017676087
22.966277303 44.015557353
22.92648645 44.006152243
22.905815877 44.003981832
22.885868774 43.994525045
22.874706665 43.972045797
22.850522095 43.896985779
22.851038859 43.874351502
22.863441203 43.855412089
22.888762655 43.839521587
22.919561808 43.834224752
