39.749164546 -8.065492433
39.719439493 -8.09257198
39.702795906 -8.091392801
39.696852745 -8.07490791
39.70279999 -8.04900446
39.714691915 -8.027809272
39.742039582 -7.994825359
39.774144289 -7.991282751
39.796737357 -7.992453304
39.801492398 -8.006587497
39.790786252 -8.019550419
39.749164546 -8.065492433
39.89340254 -7.754082941
39.864919467 -7.819024347
39.851573113 -7.837090753
39.849619988 -7.844496352
39.849782748 -7.850844008
39.848480665 -7.857354425
39.841644727 -7.877862238
39.83863366 -7.883233331
39.829925977 -7.894952081
39.828135613 -7.902032159
39.8232528 -7.91399505
39.81137129 -7.91399505
39.783702019 -7.905857029
39.754649285 -7.915297133
39.741953972 -7.936944269
39.735850457 -7.959893488
39.726328972 -7.973402602
39.686778191 -7.988864842
39.666514519 -7.993422133
39.649912957 -7.993910415
39.629730665 -7.985772394
39.603282097 -7.957696222
39.587168816 -7.945489191
39.59652754 -7.943291925
39.613454623 -7.942640883
39.621918165 -7.939222915
39.622080925 -7.936455988
39.624685092 -7.929294529
39.6279403 -7.922784113
39.629405144 -7.922539972
39.63168379 -7.914971613
39.637380405 -7.913181248
39.644216342 -7.913669529
39.649912957 -7.911879165
39.693044467 -7.870293878
39.707530144 -7.84742604
39.6982528 -7.836195571
39.703868035 -7.819431248
39.715342644 -7.811618748
39.730967644 -7.809502863
39.749278191 -7.809665623
39.765961134 -7.806329034
39.797211134 -7.791924738
39.814300977 -7.788506769
39.808767123 -7.780450128
39.799327019 -7.778985284
39.773448113 -7.781670831
39.773448113 -7.775485935
39.785492384 -7.772556248
39.796071811 -7.767022394
39.814300977 -7.754327081
39.835703972 -7.745538019
39.844899936 -7.737725519
39.851817254 -7.712090753
39.859873894 -7.697198175
39.86980228 -7.684177342
39.878672722 -7.678643488
39.883555535 -7.673435154
39.893728061 -7.647637628
39.895681186 -7.637627863
39.910980665 -7.654473566
39.909353061 -7.686700128
39.89340254 -7.754082941
39.237862219 -5.856047417
39.225479447 -5.858786936
39.214469664 -5.858106439
39.212396425 -5.843742044
39.214448915 -5.825955825
39.217180897 -5.797906567
39.214411734 -5.777379969
39.226103773 -5.769169181
39.225426199 -5.782854046
39.230258973 -5.800642368
39.238520922 -5.812955064
39.231648074 -5.823216743
39.237848438 -5.836211857
39.237862219 -5.856047417
39.357432488 -5.912041925
39.36622155 -5.940524998
39.368011915 -5.955254816
39.372569207 -5.970798435
39.391774936 -6.002211196
39.402842644 -6.048028253
39.40894616 -6.051527602
39.430186394 -6.054864191
39.43238366 -6.068291925
39.429860873 -6.080498956
39.425547722 -6.092868748
39.423350457 -6.106377863
39.423838738 -6.122328383
39.425791863 -6.134454034
39.429860873 -6.145603123
39.437022332 -6.157891534
39.425059441 -6.172621352
39.419932488 -6.180759373
39.416514519 -6.192071222
39.431000196 -6.185967706
39.439952019 -6.192071222
39.447520379 -6.203301691
39.457530144 -6.212009373
39.458262566 -6.197198175
39.464854363 -6.18743255
39.472911004 -6.186700128
39.477875196 -6.198907159
39.482432488 -6.198337498
39.483653191 -6.197686456
39.483653191 -6.195977472
39.484873894 -6.192071222
39.500987175 -6.196221613
39.501149936 -6.175388279
39.496429884 -6.145684503
39.498545769 -6.123793227
39.515961134 -6.146661066
39.524912957 -6.175062758
39.543467644 -6.321221613
39.547129754 -6.330254816
39.574066602 -6.377618097
39.569509311 -6.420830988
39.544281446 -6.450860284
39.508474155 -6.462823175
39.4716903 -6.452080988
39.457204623 -6.439141534
39.443695509 -6.421563409
39.433929884 -6.401543878
39.414235873 -6.3163388
39.416514519 -6.301364842
39.394053582 -6.308200779
39.394216342 -6.319024347
39.403575066 -6.332207941
39.409678582 -6.345798435
39.408457879 -6.368259373
39.403575066 -6.373711847
39.375661655 -6.36337656
39.380056186 -6.344170831
39.374359571 -6.328789972
39.348317905 -6.301364842
39.316905144 -6.253024998
39.308116082 -6.245700779
39.300466342 -6.239353123
39.286875847 -6.246758722
39.286875847 -6.254082941
39.292735222 -6.254978123
39.293467644 -6.25790781
39.292653842 -6.262302342
39.293711785 -6.267754816
39.28028405 -6.258477472
39.27605228 -6.274102472
39.279551629 -6.29664479
39.290293816 -6.308200779
39.28785241 -6.309502863
39.286306186 -6.311700128
39.282481316 -6.312188409
39.273203972 -6.308200779
39.264170769 -6.302422784
39.2607528 -6.298597915
39.258474155 -6.294528904
39.208018425 -6.236504816
39.198578321 -6.220798435
39.185801629 -6.17587656
39.177012566 -6.157891534
39.212901238 -6.114190363
39.204763217 -6.056410415
39.18620853 -5.994317316
39.190603061 -5.938164972
39.189463738 -5.925957941
39.1904403 -5.914239191
39.193207227 -5.904066665
39.197438998 -5.896661066
39.200450066 -5.901950779
39.208181186 -5.912204685
39.211110873 -5.91773854
39.227793816 -5.89072031
39.263519727 -5.861097915
39.28003991 -5.841973566
39.288259311 -5.810479425
39.295258009 -5.736504816
39.313487175 -5.718438409
39.325205925 -5.748955988
39.355723504 -5.803806248
39.361827019 -5.838962498
39.354746941 -5.881036066
39.35434004 -5.896661066
39.357432488 -5.912041925
39.659810884 -5.475969574
39.632899555 -5.477751746
39.615330977 -5.463799255
39.600097264 -5.445766501
39.591303891 -5.43296591
39.57958481 -5.420747895
39.569028737 -5.406201068
39.575457565 -5.394548058
39.584243339 -5.399198033
39.598887304 -5.40850095
39.609437418 -5.423046717
39.621161351 -5.44108328
39.636967106 -5.446886162
39.652181059 -5.45094312
39.662138334 -5.463739504
39.659810884 -5.475969574
39.711110873 -4.927015883
39.712087436 -4.931410415
39.723155144 -4.929864191
39.726898634 -4.922458592
39.729014519 -4.914239191
39.735199415 -4.910332941
39.740244988 -4.91383229
39.756358269 -4.929864191
39.759776238 -4.934502863
39.805918816 -4.96087005
39.814300977 -4.96868255
39.814952019 -4.980157159
39.817393425 -4.990166925
39.821543816 -4.993829034
39.828135613 -4.986016534
39.827403191 -4.977959894
39.823578321 -4.968357029
39.823741082 -4.957207941
39.835622592 -4.94508229
39.836680535 -4.952406508
39.840179884 -4.959893488
39.841644727 -4.965590102
39.849864129 -4.9491513
39.855723504 -4.929131769
39.857920769 -4.91025156
39.855967644 -4.897230727
39.869476759 -4.90601979
39.869476759 -4.926446222
39.866872592 -4.950290623
39.878184441 -4.987725519
39.866953972 -5.005791925
39.849131707 -5.019789321
39.835622592 -5.026462498
39.840586785 -5.044203383
39.837412957 -5.063571873
39.831309441 -5.083184503
39.828135613 -5.102146092
39.837738477 -5.132094008
39.83863366 -5.137465102
39.847829623 -5.133233331
39.848643425 -5.123711847
39.846853061 -5.113946222
39.848480665 -5.108982029
39.861175977 -5.114515883
39.862803582 -5.132094008
39.855967644 -5.170505467
39.855642123 -5.229424738
39.848480665 -5.245538019
39.855967644 -5.253024998
39.844004754 -5.267022394
39.814300977 -5.3554013
39.806651238 -5.366143488
39.802500847 -5.370375258
39.801036004 -5.376722915
39.800629102 -5.393649998
39.796071811 -5.406833592
39.787282748 -5.409112238
39.781504754 -5.401055597
39.786387566 -5.383233331
39.780935092 -5.383233331
39.774180535 -5.399509373
39.770681186 -5.405450128
39.765961134 -5.410577081
39.769297722 -5.421156508
39.764008009 -5.432305597
39.75277754 -5.442640883
39.738617384 -5.451592706
39.729014519 -5.454196873
39.726328972 -5.450453383
39.729746941 -5.444105727
39.738617384 -5.438571873
39.738617384 -5.431084894
39.724375847 -5.434665623
39.71363366 -5.4413388
39.705414259 -5.442966404
39.6982528 -5.431084894
39.663422071 -5.432224217
39.648936394 -5.427504165
39.643077019 -5.41399505
39.6435653 -5.37900156
39.64747155 -5.36305104
39.656748894 -5.349216404
39.650563998 -5.338474217
39.66309655 -5.336358331
39.6982528 -5.342380467
39.69019616 -5.32822031
39.669281446 -5.302666925
39.663584832 -5.287204685
39.679209832 -5.291192316
39.698903842 -5.292657159
39.716563347 -5.289646092
39.726328972 -5.280368748
39.714854363 -5.277764581
39.705088738 -5.274102472
39.697032097 -5.268487238
39.690765821 -5.259860935
39.706390821 -5.260023696
39.730316602 -5.2538388
39.746104363 -5.253024998
39.764170769 -5.262383722
39.774099155 -5.259535415
39.780935092 -5.239353123
39.7607528 -5.246840102
39.736338738 -5.240004165
39.690765821 -5.211358331
39.680918816 -5.217705988
39.668711785 -5.213962498
39.657399936 -5.203789972
39.649912957 -5.190850519
39.660655144 -5.19524505
39.667735222 -5.200372003
39.67448978 -5.202325128
39.683929884 -5.197686456
39.693532748 -5.200616144
39.727549675 -5.205743097
39.746104363 -5.205173435
39.738617384 -5.197686456
39.746267123 -5.178317967
39.742523634 -5.161797784
39.731781446 -5.156508071
39.718272332 -5.170505467
39.723480665 -5.150160415
39.726328972 -5.143731378
39.720469597 -5.136325779
39.712657097 -5.131442967
39.702647332 -5.131036066
39.690765821 -5.137465102
39.693044467 -5.126397394
39.694590691 -5.121840102
39.6982528 -5.115817967
39.69418379 -5.103936456
39.695485873 -5.0897763
39.700694207 -5.079196873
39.708262566 -5.078301691
39.720062696 -5.083916925
39.72543379 -5.080498956
39.724619988 -5.071872654
39.718272332 -5.061781508
39.70964603 -5.056735935
39.677256707 -5.044366144
39.680186394 -5.034844659
39.69402103 -5.023695571
39.6982528 -5.013360284
39.683929884 -5.020196222
39.675791863 -5.001722915
39.681162957 -4.987237238
39.694672071 -4.982517185
39.712087436 -4.992852472
39.715993686 -4.976820571
39.704763217 -4.967461847
39.688487175 -4.958754165
39.677256707 -4.94508229
39.676768425 -4.9335263
39.682871941 -4.905531508
39.684092644 -4.890313409
39.68637129 -4.895440363
39.688731316 -4.899590753
39.691579623 -4.902520441
39.694590691 -4.903497003
39.702321811 -4.907891534
39.707774285 -4.917413019
39.711110873 -4.927015883
30.812465048 -0.994718526
30.828381388 -1.002573344
30.892976928 -1.002573344
31.076118204 -1.002573344
31.259156128 -1.002573344
31.280492691 -1.002573344
31.442245727 -1.002573344
31.625335327 -1.002573344
31.808373251 -1.002573344
31.986192661 -1.002573344
31.991411173 -1.002573344
32.174552449 -1.002573344
32.35764205 -1.002573344
32.540835002 -1.002573344
32.722267718 -1.002573344
32.723872925 -1.002573344
32.847225376 -1.002573344
32.906962524 -1.002573344
33.089948771 -1.002573344
33.273090047 -1.002573344
33.426414846 -1.002573344
33.45612797 -1.002573344
33.631776971 -1.002573344
33.639269246 -1.002573344
33.822255493 -1.002573344
33.904214315 -1.002573344
33.980385376 -1.002573344
33.984519491 -1.002056579
34.000022421 -1.002573344
34.001986124 -1.028721618
34.015421997 -1.037506612
34.052525675 -1.040400492
34.127456502 -1.082258403
34.342120402 -1.202147725
34.556887654 -1.321933695
34.718893345 -1.412413523
34.771551554 -1.441823018
34.986215454 -1.561608988
35.200982707 -1.681498311
35.246366551 -1.706823239
35.415646607 -1.801284281
35.630207154 -1.921173604
35.844871053 -2.041062927
36.059534953 -2.16095225
36.2740955 -2.280841573
36.488862753 -2.400627543
36.703526652 -2.520413513
36.918190552 -2.640302836
37.132854452 -2.760088806
37.347621704 -2.879978129
37.424211875 -2.922753573
37.562285604 -2.999867452
37.644864542 -3.045962829
37.660160767 -3.070560812
37.677834107 -3.178977967
37.679995543 -3.192147646
37.700054972 -3.314370219
37.681864868 -3.315713806
37.671942993 -3.324292094
37.668428996 -3.338244731
37.669875936 -3.356124776
37.650962361 -3.357571716
37.627191203 -3.370284118
37.604866984 -3.387957458
37.59029423 -3.404080505
37.58522994 -3.412968852
37.580475708 -3.424130961
37.577891887 -3.435809835
37.579442179 -3.446351827
37.58667688 -3.45368988
37.603109986 -3.455756937
37.608174276 -3.463611756
37.604143514 -3.480148213
37.596185343 -3.499681905
37.599079223 -3.513427836
37.6469316 -3.510637309
37.668325643 -3.51249766
37.689409627 -3.518078715
37.708323202 -3.527173767
37.722275839 -3.539989522
37.729820598 -3.555389099
37.747183878 -3.616987406
37.757209106 -3.637451274
37.770955038 -3.655434672
37.825421997 -3.694502055
37.910791463 -3.755997009
37.996057577 -3.817491963
38.081530395 -3.878986918
38.166796509 -3.94037852
38.252062622 -4.001873474
38.337535441 -4.063265076
38.416174859 -4.119980777
38.422801554 -4.12476003
38.508274373 -4.186151632
38.593540487 -4.247543233
38.6788066 -4.309038188
38.764279419 -4.370533142
38.849648885 -4.431924744
38.935018351 -4.493419698
39.020387817 -4.554914653
39.105757284 -4.616306254
39.190603061 -4.677504165
39.197438998 -4.683770441
39.215098504 -4.688653253
39.22152754 -4.716729425
39.216075066 -4.749118748
39.197438998 -4.766289972
39.170176629 -4.779961847
39.192230665 -4.78883229
39.207286004 -4.790134373
39.215993686 -4.795668227
39.218516472 -4.817803644
39.217295769 -4.839043878
39.21355228 -4.856377863
39.207041863 -4.872328383
39.175140821 -4.926446222
39.162282748 -4.938653253
39.156504754 -4.924004816
39.159922722 -4.904229425
39.166351759 -4.884860935
39.169606967 -4.865899347
39.163340691 -4.848321222
39.145681186 -4.899834894
39.130381707 -4.918145441
39.108653191 -4.916599217
39.125987175 -4.943454685
39.128672722 -4.953383071
39.132172071 -5.010186456
39.129161004 -5.020196222
39.122325066 -5.024509373
39.106781446 -5.01962656
39.098155144 -5.02337005
39.094411655 -5.028415623
39.084483269 -5.047784113
39.082774285 -5.061455988
39.097178582 -5.060642185
39.129161004 -5.047539972
39.129893425 -5.06259531
39.140879754 -5.086602472
39.142751498 -5.095879816
39.138682488 -5.103204034
39.10059655 -5.136407159
39.094086134 -5.144952081
39.074229363 -5.186293227
39.043630405 -5.232191665
39.040375196 -5.239353123
39.048187696 -5.246677342
39.059092644 -5.23837656
39.074554884 -5.21884531
39.080577019 -5.231133722
39.037282748 -5.356540623
39.0263778 -5.378513279
39.012461785 -5.397067967
39.001963738 -5.403985284
38.990407748 -5.409600519
38.981293165 -5.417413019
38.978282097 -5.431084894
38.982595248 -5.439548435
38.990489129 -5.443291925
38.997406446 -5.449395441
38.99878991 -5.465264581
38.985362175 -5.504978123
38.956553582 -5.563653253
38.921641472 -5.616306248
38.888926629 -5.637139581
38.902598504 -5.643324477
38.896006707 -5.66399505
38.895192905 -5.710544529
38.88550866 -5.729099217
38.872813347 -5.745049738
38.854665561 -5.782159113
38.832530144 -5.815606378
38.825368686 -5.837172133
38.821625196 -5.860528253
38.821299675 -5.924981378
38.817067905 -5.934747003
38.810557488 -5.941664321
38.804942254 -5.950372003
38.801036004 -5.959730727
38.800303582 -5.963067316
38.794932488 -5.988539321
38.785411004 -6.008884373
38.778005405 -6.030694269
38.779063347 -6.054864191
38.782725457 -6.061293227
38.795176629 -6.075616144
38.79957116 -6.082207941
38.809092644 -6.120700779
38.813243035 -6.130629165
38.81910241 -6.136407159
38.841156446 -6.150485935
38.856781446 -6.163669529
38.858571811 -6.169854425
38.862478061 -6.207614842
38.860036655 -6.231622003
38.853037957 -6.253187758
38.841156446 -6.267754816
38.848806186 -6.292657159
38.852224155 -6.348728123
38.864756707 -6.373630467
38.875661655 -6.381524347
38.887950066 -6.387872003
38.898285352 -6.394707941
38.902598504 -6.404392185
38.904144727 -6.415134373
38.908539259 -6.426364842
38.915049675 -6.436700128
38.923106316 -6.44524505
38.928884311 -6.449395441
38.933929884 -6.451429946
38.947032097 -6.452080988
38.953868035 -6.455010675
38.957286004 -6.461521092
38.960134311 -6.46851979
38.964691602 -6.473239842
38.977305535 -6.475518488
39.005056186 -6.476983331
39.015879754 -6.483168227
39.02605228 -6.486993097
39.036875847 -6.483168227
39.035899285 -6.475192967
39.027191602 -6.471368097
39.011078321 -6.465101821
38.991384311 -6.452080988
39.020030144 -6.46087005
39.040863477 -6.470147394
39.096202019 -6.522393488
39.129161004 -6.561944269
39.155528191 -6.580743097
39.163340691 -6.589288019
39.17839603 -6.615004165
39.187266472 -6.624200128
39.204274936 -6.634372654
39.212738477 -6.641778253
39.219411655 -6.653090102
39.223399285 -6.666110935
39.224782748 -6.678806248
39.230967644 -6.703708592
39.245860222 -6.731052342
39.263926629 -6.744398696
39.28003991 -6.727146092
39.284434441 -6.756117446
39.279795769 -6.795098566
39.28028405 -6.830498956
39.300466342 -6.849379165
39.2998153 -6.831149998
39.298187696 -6.823418878
39.293711785 -6.815199477
39.312022332 -6.8163388
39.326508009 -6.821954034
39.354991082 -6.839125258
39.370290561 -6.843194269
39.400563998 -6.845879816
39.41309655 -6.852797133
39.427907748 -6.858086847
39.464528842 -6.857679946
39.4716903 -6.86337656
39.475922071 -6.877129816
39.494313998 -6.901299738
39.50269616 -6.930840753
39.550547722 -6.993829034
39.55372155 -7.000746352
39.552582227 -7.010430597
39.547699415 -7.016534113
39.542491082 -7.021742446
39.540049675 -7.028090102
39.548594597 -7.091892185
39.547536655 -7.118259373
39.532562696 -7.116875909
39.52247155 -7.129571222
39.514903191 -7.156670831
39.509043816 -7.168389581
39.497894727 -7.177178644
39.488454623 -7.176934503
39.481293165 -7.16806406
39.477875196 -7.151055597
39.435883009 -7.180271092
39.434743686 -7.181735935
39.426768425 -7.192315363
39.421153191 -7.210137628
39.418793165 -7.226169529
39.414398634 -7.240899347
39.402842644 -7.254652602
39.389903191 -7.264825128
39.383636915 -7.267347915
39.375254754 -7.268324477
39.367442254 -7.271416925
39.368418816 -7.278903904
39.372894727 -7.287774347
39.375661655 -7.295586847
39.36980228 -7.306898696
39.355967644 -7.309502863
39.340098504 -7.3085263
39.327810092 -7.309258722
39.337575717 -7.325372003
39.347504102 -7.336521092
39.35425866 -7.349297784
39.35434004 -7.370782159
39.349945509 -7.385430597
39.341075066 -7.405938409
39.330414259 -7.424248956
39.303965691 -7.448500258
39.292328321 -7.486260675
39.274750196 -7.596449477
39.275889519 -7.61695729
39.28003991 -7.637627863
39.292816602 -7.669691665
39.296234571 -7.688409113
39.290293816 -7.703383071
39.286875847 -7.717543227
39.302012566 -7.754082941
39.297129754 -7.771661066
39.25261478 -7.823337498
39.283213738 -7.816582941
39.305023634 -7.791761977
39.31934655 -7.758558852
39.327810092 -7.72633229
39.343272332 -7.738946222
39.355235222 -7.752536717
39.356700066 -7.766859633
39.340830925 -7.781670831
39.378428582 -7.778008722
39.395518425 -7.779880467
39.41309655 -7.792168878
39.44027754 -7.818536066
39.443532748 -7.832614842
39.437022332 -7.857354425
39.422211134 -7.889743748
39.42090905 -7.902032159
39.431651238 -7.936944269
39.4326278 -7.976006769
39.437022332 -7.993910415
39.452403191 -7.98447031
39.457530144 -7.979668878
39.454356316 -8.010430597
39.441905144 -8.038669529
39.409678582 -8.089532159
39.376475457 -8.17945729
39.361827019 -8.20680104
39.354991082 -8.203545831
39.351898634 -8.203789972
39.348643425 -8.205498956
39.340830925 -8.20680104
39.347829623 -8.221612238
39.345550977 -8.257419529
39.348317905 -8.275079034
39.333994988 -8.268812758
39.333832227 -8.276788019
39.327810092 -8.295586847
39.31153405 -8.277764581
39.303233269 -8.271661066
39.293711785 -8.268812758
39.301605665 -8.283379816
39.302093946 -8.295098566
39.294932488 -8.303806248
39.28003991 -8.309258722
39.292735222 -8.334893488
39.300954623 -8.361097915
39.305349155 -8.388929946
39.306651238 -8.419366144
39.299978061 -8.477308852
39.303070509 -8.505466404
39.336436394 -8.539483331
39.348968946 -8.56259531
39.357676629 -8.588311456
39.361827019 -8.610935154
39.360036655 -8.694431248
39.35434004 -8.713962498
39.38933353 -8.723809503
39.395274285 -8.730075779
39.398122592 -8.73805104
39.402191602 -8.745049738
39.41309655 -8.748142185
39.433116082 -8.749607029
39.439138217 -8.755466404
39.439626498 -8.767836196
39.443858269 -8.78899505
39.452647332 -8.805352472
39.46363366 -8.812758071
39.47559655 -8.817966404
39.488536004 -8.826918227
39.497080925 -8.840915623
39.508555535 -8.875909113
39.519541863 -8.892022394
39.547699415 -8.913181248
39.55372155 -8.922295831
39.539724155 -8.926202081
39.527842644 -8.925469659
39.520681186 -8.923028253
39.506032748 -8.911879165
39.504079623 -8.909763279
39.484873894 -8.892022394
39.464610222 -8.867445571
39.449392123 -8.858656508
39.430186394 -8.861260675
39.418955925 -8.865817967
39.41309655 -8.867364191
39.40894616 -8.870212498
39.388682488 -8.898858331
39.403819207 -8.904554946
39.464203321 -8.898858331
39.450938347 -8.915134373
39.447601759 -8.92555104
39.455332879 -8.931329034
39.474864129 -8.933038019
39.491872592 -8.938409113
39.492035352 -8.952325128
39.486175977 -8.972100519
39.484873894 -8.994398696
39.4873153 -8.998142185
39.496267123 -9.004978123
39.498545769 -9.008721613
39.49878991 -9.027601821
39.498545769 -9.029229425
39.493174675 -9.039320571
39.492360873 -9.0429013
39.494476759 -9.045342706
39.499196811 -9.047133071
39.503754102 -9.050225519
39.506032748 -9.056247654
39.503103061 -9.065850519
39.497325066 -9.072360935
39.493337436 -9.079522394
39.495371941 -9.090590102
39.50269616 -9.106622003
39.50269616 -9.114190363
39.498545769 -9.124200128
39.512705925 -9.12118906
39.52995853 -9.11305104
39.546071811 -9.102959894
39.557139519 -9.09384531
39.56918379 -9.093031508
39.583669467 -9.106215102
39.626719597 -9.160332941
39.643809441 -9.189060154
39.648610873 -9.219903253
39.632823113 -9.251397394
39.632090691 -9.258477472
39.637950066 -9.266696873
39.645518425 -9.274997654
39.649912957 -9.282484633
39.649912957 -9.293633722
39.644379102 -9.313734633
39.643077019 -9.323418878
39.646250847 -9.356622003
39.642832879 -9.368584894
39.629405144 -9.385511977
39.61597741 -9.397149347
39.607188347 -9.399102472
39.597422722 -9.397637628
39.581553582 -9.399183852
39.56910241 -9.404961847
39.563975457 -9.414239191
39.564219597 -9.428155206
39.567393425 -9.447523696
39.576345248 -9.443129165
39.587738477 -9.441094659
39.60840905 -9.440118097
39.610850457 -9.429131769
39.61589603 -9.424899998
39.625743035 -9.429864191
39.632090691 -9.436455988
39.63550866 -9.439141534
39.63965905 -9.440118097
39.650726759 -9.444756769
39.652354363 -9.455173435
39.650157097 -9.466566665
39.649912957 -9.474297784
39.656748894 -9.483493748
39.680674675 -9.505303644
39.689138217 -9.524997654
39.700938347 -9.579522394
39.711436394 -9.594659113
39.724945509 -9.604099217
39.722341342 -9.610528253
39.714366082 -9.616794529
39.712087436 -9.62509531
39.717051629 -9.635918878
39.721934441 -9.642836196
39.735199415 -9.655857029
39.74089603 -9.666761977
39.737478061 -9.687107029
39.746592644 -9.706475519
39.738454623 -9.712985935
39.718272332 -9.720635675
39.701426629 -9.736423435
39.696950717 -9.744886977
39.705088738 -9.748630467
39.74480228 -9.747735284
39.752289259 -9.748630467
39.755544467 -9.755791925
39.763438347 -9.782810154
39.769704623 -9.79306406
39.786143425 -9.804945571
39.793955925 -9.81243255
39.800629102 -9.823825779
39.80730228 -9.852227472
39.800059441 -9.872653904
39.781260613 -9.882419529
39.752289259 -9.87900156
39.7607528 -9.892510675
39.789235873 -9.914239191
39.790212436 -9.923028253
39.779470248 -9.930108331
39.74496504 -9.944594008
39.714203321 -9.952080988
39.71371504 -9.963555597
39.726328972 -9.988864842
39.724375847 -10.007500909
39.717051629 -10.021579685
39.705414259 -10.032891534
39.690765821 -10.043389581
39.716481967 -10.038750909
39.763194207 -9.982842706
39.783702019 -9.985039972
39.797048373 -9.992445571
39.82691491 -9.990329685
39.848155144 -10.011407159
39.861338738 -10.013116144
39.875987175 -10.012465102
39.88941491 -10.014906508
39.914317254 -10.033868097
39.974945509 -10.133396092
39.976817254 -10.191013279
39.985118035 -10.220961196
39.995371941 -10.209079685
40.000498894 -10.192640883
40.000661655 -10.175225519
39.995616082 -10.159844659
39.986582879 -10.139743748
39.988780144 -10.131280206
40.000661655 -10.130140883
40.019786004 -10.13290781
40.034353061 -10.137139581
40.06527754 -10.150485935
40.08480879 -10.155043227
40.124766472 -10.169366144
40.129649285 -10.168226821
40.132660352 -10.169691665
40.135915561 -10.180596613
40.134043816 -10.193536066
40.127452019 -10.2069638
40.124278191 -10.221612238
40.132497592 -10.23837656
40.13550866 -10.247653904
40.128103061 -10.252699477
40.118418816 -10.256931248
40.115407748 -10.263116144
40.120616082 -10.271172784
40.125824415 -10.271742446
40.131114129 -10.2694638
40.135915561 -10.268731378
40.152598504 -10.278903904
40.160411004 -10.280450128
40.163828972 -10.272556248
40.164561394 -10.262139581
40.167653842 -10.256280206
40.173838738 -10.255140883
40.184336785 -10.259454034
40.196543816 -10.267754816
40.219737175 -10.288181248
40.232106967 -10.29664479
40.231944207 -10.287530206
40.233653191 -10.28118255
40.236338738 -10.275811456
40.238942905 -10.268731378
40.246836785 -10.274102472
40.25277754 -10.275567316
40.258799675 -10.273695571
40.266856316 -10.268731378
40.249847852 -10.263848566
40.19800866 -10.24212005
40.232106967 -10.200453383
40.245371941 -10.204685154
40.251149936 -10.215997003
40.254161004 -10.229913019
40.259450717 -10.24212005
40.26823978 -10.249200128
40.290700717 -10.259942316
40.301036004 -10.268731378
40.306488477 -10.277601821
40.33871504 -10.348809503
40.348806186 -10.358086847
40.351328972 -10.356377863
40.385020379 -10.36305104
40.389821811 -10.364922784
40.422129754 -10.355645441
40.426768425 -10.33587005
40.414805535 -10.32040781
40.39722741 -10.323907159
40.392588738 -10.312107029
40.396006707 -10.303480727
40.40512129 -10.298435154
40.417735222 -10.29664479
40.427012566 -10.300062758
40.431407097 -10.308282159
40.434825066 -10.318454685
40.440684441 -10.327325128
40.449392123 -10.345391534
40.44019616 -10.361423435
40.423675977 -10.376560154
40.410899285 -10.392266534
40.417246941 -10.391696873
40.430511915 -10.392754816
40.436859571 -10.392266534
40.426036004 -10.426202081
40.42457116 -10.437188409
40.427256707 -10.444756769
40.432871941 -10.452325128
40.437510613 -10.461602472
40.436859571 -10.474786066
40.421025839 -10.503750509
40.389193156 -10.535273132
40.353329711 -10.560697937
40.288527466 -10.583022155
40.250700317 -10.610927429
40.191582479 -10.668805033
40.172772258 -10.693092957
40.161093384 -10.704358419
40.13318811 -10.714590352
40.008131144 -10.811121928
39.989114217 -10.82094045
39.885968058 -10.864452006
39.785819133 -10.932561543
39.760497681 -10.943103536
39.592755982 -10.979380391
39.515654745 -10.985064799
39.498498169 -10.990645853
39.48268518 -10.999224142
39.286624797 -11.154150085
39.263267049 -11.166759134
39.238152303 -11.174200541
39.211590617 -11.173890482
39.190506632 -11.16624237
39.149785604 -11.144331563
39.126221151 -11.139680684
39.095421997 -11.153426615
39.060798788 -11.160144552
38.930057414 -11.160041199
38.896261027 -11.16768931
38.869492635 -11.190736999
38.851922648 -11.202829284
38.831045369 -11.207996928
38.817816203 -11.216265157
38.77802535 -11.253678894
38.759731893 -11.263187357
38.748673137 -11.262773946
38.727072388 -11.257709656
38.715083456 -11.256469421
38.704231405 -11.258536479
38.683974243 -11.267838236
38.654208618 -11.275796407
38.638188924 -11.289232279
38.615657999 -11.317240905
38.51716272 -11.383076681
38.492254679 -11.413462423
38.491687888 -11.413136861
38.462385701 -11.396305847
38.383114055 -11.376668803
38.347664022 -11.358788757
38.292473592 -11.301634623
38.256610148 -11.277139994
38.210411417 -11.270008646
38.200489543 -11.272695821
38.17837203 -11.281790873
38.166899861 -11.283754577
38.155014282 -11.280550639
38.135377238 -11.266391296
38.125662069 -11.263187357
38.12245813 -11.261223653
38.117187134 -11.252025248
38.115430135 -11.249544779
38.109332317 -11.249648132
38.104268025 -11.252025248
38.10116744 -11.254919129
38.10116744 -11.256469421
38.093357269 -11.25631003
38.070781698 -11.255849304
38.013627563 -11.26546112
38.004222453 -11.275279642
37.995334106 -11.277553405
37.954613078 -11.280033874
37.938076619 -11.283961284
37.875238077 -11.319101257
37.868416789 -11.327782898
37.865832968 -11.342459004
37.85043339 -11.387624207
37.84102828 -11.399819845
37.84247522 -11.417803243
37.818497355 -11.459867859
37.813226359 -11.48229543
37.817257121 -11.49562795
37.823251587 -11.50792694
37.825111939 -11.520225932
37.816947062 -11.533558452
37.804441366 -11.544513855
37.783667439 -11.558879903
37.710907023 -11.590402527
37.666361938 -11.625542501
37.647758423 -11.63598114
37.62636438 -11.639701843
37.594635051 -11.640011902
37.572930949 -11.644146016
37.536757447 -11.662956238
37.515880167 -11.667297058
37.503787882 -11.672671407
37.496036418 -11.68507375
37.49035201 -11.698923035
37.484770956 -11.70884491
37.476399374 -11.715976257
37.469681437 -11.719490255
37.45066451 -11.72259084
37.427823527 -11.72259084
37.378317505 -11.70884491
37.370152628 -11.704814148
37.352375936 -11.686313985
37.340800415 -11.680939636
37.331395304 -11.681559753
37.32364384 -11.685280456
37.315789021 -11.690241394
37.306073852 -11.694582214
37.270210409 -11.69840627
37.226595499 -11.693755391
37.141639445 -11.674738465
37.106499471 -11.658098653
37.071566203 -11.629159851
37.044384399 -11.595673523
37.032395467 -11.56487437
37.016685831 -11.573969421
37.007797485 -11.580584005
36.998392375 -11.584614766
36.90589156 -11.592779643
36.891112101 -11.589989115
36.866307414 -11.574176127
36.846567016 -11.572729187
36.837058553 -11.567974955
36.820108683 -11.57355601
36.774840129 -11.626265971
36.747038208 -11.666470235
36.738046509 -11.674738465
36.726574341 -11.680732931
36.689677368 -11.694582214
36.679962199 -11.702437032
36.67458785 -11.70884491
36.667249797 -11.713392436
36.640584757 -11.716286316
36.625701945 -11.721350606
36.562966756 -11.731272482
36.545706828 -11.72941213
36.520592082 -11.717113139
36.515011027 -11.715046081
36.508706502 -11.709775086
36.502712036 -11.686313985
36.494857219 -11.680939636
36.378068482 -11.680939636
36.37331425 -11.683110047
36.368146607 -11.687760926
36.361221965 -11.692411804
36.329802694 -11.697062683
36.293422486 -11.707294617
36.278746378 -11.70884491
36.268411092 -11.70595103
36.252908162 -11.696649272
36.24091923 -11.694582214
36.199681437 -11.701506856
36.188209269 -11.693652038
36.17921757 -11.675565287
36.176220337 -11.654998067
36.182628215 -11.640011902
36.175910278 -11.620064799
36.173636515 -11.597430522
36.168055461 -11.578723653
36.151932414 -11.571075541
36.142837362 -11.569008484
36.136016073 -11.563840841
36.129504842 -11.557122904
36.12113326 -11.550611674
36.111521444 -11.546580912
36.08940393 -11.540896505
36.079585408 -11.536969095
36.043101847 -11.514851583
36.022224569 -11.505653177
36.007858521 -11.506583353
35.988531535 -11.512164408
35.969824666 -11.502449239
35.960832967 -11.483535665
35.970341431 -11.461211446
35.953081502 -11.440644226
35.939748983 -11.434132995
35.902025187 -11.434546407
35.89561731 -11.432789408
35.867298625 -11.420903829
35.82637089 -11.413462423
35.813141723 -11.422350769
35.781929158 -11.461211446
35.764255819 -11.474854024
35.714026326 -11.483845723
35.695629517 -11.494594421
35.703380981 -11.516505228
35.691288696 -11.524256693
35.68022994 -11.537589213
35.671858358 -11.551438496
35.664830363 -11.572005717
35.654805135 -11.578310242
35.60085494 -11.592262878
35.599718058 -11.592159525
35.576256958 -11.605181986
35.559823852 -11.601047872
35.543700806 -11.594743347
35.532745402 -11.59557017
35.531505168 -11.612726745
35.520136352 -11.609109395
35.515588826 -11.603528341
35.513005005 -11.596603699
35.507630656 -11.58905894
35.49874231 -11.582341003
35.494091431 -11.581824239
35.490164021 -11.584098002
35.483652791 -11.585958353
35.483446086 -11.586888529
35.470113566 -11.592159525
35.465772746 -11.592572937
35.441174764 -11.591436056
35.431873006 -11.588438822
35.425258423 -11.582030945
35.423501424 -11.576553243
35.381746866 -11.577690124
34.964614706 -11.57355601
34.962961059 -11.56487437
34.962961059 -11.513094584
34.960687296 -11.498521831
34.955726359 -11.486739604
34.950972127 -11.477747904
34.948698364 -11.471753438
34.944460897 -11.464415385
34.935055786 -11.456457215
34.925650675 -11.445915222
34.917072388 -11.418836771
34.89836552 -11.403540548
34.894128052 -11.395995789
34.886583293 -11.375428568
34.867876424 -11.358788757
34.843691854 -11.34628306
34.800490356 -11.331917012
34.79232548 -11.330883484
34.784884073 -11.333467306
34.772171672 -11.344422709
34.765557088 -11.345146179
34.75914921 -11.337498067
34.737031698 -11.296777038
34.743026164 -11.293676453
34.751604452 -11.287061869
34.757495565 -11.283754577
34.757495565 -11.277553405
34.741682577 -11.268665059
34.728660116 -11.253988953
34.719771769 -11.234558614
34.716567831 -11.211717631
34.714087362 -11.202725931
34.70788619 -11.194974467
34.699928019 -11.189496765
34.681841268 -11.185052592
34.677087036 -11.178748067
34.673986451 -11.169963074
34.668715454 -11.160144552
34.621069784 -11.119733581
34.613525024 -11.102163595
34.610631144 -11.077668966
34.597298625 -11.036637879
34.592957804 -11.016174012
34.597918741 -10.990955912
34.617838282 -10.965738621
34.62706425 -10.954058939
34.64546106 -10.913234558
34.64763147 -10.902899272
34.64763147 -10.858560893
34.660550577 -10.79603241
34.656726522 -10.769884135
34.662824341 -10.7614092
34.675019978 -10.752417501
34.672436157 -10.739498393
34.666441691 -10.732367045
34.659930461 -10.727716166
34.655692993 -10.722031759
34.653935995 -10.717587585
34.64763147 -10.70838918
34.660860637 -10.687305196
34.660033814 -10.665497742
34.65052535 -10.645343933
34.629027954 -10.620229187
34.62634078 -10.614338073
34.627167603 -10.59511444
34.624377075 -10.583435567
34.620858923 -10.582422766
34.617555786 -10.581471863
34.608874146 -10.581988627
34.600399211 -10.578061218
34.592337687 -10.566692403
34.585723104 -10.553566589
34.581072225 -10.539717305
34.580088163 -10.531844812
34.579418579 -10.526488138
34.581485637 -10.513672384
34.590787395 -10.491244812
34.592957804 -10.481736348
34.588720337 -10.463132833
34.569496704 -10.431403504
34.565052531 -10.409802755
34.585309692 -10.300662129
34.585619751 -10.290016784
34.58344934 -10.277614441
34.575077759 -10.255806986
34.565569296 -10.202683614
34.532393026 -10.128889669
34.524744914 -10.094783223
34.526811971 -10.084861348
34.535700318 -10.065327657
34.537767375 -10.053855489
34.536423787 -10.043003438
34.524744914 -10.00879364
34.49466923 -9.966729024
34.483300415 -9.946161804
34.383461548 -9.823792013
34.382324667 -9.819657898
34.364237915 -9.802397969
34.359690389 -9.799917501
34.337469523 -9.77717987
34.331681763 -9.7692217
34.326720826 -9.750308126
34.324240356 -9.73242808
34.317935831 -9.719198913
34.288066853 -9.708450216
34.190811808 -9.606750997
34.161873006 -9.593625183
34.144613078 -9.574918314
34.137068318 -9.570577494
34.103168579 -9.529856466
34.089319296 -9.522208354
34.079810832 -9.511046244
34.078490688 -9.510185831
34.047461385 -9.48996226
34.012734822 -9.477456563
33.996508423 -9.491822611
33.984312785 -9.505568543
33.960748332 -9.524895528
33.945865519 -9.550010274
33.964469035 -9.594658712
33.962608684 -9.612125346
33.955580689 -9.642304382
33.954857218 -9.660597839
33.951343221 -9.6736203
33.943074992 -9.683852234
33.928295532 -9.693464051
33.928295532 -9.700285339
33.911862426 -9.717958679
33.900183553 -9.709587097
33.889331502 -9.689743347
33.865250285 -9.669589539
33.8369316 -9.652846374
33.8134705 -9.643337911
33.78752893 -9.626491394
33.762000773 -9.600963236
33.734612264 -9.58411672
33.702521199 -9.592901713
33.676062866 -9.607681172
33.650638061 -9.610988464
33.650135414 -9.610901132
33.623869669 -9.606337585
33.593380575 -9.596829121
33.559480835 -9.593315125
33.535192912 -9.603340352
33.511628459 -9.61698293
33.480519246 -9.624424336
33.438971395 -9.621530456
33.419644409 -9.615639343
33.404244832 -9.604890645
33.392204224 -9.586183777
33.374995972 -9.549080098
33.356495809 -9.53182017
33.300271851 -9.492236023
33.282391805 -9.486034851
33.273503459 -9.487688497
33.25769047 -9.498023784
33.249112182 -9.500710958
33.23712325 -9.499574076
33.216349324 -9.493372905
33.202396688 -9.493476257
33.195782104 -9.496680196
33.182036174 -9.507945658
33.172941121 -9.511046244
33.169220418 -9.508875834
33.139919881 -9.497403666
33.11299646 -9.491512553
33.103901408 -9.487895202
33.042303101 -9.440662943
32.992280314 -9.391363627
32.974710327 -9.381235047
32.955279989 -9.382061869
32.936263062 -9.391673685
32.920863485 -9.407900086
32.905463908 -9.398184916
32.830739786 -9.37017629
32.784334351 -9.339687195
32.776996297 -9.338240255
32.759633016 -9.339997253
32.752294962 -9.337413431
32.746507203 -9.329972025
32.743406616 -9.31498586
32.739685913 -9.307337748
32.725836629 -9.292558288
32.71322758 -9.285840353
32.641604045 -9.279845886
32.555614461 -9.26124237
32.518045695 -9.258245138
32.504454793 -9.249253438
32.490088745 -9.227342631
32.470658407 -9.18186737
32.459703003 -9.168018087
32.423426148 -9.143833517
32.383015177 -9.133911642
32.252738892 -9.136495463
32.231448202 -9.133808288
32.211294393 -9.126780294
32.191605672 -9.11220754
32.154812053 -9.075207214
32.145574479 -9.070265112
32.13414148 -9.064148458
32.125046427 -9.063735046
32.105822794 -9.068282572
32.096417684 -9.069109395
32.086030721 -9.066112162
32.057246948 -9.049575704
32.031718791 -9.045958354
32.01580245 -9.05267629
32.001384725 -9.063321635
31.980559122 -9.071899922
31.938081095 -9.061771342
31.917720581 -9.022497253
31.917823934 -8.973094584
31.936634155 -8.932580261
31.787599324 -8.892169291
31.76434493 -8.894132996
31.730238485 -8.912426453
31.709774618 -8.919661153
31.689620809 -8.9195578
31.672670939 -8.913046569
31.576449422 -8.839666036
31.553350057 -8.809073588
31.545856974 -8.766285502
31.545960327 -8.728975118
31.539035685 -8.703550313
31.519088583 -8.687013855
31.480641317 -8.676161804
31.464724976 -8.666136577
31.44322758 -8.641538594
31.427517945 -8.633477071
31.412428426 -8.63234019
31.398837524 -8.63378713
31.385970093 -8.632546895
31.372637573 -8.623865255
31.369226928 -8.61683726
31.365919637 -8.598647156
31.362198934 -8.592342631
31.353310587 -8.587174988
31.350106648 -8.588518575
31.347522827 -8.592445984
31.340391479 -8.595236511
31.328815959 -8.59771698
31.27708785 -8.616010437
31.269388062 -8.621074727
31.260913127 -8.623968608
31.248045695 -8.62190155
31.237348674 -8.613943379
31.218435099 -8.58872528
31.206756226 -8.58076711
31.182675008 -8.58076711
31.161384318 -8.591722514
31.141023804 -8.606191915
31.119836467 -8.616630554
31.077823527 -8.616320495
31.033640177 -8.600300801
30.992350708 -8.575909526
30.959536174 -8.550484721
30.891891724 -8.479171245
30.828278036 -8.38811737
30.778255249 -8.289105326
30.752106975 -8.194124043
30.72812911 -8.104103699
30.654955282 -7.9273703
30.441634969 -7.596331075
30.414711548 -7.501969909
30.404944702 -7.436030781
30.369598022 -7.310250346
30.29446049 -7.149433289
30.234670858 -7.05713918
30.090855346 -6.890017599
30.012720581 -6.825215352
29.969112805 -6.803040266
29.873090861 -6.754211934
29.738628784 -6.652409363
29.707002808 -6.619336446
29.68436853 -6.581509298
29.633932332 -6.446943868
29.5660295 -6.359507345
29.537710815 -6.312378439
29.525515177 -6.27310435
29.50882369 -6.153731791
29.47869633 -6.041800638
29.476112508 -6.002113138
29.496059611 -5.93865448
29.570887085 -5.83798879
29.603029826 -5.781661479
29.612434936 -5.704353535
29.593521363 -5.620327657
29.496369669 -5.39171112
29.455648641 -5.229963887
29.377823934 -5.08754364
29.344234253 -5.00599823
29.342792981 -4.999952895
29.323770386 -4.920163676
29.321031535 -4.836344503
29.340823608 -4.751698507
29.401336711 -4.586850687
29.41089685 -4.502308044
29.4072795 -4.462620544
29.404178915 -4.449804789
29.638273153 -4.446807556
29.687469117 -4.458383077
29.728293498 -4.461587015
29.732841023 -4.463344015
29.744364868 -4.454455668
29.747413777 -4.443190206
29.747930542 -4.430271097
29.751651245 -4.416111756
29.75795577 -4.410220642
29.775008992 -4.402262471
29.780176636 -4.393684184
29.78229537 -4.377354431
29.784104045 -4.373840433
29.800330444 -4.363918558
29.810975789 -4.365262146
29.82182784 -4.370739848
29.838571004 -4.373530375
29.847355997 -4.370533142
29.90047937 -4.345625102
29.936342814 -4.31203542
29.970655965 -4.292605082
29.980784546 -4.284440205
30.003005411 -4.271934509
30.015614461 -4.256018168
30.041142619 -4.195039978
30.051477906 -4.180157166
30.119587443 -4.123519796
30.149766479 -4.086829528
30.173227579 -4.046315206
30.175852307 -4.039991997
30.191417684 -4.002493592
30.208780965 -3.930456645
30.220769898 -3.909992778
30.273273152 -3.856249288
30.311720418 -3.789896749
30.336990194 -3.773773702
30.381586954 -3.788346456
30.384997599 -3.770776468
30.381897014 -3.755170186
30.376212606 -3.73977061
30.371975138 -3.722924093
30.373068378 -3.704339018
30.37311202 -3.703597107
30.380140015 -3.685613709
30.421377807 -3.620811462
30.42887089 -3.602207947
30.429232625 -3.583914489
30.42685551 -3.563864034
30.432281535 -3.551875102
30.460135131 -3.531927998
30.4626156 -3.527897237
30.466336304 -3.51611501
30.468920126 -3.513014425
30.485559937 -3.510533956
30.487523641 -3.510740662
30.488040406 -3.512601013
30.507160685 -3.51105072
30.50824589 -3.50888031
30.509951213 -3.500198669
30.511501505 -3.497718201
30.538114869 -3.491620382
30.544987834 -3.489139913
30.552946004 -3.482215271
30.565968465 -3.466712341
30.612890666 -3.444904887
30.639142293 -3.419480082
30.640434204 -3.392815043
30.610250154 -3.376358648
30.603278849 -3.372557881
30.621675659 -3.350440369
30.640537557 -3.332870381
30.662603393 -3.319227804
30.689940227 -3.308892517
30.702239217 -3.307342224
30.712006063 -3.301864522
30.718413941 -3.292872823
30.72146285 -3.280987243
30.747921184 -3.294113057
30.775671427 -3.291012471
30.799752645 -3.274579366
30.814842163 -3.247707622
30.814325399 -3.241919861
30.809881225 -3.224143168
30.809364461 -3.216805115
30.823523804 -3.196651306
30.832205444 -3.172776794
30.833962443 -3.160271098
30.832928915 -3.147662049
30.8287948 -3.140530701
30.815824015 -3.131022237
30.812258341 -3.123477478
30.813085164 -3.117689718
30.817839396 -3.104357198
30.817684366 -3.099086202
30.807814168 -3.085236918
30.783216186 -3.062085877
30.778255249 -3.047409769
30.784869833 -3.031493428
30.815824015 -2.99583669
30.818814624 -2.990495175
30.825487508 -2.978576761
30.802129761 -2.978370056
30.755414266 -2.991392517
30.732056519 -2.993459574
30.718879029 -2.989532165
30.695986369 -2.974546
30.683687378 -2.969998474
30.671336711 -2.970825297
30.661363159 -2.974752706
30.65092452 -2.977336527
30.637592001 -2.974442647
30.634904825 -2.970101827
30.632114298 -2.953772074
30.629530477 -2.947674255
30.625189656 -2.944780375
30.61196049 -2.939199321
30.547003215 -2.900338643
30.538890015 -2.898995056
30.524937378 -2.9041627
30.513051798 -2.913981222
30.493259725 -2.941266377
30.488453817 -2.94354014
30.488325079 -2.943160058
30.484112996 -2.930724386
30.475431356 -2.922146098
30.469643595 -2.914187927
30.474191121 -2.903232524
30.456001017 -2.898271586
30.440808146 -2.884008891
30.415796753 -2.851659444
30.413626343 -2.834399516
30.42509851 -2.812178649
30.446905965 -2.782723083
30.4472677 -2.757298279
30.450523315 -2.741795349
30.458584839 -2.728669535
30.516100708 -2.668311462
30.522560262 -2.649397888
30.499615926 -2.657872823
30.463752482 -2.674202576
30.442668498 -2.681127218
30.423238159 -2.680920512
30.412127726 -2.670171814
30.416003459 -2.645573832
30.424168335 -2.633171488
30.448042846 -2.610537211
30.457654663 -2.598031515
30.461995483 -2.587489522
30.47016036 -2.555760193
30.508090861 -2.463466084
30.521475057 -2.442278748
30.55459965 -2.400627543
30.573926636 -2.389258728
30.595217325 -2.391945902
30.616921427 -2.398147074
30.637850382 -2.397010193
30.649064168 -2.387605082
30.663326864 -2.360733337
30.674799031 -2.351741638
30.687718139 -2.349984639
30.698466837 -2.353395284
30.750660034 -2.379130147
30.75882491 -2.381093852
30.767919963 -2.378613383
30.775154663 -2.374479268
30.7891073 -2.371068624
30.804558553 -2.362180277
30.821353394 -2.354738871
30.834375855 -2.34533376
30.844711141 -2.326626892
30.848948608 -2.306266378
30.844711141 -2.237846781
30.853392782 -2.193818461
30.887809285 -2.082507426
30.879437703 -2.053465271
30.868740682 -2.03899587
30.853496135 -2.023699645
30.835461059 -2.014707947
30.816754191 -2.018738708
30.829931681 -1.960551045
30.826934449 -1.934092712
30.796962118 -1.92933848
30.801923055 -1.921276957
30.808020874 -1.914765726
30.824247273 -1.902053325
30.816599162 -1.884173279
30.822231893 -1.868773702
30.83241215 -1.853787537
30.837889852 -1.836837667
30.829931681 -1.796736755
30.826417684 -1.786194763
30.837889852 -1.758702901
30.835409383 -1.749504496
30.826521037 -1.735861918
30.824247273 -1.730694274
30.824557333 -1.719945577
30.83747644 -1.641087341
30.838303263 -1.615352478
30.831016887 -1.59416514
30.807245728 -1.603260193
30.791587768 -1.590961202
30.781975952 -1.568430277
30.772260783 -1.53246348
30.76781661 -1.524815369
30.755414266 -1.511586202
30.738877808 -1.489468688
30.732935018 -1.476446228
30.73825769 -1.470658468
30.741358277 -1.458876241
30.743218628 -1.432831319
30.73753422 -1.406683044
30.718103881 -1.394900818
30.698466837 -1.392110291
30.632424357 -1.367615661
30.623225952 -1.362034607
30.608239787 -1.347771912
30.597697795 -1.340330505
30.568242228 -1.328134868
30.55532312 -1.318419698
30.549948771 -1.302400004
30.5509823 -1.294958598
30.553359416 -1.289067484
30.555633179 -1.284726664
30.556615031 -1.281626078
30.55459965 -1.273461202
30.545297892 -1.261368916
30.539406779 -1.241008402
30.521216675 -1.210829366
30.515118856 -1.196256612
30.511191447 -1.170418396
30.506953979 -1.164217224
30.494654989 -1.155328877
30.490520874 -1.156465759
30.484009643 -1.159979756
30.476051473 -1.161219991
30.467266479 -1.155328877
30.465612834 -1.149334411
30.468300008 -1.143339945
30.472072388 -1.137655538
30.474191121 -1.131764425
30.470883829 -1.118121846
30.456311076 -1.108096618
30.453003785 -1.09734792
30.456156047 -1.086082458
30.463855835 -1.075127055
30.471785843 -1.066836592
30.472950887 -1.065618591
30.481012411 -1.059107361
30.493414754 -1.060244242
30.50085616 -1.06520518
30.506023803 -1.070786234
30.511656535 -1.073370056
30.523697143 -1.072439881
30.54230066 -1.06809906
30.592736857 -1.063448181
30.614544311 -1.065825297
30.638625529 -1.073370056
30.651337931 -1.062828064
30.687098023 -1.025000915
30.701567424 -1.017456156
30.739497925 -1.005467224
30.777118367 -0.98583018
30.812465048 -0.994718526
