168.818614129 -12.28492604
168.802419467 -12.290622654
168.797862175 -12.281914972
168.805674675 -12.274102472
168.812266472 -12.266289972
168.82292728 -12.267266534
168.825856967 -12.281508071
168.818614129 -12.28492604
166.963226759 -11.650323175
166.945648634 -11.653252863
166.938975457 -11.642022394
166.94434655 -11.625420831
166.957692905 -11.612562758
166.975840691 -11.611016534
166.984873894 -11.614353123
166.985524936 -11.623304946
166.979665561 -11.638604425
166.963226759 -11.650323175
166.86988366 -11.588962498
166.893445229 -11.593783981
166.935559509 -11.608813003
166.923919831 -11.640971531
166.925196973 -11.654899054
166.924016415 -11.674288608
166.978448183 -11.670487412
166.984148859 -11.709863309
166.909277362 -11.714936542
166.888241175 -11.717422095
166.871523988 -11.716865792
166.843020839 -11.713315821
166.828106041 -11.693353072
166.816172722 -11.682305597
166.802500847 -11.677178644
166.797075182 -11.669793318
166.779678908 -11.648618
166.767248257 -11.633490165
166.767203404 -11.617119511
166.775225267 -11.606793231
166.785125303 -11.601316002
166.805531969 -11.591568313
166.824109272 -11.591526289
166.847013215 -11.592680612
166.86988366 -11.588962498
160.052419467 -11.495212498
160.063487175 -11.4960263
160.087168816 -11.494805597
160.0966903 -11.499200128
160.116709832 -11.516696873
160.137380405 -11.529880467
160.193369988 -11.556329034
160.222992384 -11.578383071
160.258474155 -11.595472915
160.287445509 -11.617364191
160.308116082 -11.626641534
160.352793816 -11.639825128
160.393890821 -11.657810154
160.503672722 -11.736016534
160.564463738 -11.773044529
160.582204623 -11.794854425
160.558848504 -11.811211847
160.546885613 -11.811293227
160.53809655 -11.80836354
160.529633009 -11.806817316
160.517832879 -11.811211847
160.512461785 -11.818129165
160.504567905 -11.838311456
160.497325066 -11.845879816
160.48316491 -11.844984633
160.470957879 -11.831719659
160.460134311 -11.815036717
160.449554884 -11.804375909
160.434336785 -11.810967706
160.42847741 -11.811211847
160.422618035 -11.8085263
160.385264519 -11.783786717
160.380056186 -11.777032159
160.368907097 -11.734551691
160.360118035 -11.716892185
160.339691602 -11.701348566
160.329356316 -11.698337498
160.308116082 -11.697035415
160.298106316 -11.694512628
160.285817905 -11.686944269
160.283376498 -11.680840753
160.285166863 -11.674737238
160.285166863 -11.667168878
160.28394616 -11.657321873
160.284841342 -11.649509373
160.282074415 -11.641859633
160.270762566 -11.632989191
160.262461785 -11.629164321
160.251800977 -11.626153253
160.240570509 -11.624688409
160.230479363 -11.626153253
160.225840691 -11.631036066
160.216319207 -11.648044529
160.20997155 -11.653497003
160.201019727 -11.655205988
160.189300977 -11.655368748
160.168467644 -11.653497003
160.15121504 -11.647149347
160.112478061 -11.626071873
160.09262129 -11.619398696
160.097666863 -11.609063409
160.100759311 -11.605075779
160.082530144 -11.592217706
160.066416863 -11.59351979
160.052744988 -11.600762628
160.041351759 -11.605075779
160.023692254 -11.600681248
160.01059004 -11.589450779
159.981944207 -11.554294529
159.977793816 -11.540215753
159.972911004 -11.533379816
159.965505405 -11.525811456
159.963389519 -11.520603123
159.969248894 -11.503187758
159.976084832 -11.491387628
159.996104363 -11.473077081
160.003265821 -11.461114191
160.00668379 -11.465101821
160.010101759 -11.466485284
160.013682488 -11.467217706
160.017588738 -11.46851979
160.031993035 -11.483575128
160.04175866 -11.490492446
160.052419467 -11.495212498
159.851084832 -11.307712498
159.853200717 -11.324476821
159.829925977 -11.315362238
159.810557488 -11.310479425
159.793304884 -11.302422784
159.777354363 -11.283623956
159.785329623 -11.282810154
159.7920028 -11.283949477
159.798350457 -11.286553644
159.804698113 -11.290459894
159.822276238 -11.292657159
159.839366082 -11.297621352
159.851084832 -11.307712498
166.564711551 -11.259934442
166.557251608 -11.283643658
166.534163355 -11.308094011
166.52652088 -11.3088958
166.516451952 -11.311279308
166.50882668 -11.309319082
166.500481855 -11.304603409
166.50020672 -11.297913563
166.500764244 -11.28887623
166.506847565 -11.281403899
166.510319045 -11.274680457
166.509127249 -11.260914754
166.49496605 -11.269270891
166.483449224 -11.278662435
166.477693689 -11.269983341
166.479759889 -11.247421583
166.494266315 -11.229276882
166.51185567 -11.213424038
166.525109417 -11.20905168
166.540424074 -11.214563967
166.555759859 -11.226790703
166.563900066 -11.241026077
166.564711551 -11.259934442
166.061174328 -10.654032592
166.078135613 -10.663018488
166.08090254 -10.667657159
166.08497155 -10.672051691
166.114669891 -10.668155579
166.142757318 -10.669251219
166.147904586 -10.694046402
166.137015238 -10.70532046
166.132985873 -10.724786066
166.095687633 -10.739230042
166.083719955 -10.74983681
166.065386833 -10.758285703
166.05450146 -10.76673205
166.035004102 -10.76539479
166.028168165 -10.767266534
166.002376151 -10.75721574
165.989783412 -10.766809692
165.980804884 -10.77337005
165.969574415 -10.770196222
165.934219654 -10.77574131
165.891804928 -10.824105367
165.861964572 -10.868540144
165.849358252 -10.856151122
165.852392416 -10.828618245
165.840417741 -10.814567535
165.828369622 -10.812300545
165.800080403 -10.837543284
165.770235328 -10.835823173
165.756474341 -10.812161112
165.75362772 -10.772741721
165.753030388 -10.751887721
165.772150054 -10.738498527
165.78117098 -10.724901683
165.792634053 -10.709136708
165.801812908 -10.708588094
165.79741707 -10.743064642
165.81216988 -10.759318134
165.821949854 -10.762164558
165.827093882 -10.749212322
165.828210097 -10.733987448
165.831218298 -10.70765122
165.847840804 -10.684607856
165.878062361 -10.65684651
165.923343422 -10.653539279
165.99452654 -10.661139486
166.026663746 -10.647016064
166.061174328 -10.654032592
165.745290561 -10.42164479
165.735606316 -10.424574477
165.727793816 -10.422458592
165.722911004 -10.412855727
165.723806186 -10.401543878
165.726247592 -10.39462656
165.732188347 -10.389906508
165.746348504 -10.393487238
165.755056186 -10.406914972
165.7529403 -10.416761977
165.745290561 -10.42164479
166.242523634 -10.220798435
166.242442254 -10.268975519
166.24903405 -10.266696873
166.252452019 -10.264906508
166.267100457 -10.264255467
166.27995853 -10.273044529
166.270030144 -10.291924738
166.251475457 -10.309177342
166.2373153 -10.311130467
166.236094597 -10.296563409
166.238047722 -10.283461196
166.231455925 -10.282891534
166.228688998 -10.276055597
166.235850457 -10.255303644
166.239268425 -10.23430755
166.238536004 -10.215020441
166.242523634 -10.220798435
161.770518425 -10.278415623
161.747813347 -10.289808852
161.740733269 -10.288506769
161.73698978 -10.284600519
161.736664259 -10.279229425
161.74097741 -10.272556248
161.745860222 -10.263278904
161.741953972 -10.259047133
161.735036655 -10.257419529
161.730642123 -10.255629165
161.717295769 -10.231377863
161.717051629 -10.218194269
161.730642123 -10.206719659
161.752452019 -10.224216404
161.768809441 -10.252211196
161.770518425 -10.278415623
161.335703972 -10.208672784
161.340830925 -10.214043878
161.396006707 -10.204034113
161.502207879 -10.250746352
161.609548373 -10.316827081
161.668630405 -10.364922784
161.687266472 -10.357598566
161.700205925 -10.365492446
161.720388217 -10.396091404
161.735118035 -10.405368748
161.750824415 -10.406996352
161.765879754 -10.405857029
161.778493686 -10.406508071
161.791026238 -10.411797784
161.820567254 -10.42978281
161.826182488 -10.437188409
161.835703972 -10.446954034
161.857269727 -10.447930597
161.880544467 -10.442803644
161.895192905 -10.433770441
161.93246504 -10.445977472
161.949473504 -10.446954034
161.96355228 -10.440606378
161.972341342 -10.448500258
161.98707116 -10.467217706
161.997569207 -10.474786066
162.009287957 -10.478448175
162.04184004 -10.474786066
162.058848504 -10.478285415
162.063975457 -10.475844008
162.068532748 -10.454766534
162.075205925 -10.449639581
162.084239129 -10.447686456
162.093760613 -10.447523696
162.113617384 -10.456475519
162.140391472 -10.493747654
162.151703321 -10.502129816
162.16309655 -10.508721613
162.171397332 -10.524021092
162.191742384 -10.57789479
162.196299675 -10.584649347
162.203623894 -10.590427342
162.210215691 -10.592461847
162.215342644 -10.596774998
162.220469597 -10.629571222
162.228851759 -10.64462656
162.241953972 -10.65618255
162.277517123 -10.67962005
162.28777103 -10.691989842
162.29175866 -10.707696222
162.2920028 -10.764743748
162.288910352 -10.76962656
162.282562696 -10.771742446
162.275238477 -10.776950779
162.268809441 -10.783379816
162.264984571 -10.789483331
162.271739129 -10.814385675
162.30347741 -10.819431248
162.343435092 -10.818047784
162.374847852 -10.823663019
162.38550866 -10.818780206
162.392588738 -10.826918227
162.391612175 -10.838799738
162.378265821 -10.844821873
162.365000847 -10.842543227
162.353282097 -10.838962498
162.341156446 -10.838148696
162.32715905 -10.844821873
162.319672071 -10.840264581
162.309255405 -10.838474217
162.292328321 -10.837985935
162.278656446 -10.835544529
162.207041863 -10.808038019
162.183929884 -10.810967706
162.161957227 -10.831149998
162.150726759 -10.825127863
162.138031446 -10.823174738
162.110850457 -10.823663019
162.101084832 -10.821465753
162.093923373 -10.815850519
162.087657097 -10.809340102
162.080088738 -10.803806248
162.035899285 -10.786553644
162.019867384 -10.77337005
162.011241082 -10.76962656
161.998545769 -10.771661066
161.969411655 -10.78134531
161.960134311 -10.779554946
161.950694207 -10.774102472
161.90886478 -10.762139581
161.910329623 -10.764092706
161.904633009 -10.766696873
161.891774936 -10.76962656
161.885264519 -10.767347915
161.875010613 -10.75758229
161.871348504 -10.755303644
161.861501498 -10.752618097
161.854828321 -10.745700779
161.846853061 -10.728122654
161.841319207 -10.742771092
161.840505405 -10.749200128
161.818614129 -10.733168227
161.806976759 -10.730075779
161.792165561 -10.734958592
161.789561394 -10.728692316
161.782237175 -10.720391534
161.778493686 -10.715020441
161.769216342 -10.71884531
161.760996941 -10.712334894
161.756358269 -10.702080988
161.758067254 -10.694512628
161.74870853 -10.682793878
161.736827019 -10.681817316
161.723480665 -10.68368906
161.710215691 -10.680271092
161.702972852 -10.670668227
161.700205925 -10.659356378
161.694834832 -10.649997654
161.679453972 -10.646172784
161.674327019 -10.639906508
161.661143425 -10.627618097
161.64747155 -10.618584894
161.641368035 -10.622247003
161.636566602 -10.631036066
161.625824415 -10.624444269
161.607188347 -10.605726821
161.607432488 -10.597263279
161.603037957 -10.591241144
161.595713738 -10.587497654
161.586680535 -10.584649347
161.58871504 -10.577080988
161.586680535 -10.570000909
161.581309441 -10.563164972
161.57300866 -10.556817316
161.564707879 -10.566664321
161.552744988 -10.570000909
161.538747592 -10.568454685
161.524668816 -10.564222915
161.545176629 -10.502129816
161.5341903 -10.495212498
161.532969597 -10.485609633
161.533457879 -10.475030206
161.528330925 -10.464532159
161.52214603 -10.463067316
161.501963738 -10.467461847
161.490407748 -10.467950128
161.499685092 -10.456312758
161.507497592 -10.440036717
161.50668379 -10.4257138
161.490407748 -10.420179946
161.500661655 -10.395114842
161.507497592 -10.383477472
161.51465905 -10.378594659
161.520030144 -10.376397394
161.518077019 -10.371677342
161.510996941 -10.364922784
161.505544467 -10.363539321
161.489756707 -10.365411066
161.483653191 -10.364922784
161.476817254 -10.359551691
161.472341342 -10.352715753
161.465993686 -10.346937758
161.452647332 -10.344496352
161.425466342 -10.344496352
161.413747592 -10.341566665
161.4091903 -10.334242446
161.402842644 -10.330010675
161.388845248 -10.329196873
161.367523634 -10.330824477
161.361338738 -10.333754165
161.356944207 -10.338474217
161.351735873 -10.342543227
161.344004754 -10.344496352
161.336924675 -10.343438409
161.330088738 -10.338799738
161.303884311 -10.335381769
161.293142123 -10.331231378
161.284922722 -10.323907159
161.280772332 -10.308851821
161.289398634 -10.287041925
161.284922722 -10.276136977
161.289805535 -10.271416925
161.292246941 -10.268161717
161.294444207 -10.26539479
161.299327019 -10.263116144
161.292328321 -10.247491144
161.29184004 -10.225762628
161.300059441 -10.20712656
161.31910241 -10.200453383
161.324473504 -10.203301691
161.330088738 -10.205336196
161.335703972 -10.208672784
167.193369988 -9.893731378
167.185313347 -9.89462656
167.173350457 -9.886407159
167.165782097 -9.868340753
167.170176629 -9.85914479
167.180837436 -9.860121352
167.192230665 -9.872979425
167.195974155 -9.885918878
167.193369988 -9.893731378
167.10824629 -9.80462005
167.104014519 -9.806573175
167.091807488 -9.803317967
167.1045028 -9.801853123
167.10824629 -9.80462005
161.977793816 -9.686618748
161.978526238 -9.694756769
161.976817254 -9.699965102
161.970876498 -9.7069638
161.969086134 -9.714532159
161.96753991 -9.717705988
161.96355228 -9.720635675
161.969737175 -9.734958592
161.982432488 -9.817559503
161.982432488 -9.834161066
161.977793816 -9.851006769
161.96363366 -9.839288019
161.950043165 -9.816827081
161.94019616 -9.790134373
161.92847741 -9.720147394
161.929942254 -9.7069638
161.94019616 -9.692152602
161.95215905 -9.690362238
161.965098504 -9.691827081
161.977793816 -9.686618748
161.426280144 -9.411716404
161.456309441 -9.453789972
161.481700066 -9.504652602
161.493907097 -9.518975519
161.499278191 -9.5272763
161.50668379 -9.549493097
161.51465905 -9.560235284
161.524261915 -9.570489191
161.532074415 -9.581475519
161.545176629 -9.604668878
161.551931186 -9.622979425
161.553965691 -9.640313409
161.552500847 -9.676364842
161.555918816 -9.693047784
161.570485873 -9.72633229
161.57300866 -9.748630467
161.568207227 -9.771172784
161.558604363 -9.78899505
161.549164259 -9.792575779
161.545176629 -9.772230727
161.504079623 -9.727471613
161.494639519 -9.70305755
161.488291863 -9.692071222
161.477386915 -9.686618748
161.466481967 -9.689873956
161.459320509 -9.717868748
161.448903842 -9.734958592
161.4326278 -9.717950128
161.415049675 -9.694594008
161.400726759 -9.670017185
161.394786004 -9.649021092
161.394786004 -9.587823175
161.394786004 -9.529473566
161.392344597 -9.50758229
161.392914259 -9.494886977
161.4091903 -9.465997003
161.406097852 -9.449965102
161.398203972 -9.4335263
161.394786004 -9.412774347
161.390391472 -9.414727472
161.379242384 -9.417657159
161.375010613 -9.419610284
161.375010613 -9.398695571
161.368418816 -9.379571222
161.347015821 -9.343926691
161.35434004 -9.338555597
161.359141472 -9.339288019
161.367523634 -9.35133229
161.380869988 -9.365166925
161.415212436 -9.386000258
161.422211134 -9.395765883
161.426280144 -9.411716404
159.939707879 -9.432875258
159.960948113 -9.434665623
159.999847852 -9.433282159
160.010264519 -9.431817316
160.019786004 -9.427666925
160.028005405 -9.422133071
160.034678582 -9.416192316
160.043467644 -9.41415781
160.056162957 -9.417413019
160.079112175 -9.426446222
160.099131707 -9.431898696
160.109873894 -9.4335263
160.120616082 -9.433282159
160.130381707 -9.429294529
160.147959832 -9.415704034
160.157725457 -9.412774347
160.179047071 -9.414971613
160.211192254 -9.424248956
160.230479363 -9.426446222
160.23715254 -9.424574477
160.245616082 -9.415704034
160.250987175 -9.412774347
160.25652103 -9.413262628
160.265147332 -9.418715102
160.270762566 -9.419610284
160.345957879 -9.419610284
160.349864129 -9.418552342
160.360118035 -9.413506769
160.366384311 -9.412774347
160.367930535 -9.414971613
160.372325066 -9.419610284
160.378184441 -9.424248956
160.398448113 -9.432875258
160.419200066 -9.461114191
160.459320509 -9.475030206
160.47559655 -9.493259373
160.503672722 -9.536309503
160.540782097 -9.531426691
160.586436394 -9.551364842
160.628428582 -9.582289321
160.654470248 -9.610772394
160.661468946 -9.627618097
160.665700717 -9.648125909
160.667979363 -9.690036717
160.673024936 -9.698011977
160.683929884 -9.698337498
160.699961785 -9.693454685
160.712657097 -9.69540781
160.722992384 -9.700453383
160.743825717 -9.713962498
160.777110222 -9.722832941
160.785411004 -9.727471613
160.78785241 -9.737562758
160.786957227 -9.751560154
160.789561394 -9.763848566
160.802093946 -9.769138279
160.805511915 -9.774021092
160.806488477 -9.78492604
160.805837436 -9.806329034
160.808278842 -9.816013279
160.813649936 -9.822035415
160.820323113 -9.82789479
160.826345248 -9.837334894
160.824717644 -9.86728281
160.798513217 -9.884047133
160.723317905 -9.899509373
160.684255405 -9.911879165
160.66293379 -9.922946873
160.644786004 -9.937107029
160.572520379 -9.919203383
160.508636915 -9.889255467
160.486827019 -9.885186456
160.445811394 -9.892673435
160.432871941 -9.889092706
160.424164259 -9.880140883
160.41675866 -9.869073175
160.407969597 -9.858493748
160.403656446 -9.857517185
160.391937696 -9.85930755
160.387543165 -9.858493748
160.385020379 -9.854913019
160.378428582 -9.842054946
160.37378991 -9.837334894
160.344248894 -9.825616144
160.335948113 -9.82024505
160.320323113 -9.815118097
160.208262566 -9.810153904
160.12387129 -9.823174738
160.079112175 -9.823825779
160.051524285 -9.820489191
160.040375196 -9.820570571
160.031260613 -9.823825779
160.024587436 -9.82024505
160.003265821 -9.816827081
159.981130405 -9.810967706
159.958994988 -9.809340102
159.937266472 -9.805596613
159.903086785 -9.787855727
159.887217644 -9.782810154
159.867849155 -9.785739842
159.851817254 -9.79273854
159.835622592 -9.793877863
159.814952019 -9.778985284
159.768728061 -9.732191665
159.750743035 -9.720635675
159.723399285 -9.7069638
159.722341342 -9.702813409
159.723968946 -9.691094659
159.723399285 -9.686618748
159.719411655 -9.682386977
159.711110873 -9.680271092
159.70590254 -9.676364842
159.70215905 -9.667575779
159.701182488 -9.657403253
159.699066602 -9.649102472
159.692067905 -9.645603123
159.675303582 -9.643243097
159.672129754 -9.636976821
159.6748153 -9.628106378
159.674978061 -9.617608331
159.665700717 -9.595147394
159.653981967 -9.574802342
159.63965905 -9.556410415
159.623383009 -9.539727472
159.60840905 -9.528903904
159.601817254 -9.521905206
159.599131707 -9.512383722
159.61215254 -9.505791925
159.621755405 -9.498223566
159.627207879 -9.487969659
159.625254754 -9.477634373
159.611094597 -9.45712656
159.606700066 -9.447523696
159.606293165 -9.435804946
159.613536004 -9.409356378
159.612478061 -9.398858331
159.607758009 -9.385511977
159.606700066 -9.37493255
159.596039259 -9.364434503
159.592133009 -9.361504816
159.59644616 -9.354913019
159.606700066 -9.343926691
159.609548373 -9.309828383
159.61597741 -9.295342706
159.630625847 -9.289239191
159.646169467 -9.284763279
159.708994988 -9.247735284
159.743662957 -9.259535415
159.778981967 -9.281996352
159.832692905 -9.330254816
159.873301629 -9.35947031
159.879730665 -9.368096613
159.884125196 -9.382419529
159.894704623 -9.399590753
159.908213738 -9.415622654
159.921397332 -9.426446222
159.939707879 -9.432875258
159.832692905 -9.103692316
159.840098504 -9.122735284
159.844737175 -9.145440363
159.84253991 -9.164646092
159.828868035 -9.172621352
159.814707879 -9.166192316
159.806162957 -9.150323175
159.804453972 -9.130140883
159.81153405 -9.111097915
159.817637566 -9.109795831
159.822520379 -9.109958592
159.827321811 -9.108656508
159.832692905 -9.103692316
160.402028842 -9.144138279
160.387217644 -9.170830988
160.37378991 -9.179375909
160.366384311 -9.186211847
160.344981316 -9.179294529
160.324717644 -9.167413019
160.304942254 -9.159844659
160.285166863 -9.165785415
160.289317254 -9.177992446
160.274424675 -9.186455988
160.251475457 -9.1913388
160.230479363 -9.193047784
160.235362175 -9.185153904
160.234629754 -9.178806248
160.228282097 -9.174493097
160.216156446 -9.172621352
160.221934441 -9.162774347
160.230479363 -9.158868097
160.254079623 -9.158949477
160.265147332 -9.155694269
160.276621941 -9.147881769
160.285980665 -9.138929946
160.2920028 -9.131605727
160.304698113 -9.082614842
160.314952019 -9.061700128
160.332286004 -9.063409113
160.359222852 -9.110935154
160.3701278 -9.117933852
160.385264519 -9.118422133
160.39722741 -9.120212498
160.406423373 -9.124444269
160.414235873 -9.131605727
160.402028842 -9.144138279
159.217133009 -9.075127863
159.222504102 -9.079685154
159.236094597 -9.076348566
159.23324629 -9.101006769
159.218760613 -9.117364191
159.174082879 -9.138441665
159.174978061 -9.111423435
159.17839603 -9.092705988
159.195160352 -9.056573175
159.205332879 -9.055108331
159.225840691 -9.031426691
159.236094597 -9.023044529
159.235850457 -9.027520441
159.234222852 -9.030205988
159.231700066 -9.032647394
159.22925866 -9.036065363
159.22925866 -9.046075128
159.227386915 -9.048597915
159.22925866 -9.056573175
159.219493035 -9.06617604
159.217133009 -9.075127863
160.154633009 -8.994398696
160.172536655 -9.002211196
160.190928582 -9.000420831
160.208506707 -9.002699477
160.222992384 -9.023044529
160.230479363 -9.023044529
160.240244988 -9.006280206
160.257985873 -9.009047133
160.278005405 -9.023044529
160.295095248 -9.039483331
160.301442905 -9.061618748
160.294688347 -9.08993906
160.280528191 -9.115980727
160.26449629 -9.131605727
160.261078321 -9.123955988
160.257578972 -9.120782159
160.252289259 -9.12118906
160.244151238 -9.124200128
160.242930535 -9.112399998
160.2373153 -9.103448175
160.228200717 -9.098321222
160.216156446 -9.0975888
160.218597852 -9.102959894
160.222992384 -9.117933852
160.216156446 -9.117933852
160.199880405 -9.091729425
160.187510613 -9.08180104
160.171885613 -9.087009373
160.156748894 -9.094008071
160.138194207 -9.094821873
160.11996504 -9.090590102
160.106293165 -9.083754165
160.10425866 -9.07789479
160.103851759 -9.068780206
160.102305535 -9.060235284
160.0966903 -9.056573175
160.089366082 -9.055352472
160.083750847 -9.052015883
160.080332879 -9.04664479
160.079112175 -9.039483331
160.087168816 -9.037041925
160.105153842 -9.0350888
160.12387129 -9.029392185
160.134287957 -9.01555755
160.141123894 -9.023044529
160.145843946 -9.015069269
160.147634311 -9.008721613
160.146006707 -9.002536717
160.141123894 -8.994398696
160.145030144 -8.990004165
160.147715691 -8.989678644
160.154633009 -8.994398696
159.133636915 -8.98837656
159.140391472 -9.001885675
159.141937696 -9.012383722
159.144379102 -9.020928644
159.154307488 -9.029229425
159.159353061 -9.029066665
159.167165561 -9.017998956
159.1748153 -9.016534113
159.195160352 -9.023044529
159.161631707 -9.090020441
159.14730879 -9.103692316
159.099619988 -9.117933852
159.090993686 -9.111993097
159.083994988 -9.101739191
159.076182488 -9.095961196
159.064789259 -9.103692316
159.039317254 -9.068536066
159.041026238 -9.057305597
159.072276238 -9.056573175
159.066091342 -9.043226821
159.06934655 -9.033786717
159.078868035 -9.030531508
159.092133009 -9.036065363
159.092133009 -9.023044529
159.096934441 -9.024834894
159.112559441 -9.029229425
159.111175977 -9.018731378
159.107269727 -9.009535415
159.100840691 -9.001397394
159.092133009 -8.994398696
159.106455925 -8.994398696
159.11622155 -8.999281508
159.12403405 -8.99993255
159.129893425 -8.996351821
159.133636915 -8.98837656
160.113780144 -8.974297784
160.113129102 -8.994398696
160.099131707 -8.988457941
160.090830925 -8.995782159
160.079112175 -9.023044529
160.066661004 -9.013604425
160.068044467 -9.003350519
160.074961785 -8.991794529
160.079112175 -8.977715753
160.074392123 -8.951348566
160.077647332 -8.943129165
160.09262129 -8.940524998
160.10840905 -8.961195571
160.113780144 -8.974297784
157.590586785 -8.71087005
157.600922071 -8.720391534
157.60824629 -8.730075779
157.615489129 -8.73447031
157.63550866 -8.744073175
157.649912957 -8.765232029
157.648936394 -8.786228123
157.622325066 -8.795830988
157.613536004 -8.79306406
157.577647332 -8.774672133
157.529795769 -8.76181406
157.476735873 -8.739515883
157.452403191 -8.721856378
157.455332879 -8.706475519
157.492686394 -8.712009373
157.508799675 -8.712579034
157.523692254 -8.706475519
157.529795769 -8.713962498
157.538259311 -8.700860284
157.543793165 -8.694919529
157.54965254 -8.692152602
157.558848504 -8.693780206
157.564626498 -8.698825779
157.568858269 -8.704034113
157.573903842 -8.706475519
157.590586785 -8.71087005
158.203135613 -8.830987238
158.187185092 -8.836846613
158.168223504 -8.807224217
158.163584832 -8.802015883
158.153656446 -8.796563409
158.153656446 -8.784112238
158.160492384 -8.758396092
158.165212436 -8.749200128
158.194590691 -8.726983331
158.199961785 -8.718031508
158.204274936 -8.706638279
158.207204623 -8.693454685
158.208262566 -8.679131769
158.215098504 -8.679131769
158.215098504 -8.700290623
158.223399285 -8.71493906
158.230235222 -8.737969659
158.232676629 -8.760837498
158.228770379 -8.774672133
158.25668379 -8.785577081
158.255625847 -8.794854425
158.252207879 -8.802666925
158.246755405 -8.808038019
158.223968946 -8.813734633
158.203135613 -8.830987238
158.013356967 -8.545505467
158.0263778 -8.550957941
158.037282748 -8.545505467
158.047048373 -8.535821222
158.056895379 -8.528252863
158.077647332 -8.52353281
158.102793816 -8.523614191
158.12378991 -8.530368748
158.132497592 -8.545505467
158.135020379 -8.566827081
158.133474155 -8.5741513
158.125743035 -8.582940363
158.116384311 -8.585625909
158.105153842 -8.584649347
158.095550977 -8.585544529
158.091563347 -8.59351979
158.086924675 -8.597100519
158.067556186 -8.604668878
158.064952019 -8.610935154
158.070974155 -8.616875909
158.090586785 -8.619805597
158.098399285 -8.624607029
158.104014519 -8.6210263
158.10824629 -8.619561456
158.118907097 -8.617771092
158.106211785 -8.634535415
158.099619988 -8.640232029
158.091563347 -8.645114842
158.114268425 -8.66773854
158.105723504 -8.691094659
158.064952019 -8.726983331
158.052500847 -8.745782159
158.047618035 -8.751397394
158.038584832 -8.756768488
158.021169467 -8.760837498
158.013356967 -8.765232029
157.99903405 -8.767266534
157.976898634 -8.762627863
157.957041863 -8.755954685
157.9482528 -8.751397394
157.945567254 -8.744724217
157.939463738 -8.740166925
157.927744988 -8.73447031
157.923350457 -8.729424738
157.917491082 -8.719008071
157.913340691 -8.713962498
157.884125196 -8.688246352
157.879242384 -8.682549738
157.879242384 -8.631442967
157.886078321 -8.596612238
157.890147332 -8.590590102
157.896006707 -8.584730727
157.900401238 -8.576429946
157.899750196 -8.56243255
157.926768425 -8.578871352
157.937673373 -8.579359633
157.941416863 -8.56243255
157.9482528 -8.563409113
157.951670769 -8.5663388
157.955088738 -8.576755467
157.963145379 -8.563734633
157.960459832 -8.554131769
157.955088738 -8.543715102
157.955088738 -8.528252863
157.961192254 -8.521579685
157.995941602 -8.50790781
158.003591342 -8.506442967
158.00652103 -8.505059503
158.009613477 -8.501071873
158.017100457 -8.50790781
158.017100457 -8.514743748
158.008636915 -8.520928644
158.005218946 -8.528497003
158.00684655 -8.536879165
158.013356967 -8.545505467
157.378184441 -8.569268488
157.375987175 -8.573011977
157.36980228 -8.57789479
157.365244988 -8.57822031
157.361582879 -8.576755467
157.358653191 -8.576755467
157.35425866 -8.576755467
157.349864129 -8.573907159
157.344737175 -8.572523696
157.338063998 -8.576755467
157.336680535 -8.58180104
157.338063998 -8.604099217
157.330577019 -8.63290781
157.329356316 -8.649102472
157.33464603 -8.662367446
157.370860222 -8.700860284
157.391123894 -8.715020441
157.413828972 -8.720798435
157.413828972 -8.726983331
157.398203972 -8.73056406
157.379567905 -8.729750258
157.361664259 -8.725274347
157.348317905 -8.717380467
157.336680535 -8.705987238
157.329600457 -8.701836847
157.320648634 -8.700290623
157.312266472 -8.696221613
157.310720248 -8.686618748
157.31153405 -8.675225519
157.310801629 -8.666192316
157.304209832 -8.654717706
157.277842644 -8.618584894
157.266123894 -8.610935154
157.250010613 -8.605726821
157.228363477 -8.593438409
157.209157748 -8.578383071
157.200938347 -8.565850519
157.203623894 -8.551527602
157.210134311 -8.539239191
157.218923373 -8.529229425
157.228200717 -8.521579685
157.254893425 -8.507500909
157.270030144 -8.496514581
157.289073113 -8.459161066
157.317230665 -8.431735935
157.347504102 -8.412530206
157.36597741 -8.412855727
157.384043816 -8.424981378
157.399261915 -8.444024347
157.409922722 -8.468926691
157.413828972 -8.497979425
157.410411004 -8.504327081
157.395843946 -8.521172784
157.38542728 -8.55462005
157.382823113 -8.559340102
157.380056186 -8.562676691
157.378184441 -8.569268488
159.658539259 -8.482517185
159.688649936 -8.50790781
159.700368686 -8.518487238
159.699473504 -8.524997654
159.688649936 -8.53525156
159.679535352 -8.540134373
159.670258009 -8.541436456
159.659922722 -8.539646092
159.647715691 -8.53525156
159.636241082 -8.529229425
159.6279403 -8.522637628
159.613536004 -8.50790781
159.601410352 -8.488864842
159.593028191 -8.485284113
159.579356316 -8.494805597
159.56527754 -8.479099217
159.5498153 -8.470798435
159.538828972 -8.458916925
159.53785241 -8.432793878
159.545176629 -8.406426691
159.558278842 -8.389418227
159.578298373 -8.380140883
159.606700066 -8.377536717
159.635915561 -8.384209894
159.644053582 -8.400323175
159.640879754 -8.447035415
159.646983269 -8.468438409
159.658539259 -8.482517185
162.744476759 -8.386976821
162.738617384 -8.388360284
162.730479363 -8.378187758
162.734873894 -8.373793227
162.745616082 -8.374281508
162.757578972 -8.378513279
162.754079623 -8.382500909
162.749847852 -8.385186456
162.744476759 -8.386976821
160.800466342 -8.358819269
160.809825066 -8.36728281
160.819509311 -8.384942316
160.823985222 -8.397149347
160.825694207 -8.405531508
160.826345248 -8.415948175
160.829112175 -8.420830988
160.842946811 -8.429294529
160.847422722 -8.432793878
160.881032748 -8.483982029
160.932871941 -8.539320571
160.973155144 -8.573011977
160.996836785 -8.603773696
161.00660241 -8.622816665
161.01059004 -8.641534113
161.00269616 -8.662367446
160.983734571 -8.674086196
160.961192254 -8.682224217
160.942393425 -8.692152602
160.949066602 -8.705336196
160.953379754 -8.71851979
160.952972852 -8.731622003
160.937022332 -8.758884373
160.936778191 -8.771661066
160.94019616 -8.784437758
160.942393425 -8.799004816
160.946625196 -8.813734633
160.965342644 -8.831231378
160.969737175 -8.840508722
160.975922071 -8.850274347
160.990082227 -8.847832941
161.014008009 -8.836846613
161.022959832 -8.840752863
161.050303582 -8.861260675
161.059092644 -8.8710263
161.059743686 -8.878024998
161.055511915 -8.883477472
161.053070509 -8.889743748
161.059092644 -8.898858331
161.067149285 -8.903497003
161.073741082 -8.903008722
161.078135613 -8.900485935
161.079600457 -8.898858331
161.103037957 -8.909844659
161.128103061 -8.927422784
161.15113366 -8.949639581
161.168955925 -8.974541925
161.155935092 -8.969496352
161.145762566 -8.977308852
161.142832879 -8.988702081
161.151540561 -8.994398696
161.163584832 -8.999444269
161.175140821 -9.0116513
161.180918816 -9.027520441
161.175791863 -9.0429013
161.184580925 -9.047784113
161.188487175 -9.054131769
161.189626498 -9.06226979
161.189463738 -9.072930597
161.191254102 -9.083428644
161.196299675 -9.08603281
161.202891472 -9.086195571
161.20997155 -9.090020441
161.215830925 -9.094170831
161.222829623 -9.09775156
161.228688998 -9.103692316
161.230967644 -9.114515883
161.227549675 -9.119073175
161.202484571 -9.138441665
161.220713738 -9.146661066
161.227061394 -9.151788019
161.230967644 -9.158949477
161.243988477 -9.153903904
161.255707227 -9.156914972
161.261729363 -9.165948175
161.258311394 -9.179375909
161.265879754 -9.180352472
161.284922722 -9.186211847
161.284922722 -9.193047784
161.257823113 -9.19931406
161.247813347 -9.199883722
161.244313998 -9.205254816
161.2451278 -9.216973566
161.249278191 -9.228692316
161.254649285 -9.234063409
161.260996941 -9.241875909
161.266856316 -9.278008722
161.278819207 -9.289239191
161.265310092 -9.296563409
161.259043816 -9.290297133
161.254161004 -9.280368748
161.244639519 -9.275648696
161.235362175 -9.28118255
161.237559441 -9.291924738
161.245860222 -9.303887628
161.285329623 -9.344414972
161.296641472 -9.360284113
161.328135613 -9.438571873
161.337168816 -9.447523696
161.347666863 -9.455824477
161.361827019 -9.474867446
161.381114129 -9.509047133
161.393077019 -9.587660415
161.392588738 -9.609063409
161.386403842 -9.621758722
161.375661655 -9.62493255
161.360687696 -9.617608331
161.308929884 -9.581638279
161.299327019 -9.580743097
161.296560092 -9.563734633
161.289398634 -9.548597915
161.249766472 -9.497165623
161.244639519 -9.487969659
161.242198113 -9.478122654
161.240489129 -9.458672784
161.23715254 -9.447523696
161.226328972 -9.430433852
161.179209832 -9.381768488
161.110687696 -9.347263279
161.086761915 -9.319594008
161.040049675 -9.313246352
161.045420769 -9.296075128
161.017425977 -9.264743748
161.003916863 -9.255140883
160.996267123 -9.25367604
160.980153842 -9.255140883
160.973155144 -9.251397394
160.969981316 -9.244073175
160.97152754 -9.227634373
160.969737175 -9.220391534
160.946462436 -9.200127863
160.889903191 -9.174981378
160.867930535 -9.15211354
160.795258009 -9.01930104
160.777679884 -8.970310154
160.76433353 -8.946709894
160.769704623 -8.939060154
160.771332227 -8.93336354
160.769704623 -8.927666925
160.76433353 -8.920017185
160.763682488 -8.905450128
160.748220248 -8.855157159
160.734385613 -8.833672784
160.693125847 -8.751234633
160.689300977 -8.737562758
160.688731316 -8.68368906
160.686859571 -8.674574477
160.654470248 -8.604099217
160.672048373 -8.592380467
160.701508009 -8.567152602
160.719899936 -8.56243255
160.719981316 -8.553399347
160.695974155 -8.501071873
160.656423373 -8.44931406
160.6513778 -8.439629816
160.638438347 -8.433282159
160.60434004 -8.399997654
160.593516472 -8.384942316
160.5810653 -8.340508722
160.601328972 -8.325453383
160.638438347 -8.329766534
160.675547722 -8.343357029
160.695323113 -8.361586196
160.702810092 -8.364515883
160.713145379 -8.362399998
160.723968946 -8.356866144
160.730235222 -8.349053644
160.726817254 -8.340264581
160.695974155 -8.32008229
160.698741082 -8.313083592
160.70573978 -8.306247654
160.714610222 -8.302015883
160.723317905 -8.302992446
160.723317905 -8.309258722
160.746592644 -8.309665623
160.758962436 -8.316664321
160.777842644 -8.343357029
160.790049675 -8.353204034
160.800466342 -8.358819269
157.152517123 -8.329766534
157.152517123 -8.337172133
157.123545769 -8.32040781
157.109060092 -8.283298435
157.090586785 -8.249118748
157.050059441 -8.240899347
157.05355879 -8.237969659
157.060069207 -8.23056406
157.063731316 -8.227308852
157.047373894 -8.219903253
157.02995853 -8.206312758
157.022634311 -8.192803644
157.036387566 -8.185723566
157.049978061 -8.196709894
157.075856967 -8.198500258
157.100840691 -8.203545831
157.11207116 -8.223890883
157.113617384 -8.236748956
157.125173373 -8.275079034
157.130625847 -8.308282159
157.138031446 -8.322360935
157.152517123 -8.329766534
157.097829623 -8.158949477
157.122325066 -8.167413019
157.145681186 -8.165704034
157.167328321 -8.167413019
157.187266472 -8.185723566
157.196787957 -8.206719659
157.204112175 -8.232842706
157.208262566 -8.261325779
157.207692905 -8.288750909
157.200938347 -8.288750909
157.198985222 -8.274590753
157.191416863 -8.271905206
157.181813998 -8.272556248
157.173024936 -8.268812758
157.169118686 -8.261407159
157.159922722 -8.233493748
157.150401238 -8.215915623
157.139170769 -8.200941665
157.124522332 -8.188653253
157.104665561 -8.178887628
157.11207116 -8.172621352
157.101817254 -8.17164479
157.097178582 -8.169122003
157.09644616 -8.164971613
157.097829623 -8.158949477
156.810557488 -8.055352472
156.814219597 -8.072035415
156.824717644 -8.069594008
156.841319207 -8.112969659
156.8154403 -8.111993097
156.785655144 -8.086195571
156.789886915 -8.055352472
156.810557488 -8.055352472
157.635996941 -8.189385675
157.644704623 -8.205173435
157.641774936 -8.217705988
157.636973504 -8.229099217
157.63965905 -8.240899347
157.646494988 -8.233656508
157.652354363 -8.235121352
157.658702019 -8.239515883
157.6670028 -8.240899347
157.673350457 -8.238457941
157.685394727 -8.23056406
157.69434655 -8.227308852
157.7138778 -8.223565363
157.730153842 -8.223402602
157.745860222 -8.228692316
157.774587436 -8.249281508
157.778493686 -8.253350519
157.783702019 -8.261407159
157.785899285 -8.267754816
157.789886915 -8.288750909
157.802256707 -8.305352472
157.828135613 -8.322849217
157.838389519 -8.337172133
157.836761915 -8.362237238
157.838389519 -8.371270441
157.844004754 -8.380303644
157.859548373 -8.392510675
157.865570509 -8.398614191
157.87387129 -8.415459894
157.880381707 -8.450290623
157.886078321 -8.467461847
157.890635613 -8.470798435
157.89714603 -8.471368097
157.903330925 -8.473565363
157.907237175 -8.481133722
157.906911655 -8.490899347
157.903330925 -8.499118748
157.883555535 -8.531996352
157.881114129 -8.537774347
157.879242384 -8.548923435
157.878916863 -8.558200779
157.880137566 -8.566989842
157.882578972 -8.575127863
157.886078321 -8.582940363
157.824473504 -8.558851821
157.797373894 -8.556329034
157.797373894 -8.56243255
157.811045769 -8.570733331
157.820485873 -8.583184503
157.823578321 -8.599216404
157.817881707 -8.617771092
157.811045769 -8.617771092
157.808848504 -8.60133229
157.801524285 -8.590915623
157.793630405 -8.584242446
157.789886915 -8.579847915
157.786468946 -8.565524998
157.777842644 -8.551527602
157.755707227 -8.528252863
157.72934004 -8.513929946
157.6748153 -8.509209894
157.649668816 -8.497979425
157.605642123 -8.467461847
157.582041863 -8.439385675
157.577647332 -8.436211847
157.576019727 -8.421563409
157.567881707 -8.398858331
157.564626498 -8.384942316
157.564626498 -8.323500258
157.572032097 -8.335056248
157.575938347 -8.346856378
157.577647332 -8.374444269
157.583018425 -8.38648854
157.606455925 -8.392998956
157.611827019 -8.402032159
157.615000847 -8.412367446
157.622080925 -8.410739842
157.629079623 -8.401136977
157.632334832 -8.388360284
157.626963738 -8.378024998
157.603363477 -8.355726821
157.593760613 -8.323337498
157.582692905 -8.299411717
157.567067905 -8.276299738
157.54965254 -8.261407159
157.537364129 -8.258396092
157.528168165 -8.261000258
157.518077019 -8.265801691
157.50261478 -8.268812758
157.496104363 -8.264743748
157.488942905 -8.257419529
157.481781446 -8.255954685
157.475840691 -8.268812758
157.464854363 -8.262302342
157.456553582 -8.262302342
157.441091342 -8.268812758
157.44011478 -8.269707941
157.432139519 -8.273614191
157.427500847 -8.275079034
157.39340254 -8.275567316
157.356455925 -8.272067967
157.344899936 -8.275079034
157.336192254 -8.289320571
157.329600457 -8.308038019
157.318858269 -8.325860284
157.297129754 -8.337172133
157.279551629 -8.333428644
157.245371941 -8.313653253
157.235036655 -8.316664321
157.228200717 -8.316664321
157.221934441 -8.223890883
157.224864129 -8.217705988
157.239268425 -8.197523696
157.245371941 -8.193129165
157.259613477 -8.193047784
157.271250847 -8.191664321
157.281016472 -8.18759531
157.290293816 -8.178887628
157.295095248 -8.191827081
157.302012566 -8.195733331
157.309906446 -8.192966404
157.316905144 -8.185723566
157.319997592 -8.176527602
157.320078972 -8.154961847
157.324392123 -8.144789321
157.320974155 -8.132989191
157.326508009 -8.119398696
157.348317905 -8.093194269
157.35824629 -8.07822031
157.373220248 -8.044610284
157.382823113 -8.031508071
157.425466342 -7.989841404
157.441091342 -7.979668878
157.457204623 -7.973565363
157.487478061 -7.965590102
157.50261478 -7.959730727
157.502126498 -7.964450779
157.503428582 -7.965590102
157.506114129 -7.965752863
157.509450717 -7.966566665
157.578868035 -8.005547784
157.605642123 -8.00758229
157.598643425 -8.025567316
157.601735873 -8.038262628
157.60816491 -8.050388279
157.611827019 -8.06617604
157.610524936 -8.104180597
157.612478061 -8.122735284
157.619313998 -8.137953383
157.609873894 -8.15634531
157.613129102 -8.169122003
157.635996941 -8.189385675
156.604665561 -8.191013279
156.587412957 -8.199395441
156.578379754 -8.187107029
156.553233269 -8.114027602
156.538422071 -8.091485284
156.535980665 -8.069268488
156.542979363 -8.021172784
156.532074415 -7.970635675
156.532399936 -7.948907159
156.5498153 -7.939222915
156.564707879 -7.952080988
156.57715905 -7.966566665
156.581553582 -7.977146092
156.587657097 -8.000664972
156.601084832 -8.02337005
156.606455925 -8.040622654
156.610036655 -8.0585263
156.611175977 -8.072686456
156.61597741 -8.098565363
156.616465691 -8.112481378
156.611175977 -8.12493255
156.618988477 -8.146172784
156.61597741 -8.170668227
156.604665561 -8.191013279
160.647959832 -7.926853123
160.640879754 -7.928399347
160.632009311 -7.927015883
160.613047722 -7.901136977
160.607595248 -7.888848566
160.61207116 -7.876722915
160.623301629 -7.874444269
160.629893425 -7.880303644
160.6357528 -7.891045831
160.647959832 -7.926853123
157.184336785 -8.106703383
157.167246941 -8.135511977
157.146250847 -8.148614191
157.125173373 -8.12493255
157.116709832 -8.128106378
157.112559441 -8.128594659
157.104665561 -8.12493255
157.054209832 -8.129082941
157.002289259 -8.086846613
156.962168816 -8.02743906
156.947032097 -7.979668878
156.948741082 -7.967054946
156.95215905 -7.955010675
156.961273634 -7.932549738
156.985118035 -7.896091404
156.988536004 -7.888116144
157.001963738 -7.875176691
157.032725457 -7.862969659
157.067067905 -7.854099217
157.091075066 -7.850518488
157.137543165 -7.87476979
157.170420769 -7.90992604
157.191254102 -7.95289479
157.200938347 -8.000746352
157.202321811 -8.048272394
157.199473504 -8.065199477
157.184336785 -8.106703383
156.555430535 -7.817315363
156.534841342 -7.827406508
156.516856316 -7.818129165
156.517914259 -7.809258722
156.525889519 -7.799411717
156.536387566 -7.791110935
156.545420769 -7.791680597
156.549082879 -7.795017185
156.559418165 -7.802422784
156.555430535 -7.817315363
156.611175977 -7.569431248
156.614105665 -7.577813409
156.619395379 -7.585137628
156.63168379 -7.596774998
156.634125196 -7.601820571
156.633067254 -7.606215102
156.633962436 -7.60930755
156.649587436 -7.611260675
156.652598504 -7.614190363
156.653086785 -7.619398696
156.652842644 -7.627373956
156.657074415 -7.631442967
156.66675866 -7.635430597
156.676442905 -7.642266534
156.684825066 -7.665704034
156.694590691 -7.672295831
156.714854363 -7.678643488
156.707530144 -7.686130467
156.721039259 -7.700372003
156.743662957 -7.691827081
156.766123894 -7.699883722
156.787608269 -7.713148696
156.807139519 -7.720147394
156.814707879 -7.734551691
156.79948978 -7.766534113
156.762705925 -7.81650156
156.743988477 -7.8319638
156.719737175 -7.857028904
156.704112175 -7.885023696
156.711192254 -7.908868097
156.720550977 -7.921075128
156.720713738 -7.931817316
156.713389519 -7.940362238
156.700694207 -7.945489191
156.697520379 -7.941989842
156.689219597 -7.935235284
156.678070509 -7.932305597
156.666351759 -7.939222915
156.659678582 -7.939222915
156.657481316 -7.919122003
156.661794467 -7.899102472
156.65894616 -7.883965753
156.611827019 -7.87118906
156.60840905 -7.854587498
156.618662957 -7.813083592
156.614756707 -7.805108331
156.605804884 -7.798435154
156.59636478 -7.79273854
156.590830925 -7.788506769
156.577810092 -7.7616513
156.570974155 -7.754327081
156.554047071 -7.748630467
156.553233269 -7.747491144
156.545176629 -7.746514581
156.544200066 -7.743584894
156.545258009 -7.739353123
156.534841342 -7.716566665
156.528819207 -7.713311456
156.515635613 -7.720147394
156.497080925 -7.674981378
156.504161004 -7.630059503
156.530772332 -7.592461847
156.570974155 -7.569431248
156.583994988 -7.572442316
156.593272332 -7.576836847
156.601573113 -7.577569269
156.611175977 -7.569431248
158.422618035 -7.579685154
158.434336785 -7.595147394
158.451019727 -7.603122654
158.470469597 -7.608493748
158.486094597 -7.610284113
158.500661655 -7.616469008
158.516612175 -7.630954685
158.526540561 -7.647067967
158.523610873 -7.658135675
158.507823113 -7.659844659
158.492930535 -7.651055597
158.481455925 -7.637302342
158.475108269 -7.623955988
158.464610222 -7.637383722
158.445567254 -7.633070571
158.406911655 -7.610284113
158.40886478 -7.619805597
158.421153191 -7.643812758
158.411387566 -7.643649998
158.386485222 -7.637627863
158.36215254 -7.637627863
158.363617384 -7.631280206
158.359385613 -7.61712005
158.347911004 -7.603122654
158.327972852 -7.596774998
158.324229363 -7.593438409
158.31918379 -7.586521092
158.316905144 -7.579359633
158.321136915 -7.576267185
158.33073978 -7.577325128
158.3466903 -7.58180104
158.352224155 -7.582452081
158.354014519 -7.584405206
158.362478061 -7.586195571
158.368174675 -7.583672784
158.36215254 -7.572849217
158.36215254 -7.567071222
158.369151238 -7.562758071
158.378754102 -7.562676691
158.386485222 -7.569431248
158.397959832 -7.574639581
158.422618035 -7.579685154
158.595957879 -7.58587005
158.605723504 -7.586195571
158.614593946 -7.57431406
158.625254754 -7.564141534
158.63965905 -7.569431248
158.64332116 -7.565606378
158.646169467 -7.563571873
158.649261915 -7.56243255
158.653981967 -7.561293227
158.661306186 -7.580987238
158.675791863 -7.59384531
158.714854363 -7.610284113
158.718760613 -7.604424738
158.72559655 -7.59742604
158.73308353 -7.591566665
158.739268425 -7.589288019
158.751719597 -7.593438409
158.757009311 -7.603610935
158.760264519 -7.615980727
158.766612175 -7.627373956
158.786143425 -7.645684503
158.798187696 -7.654473566
158.808116082 -7.658135675
158.814463738 -7.664727472
158.830251498 -7.693780206
158.848399285 -7.704359633
158.863780144 -7.724867446
158.872325066 -7.733819269
158.884776238 -7.741306248
158.92074629 -7.754327081
158.938649936 -7.765069269
158.968760613 -7.790704034
158.989756707 -7.802178644
158.9795028 -7.821954034
158.98707116 -7.83961354
159.00269616 -7.848890883
159.016937696 -7.84368255
159.056895379 -7.859958592
159.068614129 -7.867608331
159.075450066 -7.880303644
159.079356316 -7.894952081
159.085703972 -7.903578383
159.099619988 -7.89837005
159.126800977 -7.919528904
159.149424675 -7.908868097
159.167979363 -7.904880467
159.18628991 -7.90618255
159.208262566 -7.911879165
159.195567254 -7.917657159
159.198741082 -7.926853123
159.209239129 -7.935479425
159.218760613 -7.939222915
159.235687696 -7.940850519
159.2451278 -7.945570571
159.250743035 -7.954196873
159.255869988 -7.966566665
159.272959832 -7.954034113
159.283050977 -7.962660415
159.291026238 -7.978692316
159.301280144 -7.987074477
159.333832227 -7.989841404
159.347178582 -7.986097915
159.352793816 -7.973402602
159.371348504 -7.981866144
159.378916863 -7.986748956
159.386973504 -7.993910415
159.402598504 -7.982354425
159.41293379 -7.993422133
159.421560092 -8.014255467
159.431651238 -8.031508071
159.44792728 -8.043877863
159.476328972 -8.059502863
159.489431186 -8.069594008
159.492035352 -8.071058852
159.503672722 -8.075860284
159.505869988 -8.079034113
159.508311394 -8.087090753
159.509938998 -8.089532159
159.556407097 -8.126397394
159.648936394 -8.181247654
159.842051629 -8.325616144
159.84644616 -8.335381769
159.825043165 -8.357598566
159.804209832 -8.386163019
159.796641472 -8.391778253
159.78785241 -8.38681406
159.776621941 -8.384047133
159.765391472 -8.385349217
159.75684655 -8.391778253
159.757578972 -8.397556248
159.773285352 -8.408623956
159.781586134 -8.425388279
159.791026238 -8.425388279
159.800466342 -8.420668227
159.808604363 -8.411797784
159.817881707 -8.420098566
159.847911004 -8.461602472
159.855967644 -8.47665781
159.858734571 -8.490980727
159.859385613 -8.511325779
159.888845248 -8.533786717
159.900401238 -8.5507138
159.887217644 -8.56243255
159.878265821 -8.560723566
159.84636478 -8.542087498
159.841563347 -8.541110935
159.829925977 -8.54273854
159.825043165 -8.542087498
159.820078972 -8.536797784
159.817718946 -8.529961847
159.814707879 -8.524021092
159.797373894 -8.517266534
159.785492384 -8.498955988
159.764821811 -8.49228281
159.757823113 -8.485528253
159.743907097 -8.467461847
159.712412957 -8.443129165
159.702891472 -8.432793878
159.700694207 -8.423028253
159.702810092 -8.414239191
159.700368686 -8.407891534
159.685231967 -8.405450128
159.673838738 -8.398695571
159.627207879 -8.357598566
159.543955925 -8.340020441
159.508311394 -8.318536066
159.48340905 -8.308282159
159.461110873 -8.289727472
159.444834832 -8.28118255
159.427744988 -8.2772763
159.414317254 -8.281914972
159.380625847 -8.2616513
159.3623153 -8.256280206
159.345388217 -8.261407159
159.335297071 -8.23837656
159.326182488 -8.225844008
159.314707879 -8.220472915
159.300791863 -8.219333592
159.287608269 -8.21493906
159.278493686 -8.206638279
159.277110222 -8.193129165
159.255381707 -8.200372003
159.233897332 -8.196221613
159.21363366 -8.185316665
159.11996504 -8.117445571
159.113780144 -8.116387628
159.098399285 -8.118584894
159.092133009 -8.117445571
159.087901238 -8.111016534
159.087087436 -8.102146092
159.087250196 -8.093926691
159.085948113 -8.089532159
159.077972852 -8.088148696
159.073903842 -8.091892185
159.070485873 -8.096286717
159.064789259 -8.096937758
159.037445509 -8.083265883
159.031016472 -8.082289321
159.016612175 -8.084161066
159.010101759 -8.083265883
159.009938998 -8.080498956
159.005544467 -8.066827081
159.003265821 -8.062758071
158.992035352 -8.057549738
158.983571811 -8.055108331
158.978037957 -8.049574477
158.976084832 -8.03492604
158.969411655 -8.039971613
158.94809004 -8.049086196
158.946299675 -8.029229425
158.937347852 -8.013929946
158.922862175 -8.004164321
158.904063347 -8.000746352
158.845713738 -7.973402602
158.840342644 -7.935235284
158.832041863 -7.9179013
158.814952019 -7.922539972
158.784434441 -7.915215753
158.769867384 -7.905857029
158.777354363 -7.891534113
158.766368035 -7.879327081
158.756358269 -7.8710263
158.749522332 -7.8710263
158.739024285 -7.884535415
158.728526238 -7.872002863
158.714854363 -7.836195571
158.703623894 -7.822930597
158.688487175 -7.811211847
158.671153191 -7.805108331
158.653981967 -7.809665623
158.644297722 -7.791761977
158.600759311 -7.767754816
158.58497155 -7.754327081
158.580088738 -7.740817967
158.580577019 -7.73023854
158.583262566 -7.720635675
158.58497155 -7.710056248
158.58497155 -7.668633722
158.50684655 -7.603610935
158.455332879 -7.576267185
158.446543816 -7.560723566
158.445078972 -7.543552342
158.45199629 -7.531996352
158.468923373 -7.534600519
158.489512566 -7.54697031
158.587738477 -7.580336196
158.595957879 -7.58587005
158.305674675 -7.482517185
158.31128991 -7.493747654
158.324392123 -7.489678644
158.336110873 -7.494561456
158.359060092 -7.514092706
158.371348504 -7.504164321
158.393077019 -7.505791925
158.41675866 -7.514906508
158.434825066 -7.527764581
158.425140821 -7.532810154
158.418467644 -7.539727472
158.41667728 -7.549086196
158.421153191 -7.561293227
158.376719597 -7.552504165
158.365244988 -7.548272394
158.357106967 -7.539727472
158.348643425 -7.528415623
158.337657097 -7.518324477
158.307790561 -7.510918878
158.286631707 -7.496840102
158.273203972 -7.493747654
158.265798373 -7.4882138
158.26441491 -7.476820571
158.2685653 -7.466973566
158.276621941 -7.466403904
158.286306186 -7.472832941
158.296641472 -7.476820571
158.305674675 -7.482517185
157.509125196 -7.39055755
157.535411004 -7.395603123
157.563731316 -7.392266534
157.5888778 -7.393324477
157.605235222 -7.411797784
157.611582879 -7.404229425
157.618988477 -7.411797784
157.612803582 -7.419366144
157.610606316 -7.42978281
157.612803582 -7.4413388
157.618988477 -7.452080988
157.591644727 -7.432224217
157.590586785 -7.447198175
157.580414259 -7.452813409
157.54948978 -7.452080988
157.54948978 -7.445896092
157.555511915 -7.442559503
157.564219597 -7.435642185
157.569997592 -7.432224217
157.530528191 -7.420668227
157.519379102 -7.414808852
157.511403842 -7.413506769
157.485850457 -7.414727472
157.47559655 -7.411797784
157.491953972 -7.400079034
157.509125196 -7.39055755
158.269379102 -7.39055755
158.269379102 -7.4179013
158.273203972 -7.416110935
158.279795769 -7.413750909
158.283213738 -7.411797784
158.279307488 -7.420830988
158.276621941 -7.430759373
158.275645379 -7.4413388
158.27621504 -7.452080988
158.261403842 -7.443536066
158.256358269 -7.438409113
158.24903405 -7.473239842
158.235199415 -7.463311456
158.226573113 -7.449802342
158.215342644 -7.439141534
158.19434655 -7.438409113
158.19434655 -7.432224217
158.208018425 -7.4179013
158.214854363 -7.4179013
158.224294467 -7.419610284
158.250254754 -7.394952081
158.269379102 -7.39055755
157.789886915 -7.459649347
157.797373894 -7.473239842
157.770274285 -7.474786066
157.756032748 -7.473890883
157.739268425 -7.466892185
157.732758009 -7.468438409
157.725840691 -7.471449477
157.718272332 -7.473239842
157.710703972 -7.470961196
157.704356316 -7.461602472
157.697764519 -7.459567967
157.67855879 -7.448174738
157.688975457 -7.423028253
157.7216903 -7.383884373
157.769297722 -7.400811456
157.77621504 -7.407972915
157.778086785 -7.422946873
157.789886915 -7.459649347
155.570323113 -7.322930597
155.586273634 -7.331231378
155.597422722 -7.342054946
155.606700066 -7.353692316
155.618174675 -7.363946222
155.597422722 -7.38290781
155.576182488 -7.387872003
155.525238477 -7.383884373
155.507985873 -7.375746352
155.51441491 -7.357517185
155.542328321 -7.322930597
155.549327019 -7.325290623
155.554942254 -7.325127863
155.570323113 -7.322930597
155.816742384 -7.020684503
155.8466903 -7.027927342
155.85425866 -7.031508071
155.868011915 -7.048516534
155.867930535 -7.061944269
155.86207116 -7.075778904
155.85824629 -7.092950128
155.850922071 -7.099297784
155.834157748 -7.104180597
155.815603061 -7.105889581
155.803070509 -7.103204034
155.786631707 -7.117852472
155.770030144 -7.117608331
155.7529403 -7.115492446
155.734873894 -7.124281508
155.72559655 -7.119561456
155.714121941 -7.108575128
155.706879102 -7.103204034
155.67855879 -7.094496352
155.672862175 -7.089532159
155.67448978 -7.075941665
155.700694207 -7.020684503
155.708832227 -7.025485935
155.711924675 -7.010674738
155.717946811 -6.992445571
155.734873894 -6.986504816
155.731455925 -6.978610935
155.731944207 -6.97242604
155.734873894 -6.966078383
155.747406446 -6.970879816
155.782562696 -7.000746352
155.816742384 -7.020684503
156.102549675 -6.878187758
156.097911004 -6.890883071
156.112803582 -6.912692967
156.118418816 -6.918226821
156.126312696 -6.922458592
156.145274285 -6.927911066
156.152598504 -6.931329034
156.142751498 -6.93726979
156.132090691 -6.938734633
156.121429884 -6.936455988
156.111582879 -6.931329034
156.109141472 -6.946872654
156.10434004 -6.962090753
156.09636478 -6.975762628
156.083669467 -6.986504816
156.082530144 -6.978773696
156.08073978 -6.974786066
156.078623894 -6.971449477
156.07683353 -6.966078383
156.070078972 -6.974053644
156.062266472 -6.979099217
156.052989129 -6.981133722
156.042735222 -6.9804013
156.058604363 -6.969414972
156.073415561 -6.955743097
156.076670769 -6.947523696
156.072032097 -6.940687758
156.065684441 -6.933770441
156.063731316 -6.925062758
156.067149285 -6.910902602
156.071462436 -6.906426691
156.080251498 -6.904554946
156.087168816 -6.901625258
156.081797722 -6.895684503
156.0732528 -6.890801691
156.069997592 -6.890883071
156.057139519 -6.872002863
156.046885613 -6.85165781
156.04965254 -6.831719659
156.07683353 -6.815199477
156.097911004 -6.815199477
156.097911004 -6.822035415
156.084157748 -6.825453383
156.073415561 -6.833184503
156.066416863 -6.844903253
156.063731316 -6.859633071
156.072520379 -6.867933852
156.089691602 -6.872328383
156.102549675 -6.878187758
156.581553582 -6.649672133
156.591075066 -6.649834894
156.600840691 -6.646254165
156.605153842 -6.643975519
156.643077019 -6.655043227
156.669606967 -6.674981378
156.721039259 -6.733330988
156.735118035 -6.745538019
156.78028405 -6.775811456
156.82309004 -6.787286066
156.88550866 -6.829522394
156.927256707 -6.849379165
156.963389519 -6.856052342
156.980479363 -6.864678644
156.992849155 -6.868829034
157.003754102 -6.875258071
157.008474155 -6.887302342
157.012380405 -6.89462656
157.021494988 -6.895765883
157.032725457 -6.895196222
157.042653842 -6.897149347
157.052500847 -6.905450128
157.073985222 -6.934991144
157.11207116 -6.966078383
157.120453321 -6.980726821
157.123301629 -6.998223566
157.125173373 -7.041192316
157.136241082 -7.086114191
157.152517123 -7.124281508
157.162282748 -7.136976821
157.172699415 -7.147637628
157.181895379 -7.160414321
157.187266472 -7.178887628
157.202647332 -7.169691665
157.207692905 -7.164727472
157.215586785 -7.182224217
157.228770379 -7.19524505
157.246104363 -7.203545831
157.266123894 -7.206231378
157.279633009 -7.212497654
157.289317254 -7.226820571
157.295176629 -7.243910415
157.297129754 -7.25774505
157.302744988 -7.266371352
157.315928582 -7.272637628
157.344899936 -7.281996352
157.356211785 -7.288506769
157.368500196 -7.298272394
157.379405144 -7.310235284
157.386485222 -7.322930597
157.392751498 -7.322930597
157.395192905 -7.306329034
157.402598504 -7.305759373
157.41309655 -7.311944269
157.424082879 -7.316094659
157.445567254 -7.31617604
157.455577019 -7.314222915
157.491872592 -7.300957941
157.511403842 -7.300225519
157.524912957 -7.309991144
157.529795769 -7.333184503
157.529795769 -7.357598566
157.5263778 -7.37086354
157.513438347 -7.376560154
157.485524936 -7.377618097
157.473480665 -7.384698175
157.44792728 -7.432224217
157.446055535 -7.420505467
157.441742384 -7.414239191
157.435557488 -7.413506769
157.427500847 -7.4179013
157.414398634 -7.407484633
157.390147332 -7.402032159
157.344899936 -7.398044529
157.325450066 -7.391778253
157.312022332 -7.3788388
157.307953321 -7.360284113
157.316905144 -7.336602472
157.308441602 -7.33961354
157.302500847 -7.344333592
157.290293816 -7.357110284
157.282562696 -7.353448175
157.278005405 -7.356540623
157.276621941 -7.370782159
157.257578972 -7.359795831
157.221934441 -7.347832941
157.200938347 -7.336602472
157.147959832 -7.332289321
157.138926629 -7.333184503
157.132497592 -7.342950128
157.118337436 -7.342461847
157.10425866 -7.332207941
157.093435092 -7.302015883
157.082692905 -7.287530206
157.06910241 -7.274346613
157.056895379 -7.268324477
157.048024936 -7.273125909
157.028493686 -7.28101979
157.01465905 -7.282647394
157.022797071 -7.268324477
157.013519727 -7.251885675
156.998545769 -7.238702081
156.97925866 -7.229913019
156.957530144 -7.226739191
156.943858269 -7.221612238
156.927744988 -7.208754165
156.834320509 -7.099786066
156.830088738 -7.090508722
156.827647332 -7.07805755
156.8232528 -7.067071222
156.813975457 -7.06226979
156.800629102 -7.058770441
156.793223504 -7.050225519
156.783050977 -7.028090102
156.743907097 -6.973890883
156.731700066 -6.966078383
156.722015821 -6.956475519
156.687022332 -6.897149347
156.67058353 -6.885674738
156.623057488 -6.860935154
156.60816491 -6.856215102
156.596202019 -6.850762628
156.484629754 -6.7538388
156.482188347 -6.750420831
156.461110873 -6.733330988
156.454437696 -6.719414972
156.446625196 -6.664971613
156.446950717 -6.644789321
156.454437696 -6.630791925
156.487803582 -6.602959894
156.504893425 -6.599867446
156.528005405 -6.603122654
156.548024936 -6.610528253
156.559825066 -6.623467706
156.566742384 -6.626722915
156.573985222 -6.631931248
156.57715905 -6.640801691
156.581553582 -6.649672133
