-63.037668424 18.212958075
-63.099517382 18.176174221
-63.102365689 18.180405992
-63.109120246 18.185044664
-63.113840299 18.189846096
-63.136830207 18.173407294
-63.150502082 18.169094143
-63.167836067 18.169338283
-63.142079231 18.198146877
-63.134348111 18.204087632
-63.122792121 18.208075262
-63.097238736 18.212469794
-63.085845507 18.217718817
-63.067779101 18.236476955
-63.055083788 18.254339911
-63.038197395 18.267726955
-63.007394986 18.273016669
-62.983998176 18.276434637
-62.972645637 18.275864976
-62.972889778 18.269273179
-62.992909309 18.236883856
-63.000559049 18.227362372
-63.011545377 18.220445054
-63.037668424 18.212958075
-63.423573371 18.600043036
-63.427967903 18.592840887
-63.428822395 18.601263739
-63.423573371 18.600043036
