31.119836467 -8.616630554
31.141023804 -8.606191915
31.161384318 -8.591722514
31.182675008 -8.58076711
31.206756226 -8.58076711
31.218435099 -8.58872528
31.237348674 -8.613943379
31.248045695 -8.62190155
31.260913127 -8.623968608
31.269388062 -8.621074727
31.27708785 -8.616010437
31.328815959 -8.59771698
31.340391479 -8.595236511
31.347522827 -8.592445984
31.350106648 -8.588518575
31.353310587 -8.587174988
31.362198934 -8.592342631
31.365919637 -8.598647156
31.369226928 -8.61683726
31.372637573 -8.623865255
31.385970093 -8.632546895
31.398837524 -8.63378713
31.412428426 -8.63234019
31.427517945 -8.633477071
31.44322758 -8.641538594
31.464724976 -8.666136577
31.480641317 -8.676161804
31.519088583 -8.687013855
31.539035685 -8.703550313
31.545960327 -8.728975118
31.545856974 -8.766285502
31.553350057 -8.809073588
31.576449422 -8.839666036
31.672670939 -8.913046569
31.689620809 -8.9195578
31.709774618 -8.919661153
31.730238485 -8.912426453
31.76434493 -8.894132996
31.787599324 -8.892169291
31.936634155 -8.932580261
31.917823934 -8.973094584
31.917720581 -9.022497253
31.938081095 -9.061771342
31.980559122 -9.071899922
32.001384725 -9.063321635
32.01580245 -9.05267629
32.031718791 -9.045958354
32.057246948 -9.049575704
32.086030721 -9.066112162
32.096417684 -9.069109395
32.105822794 -9.068282572
32.125046427 -9.063735046
32.13414148 -9.064148458
32.145574479 -9.070265112
32.154812053 -9.075207214
32.191605672 -9.11220754
32.211294393 -9.126780294
32.231448202 -9.133808288
32.252738892 -9.136495463
32.383015177 -9.133911642
32.423426148 -9.143833517
32.459703003 -9.168018087
32.470658407 -9.18186737
32.490088745 -9.227342631
32.504454793 -9.249253438
32.518045695 -9.258245138
32.555614461 -9.26124237
32.641604045 -9.279845886
32.71322758 -9.285840353
32.725836629 -9.292558288
32.739685913 -9.307337748
32.743406616 -9.31498586
32.746507203 -9.329972025
32.752294962 -9.337413431
32.759633016 -9.339997253
32.776996297 -9.338240255
32.784334351 -9.339687195
32.830739786 -9.37017629
32.905463908 -9.398184916
32.920863485 -9.407900086
32.923033895 -9.466294454
32.927788127 -9.479833679
32.937503296 -9.48779185
32.943601115 -9.485724792
32.950267375 -9.480867207
32.961894572 -9.480350444
32.968612508 -9.484381205
32.983081909 -9.497713724
32.991970255 -9.50184784
32.992383667 -9.529132995
32.974710327 -9.601273295
32.986905965 -9.628455099
33.000135132 -9.632795918
33.011193888 -9.627834981
33.022252645 -9.620290222
33.035740194 -9.61698293
33.046747274 -9.62204722
33.050778036 -9.632692566
33.053051799 -9.644784851
33.058322794 -9.654293314
33.080440307 -9.662251485
33.089225301 -9.643958028
33.092532593 -9.614399109
33.098320353 -9.58845754
33.121471395 -9.599516297
33.17542159 -9.602306824
33.195420369 -9.616259461
33.209838094 -9.641374206
33.214282267 -9.654706726
33.215780884 -9.669899597
33.212990357 -9.680648295
33.207822714 -9.688709819
33.204567098 -9.698114929
33.207254273 -9.712894389
33.21671106 -9.727053731
33.241774129 -9.742349955
33.252729533 -9.754028829
33.267198934 -9.781210632
33.275777221 -9.793302917
33.287766154 -9.803844909
33.299961792 -9.810252787
33.336962117 -9.82368866
33.343473348 -9.831440124
33.359182984 -9.870920919
33.365590861 -9.898826192
33.358459513 -9.919910176
33.328797241 -9.96548879
33.30998702 -10.012721049
33.304716023 -10.037939148
33.304095907 -10.063777364
33.317531779 -10.082070821
33.399180542 -10.117934265
33.420161173 -10.135607605
33.436490926 -10.153280945
33.454577678 -10.168060404
33.480519246 -10.177052104
33.499122762 -10.201236674
33.518966512 -10.214982605
33.533280884 -10.231209005
33.535606323 -10.262731629
33.529301799 -10.318645528
33.532919149 -10.342623393
33.559170776 -10.404325053
33.567645712 -10.416003927
33.595550985 -10.440601908
33.603199097 -10.449180196
33.622732788 -10.49403534
33.638184042 -10.511605326
33.665417522 -10.515119324
33.66557255 -10.541370951
33.672652222 -10.559561055
33.673522574 -10.569367025
33.673849293 -10.573048059
33.674202515 -10.577027689
33.657769409 -10.601315613
33.642266479 -10.615268249
33.603095744 -10.643276875
33.590279988 -10.648961283
33.576947469 -10.657642924
33.52826827 -10.711593119
33.511990194 -10.751797383
33.500983113 -10.769160665
33.480519246 -10.781563009
33.465326376 -10.784353536
33.447136272 -10.802233581
33.434010458 -10.808124695
33.418662557 -10.807297871
33.385537964 -10.800889994
33.371740357 -10.80326711
33.357839397 -10.808744812
33.332621298 -10.813602397
33.319082072 -10.818149922
33.306886434 -10.828588562
33.288127889 -10.856700541
33.273400106 -10.865588888
33.261204467 -10.865278828
33.250765829 -10.862488301
33.241412394 -10.865692241
33.232575725 -10.883262227
33.231697225 -10.897628275
33.239603719 -10.903105977
33.252109416 -10.903105977
33.265855346 -10.901142273
33.280324747 -10.913337911
33.287869507 -10.944860534
33.290960199 -10.975086453
33.293967326 -11.004495138
33.303682495 -11.034570821
33.31810022 -11.062269389
33.336600382 -11.087384135
33.358872924 -11.109398295
33.390912313 -11.164795431
33.382230672 -11.194664409
33.368484741 -11.222673035
33.298308146 -11.329229838
33.296809529 -11.335741069
33.300271851 -11.347006531
33.298928264 -11.35310435
33.293347209 -11.357755229
33.278050984 -11.364266459
33.273503459 -11.369640808
33.271849813 -11.383696797
33.273813517 -11.396615906
33.273606812 -11.409431661
33.265183553 -11.423074239
33.239707072 -11.402403666
33.230301961 -11.416563009
33.234952841 -11.501725769
33.233815959 -11.514024759
33.227304728 -11.532731628
33.212628621 -11.563840841
33.215935913 -11.571592305
33.232679077 -11.577690124
33.249318889 -11.577793477
33.266888875 -11.575623068
33.283218628 -11.578413595
33.296757853 -11.593606465
33.302648967 -11.609729513
33.314017781 -11.772200216
33.310607137 -11.80878713
33.29737797 -11.846510925
33.297481323 -11.862530619
33.308746786 -11.884441427
33.312674194 -11.898704121
33.309315226 -11.914310404
33.303579143 -11.930226746
33.294225708 -11.981283061
33.254899943 -12.072646993
33.251282593 -12.105823262
33.252729533 -12.139516296
33.260274292 -12.155742696
33.288386271 -12.18220103
33.299961792 -12.19594696
33.312467489 -12.228606466
33.330140829 -12.298266296
33.349467814 -12.327928568
33.384607788 -12.340020853
33.458298381 -12.318110046
33.497365763 -12.331545918
33.514108927 -12.331029154
33.525581096 -12.335266622
33.527131388 -12.355627136
33.518139689 -12.371750183
33.513887143 -12.37428146
33.487753947 -12.389836935
33.480519246 -12.406373392
33.465326376 -12.409060567
33.460778849 -12.416501973
33.459952026 -12.441099955
33.451115356 -12.452985534
33.420781291 -12.464974467
33.409412475 -12.475206401
33.393754517 -12.49825409
33.373238973 -12.51851125
33.35039799 -12.532670593
33.328280477 -12.53763153
33.320322306 -12.535047709
33.311950724 -12.529880066
33.302235555 -12.525125834
33.289729858 -12.524195658
33.263168172 -12.528536479
33.255106648 -12.531947123
33.243634481 -12.544762878
33.22699467 -12.57907603
33.212990357 -12.588584493
33.202913452 -12.591788431
33.196815633 -12.595405782
33.19237146 -12.599023132
33.187307169 -12.602330424
33.181312703 -12.608221537
33.178005411 -12.615042827
33.17325118 -12.620003764
33.163019246 -12.620417175
33.158781779 -12.615352885
33.1468962 -12.593235371
33.139919881 -12.58631073
33.130359741 -12.583726909
33.122814982 -12.584553731
33.107001994 -12.588687846
33.099043823 -12.593235371
33.089948771 -12.600780131
33.08126713 -12.604810893
33.074239135 -12.598299662
33.070001668 -12.590444844
33.064627319 -12.584967143
33.057702678 -12.583416849
33.049537801 -12.586827494
33.035378459 -12.599126485
33.024836466 -12.612665711
32.994140666 -12.672507019
32.958070516 -12.72521698
32.944634644 -12.752398783
32.941120646 -12.769865417
32.94701176 -12.843245951
32.95352299 -12.854098002
32.980498088 -12.870737814
33.005044392 -12.892958679
33.013571004 -12.917246602
33.008920125 -12.945048523
32.981531616 -13.006130066
32.965925334 -13.116820984
32.967113892 -13.134184265
32.971299683 -13.150927429
32.979051147 -13.167877299
32.995070842 -13.190873312
32.998171427 -13.202448832
32.992797079 -13.216401469
32.962721395 -13.224979757
32.937865031 -13.255882263
32.91962325 -13.294846293
32.90548718 -13.351390574
32.892131388 -13.404813741
32.874251342 -13.443157654
32.845829305 -13.458040466
32.827432495 -13.460830993
32.819060913 -13.471683044
32.816890503 -13.487392679
32.81751062 -13.505582784
32.813066447 -13.528217061
32.800043986 -13.537105408
32.76319869 -13.542479756
32.749814494 -13.550851339
32.722839396 -13.573382263
32.710230346 -13.575345967
32.691626831 -13.569144795
32.677260783 -13.567801208
32.667648966 -13.575552674
32.663308147 -13.596326599
32.675090372 -13.628055928
32.70671635 -13.635083923
32.743406616 -13.635393982
32.76986495 -13.64686615
32.80779545 -13.699162699
32.813376506 -13.711151632
32.804849894 -13.722003682
32.76810795 -13.739056905
32.757359253 -13.750219014
32.76304366 -13.777194112
32.79187911 -13.789803161
32.828776083 -13.797037862
32.859420207 -13.808096618
32.87414799 -13.820602315
32.923912394 -13.880443623
32.92789148 -13.895636495
32.93006189 -13.910519307
32.936159709 -13.926228942
32.944427938 -13.932946879
32.962514689 -13.932016703
32.970576212 -13.936047465
32.97626062 -13.9445224
32.976674031 -13.949793396
32.97481368 -13.955477804
32.971299683 -14.005914001
32.976467326 -14.021106872
32.999825074 -14.050459086
33.018170206 -14.046221619
33.049434448 -13.996612244
33.062973673 -13.981729431
33.076926311 -13.97449473
33.111601196 -13.964572855
33.120644572 -13.955891215
33.130256389 -13.930569763
33.140281616 -13.924988708
33.154544312 -13.936564229
33.185653524 -13.993821716
33.202706747 -14.013872172
33.130049683 -14.038056742
33.042923217 -14.067098897
32.917142782 -14.10906016
32.744956909 -14.166421
32.576801799 -14.222541605
32.425493204 -14.272977803
32.320383341 -14.308014425
32.227365763 -14.339020284
32.147060587 -14.353386332
32.108768351 -14.3648585
32.033269084 -14.398758239
31.932913452 -14.431107686
31.801345256 -14.473585713
31.658408244 -14.519577738
31.589678589 -14.554821065
31.496661011 -14.602570088
31.410878133 -14.633575948
31.306801799 -14.658173929
31.178024129 -14.688559672
31.074464559 -14.713054301
31.056584513 -14.714397888
30.915094442 -14.746023864
30.815772339 -14.768244731
30.676969441 -14.8176474
30.591806682 -14.848136495
30.485559937 -14.885963643
30.392490682 -14.931025493
30.318438355 -14.96699229
30.230898478 -14.977224223
30.214465373 -14.981461691
30.214420897 -14.981965751
30.213845255 -14.988489685
30.220976603 -15.018358663
30.220976603 -15.0630071
30.225834188 -15.106311951
30.263144572 -15.231265564
30.28794926 -15.278911234
30.320505412 -15.299478454
30.33487146 -15.304749451
30.347480509 -15.317875265
30.357919149 -15.335651957
30.364947143 -15.35415212
30.369184611 -15.37471934
30.371768432 -15.439831645
30.374920695 -15.451303812
30.389648478 -15.471147563
30.392852417 -15.480759379
30.390165242 -15.490784607
30.371768432 -15.525407817
30.365257202 -15.547421977
30.367427613 -15.56127126
30.395953003 -15.590623474
30.401223999 -15.598478292
30.412696167 -15.627933858
30.410370728 -15.630414327
30.396263061 -15.635995381
30.356678915 -15.651498311
30.328050171 -15.652428487
30.296196212 -15.639041586
30.280094442 -15.632274678
30.254876343 -15.628864034
30.246091349 -15.632067973
30.231001831 -15.644677023
30.223147013 -15.649741313
30.207230672 -15.653151957
30.195551798 -15.649121195
30.169920288 -15.632171325
30.130129435 -15.623696391
30.090028523 -15.629380798
30.05023767 -15.640129496
30.010653524 -15.646227315
29.967503702 -15.641473084
29.881772502 -15.618838806
29.83733077 -15.614808045
29.814283081 -15.619665629
29.773251994 -15.638062439
29.730050496 -15.644677023
29.672793009 -15.663280538
29.648505086 -15.66658783
29.627989543 -15.663590596
29.608559204 -15.658422953
29.587216838 -15.655735779
29.563445679 -15.662143656
29.526238647 -15.692839457
29.508461955 -15.703588155
29.42205896 -15.711029562
29.406969442 -15.7142335
29.186311076 -15.812832133
29.150964396 -15.84879893
29.141869344 -15.854483338
29.121715535 -15.859340922
29.102181844 -15.870916443
29.08616215 -15.88455902
29.076343628 -15.895411071
29.055052938 -15.934375102
29.042340536 -15.946260681
29.018052612 -15.950601501
28.972784058 -15.951428324
28.951286662 -15.95525238
28.946861599 -15.957235195
28.932373087 -15.963727315
28.89888676 -15.995456644
28.877182658 -16.02201833
28.874082072 -16.028942973
28.860336141 -16.04940684
28.857235555 -16.060465596
28.859302612 -16.069560649
28.863850139 -16.076588644
28.868501017 -16.082169698
28.870981486 -16.087233989
28.865400431 -16.121237081
28.852481323 -16.162784932
28.847106975 -16.202679138
28.864160197 -16.231204529
28.840285685 -16.284741312
28.836771688 -16.306342061
28.840492391 -16.32360199
28.857028849 -16.3654599
28.857235555 -16.38819753
28.833050985 -16.42643809
28.829123576 -16.434602967
28.822508992 -16.470776469
28.808866414 -16.486279398
28.769282267 -16.5152182
28.761117391 -16.532271424
28.741376994 -16.550668233
28.732850382 -16.558109639
28.718794393 -16.56028005
28.69073409 -16.56028005
28.643295126 -16.568754985
28.28011316 -16.706524353
28.212520385 -16.748588969
28.113921753 -16.827550558
28.022992543 -16.865393043
27.868562052 -16.929663187
27.81688562 -16.959635518
27.777301473 -17.00118337
27.641185751 -17.198483988
27.624855998 -17.233313904
27.604495483 -17.312792257
27.57731368 -17.363125102
27.524293661 -17.415111593
27.422077677 -17.504821879
27.157080932 -17.76930186
27.146952352 -17.783874614
27.145298706 -17.794106547
27.14653894 -17.818911235
27.149019409 -17.842475687
27.115429728 -17.882163187
27.07817102 -17.916993103
27.048457072 -17.94427826
27.021275269 -17.958540954
27.006289103 -17.962675069
26.959160197 -17.964742127
26.948669881 -17.968876241
26.912031291 -17.992027282
26.888260132 -17.984585876
26.794002319 -18.026237081
26.769714396 -18.029027608
26.75359135 -18.032955017
26.740568889 -18.040499776
26.711940145 -18.065821228
26.700002889 -18.069231872
26.685688517 -18.066751404
26.628844442 -18.049181417
26.612721395 -18.041223246
26.598872111 -18.029957784
26.583369181 -18.01321462
26.570243367 -18.002879333
26.553603557 -17.996471456
26.527145223 -17.992027282
26.485494018 -17.979314881
26.408599487 -17.939007263
26.362710815 -17.930635681
26.325503785 -17.93601003
26.318269084 -17.934356384
26.311964559 -17.928361918
26.303799683 -17.922780864
26.294291219 -17.918543396
26.248299194 -17.913375753
26.239204142 -17.910171814
26.233933146 -17.903970642
26.228248739 -17.894668884
26.221117391 -17.886297303
26.211918986 -17.882783305
26.20303064 -17.887227478
26.167477254 -17.913582458
26.158588908 -17.91833669
26.135437866 -17.922574158
26.118591349 -17.931565857
26.101228068 -17.935803325
26.095233602 -17.938077087
26.094200073 -17.941901144
26.096163777 -17.954613545
26.095233602 -17.958540954
26.081177612 -17.962365011
26.062470743 -17.962881775
26.046554402 -17.966292419
26.040559936 -17.978488057
26.033738648 -17.971563415
25.978548218 -17.998951925
25.966972697 -18.000502217
25.92449467 -17.998951925
25.863619832 -17.971563415
25.853491252 -17.959987895
25.846153198 -17.943658142
25.847496785 -17.929395446
25.863619832 -17.923814392
25.849667196 -17.906657816
25.804398641 -17.888157654
25.794683471 -17.872654724
25.786001831 -17.862216085
25.765951375 -17.849813741
25.743833862 -17.839375102
25.706420125 -17.829866638
25.694224487 -17.819427999
25.681408732 -17.811469828
25.657017456 -17.813950297
25.603997436 -17.836171163
25.536818074 -17.848676859
25.530926962 -17.850950622
25.522141967 -17.860149028
25.516457561 -17.862319438
25.510153035 -17.861182556
25.500747925 -17.856014912
25.495580281 -17.854878031
25.420287719 -17.854878031
25.409539021 -17.85301768
25.376466105 -17.841235453
25.34525354 -17.84257904
25.335538371 -17.841235453
25.315901327 -17.832140401
25.285412231 -17.809299418
25.266705363 -17.800927836
25.259780721 -17.794106547
25.253476196 -17.781497498
25.24241744 -17.770335388
25.228878215 -17.762480571
25.215132283 -17.759276631
25.198182414 -17.758449809
25.190741007 -17.755349223
25.177821899 -17.738812764
25.172447551 -17.735092061
25.161182088 -17.729407653
25.156841268 -17.725170186
25.155290975 -17.719382426
25.156427856 -17.706670024
25.153327271 -17.700985616
25.138547811 -17.686102804
25.131416463 -17.686516215
25.122631469 -17.69788503
25.120047648 -17.691063741
25.11508671 -17.684242452
25.107955363 -17.678868103
25.098756958 -17.676801046
25.096896606 -17.672150167
25.088525024 -17.642694601
25.085217732 -17.640937602
25.067027628 -17.625331319
25.064237101 -17.621507263
25.052558227 -17.62140391
25.045323527 -17.61995697
25.040052531 -17.616132914
25.033851359 -17.608484802
25.033851359 -17.60156016
25.040569295 -17.584506937
25.036951945 -17.581199646
25.026720011 -17.582749939
25.008013142 -17.5885377
24.99850468 -17.588020935
24.982588338 -17.576548767
24.97111617 -17.560735779
24.96998733 -17.559962479
24.957990356 -17.551744079
24.937629842 -17.560735779
24.924917439 -17.542959086
24.8982524 -17.531073507
24.829522745 -17.517740987
24.797380005 -17.519084574
24.786838013 -17.516914164
24.780016723 -17.512263285
24.775055786 -17.507612406
24.76978479 -17.505441996
24.684415324 -17.492419535
24.639456828 -17.492419535
24.629741659 -17.495520121
24.622817017 -17.50234141
24.617442668 -17.509162699
24.606487264 -17.515157166
24.591294393 -17.528386332
24.580752401 -17.532830505
24.571243937 -17.533450623
24.562458944 -17.532210388
24.546542603 -17.52652598
24.537860962 -17.520324809
24.53165979 -17.513400166
24.523598267 -17.507819112
24.498173462 -17.503478292
24.479259888 -17.494486593
24.449287557 -17.489112243
24.407016235 -17.47453949
24.388929484 -17.47133555
24.371256144 -17.473712666
24.329398234 -17.485081482
24.321336711 -17.488698832
24.310277954 -17.482601013
24.257361287 -17.480844014
24.238757771 -17.47815684
24.220464314 -17.479500427
24.190905396 -17.485288188
24.148117309 -17.493763122
24.105329224 -17.502238057
24.062541137 -17.510712992
24.019649699 -17.519084574
23.976964965 -17.527559509
23.93417688 -17.536034444
23.891388794 -17.544406026
23.848497355 -17.552880961
23.805605916 -17.561355896
23.762817831 -17.569727478
23.720029744 -17.578202413
23.677241659 -17.586677348
23.634556925 -17.59504893
23.59176884 -17.603523865
23.548774048 -17.6119988
23.505985962 -17.620473734
23.476220337 -17.626364848
23.457410115 -17.626778259
23.422373494 -17.633496195
23.381652466 -17.641144307
23.375968058 -17.6282252
23.375141235 -17.615409444
23.382272583 -17.601043396
23.3594316 -17.582853292
23.340621379 -17.560735779
23.320157512 -17.546369731
23.305378051 -17.539548442
23.290805298 -17.535414327
23.258352498 -17.532830505
23.241299275 -17.535104268
23.224246053 -17.539341736
23.206986125 -17.541202087
23.189726196 -17.536551208
23.177530558 -17.524045512
23.176910441 -17.509782816
23.179080852 -17.494176534
23.176186971 -17.47815684
23.165748332 -17.467408142
23.121513306 -17.450871683
23.097638794 -17.432164815
23.073040812 -17.405086364
23.054127238 -17.37532074
23.046375773 -17.348448994
23.040381307 -17.33708018
22.99862675 -17.293775329
22.984157349 -17.285817159
22.936511678 -17.273311462
22.876153605 -17.248093363
22.849178507 -17.231040141
22.809387655 -17.196416931
22.778278442 -17.180397237
22.765152628 -17.169648539
22.755850871 -17.15486908
22.744792114 -17.108256937
22.730736125 -17.081591898
22.710478963 -17.055443624
22.66562382 -17.008624776
22.651671183 -16.998702901
22.592036581 -16.975448506
22.579324178 -16.975345154
22.573433064 -16.971004333
22.569195597 -16.962426045
22.56929895 -16.944959412
22.567231893 -16.936897888
22.554519491 -16.924185486
22.522893514 -16.914677022
22.508527466 -16.906202088
22.499742472 -16.893489685
22.489097127 -16.865377706
22.416646769 -16.754480082
22.408895304 -16.745798442
22.399593546 -16.740424092
22.383573853 -16.737530212
22.377992798 -16.734843038
22.372618449 -16.728848572
22.36579716 -16.71685964
22.350087524 -16.69629242
22.343472941 -16.683166606
22.333654419 -16.673658142
22.306989379 -16.669213969
22.303061971 -16.666940206
22.295620565 -16.659188741
22.29076298 -16.656398214
22.287352335 -16.658258565
22.283734985 -16.661359151
22.274123169 -16.663632915
22.259033651 -16.669213969
22.251282186 -16.670040792
22.237742961 -16.665493266
22.151650025 -16.597693787
22.145138794 -16.584051209
22.142451619 -16.567101339
22.138110799 -16.552631938
22.127258748 -16.546430765
22.108138469 -16.543950297
22.104004354 -16.536715596
22.106588175 -16.525966898
22.107311646 -16.51232432
22.101730591 -16.497958272
22.084574015 -16.470156352
22.079923136 -16.457754008
22.080749959 -16.441010844
22.086020955 -16.422303975
22.094289184 -16.404733988
22.103590943 -16.391918233
22.105554646 -16.379412537
22.089121542 -16.371971131
22.055841919 -16.364633077
22.054188273 -16.358638611
22.053671508 -16.336521097
22.052017863 -16.326805928
22.048607218 -16.322361756
22.036618286 -16.312233174
22.032174113 -16.306342061
22.02772994 -16.291665954
22.025972941 -16.278953553
22.02235559 -16.266344503
22.011710246 -16.252288513
22.019875122 -16.253115336
22.045196574 -16.252288513
22.010366658 -16.198131612
21.983804972 -16.165885519
21.98153121 -16.14428477
21.98153121 -16.128161722
21.98153121 -16.067493591
21.98153121 -16.004034933
21.980601034 -16.001244405
21.980807739 -15.956079203
21.980911092 -15.853966573
21.98122115 -15.751957296
21.981427856 -15.649948018
21.98153121 -15.547835388
21.98153121 -15.503807068
21.98153121 -15.473524679
21.98153121 -15.452337341
21.98153121 -15.412546488
21.981427856 -15.261858012
21.981324503 -15.111169535
21.98122115 -14.960481059
21.981117798 -14.809792582
21.981014445 -14.659104105
21.980911092 -14.508415629
21.980807739 -14.357623799
21.980704386 -14.206935323
21.980601034 -14.056350199
21.980497681 -13.90555837
21.980394328 -13.754973246
21.9803531 -13.694822055
21.980290974 -13.604181416
21.980187622 -13.45349294
21.980084269 -13.30270111
21.979980916 -13.152167664
21.979877563 -13.001479187
22.104211059 -13.001479187
22.228544555 -13.001479187
22.352774698 -13.001479187
22.477004842 -13.001479187
22.601234985 -13.001479187
22.725465128 -13.001479187
22.849798625 -13.001479187
22.974028768 -13.001479187
23.098362264 -13.001479187
23.22269576 -13.001479187
23.346925903 -13.001479187
23.471259399 -13.001479187
23.595592895 -13.001479187
23.719823039 -13.001479187
23.844156535 -13.001479187
23.968283325 -13.001479187
24.000632772 -13.001479187
23.988850545 -12.965098979
23.971797322 -12.93336965
23.949576457 -12.904637553
23.895109497 -12.849757182
23.874748983 -12.821748555
23.865653931 -12.789709167
23.872268514 -12.750125021
23.891698853 -12.705063171
23.910715779 -12.631269226
23.928699178 -12.561609395
23.940791463 -12.532773946
23.986060018 -12.467661641
24.019856405 -12.419189148
24.028021281 -12.402135925
24.030811808 -12.385082703
24.020993286 -12.340020853
24.016859171 -12.278939311
24.006627238 -12.253721212
23.981305786 -12.22767629
23.959601685 -12.196670431
23.954330689 -12.15191864
23.961048624 -12.011668803
23.967043091 -11.882891133
23.988540487 -11.834211934
23.990194132 -11.824083354
23.985543253 -11.799485372
23.981305786 -11.724761251
23.972727498 -11.70057668
23.962288859 -11.681559753
23.954640747 -11.662232767
23.954640747 -11.636911316
23.959911743 -11.617170919
23.977688436 -11.577276713
24.005387004 -11.535212097
24.009727824 -11.52342987
24.009831177 -11.507203471
24.007247355 -11.483122253
24.007557414 -11.470513204
24.00993453 -11.459454447
24.020786581 -11.444571635
24.052102499 -11.420490417
24.061714315 -11.406951192
24.061094197 -11.39496226
24.016962525 -11.298430685
24.011174764 -11.272902526
24.015308878 -11.130482279
23.995775187 -11.127381694
23.990090779 -11.113532409
23.994534953 -11.074981791
23.99370813 -11.019584655
23.99732548 -11.00170461
24.003733358 -10.982480978
24.000012654 -10.96780487
23.980582316 -10.938349304
23.974277791 -10.921399434
23.967456502 -10.872306823
24.001459595 -10.873443705
24.048381796 -10.882332052
24.091479939 -10.897834981
24.11421757 -10.919229024
24.114320923 -10.927910664
24.108739868 -10.94579071
24.108016398 -10.954989115
24.110496867 -10.965944519
24.117524862 -10.986098328
24.119385213 -10.997570495
24.117731567 -11.030850118
24.124242797 -11.043252462
24.144396606 -11.040358582
24.164550415 -11.033950704
24.181293579 -11.034467468
24.218293904 -11.045216166
24.238034302 -11.048006693
24.27513798 -11.047903341
24.293844848 -11.050280457
24.316375773 -11.060098979
24.345314575 -11.078289083
24.370532674 -11.10019989
24.381798136 -11.120560404
24.378284139 -11.132135925
24.369912557 -11.140920919
24.362471151 -11.150532735
24.36174768 -11.164692078
24.367432088 -11.176267598
24.384381958 -11.191253764
24.3913066 -11.199832052
24.396577596 -11.217402038
24.39781783 -11.238279317
24.396060832 -11.25967336
24.392236776 -11.279103699
24.384485311 -11.295226746
24.352445923 -11.345042826
24.339940226 -11.358065287
24.298289022 -11.370570983
24.285473266 -11.381216329
24.293948201 -11.399199727
24.310071249 -11.406641133
24.351722453 -11.407054545
24.370222615 -11.410155131
24.392546834 -11.423384297
24.426446574 -11.454080099
24.44649703 -11.463588562
24.469648071 -11.465552266
24.490938762 -11.461521505
24.532693318 -11.446121928
24.54251184 -11.445398458
24.554190714 -11.446328633
24.564732707 -11.444674988
24.571243937 -11.436406758
24.574447876 -11.425141297
24.57858199 -11.415632833
24.584576456 -11.407364604
24.593258097 -11.399613139
24.602249797 -11.39568573
24.624677369 -11.390828145
24.63521936 -11.385867208
24.645037882 -11.376048686
24.66333134 -11.35165741
24.674080037 -11.341632181
24.712527303 -11.3260259
24.787974894 -11.325819193
24.826732218 -11.317550964
24.901042928 -11.281274108
24.942900838 -11.268561707
24.981244751 -11.271868998
25.124285116 -11.259156596
25.184023071 -11.246650899
25.278797648 -11.199935404
25.310320272 -11.194767761
25.32251591 -11.205413106
25.324582967 -11.227840678
25.323342733 -11.253472188
25.32540979 -11.273936055
25.324893025 -11.283651224
25.317141561 -11.290472514
25.296264282 -11.298430685
25.284688761 -11.307319031
25.290166463 -11.315897318
25.301328573 -11.324475606
25.306496216 -11.333053894
25.298021281 -11.351450704
25.286342407 -11.360649109
25.277970825 -11.371811218
25.279004354 -11.396305847
25.286652465 -11.416563009
25.309286743 -11.455423686
25.316728149 -11.472993672
25.315384562 -11.482502136
25.301741984 -11.498418477
25.297711223 -11.50792694
25.297504516 -11.517228699
25.300398397 -11.535005391
25.327373494 -11.616654155
25.336778605 -11.633500672
25.344943482 -11.642182312
25.351971477 -11.646109721
25.360446411 -11.647246602
25.373158813 -11.64714325
25.38638798 -11.649830424
25.392795858 -11.656445008
25.397550089 -11.664919943
25.406335083 -11.673084818
25.46359257 -11.700059916
25.481162557 -11.715252787
25.482816203 -11.720420431
25.483281291 -11.725794779
25.482816203 -11.731169129
25.474134562 -11.756180521
25.480439087 -11.7698231
25.495580281 -11.776541036
25.515217326 -11.775817566
25.524519083 -11.770959982
25.530616902 -11.764242045
25.537644897 -11.758350932
25.550253947 -11.756593933
25.561002645 -11.753286641
25.564930054 -11.743984883
25.567823934 -11.73375295
25.575678752 -11.727345072
25.621464071 -11.728895366
25.655777222 -11.750496114
25.687403198 -11.778711446
25.725643758 -11.8005189
25.744040568 -11.803826192
25.801608114 -11.804239603
25.81266687 -11.802999369
25.83251062 -11.793800964
25.839848674 -11.791940613
25.850700724 -11.793800964
25.855765015 -11.797211609
25.85958907 -11.80196584
25.914159383 -11.845580749
25.935553426 -11.853642273
25.949816121 -11.86397756
25.963562052 -11.895086771
25.981132039 -11.903044942
25.994051148 -11.904801941
26.166650431 -11.902424825
26.189078003 -11.91089976
26.209335164 -11.923612162
26.229592326 -11.933120626
26.265559123 -11.930846863
26.286229696 -11.940562032
26.298011922 -11.941182149
26.309174032 -11.93653127
26.328811076 -11.923302104
26.339146362 -11.918961283
26.376353394 -11.912863464
26.414593953 -11.911829935
26.438365112 -11.919064636
26.455418335 -11.931983744
26.470714559 -11.946969909
26.489111369 -11.960819193
26.52487146 -11.972291361
26.605900106 -11.977769063
26.643520548 -11.985520528
26.662744181 -11.996579285
26.679797404 -12.009601745
26.697057333 -12.017456563
26.717417847 -12.01301239
26.732559042 -11.998336283
26.744186239 -11.981179708
26.759379109 -11.968674011
26.78501062 -11.968363952
26.831726115 -11.97332489
26.874204143 -11.964333191
26.912754761 -11.942525737
26.947688029 -11.909142761
26.967325073 -11.870385437
26.971355835 -11.788529968
26.981071004 -11.749049174
26.996367228 -11.727035014
27.011146688 -11.71318573
27.021481975 -11.697889506
27.023238973 -11.671121114
27.010836629 -11.628849793
27.010268189 -11.609832865
27.023755738 -11.59557017
27.032437378 -11.594329936
27.054451538 -11.597533875
27.064373413 -11.597120463
27.102200562 -11.584924825
27.144988647 -11.581307474
27.173617391 -11.570558776
27.180128621 -11.569628601
27.197181844 -11.593709819
27.207620483 -11.639391784
27.211961304 -11.68827769
27.209997599 -11.721970723
27.234182169 -11.809097188
27.42073409 -11.921958517
27.467552938 -12.001643575
27.471790405 -12.041641134
27.520469605 -12.179617207
27.536075887 -12.200081075
27.589836216 -12.242957986
27.595297079 -12.247313334
27.638188517 -12.293615417
27.666197143 -12.30271047
27.710742228 -12.30632782
27.756734252 -12.304260763
27.788308553 -12.296509297
27.807273803 -12.281419779
27.818280884 -12.267777202
27.831406698 -12.259922384
27.856676473 -12.262402852
27.877036987 -12.269947611
27.933881062 -12.303330587
27.948453816 -12.321417338
27.952226196 -12.346532084
27.95868575 -12.367822775
27.981009969 -12.37454071
27.998993367 -12.371440125
28.014031209 -12.370509949
28.087670125 -12.377537944
28.096868531 -12.383015645
28.100434204 -12.39149058
28.102449585 -12.401205749
28.106997111 -12.410197449
28.131285034 -12.429214375
28.145961141 -12.423116556
28.160740601 -12.408750508
28.185751994 -12.402445984
28.204975626 -12.410817566
28.220065145 -12.42539032
28.237531779 -12.437069193
28.263886759 -12.436965841
28.283833863 -12.43407196
28.303677612 -12.435415548
28.322487834 -12.441099955
28.339747762 -12.450505066
28.422740112 -12.521301778
28.436434367 -12.542799174
28.455916382 -12.59209849
28.468267049 -12.614629415
28.50201176 -12.649562683
28.51229537 -12.668372905
28.511623575 -12.694417826
28.500151408 -12.710954285
28.483976684 -12.722219746
28.474003133 -12.736482442
28.480927775 -12.762113952
28.501598348 -12.788468933
28.523612508 -12.810173034
28.539425497 -12.833840841
28.542836141 -12.885620626
28.553378133 -12.894922384
28.568467652 -12.895542501
28.583970581 -12.888721211
28.593685751 -12.87673228
28.608155152 -12.84789683
28.621177612 -12.839421896
28.667893107 -12.84934377
28.707994018 -12.88975474
28.775690144 -12.976571146
28.793363485 -12.991557312
28.800598185 -13.002409363
28.809434855 -13.03837616
28.813620646 -13.042820332
28.827056518 -13.047574564
28.830880574 -13.051812032
28.830260458 -13.056876322
28.825506226 -13.067831726
28.82529952 -13.072379252
28.82602299 -13.076823425
28.824627727 -13.087262064
28.825816284 -13.092843119
28.829743693 -13.097183939
28.835428101 -13.098940938
28.840905803 -13.10007782
28.844213094 -13.102351583
28.853669881 -13.137078145
28.863230021 -13.1426592
28.882712036 -13.143589376
28.891858765 -13.147310079
28.903434285 -13.162296244
28.934130086 -13.309625753
28.950356486 -13.350966898
28.980845581 -13.38021576
28.993971395 -13.395925395
29.010301147 -13.399439392
29.028491251 -13.395511983
29.046681356 -13.3888974
29.065386147 -13.388676478
29.072932983 -13.388587342
29.09804773 -13.384659932
29.122128947 -13.384349874
29.144453165 -13.394478454
29.153393188 -13.406984151
29.160162801 -13.422073669
29.168947795 -13.433855896
29.184140665 -13.436853129
29.194786011 -13.430962016
29.214009644 -13.408327738
29.227445516 -13.40078298
29.250183146 -13.391584574
29.308267456 -13.353654073
29.449550822 -13.300323995
29.470014689 -13.287818298
29.527995646 -13.234074808
29.551043335 -13.224152934
29.574401082 -13.225393168
29.592797892 -13.235625102
29.609851115 -13.249474385
29.629074748 -13.261463318
29.64106368 -13.262806905
29.64974532 -13.259913025
29.657496786 -13.260119731
29.666591837 -13.271178487
29.669175659 -13.281203714
29.667522013 -13.291952412
29.663594605 -13.301874288
29.658892049 -13.3095224
29.651502319 -13.31458669
29.633622274 -13.318927511
29.626594279 -13.326368917
29.625043986 -13.334843852
29.627007691 -13.354894308
29.625147339 -13.364196065
29.618946167 -13.367296651
29.609437703 -13.36905365
29.601686239 -13.374427999
29.601686239 -13.388380635
29.605510295 -13.399956156
29.610677938 -13.411014913
29.617395874 -13.421246847
29.626077515 -13.429825134
29.641477092 -13.438506775
29.66307784 -13.446878357
29.702868693 -13.457627055
29.767154175 -13.458350524
29.782243693 -13.45566335
29.79764327 -13.424244079
29.797746623 -13.313759867
29.797953328 -13.164363301
29.798211711 -13.022769877
29.798470093 -12.873011576
29.798676799 -12.698345235
29.798986857 -12.548690287
29.799141887 -12.382292176
29.799400268 -12.265813497
29.799606975 -12.159463399
29.799582314 -12.159035938
29.799396783 -12.155820079
29.799296915 -12.15408905
29.756095419 -12.157603047
29.734908081 -12.164837748
29.701266724 -12.189022318
29.648918498 -12.212793477
29.631865275 -12.215997416
29.621116577 -12.210209656
29.603184855 -12.192846374
29.590317423 -12.188092142
29.576726522 -12.188092142
29.567579793 -12.191709492
29.553058716 -12.205145366
29.533473348 -12.216720886
29.489548381 -12.231500345
29.474252157 -12.242662455
29.467947632 -12.255271504
29.455907023 -12.294338888
29.451824585 -12.317799988
29.448155559 -12.326791686
29.446553589 -12.335059916
29.450377645 -12.342914734
29.480453328 -12.380535176
29.496059611 -12.386322937
29.511459188 -12.387356466
29.52344812 -12.392524109
29.528202352 -12.410507507
29.524688355 -12.429214375
29.514663126 -12.443890483
29.499676961 -12.453088887
29.480453328 -12.454949239
29.473011922 -12.452468771
29.468774454 -12.448438008
29.465260457 -12.444200541
29.459886108 -12.44130666
29.453323202 -12.440789897
29.439215536 -12.442030131
29.432600952 -12.44130666
29.405935913 -12.431694844
29.364388062 -12.409267273
29.356533244 -12.407613627
29.316432332 -12.406683451
29.304856811 -12.4048231
29.295503377 -12.400999044
29.283049357 -12.390457051
29.265065958 -12.37092336
29.254989054 -12.366169128
29.173391967 -12.367616068
29.148949016 -12.373713887
29.128123413 -12.38280894
29.111070191 -12.393454285
29.10021814 -12.374023946
29.084405152 -12.376401062
29.067248576 -12.384772644
29.052779175 -12.383842468
29.042650594 -12.378778178
29.035105835 -12.378881531
29.030351603 -12.376194356
29.028594604 -12.363068543
29.026114136 -12.353043314
28.944672079 -12.206075541
28.918730509 -12.174346212
28.859509318 -12.141790059
28.850414266 -12.130007832
28.845970093 -12.111300964
28.835014689 -12.092180684
28.821475463 -12.075747579
28.808866414 -12.064585469
28.773623088 -12.045878601
28.759877156 -12.035233256
28.754192749 -12.020143738
28.751092163 -11.992238464
28.741997111 -11.984280293
28.707063843 -11.989447937
28.686031535 -11.984073588
28.636887247 -11.957615254
28.623864787 -11.947796732
28.606191447 -11.910279643
28.592652222 -11.900461121
28.569191121 -11.913690287
28.566090536 -11.904491882
28.554204956 -11.885061544
28.549450724 -11.879583842
28.540562377 -11.872039082
28.531570679 -11.866458028
28.521132039 -11.865734558
28.507851196 -11.872762553
28.497154175 -11.857362976
28.488885946 -11.808683777
28.476793661 -11.798245137
28.460670613 -11.793387553
28.452505737 -11.780778504
28.442687215 -11.711635437
28.439586629 -11.701506856
28.425117228 -11.688070984
28.418399292 -11.678872579
28.422119995 -11.674738465
28.422740112 -11.664713236
28.405480183 -11.605181986
28.399589071 -11.596086934
28.384912963 -11.581307474
28.377419881 -11.571075541
28.365585978 -11.541619974
28.360314982 -11.533558452
28.355664103 -11.518158875
28.354423869 -11.464725444
28.35700769 -11.446948751
28.40858077 -11.372431335
28.411991414 -11.368400574
28.43421228 -11.351243998
28.439586629 -11.348246765
28.431990194 -11.311039734
28.436175985 -11.289128927
28.445581096 -11.274556173
28.455089559 -11.263704122
28.473693074 -11.225670267
28.47245284 -11.191977233
28.473693074 -11.181228535
28.47622522 -11.175440776
28.484751831 -11.162831726
28.487335652 -11.153426615
28.486922241 -11.140920919
28.476173543 -11.087694194
28.476793661 -11.077979024
28.490953003 -11.058652039
28.504078816 -11.034364116
28.507851196 -11.023615418
28.508626343 -11.013486836
28.506662638 -10.992092794
28.507851196 -10.982067566
28.513793986 -10.972869161
28.531363973 -10.955092468
28.535084676 -10.944447123
28.537358439 -10.934111837
28.547176961 -10.913751323
28.549450724 -10.902899272
28.549450724 -10.858560893
28.554411662 -10.834996439
28.563506714 -10.811948751
28.576529174 -10.790658061
28.593479044 -10.772881368
28.600920451 -10.763166199
28.608051798 -10.741358745
28.62324467 -10.716864115
28.62758549 -10.711696472
28.633476604 -10.708905945
28.646189005 -10.709836121
28.651873413 -10.70838918
28.665877726 -10.697433777
28.681535685 -10.681930847
28.69435144 -10.663327331
28.699622436 -10.643173523
28.694248088 -10.636765645
28.670890341 -10.619092305
28.665515991 -10.608963725
28.667169637 -10.597388204
28.672699016 -10.576097514
28.67233728 -10.564315287
28.648049357 -10.537650248
28.634923543 -10.519460144
28.634716838 -10.505714213
28.638747599 -10.496205749
28.63047937 -10.481012879
28.634716838 -10.471607768
28.64060795 -10.462616068
28.64453536 -10.451040548
28.646085653 -10.438431498
28.644948771 -10.426545919
28.637714071 -10.407012227
28.628619019 -10.391095886
28.620867554 -10.373319193
28.617766968 -10.3483078
28.620712524 -10.327327168
28.626448609 -10.311410827
28.629239136 -10.295907898
28.623864787 -10.276374206
28.622107788 -10.275857442
28.613322795 -10.270689799
28.610842326 -10.268829448
28.608051798 -10.263558451
28.605984741 -10.252913107
28.604021037 -10.24836558
28.569914592 -10.219633484
28.579319702 -10.201133321
28.604021037 -10.172711283
28.619627319 -10.14191213
28.628515665 -10.102741394
28.631254516 -10.023056335
28.623864787 -9.951019389
28.627947224 -9.92941864
28.658694702 -9.8648231
28.668461548 -9.821621602
28.678073364 -9.803844909
28.696521851 -9.796506856
28.698485555 -9.79195933
28.67233728 -9.765500996
28.669960165 -9.750928243
28.66365564 -9.745037129
28.654973999 -9.741936544
28.644948771 -9.735115254
28.631254516 -9.715581563
28.625156697 -9.69563446
28.623864787 -9.649125671
28.62179773 -9.638273621
28.612909383 -9.617499695
28.610842326 -9.607887879
28.606501505 -9.594348653
28.587587931 -9.573161316
28.583557169 -9.563756205
28.58862146 -9.558278504
28.611100708 -9.551043803
28.617766968 -9.543292338
28.586296021 -9.544015808
28.574100383 -9.539158224
28.569191121 -9.525929057
28.568726033 -9.508979187
28.566865682 -9.495956726
28.562783244 -9.48489797
28.555600219 -9.47445933
28.531570679 -9.456889343
28.519685099 -9.445623881
28.514724162 -9.430017598
28.516274454 -9.415548197
28.518134806 -9.397461446
28.515964396 -9.378341166
28.495397176 -9.35322642
28.460463908 -9.335036315
28.411371297 -9.324907735
28.368531535 -9.308577982
28.352460165 -9.271991068
28.372303914 -9.235094095
28.415092 -9.207085469
28.506197551 -9.164400737
28.599060099 -9.096394551
28.765406534 -8.934027201
28.893098999 -8.765768737
28.930461059 -8.679882507
28.935473673 -8.590792338
28.892788941 -8.501908874
28.88917159 -8.483098653
28.915268189 -8.472866719
29.035105835 -8.454779968
29.20811853 -8.428528341
29.365938354 -8.404550476
29.575844324 -8.372729114
29.592281128 -8.370237325
29.858104695 -8.329826355
30.123618204 -8.289518737
30.324949585 -8.25892629
30.581781453 -8.21996226
30.752106975 -8.194124043
30.778255249 -8.289105326
30.828278036 -8.38811737
30.891891724 -8.479171245
30.959536174 -8.550484721
30.992350708 -8.575909526
31.033640177 -8.600300801
31.077823527 -8.616320495
31.119836467 -8.616630554
