20.981488891 48.516858826
21.006500285 48.518150737
21.035955851 48.514636739
21.063861124 48.506239319
21.084014933 48.493010153
21.109336385 48.489108582
21.18674768 48.513706564
21.21992395 48.518719177
21.238010702 48.513448182
21.250413045 48.506497701
21.261781861 48.50319041
21.27656132 48.508719788
21.288240194 48.519933574
21.293924601 48.530578918
21.302296183 48.539906515
21.321829874 48.547580465
21.338573038 48.549854228
21.372679484 48.550345154
21.424562622 48.56127472
21.439135376 48.558329163
21.472725057 48.544996644
21.490811809 48.54026825
21.499390096 48.535074769
21.506004679 48.52649648
21.515099732 48.507117819
21.521817667 48.500089824
21.537734008 48.495232239
21.574630981 48.495568136
21.591684204 48.493010153
21.600365844 48.481641337
21.613388305 48.440351868
21.621553182 48.429654846
21.677570434 48.372345683
21.70123824 48.353948873
21.727696574 48.340900574
21.759012492 48.333769226
21.789398234 48.335526225
21.841178019 48.353173727
21.884276164 48.357462871
21.914765259 48.369090068
21.929338012 48.372914124
21.98153121 48.374722799
21.999928019 48.378960267
22.018014771 48.379735413
22.077856079 48.375808004
22.096459595 48.379425354
22.113926229 48.388649598
22.132839803 48.404798483
22.156507609 48.402059631
22.158263205 48.402222187
22.158315182 48.402227
22.159298136 48.402318014
22.169220011 48.409526876
22.201982869 48.41815684
22.236089315 48.415288798
22.271849406 48.403454895
22.256966593 48.373224182
22.256759888 48.357282003
22.284355103 48.358393047
22.291279744 48.357566224
22.298721151 48.349142965
22.298721151 48.339324443
22.296447388 48.327800598
22.297377563 48.314002991
22.308126261 48.293694153
22.357115519 48.243102926
22.363626749 48.238710429
22.37086145 48.23739268
22.378612915 48.238865459
22.386467732 48.24305125
22.390498495 48.24434316
22.394529256 48.244756572
22.398766724 48.24434316
22.418403768 48.238968811
22.434216756 48.236746725
22.449719686 48.2376769
22.469046672 48.244136454
22.473284139 48.24449819
22.477418254 48.243929749
22.481449015 48.242586162
22.555759725 48.177163799
22.568885539 48.156519063
22.583044881 48.124815573
22.600098103 48.101121928
22.605472453 48.09703949
22.608056274 48.096832784
22.621182088 48.101767884
22.693219035 48.101767884
22.711615845 48.105824484
22.728565714 48.113136699
22.74572229 48.116288961
22.762052043 48.109260966
22.76556604 48.104532573
22.801429484 48.090967509
22.830988403 48.072441508
22.844320923 48.061046855
22.854759562 48.047300924
22.861580851 48.02838735
22.857963501 48.018026226
22.851348918 48.008801982
22.849488566 47.993144023
22.832435343 47.978933004
22.840806925 47.966789043
22.877600546 47.946738587
22.86116744 47.933819478
22.836052693 47.902451884
22.819722941 47.892323304
22.779622029 47.882298075
22.763602335 47.874753317
22.752853637 47.86123993
22.75326705 47.85268748
22.75833134 47.846227926
22.760295044 47.838915711
22.751820109 47.827676086
22.745825643 47.824988912
22.724224894 47.823490295
22.70386438 47.817185771
22.691668741 47.810700379
22.666967407 47.788789571
22.637718547 47.771555481
22.601234985 47.760935975
22.562994426 47.757215272
22.528474569 47.761039327
22.454370565 47.787394308
22.423674764 47.782562562
22.407345012 47.743081767
22.395872843 47.735692037
22.382643677 47.732023011
22.368277628 47.731170349
22.322078898 47.735872905
22.309366495 47.735046082
22.291589803 47.730705261
22.27308964 47.723754782
22.261720825 47.715848288
22.239810018 47.693472392
22.232161906 47.688253073
22.215212036 47.679933166
22.207873982 47.673731995
22.204153279 47.666290589
22.200742635 47.647945455
22.197642049 47.639315491
22.172837361 47.615389303
22.169840129 47.60877472
22.169116658 47.60138499
22.167608011 47.594862307
22.16735966 47.593788554
22.162088663 47.586243795
22.154177334 47.58221264
22.148549438 47.579344991
22.09956018 47.570947572
22.037445109 47.539321594
22.007886189 47.517410787
21.988869263 47.492941997
21.991453084 47.461806946
22.000238078 47.427183736
22.001581665 47.393826599
21.98153121 47.366102194
21.936986125 47.357162171
21.919002726 47.349669088
21.900812622 47.335742289
21.862158651 47.297424215
21.856060831 47.285745341
21.844588664 47.249933573
21.839317668 47.240838522
21.827742147 47.226007386
21.823608033 47.214922791
21.823297973 47.203321432
21.825675089 47.194278056
21.825985148 47.185053813
21.819887329 47.172728984
21.811515747 47.164693298
21.789398234 47.150301413
21.77988977 47.140741272
21.775445598 47.131672058
21.770484659 47.114024557
21.763766724 47.105213726
21.743509562 47.091596985
21.694210246 47.069169413
21.671886027 47.054725851
21.632818644 47.022686463
21.634269538 47.019421951
21.6366427 47.014082337
21.645220988 47.011240133
21.654832805 47.009948222
21.661757446 47.00607249
21.670749146 46.994393616
21.671369262 46.993360087
21.667545207 46.992378235
21.648528279 46.942975566
21.640053344 46.935689189
21.594371378 46.910006002
21.589927206 46.90886912
21.588686971 46.906181946
21.587136678 46.894399719
21.588066854 46.882204081
21.591477498 46.871532899
21.591787557 46.860706686
21.583415975 46.847942607
21.573080689 46.841767273
21.536597128 46.835023499
21.515719848 46.821587627
21.502904094 46.805309551
21.481510051 46.764976095
21.477065877 46.760221863
21.473655232 46.754873353
21.471381469 46.749033915
21.470451294 46.743013611
21.472621704 46.740197246
21.475205526 46.737845968
21.478202759 46.73593394
21.505177856 46.723247376
21.501767212 46.703506979
21.483577108 46.684851786
21.463526652 46.677048645
21.436241495 46.673741353
21.425492797 46.662010803
21.423538914 46.658230969
21.416811157 46.645215963
21.396037231 46.626354066
21.374436483 46.618447571
21.337642863 46.620411275
21.31624882 46.616638896
21.300952596 46.603926494
21.295268188 46.585038758
21.291340779 46.546720683
21.278938436 46.528401388
21.261678508 46.513337707
21.247622518 46.497473043
21.245142049 46.476879985
21.27439091 46.438355205
21.280695434 46.416392721
21.257544393 46.404171245
21.215169718 46.402905172
21.195636027 46.398099264
21.17878951 46.384456686
21.168660929 46.362752585
21.164526815 46.318259176
21.155948527 46.29893219
21.144476359 46.28373932
21.134864542 46.27852
21.105615682 46.278675029
21.099207804 46.276349589
21.051458781 46.236093649
21.033475382 46.231339417
21.013941691 46.243069967
21.007017049 46.248857727
20.999162232 46.251596578
20.990583944 46.251596578
20.981488891 46.248857727
20.961748495 46.248340963
20.92443811 46.259554748
20.906558065 46.262190247
20.899736775 46.26069163
20.885060669 46.255007223
20.875138794 46.254387105
20.866973917 46.257125957
20.848990519 46.267771302
20.839688762 46.271078594
20.819638306 46.27169871
20.798657675 46.267616272
20.787369333 46.26339038
20.778503866 46.260071513
20.73933313 46.237488913
20.73499231 46.231907858
20.735509074 46.222502747
20.744810832 46.200281881
20.744707479 46.192272034
20.736645955 46.186690979
20.727137492 46.187724508
20.717835734 46.189998271
20.710290975 46.188086243
20.705330037 46.180644837
20.704367556 46.168526316
20.704193156 46.166330465
20.698818807 46.156460266
20.683522583 46.14467804
20.663988892 46.137753398
20.607558227 46.129485169
20.600116821 46.129640198
20.588024536 46.132844137
20.578102661 46.137546692
20.548957153 46.156150208
20.509373006 46.167674052
20.468548625 46.174133606
20.444157349 46.146900126
20.283236938 46.14379954
20.242825969 46.108091126
20.188462361 46.140388896
20.170478964 46.145504862
20.145364217 46.137081604
20.138026164 46.136461487
20.130378051 46.139355368
20.120146118 46.149225566
20.114771769 46.152222799
20.098442017 46.15496165
20.088623495 46.154134827
20.063405396 46.145298157
20.034983357 46.142972718
19.993125447 46.159405823
19.929150024 46.163539938
19.88894576 46.157390442
19.873648872 46.152992386
19.79045048 46.129071758
19.772983846 46.131552226
19.711888678 46.158709866
19.690094848 46.168397522
19.669320923 46.173100077
19.647823527 46.173875224
19.589739217 46.16596873
19.568448527 46.166433818
19.549948364 46.164160055
19.525247029 46.15640859
19.501992635 46.145608215
19.487523234 46.134239401
19.489280233 46.126022848
19.496721639 46.11687612
19.499305461 46.10860789
19.47295048 46.098686016
19.465922485 46.091968079
19.460858195 46.084474996
19.453726847 46.077550355
19.43688033 46.067990214
19.428302043 46.065509746
19.417243286 46.064321188
19.40473759 46.06023875
19.396572713 46.051557108
19.389131307 46.041531881
19.378899373 46.033677064
19.362156209 46.029646301
19.325155884 46.029491273
19.306965779 46.026649069
19.298314567 46.02212279
19.286915324 46.016158753
19.279473918 46.003808086
19.274823039 45.991612448
19.263454223 45.98143219
19.235652303 45.977711487
19.148009074 45.984067688
19.125788208 45.993111064
19.125788208 45.993266093
19.111008748 46.012954814
19.088477824 46.018845927
19.065430135 46.012024638
19.0497205 45.993111064
19.048583618 45.963448792
19.030910279 45.960038147
19.005588827 45.962570293
18.981817668 45.950788066
18.978717081 45.947170716
18.977683553 45.943501689
18.978820434 45.939780986
18.986468547 45.931254375
18.98874231 45.927016907
18.987502076 45.923812969
18.981817668 45.921849264
18.962697388 45.927947083
18.901305786 45.931202698
18.886526327 45.930427552
18.876604452 45.922417705
18.865442342 45.918076884
18.845391887 45.91394277
18.828338664 45.905726217
18.822450672 45.905581904
18.817796672 45.905467835
18.804877563 45.913632711
18.794852336 45.903039042
18.790408162 45.893892314
18.785963989 45.886915996
18.77552535 45.882833557
18.763329712 45.883970439
18.723848918 45.89843984
18.674342896 45.910377096
18.655636027 45.907586568
18.63300175 45.89192861
18.629281046 45.886864319
18.626283813 45.874823711
18.623596639 45.868674215
18.622149699 45.868415833
18.607370239 45.856685282
18.585459432 45.826919658
18.573470499 45.816687724
18.530269002 45.790849508
18.504224081 45.784028219
18.481796509 45.791417949
18.465466756 45.78371816
18.430740194 45.753642477
18.411723267 45.743203837
18.404385213 45.741808574
18.397563924 45.741343486
18.390742635 45.741808574
18.384128052 45.743100484
18.383817993 45.743203837
18.367178182 45.758190003
18.351158488 45.758396709
18.334932088 45.751988831
18.31767216 45.747286275
18.300515584 45.751833802
18.283255655 45.764907939
18.260518026 45.765114644
18.229822225 45.781237692
18.211218709 45.785371806
18.128949829 45.785371806
18.120164835 45.783408102
18.102904907 45.774623108
18.092052856 45.771729228
18.080477335 45.771729228
17.975367472 45.792141418
17.906234389 45.792141418
17.8897913 45.792141418
17.880489542 45.788524068
17.875735311 45.780669251
17.870050903 45.773486226
17.858061971 45.771729228
17.857958618 45.775863342
17.838218221 45.799634501
17.809176066 45.814413961
17.687323038 45.840613913
17.664688761 45.841647441
17.656523885 45.84541982
17.654669375 45.852113441
17.653216593 45.857357076
17.652079712 45.868829244
17.646912069 45.883712057
17.645775187 45.891825256
17.638437134 45.90133372
17.591101521 45.936215312
17.554307902 45.947790832
17.511933228 45.953940328
17.426667114 45.956730855
17.418192179 45.953010152
17.415401652 45.94970286
17.411577596 45.946602275
17.406203247 45.943656718
17.399692017 45.959934794
17.389150024 45.963087057
17.365275512 45.956730855
17.34532841 45.955697327
17.342124471 45.958642883
17.343674764 45.96753123
17.337887003 45.984636129
17.327138306 45.97202708
17.316596314 45.973784078
17.306613213 45.979914052
17.304814087 45.981018778
17.29013798 45.984636129
17.29013798 45.991457418
17.29695927 45.992645976
17.309361613 45.996625061
17.316803019 45.99765859
17.30781132 46.006391907
17.291481567 46.0079422
17.275875285 46.012024638
17.268950643 46.028716126
17.266573527 46.03879303
17.25406783 46.070832418
17.248590128 46.080237529
17.20859257 46.11656606
17.197327108 46.121165263
17.116195109 46.123128967
17.101208943 46.128193258
17.052943156 46.153463033
17.041264282 46.162196351
17.036303344 46.172996725
17.028035116 46.180489808
16.97480839 46.210565491
16.965299926 46.219453837
16.940701945 46.251493226
16.903288208 46.281930644
16.896053507 46.286271464
16.889232218 46.292162578
16.879311877 46.312061961
16.871765584 46.327199199
16.875072876 46.342857158
16.86546106 46.359135234
16.859410685 46.364757909
16.850474894 46.373062032
16.837659139 46.381872864
16.832388143 46.381924541
16.830217732 46.377351176
16.827530558 46.374018046
16.820915975 46.378100485
16.816575154 46.381976217
16.812337687 46.385025127
16.807893514 46.387350566
16.803449341 46.388694153
16.776474243 46.392879944
16.769342895 46.396109721
16.761901489 46.381872864
16.7550802 46.381872864
16.742884562 46.399623718
16.712395467 46.412672018
16.693585246 46.429621888
16.677462199 46.448690491
16.659272095 46.464193421
16.637671346 46.474477031
16.61110966 46.478068542
16.60211796 46.482047628
16.594263143 46.482977804
16.588061971 46.479567159
16.583721151 46.470652975
16.577623332 46.470652975
16.564290812 46.479928894
16.521089315 46.49853241
16.515301554 46.50171051
16.500832153 46.544808655
16.467139119 46.564704082
16.430242147 46.604391582
16.394585408 46.619016012
16.376395304 46.629092916
16.372245692 46.636341263
16.368437133 46.642993876
16.377635539 46.652864075
16.396652466 46.659142762
16.402607057 46.663108786
16.410501749 46.668367005
16.405024048 46.687254741
16.390037882 46.694153545
16.371434367 46.694928691
16.366216373 46.696466831
16.365383073 46.696712468
16.357585082 46.699011129
16.357275024 46.715831808
16.343425741 46.714178162
16.334123983 46.721748759
16.325545695 46.733272604
16.314176879 46.74332367
16.300430949 46.772081605
16.298157186 46.775802308
16.299489884 46.779509942
16.302187948 46.787016093
16.311097363 46.797519062
16.31490035 46.802002259
16.321824992 46.813267721
16.3275094 46.825463359
16.329783162 46.834403382
16.325338989 46.839441834
16.310662883 46.840010275
16.301877889 46.843214213
16.297392209 46.847032943
16.282240845 46.859931539
16.272008911 46.863962301
16.179486395 46.858468339
16.135376424 46.855849101
16.130245696 46.856708498
16.094035278 46.862773743
16.110054972 46.867915548
16.122870728 46.876364645
16.159147583 46.910316061
16.170723104 46.918532613
16.196147909 46.931296692
16.217025187 46.937394511
16.223949829 46.941063538
16.230667765 46.948349915
16.23118453 46.954421895
16.230357707 46.959977112
16.232941528 46.966074931
16.243070109 46.972017721
16.252991984 46.973516338
16.261053507 46.978089702
16.265394328 46.993256735
16.274902791 47.004315491
16.288545369 47.005581564
16.325855753 47.000439758
16.366576782 47.003824565
16.38776412 47.002041728
16.405024048 46.993153382
16.410398396 46.990414531
16.41556604 46.989432679
16.420423625 46.990259501
16.424764445 46.992998352
16.424764445 46.993101705
16.441404256 46.995220439
16.467449178 46.995427145
16.486362752 46.998553569
16.481918579 47.009379781
16.467552531 47.018423157
16.453289836 47.021678773
16.424661092 47.024081726
16.437166788 47.031781515
16.481918579 47.044209697
16.493184041 47.049144796
16.497214803 47.054622498
16.493700805 47.059815979
16.481918579 47.063898417
16.461764771 47.06849762
16.454323364 47.081700949
16.460834595 47.09629954
16.481918579 47.105239563
16.504759563 47.125832621
16.509513793 47.137537334
16.497318156 47.149681295
16.480885051 47.150766501
16.447088664 47.139707743
16.433652792 47.145753886
16.43396285 47.151283265
16.442127727 47.168336487
16.441817667 47.17712148
16.435099732 47.183581034
16.426728149 47.184123637
16.418769979 47.18365855
16.412775512 47.187172546
16.409261515 47.203683166
16.424661092 47.225593974
16.4213538 47.24303477
16.4213538 47.243060608
16.4213538 47.243138123
16.452463012 47.254584453
16.466622355 47.263421123
16.473236938 47.276805319
16.469206177 47.293238424
16.438820435 47.336569113
16.43613326 47.338558655
16.431689087 47.339721375
16.427141561 47.34137502
16.424351034 47.345199077
16.42497115 47.351116028
16.429311971 47.353803202
16.434272908 47.355560201
16.436443319 47.358505758
16.43396285 47.396849671
16.44409143 47.409510397
16.456597128 47.411835836
16.469929647 47.405531312
16.481918579 47.392302145
16.589405558 47.425633444
16.626973417 47.445548935
16.640875284 47.4529186
16.636844523 47.493200378
16.648213339 47.501546122
16.677358846 47.509866028
16.688004191 47.522630107
16.689141072 47.538029684
16.681389608 47.550561219
16.667540324 47.560095521
16.650590454 47.566555074
16.656171509 47.585933737
16.647696574 47.606139221
16.63022994 47.622003886
16.608422486 47.628773499
16.575452921 47.624949443
16.509617147 47.643139547
16.481918579 47.638953756
16.425901326 47.654275818
16.407814575 47.661329651
16.416599568 47.668822734
16.43179244 47.685462545
16.439130493 47.690475159
16.444918254 47.68554006
16.449879191 47.682413635
16.45453007 47.68176768
16.461144653 47.68453237
16.473030232 47.69176707
16.512924438 47.706003927
16.521399373 47.711533305
16.526877075 47.720137431
16.525120076 47.733314921
16.531114542 47.742978415
16.56780481 47.7541922
16.609766073 47.750626526
16.689864543 47.72956838
16.702473592 47.723599752
16.707847941 47.714608053
16.711568644 47.704066061
16.719216756 47.693730774
16.730378866 47.685901795
16.741127564 47.681457622
16.797454874 47.675463156
16.806239868 47.676884257
16.817298625 47.684248149
16.836935669 47.705357971
16.850164836 47.712928569
16.864737589 47.686728617
16.902668091 47.682026062
16.981939738 47.695436096
17.054803508 47.702024842
17.075370728 47.708484396
17.064001912 47.713290304
17.055526977 47.720912578
17.05056604 47.730989482
17.048705689 47.763648987
17.041987752 47.783906149
17.040644165 47.8011144
17.05563033 47.812354025
17.0491191 47.818684388
17.039507283 47.837365418
17.031652466 47.841344504
17.010671834 47.847881572
17.00436731 47.852377421
17.004057251 47.863281148
17.016562948 47.867699483
17.051186157 47.872892965
17.067619262 47.881626282
17.077541138 47.891729025
17.083328898 47.904829
17.087463013 47.922631531
17.085395955 47.924621074
17.080124959 47.925757955
17.075164022 47.927773336
17.074130493 47.932114157
17.076817668 47.93495636
17.086119426 47.939219666
17.08808313 47.94089915
17.090873657 47.949477438
17.095731242 47.955730286
17.096144653 47.961931458
17.085602661 47.970148011
17.14833785 48.005443014
17.184821411 48.02027415
17.22089156 48.01505483
17.262316384 48.007282508
17.272671346 48.005339661
17.337887003 47.998725077
17.369409628 47.981206767
17.472039022 47.888809307
17.481857544 47.882711488
17.49219283 47.879817607
17.517307576 47.876251933
17.526609334 47.872117818
17.560405721 47.837985535
17.572601359 47.829536438
17.582936646 47.829794821
17.592961873 47.833102112
17.604227335 47.834238993
17.619110148 47.82922638
17.639884074 47.819201152
17.658384236 47.807315573
17.666239054 47.797031963
17.676677693 47.789177145
17.719244921 47.773669069
17.741996704 47.765380148
17.825712524 47.750006409
17.883531848 47.752521425
18.112620076 47.762486267
18.235920044 47.753882141
18.273023722 47.756259257
18.347851196 47.776774801
18.552593221 47.792846172
18.597448364 47.790649923
18.633828572 47.779823711
18.66369755 47.775896301
18.692843058 47.777963359
18.717234334 47.788117778
18.750307251 47.813620097
18.767670532 47.822301738
18.79030481 47.826332499
18.81491638 47.832193555
18.816453085 47.832559509
18.778005819 47.851447245
18.748756958 47.870722555
18.742245727 47.889455262
18.744726196 47.910513408
18.754751424 47.951802877
18.751444133 47.96335256
18.74451949 47.967357483
18.743175903 47.971052348
18.756198364 47.981826885
18.765293416 47.985392558
18.784723754 47.987614645
18.794232218 47.993144023
18.82100061 48.030454407
18.838467244 48.040014547
18.93359517 48.054348892
18.981817668 48.061615296
18.996493774 48.066214498
19.019016511 48.065496862
19.038661743 48.064870911
19.098503052 48.070736186
19.222526489 48.060581767
19.233481893 48.062080384
19.293219849 48.087763571
19.42819869 48.085851543
19.481735473 48.111328023
19.483285767 48.116495666
19.483802531 48.121766663
19.483285767 48.127192688
19.481735473 48.13267039
19.481425415 48.133342183
19.481218709 48.133962301
19.481425415 48.134427389
19.481735473 48.134892477
19.493621053 48.150705465
19.503026164 48.189411112
19.513981567 48.203958029
19.531241495 48.210650127
19.623225545 48.227005717
19.633870891 48.226773173
19.643896118 48.224809469
19.655264933 48.218349915
19.676969034 48.200392354
19.686994263 48.196904195
19.73308964 48.202898662
19.75655074 48.20031484
19.774327433 48.185897116
19.774844197 48.176078593
19.76915979 48.167448629
19.766679321 48.158999532
19.776084432 48.149516907
19.785592895 48.148690084
19.821663045 48.157914327
19.846261027 48.152669169
19.884294881 48.12962148
19.905068806 48.124298808
19.92863326 48.130086568
19.973901815 48.158379415
19.996949504 48.167913717
20.034983357 48.175871887
20.038302702 48.177233057
20.078081502 48.193545228
20.096995077 48.198428651
20.105263305 48.202795309
20.112601359 48.211735332
20.118079061 48.22971873
20.122006469 48.236746725
20.134512167 48.2466686
20.143090454 48.247805481
20.153322387 48.245273336
20.170892375 48.244033102
20.187635539 48.248994039
20.217814575 48.267597555
20.229080037 48.270904847
20.24902714 48.26418691
20.260292602 48.255892843
20.272384888 48.25245636
20.295225871 48.260414531
20.324268026 48.279948223
20.349279419 48.30547638
20.370156697 48.334337667
20.409017374 48.413712667
20.420592895 48.429241435
20.43557906 48.442393087
20.465968043 48.463790392
20.468238566 48.465389099
20.481674439 48.478747457
20.482501261 48.482261455
20.482914673 48.485827128
20.48281132 48.489366964
20.482191203 48.492880962
20.480227498 48.510218404
20.480537557 48.51853831
20.481674439 48.526083069
20.510509888 48.533782858
20.572521606 48.536573385
20.78408492 48.569052023
20.80031132 48.56923289
20.81581425 48.563806864
20.845476521 48.545823466
20.859945922 48.54331716
20.891365193 48.541095072
20.945832154 48.51897756
20.981488891 48.516858826
