23.270192905 57.785630601
23.250254754 57.784369208
23.2295028 57.791693427
23.21778405 57.80093008
23.218597852 57.809515692
23.220550977 57.817694403
23.224294467 57.823716539
23.239593946 57.822577216
23.26050866 57.813544012
23.270681186 57.807806708
23.275075717 57.798732815
23.270192905 57.785630601
24.002452019 58.108547268
23.970713738 58.099595445
23.943369988 58.11318594
23.937998894 58.137274481
23.955332879 58.151800848
23.984222852 58.157131252
24.013356967 58.153509833
24.02214603 58.129868882
24.002452019 58.108547268
22.640798373 58.588853257
22.648122592 58.586737372
22.658213738 58.588853257
22.675791863 58.598293361
22.682139519 58.600327867
22.702647332 58.597113348
22.719248894 58.591213283
22.736338738 58.588080145
22.757985873 58.592922268
22.790700717 58.614813544
22.81137129 58.622951565
22.84636478 58.61343008
22.899668816 58.620266018
22.922048373 58.61741771
22.94402103 58.610174872
22.989756707 58.60175202
23.036468946 58.584173895
23.091075066 58.570949611
23.111338738 58.555731512
23.125824415 58.53510163
23.133555535 58.528998114
23.148285352 58.521551825
23.188649936 58.510402736
23.230642123 58.504828192
23.255137566 58.50006745
23.288584832 58.48818594
23.318369988 58.472479559
23.333262566 58.456366278
23.324961785 58.442287502
23.261403842 58.465887762
23.237640821 58.456366278
23.250254754 58.454535223
23.261729363 58.451605536
23.271332227 58.445990302
23.278005405 58.436509507
23.234873894 58.439886786
23.215668165 58.445868231
23.196055535 58.456366278
23.192230665 58.46112702
23.188243035 58.468207098
23.181895379 58.474676825
23.171885613 58.477484442
23.156504754 58.477525132
23.154795769 58.475490627
23.148936394 58.470038153
23.146983269 58.466376044
23.141612175 58.451849677
23.138031446 58.446112372
23.130381707 58.439520575
23.123545769 58.435695705
23.108653191 58.429022528
23.101898634 58.42959219
23.09253991 58.431545315
23.084239129 58.42963288
23.080577019 58.418524481
23.0810653 58.412420966
23.082286004 58.405991929
23.084239129 58.399969794
23.086761915 58.394964911
23.063812696 58.385443427
23.042491082 58.371486721
23.021983269 58.36322663
22.977549675 58.381659247
22.954844597 58.381048895
22.947520379 58.372626044
22.969493035 58.360174872
22.902679884 58.311835028
22.886973504 58.307359117
22.870941602 58.30467357
22.854014519 58.298732815
22.824880405 58.279201565
22.81120853 58.27342357
22.788584832 58.271389065
22.742930535 58.273830471
22.721202019 58.270331122
22.710134311 58.25775788
22.75668379 58.24225495
22.723155144 58.225409247
22.669200066 58.221502997
22.65495853 58.244696356
22.639821811 58.25023021
22.621348504 58.252752997
22.602549675 58.252101955
22.586192254 58.247788804
22.570974155 58.239447333
22.564952019 58.235174872
22.560313347 58.237250067
22.549082879 58.247788804
22.535004102 58.25405508
22.52613366 58.247381903
22.517588738 58.23041413
22.51042728 58.227199611
22.507172071 58.224920966
22.504161004 58.223537502
22.497243686 58.223049221
22.496836785 58.22650788
22.491547071 58.241522528
22.49097741 58.244696356
22.476817254 58.245103257
22.459320509 58.240912177
22.443044467 58.234076239
22.43238366 58.22675202
22.421641472 58.221625067
22.410004102 58.224025783
22.398448113 58.227728583
22.387950066 58.22675202
22.380544467 58.223456122
22.361501498 58.217718817
22.353770379 58.216782945
22.323415561 58.206610419
22.295095248 58.192857164
22.281993035 58.182562567
22.274750196 58.179266669
22.271739129 58.174261786
22.269867384 58.137030341
22.265391472 58.115057684
22.25684655 58.093247789
22.22925866 58.052191473
22.221039259 58.04295482
22.20980879 58.034898179
22.199880405 58.026027736
22.198415561 58.016343492
22.202972852 57.993963934
22.189952019 57.983832098
22.048350457 57.915106512
22.016856316 57.914496161
21.990082227 57.935614325
21.994395379 57.947251695
21.990733269 57.958238023
21.980804884 57.966498114
21.966807488 57.969712632
21.964121941 57.971380927
21.962657097 57.975287177
21.962250196 57.979966539
21.963389519 57.984035549
21.989756707 57.982733466
21.997569207 57.984035549
22.004567905 57.990952867
22.015391472 58.012030341
22.021332227 58.021226304
22.058929884 58.052313544
22.076182488 58.073391018
22.085703972 58.082586981
22.096202019 58.086411851
22.110687696 58.084051825
22.123545769 58.079535223
22.13550866 58.076727606
22.147715691 58.079575914
22.153168165 58.086249091
22.15902754 58.107123114
22.165049675 58.116888739
22.202972852 58.147894598
22.180349155 58.160834052
22.141856316 58.169501044
22.072276238 58.1758487
22.052989129 58.186590887
22.016856316 58.233872789
21.993825717 58.244696356
21.928884311 58.245103257
21.896494988 58.250718492
21.867849155 58.264593817
21.851328972 58.281887111
21.843760613 58.293605861
21.843272332 58.302150783
21.855642123 58.306870835
21.908213738 58.298732815
21.896657748 58.313910223
21.879567905 58.329535223
21.873301629 58.341620184
21.894541863 58.346502997
21.912364129 58.33974844
21.92839603 58.326808986
21.944590691 58.318752346
21.963389519 58.326605536
21.954925977 58.344061591
21.968028191 58.354559637
21.990489129 58.357855536
22.011241082 58.353949286
22.002207879 58.365423895
21.990082227 58.38694896
21.945974155 58.432277736
21.92448978 58.446966864
21.90113366 58.468410549
21.887705925 58.477484442
21.859385613 58.491888739
21.832367384 58.510972398
21.885020379 58.498195705
21.9013778 58.497992255
21.916270379 58.501166083
21.918467644 58.504706122
21.918955925 58.509955145
21.92847741 58.518377997
21.966644727 58.517564195
21.995616082 58.512518622
22.020762566 58.499253648
22.064219597 58.456691799
22.069834832 58.446478583
22.072032097 58.432806708
22.073578321 58.426906643
22.077810092 58.423773505
22.083343946 58.422512111
22.089366082 58.422186591
22.098480665 58.426092841
22.098643425 58.434759833
22.093109571 58.449530341
22.098806186 58.475775458
22.103688998 58.487209377
22.113617384 58.497992255
22.126800977 58.504624742
22.15894616 58.513617255
22.171885613 58.521551825
22.183278842 58.535467841
22.187754754 58.54287344
22.194590691 58.545843817
22.212901238 58.546372789
22.215586785 58.544175523
22.219004754 58.53900788
22.222178582 58.533026434
22.223480665 58.528387762
22.224864129 58.516424872
22.228851759 58.510565497
22.243337436 58.504828192
22.273203972 58.502020575
22.282888217 58.522040106
22.28394616 58.549546617
22.288340691 58.569322007
22.321950717 58.584784247
22.463063998 58.592922268
22.550303582 58.629584052
22.583181186 58.634507554
22.594086134 58.62913646
22.612640821 58.60569896
22.62378991 58.600327867
22.630137566 58.598211981
22.640798373 58.588853257
23.348155144 58.62518952
23.345957879 58.615668036
23.347504102 58.607163804
23.355642123 58.598334052
23.37403405 58.586371161
23.38160241 58.579901434
23.39714603 58.563666083
23.400238477 58.555405992
23.379893425 58.547552802
23.371592644 58.538763739
23.36215254 58.532456773
23.346934441 58.535467841
23.33090254 58.541489976
23.313731316 58.544663804
23.278575066 58.546372789
23.26465905 58.543850002
23.234873894 58.534654039
23.223806186 58.535467841
23.134613477 58.579901434
23.083262566 58.590521552
23.059336785 58.603461005
23.062836134 58.624579169
23.075450066 58.629828192
23.106130405 58.624212958
23.120941602 58.628322658
23.123545769 58.633693752
23.130381707 58.654486395
23.134613477 58.661810614
23.154633009 58.67593008
23.175791863 58.681097723
23.197764519 58.680609442
23.288340691 58.666489976
23.330251498 58.653062242
23.343760613 58.64472077
23.349131707 58.635077216
23.348155144 58.62518952
23.208018425 59.044094143
23.278005405 59.032375393
23.322032097 59.03900788
23.344248894 59.03929271
23.364024285 59.028957424
23.38965905 59.007513739
23.393728061 58.99624258
23.384776238 58.9805362
23.374278191 58.975531317
23.3623153 58.977484442
23.35043379 58.981878973
23.340098504 58.983954169
23.329437696 58.981838283
23.299082879 58.970892645
23.278575066 58.970689195
23.244395379 58.981350002
23.223399285 58.983954169
23.21753991 58.981878973
23.215098504 58.977362372
23.210785352 58.972967841
23.174164259 58.968329169
23.163259311 58.96893952
23.148285352 58.974025783
23.119395379 59.016099351
23.114105665 59.021795966
23.118907097 59.033514716
23.131358269 59.040716864
23.148203972 59.044419664
23.170176629 59.045884507
23.208018425 59.044094143
22.720469597 59.01162344
22.736664259 59.005072333
22.837168816 59.008612372
22.934092644 58.984035549
22.949554884 58.970892645
22.952647332 58.960598049
22.947601759 58.945135809
22.949554884 58.936183986
22.958506707 58.926703192
22.9795028 58.917629299
22.987559441 58.911932684
22.993988477 58.905829169
23.008067254 58.897406317
23.015147332 58.891791083
23.018077019 58.887193101
23.019053582 58.882025458
23.0185653 58.870672919
23.021739129 58.864081122
23.028493686 58.862127997
23.035492384 58.862005927
23.039073113 58.861029364
23.040537957 58.840765692
23.033539259 58.830308335
23.019053582 58.829087632
22.977793816 58.844183661
22.967295769 58.846502997
22.956797722 58.847398179
22.949554884 58.84393952
22.947032097 58.837551174
22.942230665 58.834214585
22.929209832 58.83999258
22.912608269 58.835598049
22.895518425 58.835516669
22.879567905 58.832709052
22.867198113 58.820054429
22.876638217 58.819891669
22.883067254 58.817287502
22.886973504 58.811835028
22.888194207 58.803045966
22.886729363 58.790472723
22.882090691 58.788031317
22.874278191 58.787909247
22.863617384 58.782212632
22.845388217 58.776516018
22.816661004 58.775946356
22.790049675 58.780991929
22.778330925 58.792181708
22.789317254 58.802639065
22.81120853 58.810858466
22.82691491 58.819159247
22.81934655 58.829657294
22.802256707 58.830389716
22.777598504 58.82436758
22.753184441 58.815130927
22.736664259 58.806463934
22.715179884 58.782049872
22.681000196 58.724066473
22.65495853 58.702785549
22.611175977 58.690497137
22.555674675 58.686997789
22.501719597 58.694769598
22.463063998 58.716457424
22.472178582 58.719916083
22.480967644 58.724798895
22.497243686 58.737534898
22.48340905 58.748195705
22.465179884 58.766587632
22.449473504 58.786810614
22.442637566 58.803045966
22.442637566 58.827215887
22.439789259 58.841376044
22.429942254 58.852443752
22.382090691 58.882269598
22.354746941 58.892075914
22.324961785 58.896633205
22.29175866 58.895209052
22.226898634 58.886460679
22.194997592 58.888006903
22.062510613 58.9258487
22.044688347 58.936183986
22.055511915 58.952704169
22.094248894 58.956040757
22.168223504 58.950384833
22.463063998 58.970892645
22.443532748 58.977728583
22.442067905 58.984686591
22.454600457 58.987209377
22.476735873 58.9805362
22.488454623 58.981146552
22.487559441 59.016424872
22.504242384 59.025580145
22.526866082 59.026353257
22.544444207 59.030096747
22.559255405 59.038397528
22.57292728 59.052801825
22.576426629 59.061712958
22.576426629 59.070135809
22.578298373 59.078436591
22.587168816 59.086981512
22.597666863 59.089504299
22.640472852 59.087062893
22.641123894 59.086981512
22.66667728 59.084906317
22.696543816 59.079169012
22.714121941 59.069566148
22.691579623 59.041164455
22.701345248 59.024969794
22.720469597 59.01162344
24.542816602 59.547796942
24.516286655 59.544256903
24.489105665 59.559637762
24.4873153 59.578517971
24.500498894 59.596258856
24.515879754 59.598089911
24.530935092 59.583970445
24.550059441 59.557766018
24.542816602 59.547796942
25.80738366 59.580471096
25.826182488 59.575262762
25.836924675 59.576483466
25.844493035 59.577337958
25.861338738 59.58612702
25.876231316 59.600897528
25.868825717 59.607733466
25.883067254 59.631333726
25.904470248 59.624009507
25.926931186 59.605292059
25.944509311 59.594671942
25.965017123 59.597316799
25.967051629 59.603827216
25.962738477 59.612534898
25.964366082 59.621405341
25.976898634 59.631252346
25.988536004 59.634344794
26.001800977 59.632635809
26.036387566 59.623236395
26.074473504 59.604315497
26.078379754 59.600287177
26.080332879 59.594671942
26.081716342 59.587307033
26.090993686 59.585638739
26.28003991 59.587307033
26.299327019 59.584214585
26.340098504 59.57050202
26.401703321 59.563055731
26.457692905 59.545884507
26.497813347 59.539984442
26.519867384 59.539496161
26.536468946 59.542669989
26.570323113 59.556789455
26.58472741 59.559963283
26.626312696 59.558050848
26.665049675 59.551947333
26.702321811 59.541408596
26.739024285 59.525824286
26.780853712 59.502549546
26.82691491 59.476955471
26.875743035 59.467718817
26.917491082 59.454169012
26.937673373 59.450100002
27.11622155 59.442043361
27.275075717 59.446966864
27.40902754 59.451890367
27.563161655 59.432074286
27.717051629 59.427150783
27.873301629 59.407619533
27.914724155 59.414536851
27.953461134 59.428168036
27.98316491 59.446966864
28.019053582 59.481756903
28.038577514 59.462986552
28.083432657 59.450894267
28.104826701 59.439215394
28.128391154 59.409449769
28.137796264 59.400354716
28.149578491 59.393171692
28.175365031 59.381854554
28.186475464 59.374929911
28.181824585 59.356068014
28.157536662 59.364026185
28.113560018 59.345422669
28.032376343 59.341960348
28.000647014 59.333743796
28.073200724 59.318964335
28.096868531 59.319429423
28.076611369 59.305270081
27.959719279 59.306458639
27.903908733 59.290387268
27.882307984 59.275659485
27.890782919 59.258037822
27.87352299 59.23648875
27.842413778 59.161196188
27.784329467 59.077170309
27.767172892 59.055931295
27.724384807 59.01443512
27.713326049 58.991904196
27.695889333 58.977183033
27.694412476 58.975936178
27.605322306 58.934698385
27.477784871 58.875425517
27.446269007 58.818866663
27.410605509 58.7548644
27.428848762 58.709402604
27.44925948 58.658539531
27.498868856 58.534567769
27.554886108 58.395248109
27.494114624 58.319542135
27.482849161 58.268640849
27.495354859 58.221460266
27.519585015 58.194509827
27.540003296 58.171799215
27.579690796 58.125858867
27.630437053 58.0882901
27.636586548 58.059196269
27.630126993 58.032996318
27.631573934 58.004160868
27.650642537 58.000078431
27.669091024 57.99196523
27.675188843 57.967806499
27.670434611 57.954964906
27.663199911 57.943957825
27.659375855 57.932459819
27.664956909 57.918403829
27.673121785 57.912822774
27.774407593 57.890705262
27.790840698 57.880860901
27.799315633 57.861068827
27.786809936 57.847581279
27.763452189 57.838667094
27.700717 57.824843649
27.556343485 57.813086996
27.53762618 57.811562805
27.524603719 57.8072995
27.53256189 57.805077414
27.55385258 57.794767965
27.526154012 57.787274882
27.512408081 57.781306255
27.50243453 57.772547099
27.497835327 57.755674744
27.508894084 57.727459412
27.507757202 57.714772847
27.490393921 57.704618429
27.407711629 57.688986309
27.391433553 57.680201314
27.38466394 57.674387716
27.379703003 57.666455384
27.377015829 57.656714376
27.377946004 57.651701762
27.380219767 57.647722677
27.382803589 57.634467672
27.385129028 57.631212057
27.38698938 57.627646383
27.384870646 57.60697581
27.382080119 57.602686666
27.374845418 57.59785492
27.362546428 57.594547628
27.348903849 57.594056702
27.336604858 57.591731263
27.328026571 57.583152975
27.328543335 57.570569763
27.33557133 57.553904115
27.34497644 57.538091126
27.352934611 57.52760081
27.319965047 57.516128642
27.16565922 57.546695252
27.085354045 57.549434103
27.061531209 57.555661113
27.041325724 57.56845103
27.004635458 57.598914286
26.981071004 57.608991191
26.946551148 57.615347392
26.929187866 57.615554098
26.91161788 57.613435364
26.89611495 57.614985657
26.88495284 57.622091166
26.872653849 57.627181295
26.854153687 57.622556254
26.838547404 57.60986969
26.828315471 57.595038555
26.816326538 57.58118927
26.795759318 57.571319071
26.778085978 57.568476868
26.700467976 57.570750631
26.666981649 57.564859518
26.634322144 57.554420879
26.604763224 57.540313213
26.598355347 57.533853659
26.594841349 57.526489767
26.590087118 57.520366109
26.579855183 57.517833965
26.570243367 57.519590963
26.551743205 57.526825664
26.542234741 57.528169251
26.528695516 57.523880107
26.515052938 57.517265524
26.499550008 57.515818583
26.481049846 57.527135722
26.447563517 57.552922262
26.430923706 57.561707255
26.430678413 57.561764252
26.35132515 57.580203001
26.338629598 57.583152975
26.297185099 57.59914683
26.263182007 57.620825094
26.168510783 57.704049988
26.135231161 57.724772238
26.024746948 57.774355774
26.016065308 57.786680603
26.013068074 57.8072995
26.016065308 57.816472067
26.021749715 57.822414856
26.025263713 57.828409322
26.021956421 57.837943624
26.014515015 57.842827047
26.002732788 57.84597931
25.792616415 57.855978699
25.767501668 57.868923646
25.754685913 57.888896586
25.745384155 57.909179586
25.730294637 57.923132223
25.714998413 57.923390605
25.703799772 57.921326524
25.650092814 57.911427511
25.625081421 57.91029063
25.601516968 57.912202658
25.579399455 57.919463196
25.55831547 57.934242656
25.552941122 57.942174988
25.552114298 57.94881541
25.551815984 57.94985951
25.550253947 57.95532664
25.541675659 57.962819723
25.531960489 57.966437073
25.49661381 57.970597026
25.457184692 57.984058736
25.396619914 58.023177796
25.356519002 58.034753317
25.346390421 58.034443258
25.339879191 58.032582906
25.333678019 58.03180776
25.324582967 58.034753317
25.318278443 58.040618592
25.306392863 58.058731181
25.299571574 58.065604147
25.281691528 58.073407288
25.263501424 58.075138449
25.250685669 58.068498027
25.249548788 58.051186422
25.277557414 58.024107972
25.284378703 58.008139954
25.264534953 57.994187318
25.232495565 57.985376486
25.21678593 57.985376486
25.202109822 57.99196523
25.189914184 58.013514303
25.18071578 58.038163961
25.166969848 58.058731181
25.14102828 58.068007101
25.094209432 58.067309469
25.070644978 58.063614604
25.048837524 58.056199036
25.034856819 58.048574085
24.974836873 58.015839742
24.949308716 58.006434631
24.872517537 58.000440165
24.848332967 57.992146098
24.827417479 57.981876936
24.816810344 57.976669007
24.790765421 57.978994446
24.7647205 57.987908631
24.733507935 57.992197774
24.718831828 57.98183665
24.700435018 57.954189758
24.684828735 57.947575175
24.624057251 57.943957825
24.553880656 57.947420146
24.5338302 57.945068868
24.481326945 57.919308167
24.441639445 57.908094381
24.429133748 57.900342916
24.412700643 57.876571757
24.401538533 57.866469014
24.378180786 57.85944102
24.349655395 57.858640036
24.3061587342 57.8681862559
24.306162957 57.868190822
24.306162957 57.868231512
24.316661004 57.877264716
24.324392123 57.8867862
24.327891472 57.898138739
24.330332879 57.91010163
24.333832227 57.921332098
24.381114129 57.983832098
24.398285352 58.023260809
24.446543816 58.054510809
24.464121941 58.072170315
24.464121941 58.120550848
24.47144616 58.142482815
24.472911004 58.154730536
24.46753991 58.165269273
24.45980879 58.174505927
24.455088738 58.185248114
24.454844597 58.196437893
24.46753991 58.217840887
24.468109571 58.228827216
24.46762129 58.239813544
24.470957879 58.250921942
24.491465691 58.26569245
24.521494988 58.276109117
24.548513217 58.28929271
24.560394727 58.312323309
24.551036004 58.333726304
24.528819207 58.350653387
24.44418379 58.386135158
24.403168165 58.395331122
24.361827019 58.397284247
24.32699629 58.388128973
24.315928582 58.379950262
24.304535352 58.368068752
24.29574629 58.354966539
24.292246941 58.343085028
24.290782097 58.327541408
24.286875847 58.318548895
24.255869988 58.289536851
24.243337436 58.280218817
24.228851759 58.274115302
24.210785352 58.271389065
24.174164259 58.276800848
24.156016472 58.276841539
24.138926629 58.267971096
24.120860222 58.245184637
24.111664259 58.241034247
24.094086134 58.244696356
24.083506707 58.250881252
24.053233269 58.278265692
24.007090691 58.300523179
23.980235222 58.318426825
23.913828972 58.333319403
23.87370853 58.335191148
23.854665561 58.339667059
23.849457227 58.342759507
23.838389519 58.351385809
23.833506707 58.353949286
23.824473504 58.354559637
23.818369988 58.35175202
23.812836134 58.348293361
23.805674675 58.346502997
23.796641472 58.348822333
23.786875847 58.353094794
23.777110222 58.354966539
23.768077019 58.350246486
23.762054884 58.344387111
23.755625847 58.34003327
23.748545769 58.339056708
23.74097741 58.343085028
23.734873894 58.351385809
23.72925866 58.362860419
23.72527103 58.37490469
23.723643425 58.384711005
23.718923373 58.399562893
23.707530144 58.407375393
23.69418379 58.413153387
23.683360222 58.422186591
23.677419467 58.435248114
23.677500847 58.44554271
23.683360222 58.470038153
23.684336785 58.499660549
23.678965691 58.524155992
23.663828972 58.536200262
23.634938998 58.528387762
23.622406446 58.529120184
23.603200717 58.535956122
23.584320509 58.544867255
23.573496941 58.551947333
23.566254102 58.565904039
23.56511478 58.577378648
23.56120853 58.583156643
23.546153191 58.579901434
23.532725457 58.57025788
23.524750196 58.559556382
23.516368035 58.55463288
23.501475457 58.56248607
23.498057488 58.572211005
23.504405144 58.582953192
23.513519727 58.59381745
23.51823978 58.603745835
23.512461785 58.622381903
23.500987175 58.647121486
23.493174675 58.673407294
23.497731967 58.696600653
23.50652103 58.705389716
23.514821811 58.706691799
23.535899285 58.702785549
23.543223504 58.704901434
23.546641472 58.709621486
23.546234571 58.714300848
23.53003991 58.72284577
23.527354363 58.736151434
23.533050977 58.747463283
23.546153191 58.747748114
23.584483269 58.737941799
23.621755405 58.741400458
23.65894616 58.748928127
23.697032097 58.751166083
23.716644727 58.747015692
23.755218946 58.733587958
23.771820509 58.73069896
23.802500847 58.73069896
23.805430535 58.733872789
23.806651238 58.740952867
23.804860873 58.747992255
23.799082879 58.751166083
23.783376498 58.755845445
23.779551629 58.766424872
23.785492384 58.777980861
23.79948978 58.78534577
23.816172722 58.784613348
23.855153842 58.773260809
23.874359571 58.771673895
23.847422722 58.788234768
23.815684441 58.799953518
23.7841903 58.80097077
23.757660352 58.78534577
23.739512566 58.798000393
23.719086134 58.799058335
23.676524285 58.792181708
23.603363477 58.794826565
23.580332879 58.792181708
23.560313347 58.785834052
23.550140821 58.780910549
23.542735222 58.775376695
23.536631707 58.774481512
23.504893425 58.779120184
23.485524936 58.77732982
23.429453972 58.764837958
23.466563347 58.80072663
23.485687696 58.809637762
23.518809441 58.81264883
23.52613366 58.819769598
23.46363366 58.864162502
23.455088738 58.88300202
23.422373894 58.908677476
23.422048373 58.928697007
23.443695509 58.944037177
23.510101759 58.94159577
23.531911655 58.956691799
23.549164259 58.950832424
23.566905144 58.950140692
23.584483269 58.953558661
23.616709832 58.967678127
23.624847852 58.97260163
23.62769616 58.979152736
23.628103061 58.991400458
23.621592644 59.015326239
23.605479363 59.032660223
23.583506707 59.044745184
23.559825066 59.052801825
23.572276238 59.039740302
23.601898634 59.024481512
23.614431186 59.011297919
23.605967644 59.008490302
23.587575717 59.007473049
23.580332879 59.005072333
23.559825066 58.991400458
23.558441602 58.987941799
23.558604363 58.982001044
23.552989129 58.970892645
23.543304884 58.969875393
23.537119988 58.974351304
23.531993035 58.9805362
23.525645379 58.983954169
23.461273634 58.99237702
23.434825066 59.00381094
23.408376498 59.025580145
23.415212436 59.024969794
23.429453972 59.025864976
23.43628991 59.025580145
23.429209832 59.043605861
23.434906446 59.056097723
23.480316602 59.083644924
23.490733269 59.088283596
23.501231316 59.085435289
23.51823978 59.073309637
23.519379102 59.12498607
23.486175977 59.174139716
23.470876498 59.212144273
23.525645379 59.23041413
23.536794467 59.229681708
23.557790561 59.225246486
23.569672071 59.224188544
23.578461134 59.226304429
23.59278405 59.235663153
23.615489129 59.241766669
23.62769616 59.25006745
23.641856316 59.257391669
23.662282748 59.258286851
23.715505405 59.231675523
23.718516472 59.231431382
23.730479363 59.23041413
23.742198113 59.239406643
23.742930535 59.25014883
23.736013217 59.259588934
23.723643425 59.265082098
23.734873894 59.277736721
23.75684655 59.283636786
23.845388217 59.284654039
23.888845248 59.278753973
23.935557488 59.280585028
23.987640821 59.290920315
24.038584832 59.293280341
24.080577019 59.271307684
24.100108269 59.294501044
24.092051629 59.31256745
24.028168165 59.357652085
24.019379102 59.36725495
24.02222741 59.378119208
24.034841342 59.388657945
24.048187696 59.395086981
24.062998894 59.397365627
24.080577019 59.395453192
24.108653191 59.384833075
24.164886915 59.354071356
24.193858269 59.3477237
24.221934441 59.355169989
24.213389519 59.372259833
24.187266472 59.39069245
24.16309655 59.40228913
24.182871941 59.408758856
24.271250847 59.412095445
24.306162957 59.419094143
24.317718946 59.430975653
24.329600457 59.463812567
24.333832227 59.470607815
24.399668816 59.478827216
24.422536655 59.477443752
24.442149285 59.469875393
24.478282097 59.448391018
24.498301629 59.443833726
24.516774936 59.448228257
24.532399936 59.456773179
24.548187696 59.462958075
24.567149285 59.460028387
24.624847852 59.438910223
24.642588738 59.436428127
24.660492384 59.440619208
24.656586134 59.449896552
24.640391472 59.459051825
24.621836785 59.463120835
24.621836785 59.470607815
24.648122592 59.469224351
24.658539259 59.472072658
24.66277103 59.481146552
24.666270379 59.49209219
24.674978061 59.49603913
24.68628991 59.495062567
24.697520379 59.491034247
24.715586785 59.475897528
24.728282097 59.458563544
24.744395379 59.447211005
24.772634311 59.450100002
24.7841903 59.454779364
24.790049675 59.458929755
24.813243035 59.484035549
24.815765821 59.489325262
24.806813998 59.504706122
24.800303582 59.510565497
24.791351759 59.514715887
24.783539259 59.519842841
24.78012129 59.528957424
24.77995853 59.538397528
24.778981967 59.545477606
24.776703321 59.552150783
24.772634311 59.559963283
24.80347741 59.57050202
24.841644727 59.554429429
24.9091903 59.511542059
24.934418165 59.50804271
25.012217644 59.518377997
25.035817905 59.515204169
25.07715905 59.501044012
25.097829623 59.497870184
25.116465691 59.503119208
25.107920769 59.528998114
25.122080925 59.539496161
25.145518425 59.53912995
25.19410241 59.522650458
25.407725457 59.491034247
25.409434441 59.491034247
25.402354363 59.514308986
25.415782097 59.527085679
25.44011478 59.532131252
25.533213738 59.532049872
25.543711785 59.53514232
25.543304884 59.542222398
25.536143425 59.549302476
25.525726759 59.552476304
25.497080925 59.570868231
25.481944207 59.611151434
25.478526238 59.651516018
25.484873894 59.669826565
25.502452019 59.662258205
25.535329623 59.6289737
25.55372155 59.621405341
25.575043165 59.616888739
25.592051629 59.606024481
25.622325066 59.580471096
25.644541863 59.571844794
25.676768425 59.566066799
25.70590254 59.569281317
25.718516472 59.587591864
25.710785352 59.604559637
25.695567254 59.615912177
25.684825066 59.628648179
25.690684441 59.649359442
25.684336785 59.650213934
25.675303582 59.654120184
25.67066491 59.655503648
25.694672071 59.670884507
25.72535241 59.665838934
25.780528191 59.635687567
25.773122592 59.628241278
25.785411004 59.615464585
25.793711785 59.591213283
25.80738366 59.580471096
