-81.364044931 19.31994567
-81.349717937 19.302114496
-81.322438234 19.30225052
-81.303497695 19.309054671
-81.301258918 19.320624091
-81.293812629 19.334377346
-81.288075325 19.331366278
-81.273304817 19.327582098
-81.273426887 19.3320987
-81.274891731 19.335272528
-81.279530403 19.341782945
-81.273304817 19.334377346
-81.275217252 19.338568427
-81.277699348 19.341376044
-81.277984179 19.344061591
-81.273304817 19.348049221
-81.277902799 19.351874091
-81.280751106 19.356268622
-81.28628496 19.368475653
-81.268137174 19.366278387
-81.23155677 19.35154857
-81.211822069 19.348049221
-81.157785611 19.355047919
-81.136097786 19.354885158
-81.117543098 19.352769273
-81.099517382 19.347316799
-81.089507616 19.335394598
-81.086586444 19.30992672
-81.106677161 19.295317337
-81.135100219 19.290741547
-81.169503826 19.299563356
-81.193191542 19.296114063
-81.214509136 19.292671674
-81.233457734 19.289234224
-81.248821123 19.279096906
-81.266468879 19.266058661
-81.276356575 19.264837958
-81.341271672 19.273060345
-81.357882454 19.274093584
-81.375721809 19.272284247
-81.387486167 19.263863615
-81.397938606 19.274155992
-81.3959248 19.289561692
-81.392400299 19.296295951
-81.388898928 19.307506249
-81.385426498 19.324311033
-81.385503248 19.338858201
-81.390325619 19.352260298
-81.405818415 19.363369769
-81.416542021 19.370027621
-81.414238315 19.38234888
-81.408346349 19.390212307
-81.394123688 19.394760508
-81.375721809 19.388983466
-81.378585442 19.375817494
-81.368998561 19.359082618
-81.360590028 19.340103959
-81.364044931 19.31994567
-79.964263476 19.704901434
-79.968169726 19.70319245
-79.977935351 19.697455145
-80.003917792 19.69027005
-80.077968258 19.654020437
-80.113155462 19.658660193
-80.098552599 19.676856942
-80.081543318 19.685929059
-80.062087747 19.700681524
-80.037829803 19.704035322
-80.008736414 19.703951043
-79.981027799 19.714300848
-79.964263476 19.704901434
-79.855000657 19.69091674
-79.893753669 19.679672759
-79.871889181 19.70463614
-79.802837468 19.732826662
-79.768898698 19.752036483
-79.745899522 19.757630837
-79.73151608 19.752101955
-79.726642692 19.737063377
-79.773892638 19.713364056
-79.855000657 19.69091674
