16.941528768 45.241218974
16.947316529 45.235689596
16.967987101 45.237291566
16.965299926 45.244216207
16.961165812 45.250934143
16.975945271 45.247161764
16.988140909 45.236516419
16.998682902 45.231400452
17.008294718 45.244164531
17.012015421 45.236464742
17.013565715 45.230573629
17.012532186 45.22447581
17.008294718 45.216155905
17.014392537 45.219773255
17.030205525 45.226956279
17.036303344 45.230470276
17.055733683 45.200446269
17.098418416 45.177656962
17.124628433 45.169057755
17.187095174 45.148563131
17.197843872 45.152955628
17.245489543 45.15538442
17.24972701 45.159880269
17.268950643 45.189542542
17.30781132 45.171404115
17.326518188 45.165926412
17.359384399 45.150681865
17.368582804 45.14510081
17.382432088 45.139623109
17.400828898 45.141018372
17.43410852 45.148563131
17.436175578 45.151922099
17.438759399 45.158123271
17.443306925 45.16205068
17.451161743 45.158485006
17.456949503 45.151818746
17.458086385 45.146134339
17.454985799 45.14060496
17.447751099 45.134300436
17.460360148 45.131251526
17.47234908 45.132750142
17.496223592 45.141690165
17.487025187 45.120864564
17.481857544 45.114405009
17.48929895 45.116265361
17.539528443 45.120967916
17.56143925 45.119365947
17.572394653 45.120399476
17.593065226 45.12959788
17.629962199 45.157348125
17.651562948 45.165357971
17.684739217 45.163962708
17.714504842 45.152025452
17.741376587 45.133266907
17.797497193 45.08195221
17.815583944 45.070169983
17.835737752 45.064433899
17.845659628 45.065260723
17.875218546 45.073994039
17.902607056 45.077766419
17.911185343 45.081073711
17.927721802 45.092029114
17.988493286 45.1438089
18.003479451 45.149338278
18.019085734 45.149441631
18.035002075 45.143343812
18.090295857 45.107997131
18.112413371 45.100607402
18.131843709 45.097868551
18.14369804 45.097700005
18.143704328 45.097699916
18.153651164 45.097558493
18.174941854 45.100762431
18.192511841 45.108513896
18.19933313 45.119004212
18.200056599 45.131613262
18.202330363 45.144067281
18.213285766 45.15378245
18.237883748 45.157451477
18.261964966 45.150681865
18.307440227 45.127530823
18.322323039 45.122879944
18.392913045 45.118642476
18.412033325 45.112441305
18.429293254 45.102209372
18.451829852 45.084958745
18.451841622 45.084949736
18.466086873 45.074045716
18.481708184 45.066921352
18.490788208 45.062780253
18.517039835 45.055855612
18.541121053 45.055287171
18.539260702 45.06934316
18.534403117 45.081538799
18.534802705 45.088411718
18.534919881 45.090427145
18.549595988 45.094767965
18.557657511 45.09440623
18.573780558 45.091564026
18.581842082 45.091357321
18.588560018 45.093217672
18.602512654 45.099263815
18.609127238 45.100090637
18.616671997 45.097661845
18.62111617 45.093114319
18.627937459 45.080040182
18.633621867 45.071978658
18.640546509 45.065364075
18.648711385 45.0626769
18.658116495 45.06629425
18.661217082 45.071100159
18.663284139 45.077146301
18.666074666 45.082985739
18.671345662 45.08686147
18.678166951 45.087378235
18.684058065 45.084794414
18.689019002 45.080246888
18.726329386 45.026141663
18.738318319 45.015909729
18.750100546 45.012240703
18.778005819 45.010328674
18.784930461 45.008468323
18.788961222 45.005729472
18.791751749 45.001543681
18.79464563 44.995445862
18.795162394 44.993327129
18.795162394 44.988004456
18.795782512 44.985058899
18.797952921 44.982216695
18.803017212 44.977307435
18.804567505 44.973845113
18.801570271 44.963974915
18.77986617 44.952244364
18.772631469 44.942477519
18.783380167 44.913745423
18.817796672 44.887545472
18.842129476 44.87623932
18.842144042 44.876232552
18.858724406 44.868528545
18.889626912 44.861190491
19.004968709 44.863309225
19.01582076 44.865634664
19.047756795 44.872714336
19.068427368 44.874833069
19.084550415 44.878967184
19.174260701 44.925424297
19.186869751 44.92754303
19.193174276 44.921548564
19.196894979 44.913176982
19.201855916 44.908371073
19.211881144 44.908371073
19.229554484 44.913745423
19.239476359 44.915140687
19.283814738 44.908371073
19.293013143 44.909404602
19.301281372 44.912350159
19.310169718 44.912350159
19.330220174 44.898707581
19.340142049 44.896227112
19.350270629 44.897002259
19.352957805 44.898087463
19.35316451 44.899017639
19.356982304 44.895877196
19.356992726 44.895868623
19.362776327 44.891111145
19.36866744 44.88713206
19.372801554 44.881447653
19.375695434 44.873127747
19.37662561 44.862999166
19.373111613 44.860260315
19.367840617 44.859278463
19.363706503 44.854627584
19.328359822 44.733963115
19.318024536 44.715462952
19.30841272 44.705127665
19.288258911 44.69303538
19.277613566 44.684870504
19.270068807 44.675620422
19.255702759 44.645648092
19.208677205 44.588390605
19.204129679 44.58513499
19.193277628 44.580587464
19.188316691 44.576039937
19.186249633 44.569322002
19.187283162 44.553302307
19.185319458 44.546222636
19.179635051 44.538264465
19.17312382 44.531443177
19.165269002 44.526688945
19.129922323 44.518317363
19.1273385 44.502556051
19.143358195 44.458217672
19.14139449 44.430829163
19.129612264 44.416153056
19.11576298 44.403595683
19.107184693 44.382718404
19.108941691 44.363649801
19.116693156 44.343702698
19.138914022 44.309337871
19.157000773 44.293576559
19.177154582 44.286961976
19.22004602 44.280244039
19.240716594 44.27269928
19.249501587 44.270735576
19.26366093 44.270167135
19.295907023 44.275799866
19.307379191 44.274197896
19.324329061 44.263965963
19.341588989 44.245827535
19.353991333 44.22433014
19.35605839 44.204021301
19.362362915 44.191205547
19.381173136 44.17709788
19.424891398 44.15379181
19.435536743 44.146092021
19.442564738 44.14319814
19.448455851 44.144438375
19.459721313 44.152706604
19.465715779 44.152809957
19.474190714 44.144903463
19.476361125 44.127023417
19.482665649 44.120667217
19.498168579 44.110228577
19.516189487 44.091193506
19.522043091 44.085010478
19.554599243 44.071264547
19.570928995 44.056898499
19.580230753 44.05152415
19.583848104 44.054314678
19.589945923 44.060309144
19.598937622 44.062582906
19.611443319 44.054521383
19.618884725 44.035711161
19.61040979 44.019278057
19.593356567 44.005583802
19.552222127 43.983414612
19.528554321 43.977213441
19.504059692 43.975663147
19.447112264 43.979797262
19.393988892 43.977058411
19.379106079 43.973854472
19.364636678 43.973286031
19.35171757 43.979125468
19.325879354 43.996592102
19.300557902 44.00951121
19.287328735 44.013025208
19.272755981 44.01240509
19.252085409 44.00749583
19.243507121 44.002018128
19.238029419 43.992509664
19.238132771 43.985378316
19.242887003 43.972820944
19.240716594 43.965741272
19.229347778 43.957679748
19.241026652 43.952357077
19.275443156 43.933262634
19.305932251 43.904737244
19.359469035 43.842208761
19.461685018 43.762136129
19.481735473 43.729218242
19.505713338 43.673640239
19.507366984 43.647181905
19.481735473 43.628914287
19.477498006 43.61697703
19.475637654 43.602559306
19.476877889 43.588684184
19.481735473 43.578116353
19.488970174 43.573181255
19.491760702 43.56860789
19.489590291 43.564447937
19.481735473 43.560830587
19.443908325 43.571863506
19.43181604 43.571140035
19.419310344 43.549255067
19.410732056 43.540754293
19.402877238 43.549642639
19.394609009 43.566463318
19.380449666 43.585583598
19.363396443 43.601577454
19.346549926 43.608837992
19.335801228 43.606512553
19.312650187 43.593154195
19.30086796 43.588296611
19.289189087 43.587934875
19.26366093 43.590957947
19.252705525 43.588632507
19.238856242 43.572121887
19.229451131 43.549745992
19.217462199 43.532796122
19.195344686 43.532796122
19.147699015 43.538144633
19.122790975 43.535948385
19.096022583 43.512900696
19.076385538 43.507242127
19.054991495 43.506699524
19.038144979 43.511014507
19.025019165 43.523029277
19.014270467 43.537782898
19.000214477 43.547885641
18.977476847 43.546231995
18.962697388 43.538299662
18.938926229 43.518946839
18.920529419 43.512203064
18.911020955 43.507267965
18.905129842 43.499051413
18.905646607 43.490628154
18.915258423 43.485382996
18.930657999 43.48228241
18.9378927 43.47894928
18.951225219 43.463808085
18.950708455 43.457296855
18.946367635 43.449080303
18.946264282 43.443938497
18.968278443 43.44809845
18.975306437 43.444274394
19.009929647 43.410994772
19.039591919 43.350714213
19.069667603 43.308830465
19.062536255 43.304386292
19.036284627 43.303326925
19.024709106 43.298727723
19.022535153 43.296546325
19.017164347 43.291157125
19.010859823 43.282320455
19.002901652 43.273948873
18.992463013 43.267101746
18.989505697 43.272016109
18.988949015 43.272941183
18.968588501 43.292216492
18.959493449 43.303456116
18.957116333 43.311827698
18.957943156 43.318984884
18.957323038 43.32585785
18.950295044 43.333066712
18.923423299 43.346838481
18.899135376 43.351902771
18.839604126 43.347820333
18.821207316 43.341386617
18.82461796 43.337407532
18.830302368 43.32815745
18.833506307 43.324152527
18.807151326 43.31802887
18.679510539 43.249480082
18.664317667 43.233176168
18.688398885 43.22446869
18.645300741 43.180181986
18.629074341 43.154886373
18.621127821 43.124578152
18.620599406 43.122562765
18.62111617 43.096440328
18.638996215 43.020243429
18.59837854 43.024455058
18.538950643 43.023886617
18.483036743 43.014636536
18.452754354 42.993397522
18.433530721 42.954200949
18.434047486 42.936889344
18.44396936 42.916864726
18.467637166 42.881698914
18.473321574 42.862552795
18.46598352 42.852811788
18.453477824 42.845654603
18.443659302 42.834466655
18.444589477 42.817077536
18.453891235 42.793151347
18.46743046 42.769199321
18.502157023 42.727444763
18.522517537 42.711890157
18.539674113 42.695457052
18.5500094 42.668068543
18.549595988 42.638923035
18.542832323 42.626429044
18.538433878 42.618304139
18.517246542 42.602982077
18.506797873 42.598490208
18.486654093 42.589830424
18.493682088 42.579831034
18.495852498 42.570865174
18.492131795 42.564767355
18.481796509 42.563682149
18.470531047 42.569056499
18.458955525 42.569728292
18.447690064 42.566214295
18.437354777 42.559212138
18.421025025 42.563630473
18.385264933 42.566524353
18.370485474 42.573629863
18.369790593 42.574384084
18.369782537 42.574392828
18.349608195 42.596289979
18.338652791 42.602516989
18.311574341 42.601225078
18.257107381 42.614893494
18.224137817 42.628070985
18.049368124 42.7147582
17.995314575 42.740441387
17.971853475 42.754962464
17.928858684 42.790800069
17.904467407 42.804546
17.869430786 42.811806539
17.858475382 42.816974182
17.827159464 42.853121847
17.825092408 42.864542339
17.826229288 42.888649394
17.823335408 42.898364563
17.811759887 42.90986257
17.802664836 42.909630026
17.794706665 42.904591573
17.786748495 42.901387635
17.765457804 42.904126486
17.723599894 42.916244609
17.701585734 42.919500225
17.679468221 42.915676168
17.665928996 42.905160014
17.6533490621 42.8909283361
17.653330925 42.890936591
17.652842644 42.891180731
17.556488477 42.934759833
17.573985222 42.934271552
17.601084832 42.925238348
17.617930535 42.92177969
17.603037957 42.932562567
17.5806787291 42.9420754022
17.634509724 42.950402731
17.662725057 42.965698955
17.659314412 42.993397522
17.65921106 42.993449198
17.659107707 42.993630066
17.659004354 42.993655905
17.628411905 43.046572571
17.5980255 43.072902353
17.587380818 43.082125957
17.45091327 43.148151597
17.442066691 43.152431743
17.426770467 43.165712585
17.415194947 43.184962057
17.406823365 43.205425924
17.400208781 43.216045431
17.389666788 43.223099264
17.369409628 43.232556051
17.328688599 43.260357971
17.289931275 43.303430278
17.267607055 43.353323873
17.286417277 43.43737559
17.270500936 43.463213807
17.239495077 43.478406677
17.142756795 43.489336243
17.084569132 43.513236593
17.062314068 43.527747065
17.030515585 43.548479919
16.981939738 43.589691875
16.823809855 43.707307434
16.712602173 43.771515401
16.698236125 43.788077698
16.68976119 43.809316712
16.686143839 43.82613739
16.678599081 43.840684306
16.637361288 43.868408712
16.604805135 43.901068217
16.555815877 43.937474264
16.527446673 43.967859174
16.516541788 43.97953888
16.501038859 43.99271637
16.483468872 44.002534892
16.439647258 44.01400706
16.431482381 44.025789287
16.426934855 44.04051707
16.414015747 44.055813293
16.403990519 44.05875885
16.377945597 44.057363587
16.367196899 44.058138733
16.357378377 44.062169495
16.346112915 44.068474019
16.326889282 44.08237498
16.312213175 44.099996644
16.289992309 44.139115702
16.275522908 44.157357483
16.232114705 44.19099884
16.215784953 44.208155416
16.197078084 44.251150208
16.18756962 44.28241445
16.186639445 44.29760732
16.189533325 44.308511048
16.199661906 44.324685771
16.203175903 44.333057353
16.205863078 44.349800517
16.205643642 44.350530708
16.202865844 44.359774068
16.192117146 44.367422181
16.171343221 44.377085673
16.153153117 44.380444642
16.141991008 44.3807547
16.138270305 44.377602438
16.138787069 44.385405579
16.145401652 44.38959137
16.153876587 44.393570455
16.159871053 44.400701803
16.159664347 44.41610138
16.152946411 44.43506663
16.128348429 44.484314271
16.123077433 44.503899638
16.11646285 44.521469625
16.104887329 44.532373353
16.083699991 44.534905497
16.047319783 44.523329977
16.02664921 44.525190328
16.00608199 44.541003316
16.013936809 44.557023011
16.030473266 44.572215882
16.03491744 44.585393372
16.043185669 44.588442282
16.044735962 44.589372457
16.041118612 44.60280833
16.036157674 44.615314026
16.028302856 44.624719137
16.016003865 44.628956604
15.991612589 44.631437073
15.979106893 44.63438263
15.968978312 44.639240214
15.955645792 44.653192851
15.948101034 44.678100891
15.937352336 44.688952942
15.929807577 44.689469707
15.921539347 44.686110739
15.913064412 44.684508769
15.905416301 44.6901415
15.902005656 44.698823141
15.899318481 44.709210103
15.895597778 44.718563537
15.888776489 44.724247945
15.876270792 44.724816386
15.869242798 44.718563537
15.863868449 44.70998525
15.856427043 44.703577372
15.847848755 44.701510315
15.829968709 44.700528463
15.820356893 44.6982547
15.805680786 44.69665273
15.796999146 44.703267314
15.790487915 44.713395895
15.782839803 44.7225943
15.75927535 44.73416982
15.753694295 44.739285787
15.728476196 44.769103088
15.717314087 44.78646637
15.716073852 44.803209534
15.730646607 44.817007142
15.751213827 44.821554667
15.76868046 44.827342428
15.773434692 44.845015768
15.764029581 44.864032695
15.748009888 44.882016094
15.734263957 44.902118226
15.730853312 44.927232972
15.734108149 44.934440112
15.738811482 44.944854635
15.76361617 44.975550436
15.767440226 44.993223776
15.755554647 45.023557841
15.755968059 45.042213033
15.779429158 45.085362855
15.783769979 45.10091746
15.780049276 45.160293681
15.780979451 45.16799347
15.792348267 45.189800924
15.802568519 45.196473382
15.824801066 45.210988261
15.878854614 45.217241109
15.974559367 45.215380758
15.997503703 45.218533021
16.008459106 45.218171285
16.020448039 45.213933818
16.029233032 45.205045472
16.028716268 45.196260478
16.024995565 45.188922425
16.024375447 45.184323222
16.033057088 45.17972402
16.054967896 45.176416728
16.067473592 45.169595439
16.082769816 45.151612041
16.104060506 45.112544658
16.12152714 45.096163229
16.212994426 45.031464335
16.241209757 45.018958639
16.279346965 45.007176412
16.316243937 45.001233623
16.340635213 45.005936178
16.346019392 45.020010012
16.34602338 45.020020435
16.356964966 45.048620911
16.37732548 45.075596009
16.381976359 45.083709208
16.384043416 45.095439759
16.381976359 45.101950989
16.381769654 45.10758372
16.38921106 45.116833801
16.398512817 45.121433004
16.424764445 45.127272441
16.435513143 45.132853496
16.449155721 45.148098043
16.481918579 45.199516093
16.528944133 45.222253724
16.587028443 45.22085846
16.786292765 45.178845521
16.81171757 45.181222637
16.824223266 45.189077454
16.82577356 45.196363831
16.825050089 45.205045472
16.830734497 45.216982727
16.840759725 45.224010722
16.851921834 45.227421367
16.861740357 45.232227274
16.867321411 45.243389385
16.875382935 45.246955058
16.885821574 45.255223287
16.89398645 45.263543192
16.896983683 45.268142396
16.924372193 45.284523825
16.932640421 45.278787741
16.940701945 45.257755433
16.942148885 45.249848939
16.941528768 45.241218974
