0
24
51
120
133
203
237
257
284
308
340
357
934
1039
1231
1328
1358
1453
1493
1508
1545
1572
1632
1648
1687
1919
2084
2177
2212
2284
2718
2745
2757
2813
3124
3132
3147
4135
4214
4229
4265
4321
4385
4414
4425
4452
4508
4568
4598
4624
4690
4727
4830
4881
4896
4928
5036
5067
5151
5173
5210
5240
5348
5403
5449
5461
5595
5695
5726
5740
5941
6028
6062
6094
6139
6217
6313
6349
6914
6941
6963
7019
7100
7120
7136
7160
7260
7301
7379
7546
7605
7662
7681
7724
7740
7764
7799
7815
7855
7871
7961
7991
8026
8045
8072
8097
8149
8191
8232
8250
8265
8285
8311
8332
8392
8430
8446
8478
8504
8524
8552
8576
8610
8627
8667
8684
8709
8739
8757
8894
8915
8936
8950
8971
8987
8999
9032
9044
9071
9080
9113
9138
9187
9214
9231
9241
9263
9281
9292
9311
9345
9368
9382
9749
9766
9782
9804
9817
9851
9888
9894
9900
9908
