-2.364654101 49.41787344
-2.373524543 49.411566473
-2.378081835 49.412746486
-2.374826627 49.419175523
-2.373117642 49.424261786
-2.375884569 49.430405992
-2.375477668 49.435451565
-2.372629361 49.438055731
-2.369862434 49.442084052
-2.366118944 49.445746161
-2.363758918 49.446844794
-2.356353319 49.440375067
-2.354400194 49.427801825
-2.364654101 49.41787344
-2.541981575 49.430894273
-2.55207272 49.426703192
-2.558705207 49.427191473
-2.564849413 49.429510809
-2.573109504 49.430894273
-2.669341601 49.430894273
-2.673451301 49.43349844
-2.670765754 49.438788153
-2.662953254 49.443793036
-2.651844856 49.44521719
-2.656564908 49.459418036
-2.650257942 49.463690497
-2.63792884 49.463853257
-2.624623176 49.465725002
-2.580230273 49.493597723
-2.5595597 49.499335028
-2.538197395 49.509833075
-2.518218554 49.51552969
-2.501698371 49.506659247
-2.505767382 49.497992255
-2.522124804 49.479966539
-2.526722786 49.458482164
-2.532948371 49.442857164
-2.532785611 49.438910223
-2.534087694 49.436224677
-2.541981575 49.430894273
-2.200835741 49.705715236
-2.216867642 49.70302969
-2.226226366 49.707831122
-2.218495246 49.71869538
-2.204701301 49.724107164
-2.194813606 49.724798895
-2.178618944 49.730902411
-2.174468554 49.731390692
-2.170318163 49.728745835
-2.170318163 49.723211981
-2.187896288 49.710638739
-2.200835741 49.705715236
