-64.730783658 17.765285549
-64.709706184 17.758205471
-64.699045377 17.752834377
-64.689768033 17.744777736
-64.666900194 17.762884833
-64.630970832 17.770331122
-64.591786262 17.768296617
-64.559396939 17.758449611
-64.559396939 17.751613674
-64.585194465 17.748968817
-64.60667884 17.74225495
-64.648793098 17.723700262
-64.670521614 17.717230536
-64.876372851 17.689113674
-64.895171679 17.682766018
-64.88784746 17.699896552
-64.886626757 17.714422919
-64.8876847 17.755275783
-64.884632942 17.767889716
-64.876454231 17.775864976
-64.838693814 17.764837958
-64.81745358 17.774115302
-64.795480924 17.787543036
-64.771636523 17.792629299
-64.769154426 17.790025132
-64.730783658 17.765285549
-64.664561458 18.346927221
-64.660390261 18.336723168
-64.674129976 18.334462902
-64.700993508 18.342976068
-64.708160634 18.340145034
-64.697423116 18.326539983
-64.704005072 18.303310064
-64.736230421 18.31975319
-64.786367155 18.315221772
-64.801285018 18.328253009
-64.786365418 18.349772052
-64.769648898 18.356589046
-64.751736329 18.361689154
-64.75591345 18.369056759
-64.746955406 18.373589962
-64.713518566 18.365083232
-64.697396869 18.362243917
-64.682472307 18.356003063
-64.664561458 18.346927221
-64.928504844 18.38036959
-64.891436455 18.359968246
-64.854983783 18.340129434
-64.840079592 18.317489213
-64.851408194 18.315781814
-64.860312071 18.31859094
-64.871636966 18.314623045
-64.878839173 18.304440513
-64.910497913 18.315757749
-64.921858893 18.322554686
-64.930833837 18.339550364
-64.935022978 18.330486062
-64.944585778 18.336714283
-64.966095092 18.33273529
-64.981643105 18.335558349
-64.993621023 18.34802401
-65.02530893 18.338926138
-65.041493442 18.353658056
-65.011870898 18.368597723
-64.986643033 18.374823309
-64.95000233 18.373553979
-64.934979964 18.363320022
-64.926019365 18.366153559
-64.942250883 18.37809915
-64.950028345 18.386598614
-64.928504844 18.38036959
