-4.821225546 24.994754537
-4.744925293 24.94705719
-4.668676717 24.899334005
-4.592350627 24.851688334
-4.516024537 24.803990987
-4.404946045 24.731308085
-4.325235149 24.679218242
-4.245498413 24.627076721
-4.165865031 24.574986878
-4.086154135 24.522897034
-4.006494914 24.47080719
-3.926732341 24.418717347
-3.846995605 24.366575826
-3.767336385 24.314434306
-3.687625488 24.262344462
-3.608017944 24.210202942
-3.52828121 24.158113098
-3.448544474 24.106023255
-3.368807739 24.053959249
-3.289122681 24.001843567
-3.209489299 23.949702047
-3.129649211 23.897612203
-3.043065348 23.840923157
-2.956403972 23.78423411
-2.869768433 23.727622579
-2.783107056 23.670985209
-2.696445679 23.614347839
-2.609835978 23.557684632
-2.523226278 23.500995585
-2.436513225 23.444358216
-2.349851847 23.387746684
-2.263190471 23.331109314
-2.176632447 23.274446106
-2.089919393 23.21775706
-2.003309693 23.161042175
-1.916648316 23.104456482
-1.830038615 23.047819112
-1.743325562 22.991181743
-1.656715861 22.934570211
-1.570054485 22.877881165
-1.48349646 22.82116628
-1.396783406 22.764554749
-1.31012203 22.707969055
-1.223512329 22.651280009
-1.136902628 22.59464264
-1.050189576 22.537953593
-0.963579875 22.481264547
-0.876918498 22.424627177
-0.790308797 22.368041483
-0.70364742 22.311404114
-0.616934367 22.254766744
-0.530324666 22.198077698
-0.44366329 22.141388651
-0.35702775 22.084751282
-0.270392212 22.028113913
-0.183730835 21.971476543
-0.0970436199999 21.914839173
-0.0104080809998 21.858150126
0.00373455700017 21.8488988
0.0762532960001 21.801461081
0.16296635 21.744823711
0.249498535 21.688238017
0.336159912 21.631600647
0.422795451 21.574963277
0.509456827 21.518274231
0.596066528 21.461585185
0.682676229 21.404896139
0.769389282 21.348310445
0.855998983 21.291673075
0.942608683 21.235035706
1.029321737 21.17834666
1.146523885 21.101710511
1.15933964 21.081505025
1.177943156 21.017322896
1.180113566 20.995308736
1.167504516 20.886013082
1.145283651 20.795889384
1.14456018 20.77625234
1.147247355 20.751447652
1.154585408 20.738786926
1.168538045 20.733464254
1.191275675 20.730570374
1.212463012 20.730880432
1.252253865 20.738993632
1.27333785 20.739407044
1.296695597 20.733464254
1.310544881 20.722715556
1.331525512 20.687937317
1.346925089 20.669127095
1.363978312 20.657706605
1.40717981 20.645045879
1.447487426 20.638741353
1.465780884 20.633522034
1.483454223 20.622618307
1.520351196 20.616985576
1.559728637 20.597503561
1.62370406 20.551253154
1.643961222 20.522676087
1.650059041 20.487019348
1.649232219 20.412088521
1.659154093 20.397515767
1.778113241 20.304291484
1.799197225 20.294886373
1.820901326 20.293594463
1.838884725 20.295919902
1.855007771 20.294834697
1.870614054 20.283543396
1.880329223 20.263053691
1.883843221 20.244140117
1.89138798 20.231789449
1.91340214 20.231091817
1.924254191 20.23613027
1.941204061 20.251116435
1.95526005 20.254914653
1.967145629 20.253416036
1.975620564 20.24842926
1.98337203 20.24191803
1.993397257 20.235949402
2.056339152 20.215046285
2.071221965 20.213263448
2.097473592 20.224193013
2.13819462 20.260728251
2.161345662 20.274939271
2.182429647 20.278504944
2.200826456 20.273905742
2.218189738 20.26408722
2.279581339 20.217940166
2.316478312 20.180164693
2.348207641 20.137634989
2.388721964 20.067406718
2.400400838 20.056554667
2.415697062 20.051283671
2.439881632 20.04609019
2.45931197 20.038777975
2.49538212 20.020096944
2.514812459 20.015936992
2.52566451 20.015161845
2.616925089 19.998367004
2.671805461 19.996222433
2.94600061 19.94165212
3.072607869 19.888890483
3.130485473 19.845223898
3.147021932 19.83793752
3.183195435 19.827731425
3.198801717 19.820522562
3.212754353 19.807758484
3.216785116 19.79406423
3.198284952 19.592396953
3.199421834 19.553768819
3.212237589 19.517156067
3.217508585 19.511161601
3.222882935 19.508061015
3.228050578 19.504159444
3.232288046 19.495477804
3.231667928 19.489044088
3.226190226 19.469200338
3.22598352 19.459691874
3.234768514 19.441346741
3.247480916 19.426463928
3.258229614 19.410392558
3.260813436 19.388326722
3.250994914 19.3654599
3.232701457 19.351843161
3.211514119 19.340861919
3.192910604 19.325798238
3.183815551 19.307504782
3.178854614 19.268721619
3.174410441 19.251642558
3.15270634 19.230196839
3.139270467 19.22192861
3.134206176 19.212859396
3.126558065 19.193351543
3.111778605 19.171337382
3.102683553 19.15356069
3.104130493 19.135525615
3.120873657 19.112813823
3.138753703 19.09604482
3.158597452 19.081549581
3.17978479 19.069999899
3.22598352 19.051060486
3.284894653 18.995740866
3.308355754 18.981684876
3.318380981 18.97770579
3.333057088 18.975561218
3.358688598 18.976853129
3.439717245 18.995637513
3.439820598 18.995637513
3.544620402 19.015067851
3.71556604 19.046900533
3.790290968 19.060770275
3.886511678 19.078629862
4.057560669 19.110436707
4.22860966 19.142243551
4.229023071 19.018581849
4.229436482 18.894945984
4.229849894 18.771284281
4.230263305 18.647648417
4.230270912 18.645373847
4.230676717 18.524038392
4.231090129 18.400325012
4.23150354 18.276740824
4.231916952 18.15310496
4.23222701 18.029443258
4.232408236 17.975233873
4.232640421 17.905781556
4.233053832 17.782119853
4.233363892 17.658458151
4.233777303 17.534796448
4.234294067 17.411186422
4.234707479 17.287524719
4.235017537 17.163914694
4.235327596 17.10081777
4.235637655 16.995862935
4.222305135 16.986561177
4.21165979 16.986044413
4.203701619 16.982788798
4.197810506 16.965218811
4.196570272 16.94713206
4.202047974 16.848895162
4.1976038 16.838508199
4.184581339 16.81850942
4.181997518 16.809621074
4.182307576 16.746472473
4.183031046 16.61268219
4.183444458 16.526537578
4.183961222 16.416053365
4.175899699 16.392643941
4.161740356 16.379983215
4.1182288 16.35833079
4.0947677 16.34081248
4.07564742 16.321072083
4.060557902 16.298334453
3.971157674 16.086099345
3.966920207 16.05850413
3.970847615 16.030857239
3.983249959 16.001349996
3.983973429 16.000109762
3.984490193 15.998766175
3.984696899 15.997370911
3.984593546 15.995923971
3.984800253 15.989826152
3.984180135 15.986880595
3.983249959 15.983986715
3.925062296 15.927607727
3.909869425 15.904766744
3.903461548 15.886318258
3.894469849 15.788649801
3.886511678 15.750099183
3.873849402 15.720881837
3.871215454 15.714804179
3.846100708 15.685296936
3.808376912 15.665582377
3.728898559 15.650880432
3.692208293 15.631450094
3.614073527 15.547734274
3.526533651 15.495954489
3.516508423 15.469186097
3.507103312 15.353973491
3.488809855 15.357539164
3.483332153 15.359296163
3.3803927 15.376323547
3.192290486 15.407510274
3.07302128 15.427198995
3.033540487 15.426449687
3.017520792 15.422832337
3.010286092 15.417664693
3.007805623 15.407665304
3.005841919 15.389294332
3.005738566 15.352319844
3.000157511 15.339116516
2.950651489 15.337462871
2.854119914 15.334207256
2.757484985 15.331080831
2.66095341 15.327825216
2.564215128 15.324595439
2.467683553 15.321417338
2.371048624 15.318239238
2.274517049 15.314983623
2.177882121 15.31183136
2.081350545 15.308575744
1.984612264 15.305397645
1.888080689 15.302193706
1.79144576 15.298989766
1.694914185 15.295734151
1.598382608 15.292607728
1.50174768 15.289352112
1.405216105 15.286148173
1.331525512 15.283616028
1.297832478 15.275735372
1.270857381 15.259896546
1.203161255 15.198789165
1.123062784 15.126312968
1.057537069 15.067117615
0.973717895 14.991256612
0.949326619 14.9795519
0.922144816 14.973970845
0.769182577 14.969061585
0.739933716 14.958338725
0.711408325 14.947460836
0.68381311 14.940872091
0.67006718 14.939735209
0.514831177 14.993556213
0.483515259 14.992109274
0.418790527 14.969888408
0.387035359 14.963247986
0.353187297 14.963428854
0.221257365 14.995933329
0.213195841 14.985417175
0.21278243 14.960715841
0.218466838 14.910977275
-0.0331973879999 14.995933329
-0.0334040929999 14.995933329
-0.166987671 15.049676819
-0.236699178 15.065618999
-0.299175985 15.05474111
-0.361471924 15.017740784
-0.397671265 15.002134501
-0.425731568 15.002599589
-0.435601766 15.015156962
-0.458649455 15.075463359
-0.467899537 15.079907532
-0.50034326 15.079721112
-0.719718791 15.078460592
-0.75289506 15.069727274
-0.771271819 15.056619155
-0.782815715 15.048384908
-0.836249146 14.996088359
-0.836404175 14.995985006
-1.043138154 14.818061606
-1.04331661 14.81790802
-1.078559937 14.796358948
-1.116697144 14.780442606
-1.307744914 14.734657287
-1.350274618 14.714968567
-1.696920125 14.496118877
-1.766683309 14.48317393
-1.836963257 14.479582418
-1.919128785 14.485861104
-1.967032837 14.483742371
-1.997056844 14.470694072
-2.005015015 14.444235739
-2.023411825 14.198643494
-2.027287557 14.18812734
-2.035917521 14.181228536
-2.08500789 14.159668076
-2.104337117 14.151178691
-2.119840047 14.148775736
-2.151879436 14.156139628
-2.385611939 14.264711813
-2.461679647 14.280912374
-2.516146606 14.267864075
-2.597381959 14.2223113
-2.619757854 14.203604431
-2.676264865 14.141729055
-2.693190064 14.123195903
-2.840855469 14.04299408
-2.867287964 14.000541891
-2.86155188 14.001730449
-2.858606324 14.000231832
-2.857030192 13.997777201
-2.855376546 13.996175232
-2.894469767 13.86657074
-2.912168946 13.837941996
-2.928059448 13.799623922
-2.923382732 13.746035462
-2.895244914 13.651648458
-2.930473114 13.638522692
-2.965008097 13.625655213
-2.972320313 13.624466655
-2.979322469 13.627567241
-2.98640214 13.63206309
-2.994773722 13.634982808
-3.019113322 13.637514954
-3.026968139 13.635344543
-3.038621175 13.629582621
-3.056010294 13.610849915
-3.067508301 13.606767477
-3.074510458 13.622141215
-3.077300985 13.636791483
-3.082210246 13.646222433
-3.100038615 13.662733053
-3.125101684 13.677279968
-3.14603064 13.676659851
-3.167941447 13.672112325
-3.195820883 13.674902852
-3.240417643 13.707975769
-3.267056844 13.717044984
-3.28695227 13.697769674
-3.266281697 13.682344258
-3.25971879 13.658314718
-3.263904582 13.6026592
-3.269175578 13.579094747
-3.283955038 13.542197774
-3.248634196 13.292781474
-3.262405966 13.283918966
-3.426530315 13.274229635
-3.448544474 13.265780539
-3.452265177 13.23751353
-3.440586304 13.202838643
-3.43947526 13.184855245
-3.44947465 13.168809713
-3.461592774 13.165760803
-3.473921514 13.167601349
-3.516111409 13.173899841
-3.538487305 13.173408916
-3.545050211 13.17449412
-3.55391272 13.180256043
-3.569958252 13.196766663
-3.576598673 13.199298808
-3.589802002 13.19738678
-3.596881674 13.199402161
-3.678711304 13.261749776
-3.724419109 13.288828227
-3.798626465 13.347145081
-3.81710079 13.35468984
-3.8580802 13.365516052
-3.892600057 13.378926087
-3.908878134 13.381974996
-3.928825236 13.380269674
-3.948410604 13.380838115
-3.971613322 13.386755066
-3.984041504 13.396470235
-3.971613322 13.408329977
-3.963009196 13.413161723
-3.942726196 13.431946107
-3.934923055 13.434891663
-3.925543782 13.436312765
-3.918593303 13.440317689
-3.917973185 13.451066386
-3.923399211 13.453753561
-3.947480428 13.458197733
-3.956058716 13.461660055
-3.959288493 13.467938741
-3.964481975 13.487808329
-3.965467787 13.489217255
-3.970321411 13.496154074
-3.974093791 13.498944601
-3.97773698 13.499926453
-3.981250977 13.498970439
-3.984480754 13.496050721
-3.997968303 13.480521953
-3.992232218 13.476232809
-3.97946814 13.475380147
-3.971613322 13.469954122
-3.976910156 13.460626526
-3.990216838 13.44912852
-4.005358032 13.439516704
-4.016029216 13.435770162
-4.028199015 13.431532694
-4.04349524 13.414453634
-4.052538615 13.409001771
-4.079307007 13.402128804
-4.087549398 13.39799469
-4.104266724 13.382698466
-4.114653686 13.3645342
-4.131577719 13.32383901
-4.147106486 13.299602763
-4.16602006 13.278157044
-4.176872111 13.272369283
-4.186458089 13.272834371
-4.195837362 13.274694723
-4.205500855 13.272989401
-4.220667888 13.262834982
-4.238780477 13.24678945
-4.25350826 13.229090271
-4.258107462 13.214129944
-4.251208659 13.204750671
-4.230021322 13.193149312
-4.227773397 13.184441834
-4.234801392 13.175605164
-4.246170207 13.17247874
-4.310197307 13.175553488
-4.327043824 13.168551331
-4.339601196 13.135297547
-4.345905721 13.12713267
-4.351073364 13.118321839
-4.351073364 13.106074524
-4.345363118 13.097056987
-4.316398479 13.070857036
-4.28973344 13.013470358
-4.276917684 12.996236267
-4.247849691 12.971948344
-4.22932369 12.948952331
-4.221313843 12.921253764
-4.224646972 12.864513041
-4.211882894 12.81919281
-4.213278158 12.807178039
-4.234129598 12.742349955
-4.243973958 12.729921774
-4.245471963 12.728936319
-4.257642374 12.720930074
-4.276297566 12.714677226
-4.297226522 12.712145081
-4.310920776 12.716020813
-4.339446167 12.732789816
-4.368850057 12.738990988
-4.402026326 12.736562195
-4.435254272 12.728423157
-4.464296427 12.717261048
-4.464370142 12.717250671
-4.474941772 12.715762431
-4.481711385 12.717416077
-4.485251221 12.714677226
-4.491323201 12.662794088
-4.482538208 12.64625763
-4.439078328 12.613288066
-4.422490194 12.597216695
-4.40140621 12.550397848
-4.392647054 12.537427063
-4.387246867 12.533964742
-4.386885132 12.530192363
-4.393448039 12.516446431
-4.407607381 12.497946269
-4.426624309 12.479652812
-4.443677531 12.459447327
-4.451635701 12.435314433
-4.415358846 12.350306702
-4.406134603 12.307466939
-4.435822713 12.301730856
-4.444814413 12.309430644
-4.45266923 12.320282695
-4.462487752 12.328189189
-4.477189697 12.32731069
-4.488170939 12.320696106
-4.490703085 12.313823141
-4.490496379 12.305761617
-4.494010377 12.290103659
-4.492253377 12.278838196
-4.493545289 12.27284373
-4.49742102 12.268709615
-4.585529338 12.197241109
-4.560466268 12.149492086
-4.570233114 12.138898417
-4.600308797 12.13755483
-4.636120565 12.117556051
-4.646662557 12.09802236
-4.648677938 12.081950989
-4.652736853 12.071626775
-4.65371639 12.069135233
-4.673585978 12.059730123
-4.683714559 12.05905833
-4.704023397 12.061487122
-4.714617066 12.059006653
-4.72513322 12.050118307
-4.732280931 12.037263094
-4.738982503 12.025210266
-4.746888997 12.015081686
-4.761280884 12.006606751
-4.789522054 12.001800842
-4.80680782 11.996271464
-4.82623816 12.01270457
-4.847244629 12.013066304
-4.8899552 11.99792511
-4.91067745 11.998131816
-4.932071492 12.00314443
-4.953749756 12.005108134
-4.975453858 11.996271464
-4.984523071 11.988571676
-4.99423824 11.983249003
-5.004702718 11.980665182
-5.016045695 11.981285299
-5.034313314 11.979269918
-5.07376827 11.980510152
-5.089322876 11.979269918
-5.103947307 11.972758688
-5.136994384 11.953121644
-5.167819377 11.943664856
-5.182908895 11.930900777
-5.209470581 11.901496887
-5.248227905 11.870439351
-5.268226685 11.843050842
-5.275151326 11.837418111
-5.28248938 11.836436259
-5.288018758 11.839123433
-5.293444783 11.843205872
-5.30016272 11.846358134
-5.306518921 11.846048076
-5.311066447 11.842895813
-5.314838826 11.839330139
-5.319024617 11.837418111
-5.353802857 11.831733704
-5.357058472 11.82961497
-5.364551554 11.821760153
-5.369874227 11.820158183
-5.375610311 11.822225241
-5.387909302 11.830803528
-5.392301799 11.832353821
-5.405944377 11.830441793
-5.412352255 11.828529765
-5.412197225 11.823568828
-5.405996053 11.812303365
-5.400414998 11.810184631
-5.374525106 11.795250142
-5.370649374 11.791064351
-5.353286092 11.794526673
-5.344656128 11.793906555
-5.334269165 11.79080597
-5.314787151 11.782486064
-5.298974162 11.772667542
-5.287140259 11.758921611
-5.279543823 11.739026185
-5.278561971 11.721456197
-5.280680705 11.699493713
-5.289258993 11.660426331
-5.294788371 11.65029775
-5.302281453 11.639859111
-5.307810832 11.62900706
-5.307604126 11.617638244
-5.299956014 11.606424459
-5.290964315 11.604460755
-5.280732381 11.605752666
-5.269466919 11.604099019
-5.233913534 11.57598704
-5.224663452 11.540769551
-5.224611776 11.458009746
-5.21918575 11.435142924
-5.218307251 11.422197978
-5.226420451 11.413490499
-5.248176229 11.403181051
-5.263472453 11.390184428
-5.26786495 11.372020162
-5.260940308 11.267737122
-5.262852336 11.251588237
-5.275254679 11.230710958
-5.306725627 11.19939504
-5.316182414 11.176321513
-5.322331909 11.135548808
-5.332512167 11.121570333
-5.356283326 11.106894227
-5.373026489 11.099762879
-5.390131388 11.094698589
-5.48976355 11.082115377
-5.504232951 11.072684428
-5.507333537 11.056948954
-5.50560248 11.047984824
-5.495602987 10.996203308
-5.501804158 10.970210063
-5.479118205 10.975532736
-5.46557898 10.947885844
-5.447027141 10.87799347
-5.435089884 10.856909485
-5.431420858 10.844688009
-5.445321818 10.786991273
-5.44501176 10.778568014
-5.4464587 10.768697815
-5.45296993 10.763969421
-5.461186483 10.760042013
-5.467956096 10.752678121
-5.473072062 10.737872823
-5.482632202 10.684232687
-5.482115438 10.675215149
-5.4771545 10.658807882
-5.475914266 10.650384623
-5.460566366 10.644571024
-5.47048824 10.635605164
-5.477412883 10.619559632
-5.478549764 10.604237569
-5.471056681 10.597364604
-5.468111125 10.587830302
-5.48165035 10.535327047
-5.505163127 10.499179383
-5.508987183 10.490936992
-5.517100383 10.439984029
-5.522578085 10.42548879
-5.549708212 10.435643209
-5.571722372 10.449880066
-5.584383098 10.454246725
-5.59404659 10.453936666
-5.621796835 10.44693451
-5.677555705 10.441508484
-5.806281698 10.41347402
-5.878060262 10.376060283
-5.89330481 10.365027364
-5.904828654 10.348284201
-5.908962768 10.330068258
-5.904725301 10.275291239
-5.916404175 10.266635437
-5.963016317 10.282732645
-5.974746867 10.273637594
-5.978312541 10.2486262
-5.985237183 10.227283834
-5.997122763 10.208189392
-6.015932983 10.189870097
-6.105333211 10.189275818
-6.180884155 10.215837504
-6.194320028 10.224183248
-6.214008749 10.247851054
-6.224809123 10.255034078
-6.240001994 10.251933492
-6.243309286 10.289011333
-6.240673788 10.302576396
-6.22832312 10.316089783
-6.225894328 10.314487813
-6.221140096 10.310353699
-6.214370484 10.307795716
-6.20615393 10.310818787
-6.203983521 10.316038107
-6.205378784 10.322626851
-6.207807577 10.328517965
-6.208324341 10.331980286
-6.183933065 10.358852031
-6.198764201 10.370815125
-6.195663615 10.389211934
-6.180574097 10.420217794
-6.196903849 10.439157207
-6.200366171 10.448769023
-6.19819576 10.457398987
-6.187498738 10.475408224
-6.185793417 10.481325176
-6.190289266 10.491143698
-6.196128703 10.494683533
-6.204190227 10.494373474
-6.215662394 10.492616476
-6.222432007 10.494631857
-6.228168091 10.500574646
-6.233490764 10.507576802
-6.238658407 10.512744446
-6.247650106 10.513829651
-6.256021688 10.511607565
-6.261292684 10.514088033
-6.260930949 10.529151714
-6.256228393 10.537239075
-6.237934936 10.55194102
-6.231372029 10.560235088
-6.230028442 10.572043152
-6.232870646 10.584109599
-6.238658407 10.597984721
-6.230700236 10.606924744
-6.219796509 10.611859843
-6.209771281 10.617750957
-6.204448608 10.629610698
-6.207807577 10.63754303
-6.216902628 10.645087789
-6.227754679 10.650849711
-6.246616577 10.657619324
-6.249458781 10.665603332
-6.244446167 10.706866964
-6.245841431 10.720742086
-6.255970012 10.72647817
-6.279999552 10.723274231
-6.303564006 10.713171489
-6.322219198 10.700484925
-6.341701212 10.691441549
-6.367539429 10.692268372
-6.388054972 10.695523987
-6.409810751 10.694387106
-6.427019003 10.686093038
-6.433995321 10.667928772
-6.435855672 10.62870636
-6.430688029 10.614960429
-6.419060832 10.607699891
-6.406658488 10.601860453
-6.399217082 10.592481181
-6.402782756 10.569123434
-6.421489624 10.556591899
-6.445984253 10.552251078
-6.466964884 10.55354299
-6.521380168 10.564214172
-6.537554891 10.569691874
-6.578069214 10.591137594
-6.598584758 10.604909363
-6.6136226 10.618474426
-6.633983114 10.653020122
-6.647108928 10.661340027
-6.669174764 10.654157003
-6.667882854 10.650901387
-6.681938843 10.627388611
-6.684212606 10.626561788
-6.688966837 10.607854919
-6.691085572 10.589432271
-6.68922522 10.580931498
-6.68560787 10.574006857
-6.682817343 10.565971171
-6.68777828 10.520470072
-6.697545125 10.488301494
-6.695788127 10.471196594
-6.683075724 10.451688741
-6.675634318 10.447864686
-6.664627238 10.444557394
-6.653981893 10.440035706
-6.647780722 10.432697653
-6.64793575 10.42187144
-6.653051717 10.413060608
-6.659614624 10.40536082
-6.663955445 10.397996928
-6.668270004 10.365839977
-6.668916382 10.361022441
-6.677391317 10.349033509
-6.700335653 10.341669617
-6.722556519 10.344046733
-6.760228638 10.36611257
-6.782087769 10.373037212
-6.803895223 10.370866801
-6.86275468 10.343840027
-6.882029988 10.341256206
-6.938719035 10.348335877
-6.96124996 10.344873556
-6.973135538 10.332290344
-6.997113403 10.252760316
-6.994891317 10.239401958
-6.984297649 10.23038442
-6.971171835 10.222064514
-6.961611694 10.211031596
-6.959389608 10.185503439
-6.971636923 10.164419454
-6.992410848 10.149097392
-7.015768595 10.140880839
-7.040521606 10.140054017
-7.058246623 10.155970358
-7.073129435 10.17852712
-7.089459188 10.197569886
-7.106357381 10.207259216
-7.204749309 10.234492696
-7.284020955 10.246559143
-7.346962851 10.247902731
-7.363395955 10.252191875
-7.371819214 10.264516704
-7.372697714 10.288597921
-7.366341512 10.329448141
-7.372335978 10.344770203
-7.395021932 10.346217143
-7.422203736 10.336088562
-7.431402141 10.333737284
-7.444424601 10.334202372
-7.445768188 10.340377706
-7.44328772 10.349963685
-7.444682984 10.360815735
-7.461477824 10.388643493
-7.465456909 10.398617045
-7.46618038 10.407479554
-7.465353556 10.417995708
-7.46618038 10.429493713
-7.471606405 10.441095072
-7.480236369 10.450293477
-7.489848185 10.456107076
-7.501475383 10.458639221
-7.515841431 10.457812399
-7.539612589 10.427633362
-7.547415731 10.420502015
-7.556381592 10.417272237
-7.574339152 10.41753062
-7.584416057 10.416522929
-7.607773804 10.418719177
-7.643688925 10.440474955
-7.664411173 10.437141825
-7.670043904 10.428770244
-7.673971314 10.416393738
-7.679035604 10.405929261
-7.68792395 10.403087057
-7.69980953 10.404533997
-7.7086462 10.402466939
-7.722288778 10.391330669
-7.722288778 10.384483541
-7.726784627 10.382881571
-7.736034709 10.378282369
-7.7239941 10.363606262
-7.735337077 10.347095642
-7.757428751 10.334047343
-7.77758256 10.329861552
-7.76440507 10.312911682
-7.776342326 10.292732036
-7.778254354 10.278340149
-7.783835409 10.270433655
-7.791225138 10.265782776
-7.797736369 10.260279236
-7.801250367 10.249453024
-7.805074422 10.241830749
-7.82900061 10.211651713
-7.838664104 10.203719381
-7.847423258 10.197931621
-7.857215943 10.194417623
-7.882847453 10.190826111
-7.892252564 10.184831644
-7.910959432 10.16940623
-7.929046183 10.160957133
-7.949871786 10.155427755
-7.970904094 10.15506602
-7.989662639 10.161990662
-7.968010214 10.209998068
-7.962584188 10.233252462
-7.964599569 10.258935649
-7.971214152 10.28180247
-7.981549439 10.307020569
-7.996277221 10.328259583
-8.015707561 10.339344178
-8.070071167 10.341876322
-8.096116089 10.346733907
-8.115494751 10.360247295
-8.120920777 10.373037212
-8.122109334 10.399495544
-8.125416626 10.411665345
-8.135441854 10.427323303
-8.142056437 10.429648743
-8.150583048 10.424532776
-8.165982625 10.41809906
-8.189030314 10.413629048
-8.210579387 10.414068299
-8.228872844 10.423421733
-8.253884237 10.469827169
-8.284425008 10.51124583
-8.295535441 10.53744578
-8.311141724 10.735289002
-8.315585897 10.753091532
-8.341940878 10.763245952
-8.339822143 10.783864848
-8.318893189 10.839520366
-8.311813517 10.847245993
-8.305870728 10.856289368
-8.303648641 10.874892883
-8.305095582 10.978245748
-8.311141724 11.000802511
-8.326592977 11.023850199
-8.347315226 11.043125509
-8.369329386 11.054235941
-8.381318319 11.053925883
-8.400645304 11.043332215
-8.410463826 11.041911113
-8.429067342 11.048293152
-8.438162394 11.049740092
-8.448704386 11.047104595
-8.469013225 11.046381124
-8.48906368 11.052737325
-8.505755168 11.052789001
-8.53164506 10.999045512
-8.541566936 10.983775127
-8.559550334 10.971605326
-8.575621704 10.966747742
-8.593346721 10.964706522
-8.611381795 10.965145773
-8.628228312 10.967832947
-8.647968709 10.965817566
-8.665228638 10.956955058
-8.680938273 10.952304179
-8.696234497 10.962742819
-8.700730347 10.978452454
-8.696906291 10.996048279
-8.688689738 11.012558899
-8.679801392 11.025193786
-8.633680176 11.071289165
-8.623112345 11.091262106
-8.622388876 11.102605083
-8.62492102 11.112191061
-8.624610962 11.122035421
-8.615412557 11.134050191
-8.607221843 11.137150777
-8.586990519 11.137460836
-8.578153849 11.142060039
-8.569678915 11.157795512
-8.563942831 11.193426412
-8.551798869 11.210738017
-8.544615845 11.214975485
-8.524100301 11.223760478
-8.515625366 11.229057312
-8.512059693 11.230297547
-8.502137818 11.231176046
-8.498778849 11.233501486
-8.497021851 11.240710348
-8.499243937 11.246704814
-8.502344524 11.251639913
-8.50311967 11.255412293
-8.492577678 11.277788188
-8.483224244 11.284919536
-8.444570272 11.276263733
-8.426896932 11.274196676
-8.406691447 11.275281881
-8.38839799 11.281405538
-8.376719116 11.294660543
-8.371034709 11.320550436
-8.381266643 11.325097961
-8.3995601 11.322152405
-8.417956909 11.325511373
-8.426070109 11.3404717
-8.414132853 11.353468323
-8.393358928 11.363002625
-8.375323852 11.367653504
-8.397648072 11.385895285
-8.427723755 11.400080465
-8.488133504 11.418193055
-8.515780396 11.418968201
-8.527562623 11.423386536
-8.535520793 11.438088481
-8.539424992 11.456312043
-8.543995728 11.47764679
-8.549576783 11.490126648
-8.575208293 11.470282898
-8.60218339 11.472091573
-8.656753703 11.496431173
-8.667967489 11.510874736
-8.679026246 11.529839986
-8.687346151 11.550019633
-8.690705119 11.56802887
-8.712874308 11.640065816
-8.726516887 11.649470927
-8.74036617 11.646163635
-8.756540894 11.638825582
-8.777211467 11.635931702
-8.795194865 11.641926168
-8.811679647 11.65174469
-8.828526164 11.659186096
-8.847233033 11.657945862
-8.79700354 11.913227438
-8.797830363 11.925113017
-8.803204712 11.934931539
-8.809974324 11.944440002
-8.814909424 11.955395407
-8.816433879 11.976841126
-8.815452027 11.995703023
-8.819792846 12.012652893
-8.837982951 12.028155823
-8.858756877 12.031824849
-8.881649536 12.029189352
-8.903715373 12.030377909
-8.922112183 12.045364075
-8.926297974 12.064277649
-8.921957154 12.086033427
-8.906970988 12.125359192
-8.906040812 12.147735087
-8.91389563 12.1698526
-8.927021444 12.18737091
-8.942007609 12.195845845
-8.96169633 12.187991028
-8.973840292 12.187577617
-8.981178345 12.198946432
-8.984537313 12.208919983
-8.994278321 12.224836324
-8.997559774 12.234809876
-8.995906128 12.261009827
-8.985260783 12.282093812
-8.972134969 12.301989238
-8.963091594 12.324210104
-8.964745239 12.34627594
-8.975907348 12.368703511
-8.993839071 12.387513733
-9.027765493 12.404751097
-9.147318075 12.465493469
-9.189486043 12.4792394
-9.26586381 12.495207418
-9.278937948 12.494432271
-9.286379354 12.488127747
-9.294079143 12.483786926
-9.308186808 12.48895457
-9.321519328 12.496602682
-9.327307089 12.497532858
-9.334180054 12.496292623
-9.350871541 12.484613749
-9.398155477 12.473244935
-9.412573202 12.455364889
-9.407250529 12.445132955
-9.392781128 12.428028056
-9.374694377 12.411129863
-9.347150838 12.396453756
-9.344463664 12.38901235
-9.3439469 12.380124003
-9.33916683 12.370615539
-9.331647908 12.366326396
-9.314801391 12.362657369
-9.30916866 12.357748108
-9.308496867 12.345035706
-9.312889363 12.326070455
-9.321829386 12.310205791
-9.335006877 12.306536763
-9.331906291 12.282765605
-9.336815552 12.269846497
-9.360173299 12.246643779
-9.421513224 12.257082418
-9.438876506 12.254756978
-9.479597535 12.235843405
-9.495875611 12.224681295
-9.515616008 12.207059631
-9.628167277 12.170162659
-9.65999996 12.149802145
-9.675141154 12.133989157
-9.682272502 12.118537903
-9.683667765 12.10148468
-9.681549032 12.080814107
-9.686303263 12.068153381
-9.69880896 12.050996806
-9.72299353 12.025416972
-9.778649048 12.026657206
-9.796632446 12.032341614
-9.806812704 12.038439433
-9.823039103 12.050893453
-9.833684448 12.05513092
-9.840660767 12.055027568
-9.861124634 12.051875305
-9.870736451 12.052082011
-9.888771525 12.060556946
-9.923188029 12.08758372
-9.941533162 12.092751363
-9.961583618 12.096006979
-9.996413534 12.114145406
-10.015533814 12.11988149
-10.027677775 12.12566925
-10.048089966 12.141378886
-10.060182252 12.147528382
-10.070362509 12.149853821
-10.087002319 12.150577291
-10.090340014 12.151583631
-10.097285929 12.153677877
-10.105192423 12.158638815
-10.118835002 12.170162659
-10.128653524 12.174503479
-10.135836548 12.175485332
-10.160227824 12.174503479
-10.179761516 12.178224182
-10.214849813 12.194605611
-10.247819377 12.201065165
-10.254123902 12.207214661
-10.258981486 12.213777568
-10.266939657 12.217808329
-10.304973511 12.20287384
-10.311019654 12.191039938
-10.313603475 12.19114329
-10.316497355 12.196879374
-10.323577027 12.201995341
-10.325592408 12.199773255
-10.329881551 12.19041982
-10.339338338 12.185458883
-10.348433391 12.184787089
-10.354117798 12.18085968
-10.353394328 12.166493632
-10.368225464 12.171506246
-10.374840047 12.174813538
-10.381402954 12.18013621
-10.394580444 12.171609599
-10.428945272 12.143394267
-10.435973267 12.135177714
-10.445688436 12.120708313
-10.493489136 12.124429016
-10.511627564 12.118072815
-10.512661092 12.108460999
-10.50444454 12.088358866
-10.507958537 12.084586487
-10.517311971 12.080349019
-10.517673707 12.070737203
-10.514883179 12.060143535
-10.515089884 12.052908834
-10.535398723 12.038697815
-10.555449178 12.029344381
-10.566507935 12.017252095
-10.55947994 11.99518626
-10.57498287 11.990328675
-10.595653443 11.979890035
-10.61379187 11.967694397
-10.621543335 11.957669169
-10.625264039 11.943871562
-10.634152385 11.925423076
-10.645159465 11.908369853
-10.65508134 11.898964742
-10.669964152 11.8920401
-10.711356974 11.890386455
-10.740347453 11.919893698
-10.781016805 11.996219787
-10.807785197 12.02283315
-10.812436076 12.033426819
-10.811040812 12.041540019
-10.80122229 12.059213359
-10.798535116 12.068101706
-10.804942993 12.095955302
-10.822926392 12.11047638
-10.846387492 12.121380107
-10.869641887 12.138433329
-10.909794475 12.20013499
-10.92767452 12.212950745
-10.952117472 12.219461976
-10.972012899 12.218583476
-11.015472779 12.204424134
-11.03877885 12.205250956
-11.052318075 12.202512106
-11.059811158 12.192435202
-11.072781942 12.149492086
-11.084305786 12.136572978
-11.116603556 12.113731995
-11.117477125 12.112701843
-11.122081259 12.107272441
-11.136292277 12.085103251
-11.144250448 12.081330872
-11.152725383 12.080865784
-11.159391643 12.077506815
-11.16564449 12.04861969
-11.176341512 12.02949941
-11.191172649 12.014409892
-11.206985637 12.010172425
-11.223315389 12.009293925
-11.255509806 11.996168111
-11.274991821 11.996271464
-11.294680542 12.003092754
-11.315144409 12.013324687
-11.334678101 12.026192118
-11.351317912 12.040403138
-11.391728882 12.093733216
-11.409557251 12.107892558
-11.470793823 12.134609273
-11.489604045 12.151197408
-11.507794149 12.191608378
-11.491671102 12.220908916
-11.463249065 12.24995107
-11.444593873 12.289483541
-11.444903931 12.31253123
-11.451466838 12.352115377
-11.44722937 12.374542949
-11.431674764 12.382966207
-11.407593547 12.381932678
-11.388628296 12.384464824
-11.388421591 12.403895162
-11.386561239 12.430456848
-11.379791626 12.456863505
-11.377776245 12.480221253
-11.390436971 12.497532858
-11.392607382 12.49184845
-11.400513876 12.479549459
-11.402374227 12.488541158
-11.408678751 12.504922587
-11.410849162 12.513345846
-11.416998658 12.529313864
-11.424750122 12.526368307
-11.430382853 12.515722962
-11.429814412 12.508333232
-11.437875936 12.515361227
-11.449451457 12.535204976
-11.456686158 12.539752502
-11.46779659 12.543524882
-11.460613566 12.549829407
-11.439839641 12.559286194
-11.437359172 12.570758362
-11.438599406 12.577993063
-11.440924845 12.584866028
-11.441803345 12.595511373
-11.436635702 12.627085674
-11.436842407 12.637472636
-11.441751669 12.647756246
-11.44955481 12.653182272
-11.457151246 12.655972799
-11.460975301 12.658401592
-11.461905477 12.673129374
-11.455755982 12.680622457
-11.44795284 12.68594513
-11.437359172 12.712248433
-11.424181681 12.716382549
-11.410332398 12.71881134
-11.402167521 12.731730449
-11.404027873 12.741213074
-11.414569865 12.759713236
-11.414569865 12.764209087
-11.407593547 12.771469625
-11.405423136 12.782347514
-11.406353312 12.79428477
-11.408472046 12.804490865
-11.411675985 12.812888286
-11.416016806 12.820071309
-11.419685832 12.824670512
-11.420977743 12.82557485
-11.423458212 12.826401672
-11.428160767 12.82702179
-11.432088175 12.829347229
-11.432501587 12.835522563
-11.430021119 12.841051941
-11.427023885 12.845237732
-11.425473592 12.849552715
-11.428625855 12.865804952
-11.424905152 12.876166077
-11.419324097 12.886501364
-11.415138306 12.896655782
-11.417308716 12.901952617
-11.423096477 12.907068584
-11.427954061 12.912494609
-11.427230591 12.918618266
-11.420667684 12.92202891
-11.413588013 12.919703471
-11.407283488 12.916292826
-11.402890992 12.916396179
-11.39420935 12.923320821
-11.387801473 12.927119039
-11.384442505 12.933113505
-11.386561239 12.95910675
-11.388835002 12.97055308
-11.393434204 12.980810852
-11.401805786 12.989492493
-11.404234579 12.972103373
-11.411520955 12.96070872
-11.423096477 12.956006165
-11.438702759 12.958900045
-11.435963908 12.968847758
-11.433535116 12.988355612
-11.433431762 12.996959738
-11.430124471 13.000990499
-11.424543416 13.005202129
-11.422993124 13.009413757
-11.431674764 13.013470358
-11.43565385 13.016725973
-11.439529582 13.023004659
-11.445162313 13.035226135
-11.458959921 13.054682312
-11.456944539 13.060444234
-11.451415161 13.068066509
-11.450278279 13.075094503
-11.460820272 13.079176941
-11.477098348 13.083285218
-11.489707398 13.0907783
-11.501541301 13.099589132
-11.515390584 13.107754008
-11.533063924 13.111810608
-11.538076539 13.128011169
-11.538541626 13.162970276
-11.547843384 13.176199443
-11.559728963 13.186922302
-11.56934078 13.199195456
-11.572338013 13.217101339
-11.568565633 13.227901714
-11.555801555 13.24591095
-11.554251262 13.256866353
-11.558540406 13.266504008
-11.581174682 13.286141052
-11.605824341 13.319653219
-11.613007365 13.339057719
-11.613110718 13.360813497
-11.620345419 13.357532044
-11.632902792 13.354379782
-11.643961548 13.355594177
-11.646597046 13.365516052
-11.645253459 13.379752909
-11.649800985 13.384119568
-11.674967408 13.383215231
-11.694501099 13.379184468
-11.704009562 13.380373027
-11.71403479 13.388098653
-11.719770874 13.397891337
-11.726902222 13.405797832
-11.741216594 13.407813212
-11.756512817 13.399803365
-11.766589722 13.383163554
-11.772532512 13.362673848
-11.775116333 13.343346863
-11.817077597 13.312341004
-11.822555298 13.306708272
-11.828136353 13.307276713
-11.840021932 13.316888529
-11.844569458 13.32383901
-11.85077063 13.343140157
-11.854594686 13.350555726
-11.862346151 13.356085104
-11.888804484 13.368875021
-11.897589477 13.371174622
-11.899966593 13.382181702
-11.885652222 13.435770162
-11.883481812 13.453546855
-11.890406454 13.465148214
-11.898467977 13.468507182
-11.907718059 13.469644063
-11.918156697 13.474708354
-11.923841105 13.481142069
-11.932729452 13.496050721
-11.939033977 13.502949524
-11.996808228 13.544161479
-12.015153361 13.564444478
-12.03732255 13.598266703
-12.049828248 13.634362691
-12.070395468 13.673249207
-12.083883016 13.692963766
-12.097628947 13.704410095
-12.012311158 13.751177267
-11.97882483 13.784818624
-11.962908489 13.829467062
-11.956965698 13.870007222
-11.95681067 13.890341898
-11.962908489 13.90915212
-11.980375122 13.929641826
-11.999030314 13.943568624
-12.01530839 13.959304097
-12.025333618 13.985245667
-12.025230265 14.026741842
-12.002751017 14.103455505
-11.995412964 14.144021505
-11.997583374 14.166164856
-12.034480346 14.250268249
-12.044298869 14.264918518
-12.058354858 14.274091085
-12.097783976 14.28806956
-12.109979615 14.298146464
-12.119591431 14.310574646
-12.127807984 14.324294739
-12.113028524 14.329591573
-12.108687704 14.342019755
-12.115612346 14.355119731
-12.208836629 14.388761088
-12.221729899 14.391241557
-12.219869547 14.434598084
-12.222427531 14.45493276
-12.23418392 14.498573507
-12.236431844 14.519450785
-12.230385701 14.536684876
-12.211472128 14.547976176
-12.20418575 14.554254862
-12.201446899 14.565184428
-12.200465047 14.577354228
-12.19839799 14.587560324
-12.191008261 14.597998962
-12.171526245 14.61642161
-12.16594519 14.625180766
-12.165015015 14.641872253
-12.17261145 14.647918396
-12.182791707 14.650243835
-12.189819702 14.655954082
-12.192196818 14.666883647
-12.19028479 14.673653259
-12.185840617 14.680810446
-12.180311238 14.692825216
-12.191421672 14.693445333
-12.207648072 14.696597595
-12.222815104 14.703289693
-12.230489054 14.714555155
-12.236612712 14.728456116
-12.256508138 14.745793559
-12.264130412 14.774939067
-12.246792969 14.767006734
-12.224778809 14.763441061
-12.203255574 14.766179912
-12.160209106 14.781011047
-12.13886674 14.784525045
-12.123673869 14.776644389
-12.081454224 14.740031637
-12.070395468 14.734398906
-12.062333944 14.746258647
-12.057062948 14.761942444
-12.049673218 14.76721344
-12.031069703 14.762820943
-12.011070923 14.762743429
-11.991485555 14.768040263
-11.973967245 14.779848328
-11.950299439 14.811551819
-11.935985067 14.823618266
-11.895729126 14.832067363
-11.877487345 14.84152415
-11.862604533 14.854081523
-11.854698039 14.86731069
-11.850822306 14.876483256
-11.845602987 14.883227031
-11.84048702 14.888498027
-11.837076376 14.893097229
-11.83309729 14.894699199
-11.826069295 14.89655955
-11.820384888 14.899970195
-11.820436564 14.90640391
-11.827361207 14.915576477
-11.830100057 14.920330709
-11.83092688 14.926428528
-11.825810913 14.962472839
-11.820591594 14.980275371
-11.813201864 14.995933329
-11.813201864 14.996088359
-11.81108313 15.014304302
-11.813770305 15.028541159
-11.821160035 15.039754944
-11.832838908 15.049005026
-11.839195109 15.049005026
-11.844466105 15.044328308
-11.851029012 15.041951192
-11.860899211 15.049005026
-11.859142213 15.054069316
-11.856765097 15.084248352
-11.845137899 15.124555969
-11.844207724 15.134839579
-11.847308309 15.148740539
-11.848186808 15.15814565
-11.845654663 15.179074606
-11.826792766 15.232559713
-11.821056681 15.28010203
-11.816922567 15.296095887
-11.783487915 15.365884908
-11.767674927 15.437198385
-11.754859172 15.469082744
-11.729434367 15.496057841
-11.727057251 15.506987406
-11.727057251 15.541171367
-11.701739991 15.537424767
-11.697550008 15.536804708
-11.670833293 15.528407288
-11.644116578 15.526443583
-11.614867716 15.541171367
-11.579210979 15.577964986
-11.562571167 15.587240906
-11.535957804 15.594914856
-11.524278931 15.600289205
-11.515390584 15.610081889
-11.513116822 15.615042826
-11.512341675 15.620184632
-11.513116822 15.62527476
-11.515390584 15.630261536
-11.519576375 15.632742005
-11.52298702 15.635248312
-11.525622518 15.638348897
-11.527327841 15.642560527
-11.524382284 15.643464864
-11.515390584 15.644420878
-11.45823645 15.63294871
-11.434827026 15.62338857
-11.409557251 15.602201233
-11.316901408 15.471666565
-11.29819454 15.451047669
-11.045393433 15.270205994
-11.012733928 15.239587708
-10.985190389 15.187497864
-10.948035034 15.151996155
-10.915168823 15.102903544
-10.9062288 15.1197759
-10.8908809 15.176749166
-10.882250936 15.192846375
-10.855327515 15.217651062
-10.844062052 15.234549255
-10.83439856 15.271394552
-10.827215535 15.287698466
-10.811040812 15.303123882
-10.800188761 15.306844585
-10.790111857 15.306844585
-10.781740276 15.308420716
-10.770681518 15.324672953
-10.754506795 15.333638815
-10.746807007 15.341131897
-10.738900512 15.362164205
-10.740140748 15.403582866
-10.736368368 15.42262563
-10.725361287 15.43306427
-10.709186564 15.433865255
-10.648880168 15.424873556
-10.60712561 15.424434306
-10.587385214 15.427250672
-10.584746268 15.428127152
-10.551521769 15.439162089
-10.534985311 15.441694235
-10.515503296 15.437740988
-10.500413778 15.440350647
-10.398404501 15.438697001
-10.370757609 15.43350352
-10.322646851 15.437095032
-10.308745891 15.435208842
-10.223221395 15.402032573
-10.214488078 15.401980896
-10.196091268 15.405288188
-10.188391479 15.404719747
-10.167979289 15.395185445
-10.131599081 15.372628683
-10.10829301 15.365884908
-10.067623658 15.364748026
-9.951403361 15.381206971
-9.835596476 15.371104228
-9.797355917 15.380302633
-9.740718547 15.412600403
-9.720823121 15.420920309
-9.672118083 15.430661316
-9.42389034 15.440531515
-9.435879272 15.495902812
-9.435879272 15.495954489
-9.45184729 15.559206441
-9.45169226 15.588326111
-9.437016154 15.614887798
-9.375934611 15.685917053
-9.356452596 15.69785431
-9.332423056 15.6875707
-9.329322469 15.655247091
-9.342965047 15.586930847
-9.349217896 15.49564443
-9.175843466 15.495592753
-9.141378709 15.495581427
-9.018592082 15.495541076
-9.003215639 15.495526284
-8.911156779 15.495437724
-8.843408977 15.495437724
-8.769253297 15.495437724
-8.689309856 15.495437724
-8.603940389 15.495386048
-8.470201782 15.495282695
-8.327006389 15.495282695
-8.175801147 15.49520518
-8.017826294 15.495127665
-7.854528768 15.495075989
-7.687200481 15.495024313
-7.517236694 15.494972636
-7.345877645 15.49492096
-7.174518596 15.494817607
-7.004503133 15.494817607
-6.837174845 15.494740093
-6.673928996 15.494662577
-6.516005819 15.494610901
-6.364748901 15.494559225
-6.320144865 15.494543123
-6.221605184 15.494507549
-6.087814901 15.494455872
-6.010817016 15.494378357
-5.93821163 15.494352519
-5.870257121 15.494352519
-5.807315227 15.494352519
-5.673163208 15.494300842
-5.515963501 15.494249166
-5.515601766 15.494145813
-5.515291708 15.494042461
-5.514981649 15.493913269
-5.51467159 15.493835755
-5.514361532 15.493732401
-5.514051473 15.493629049
-5.513741415 15.493525696
-5.51337968 15.493422343
-5.513121297 15.493422343
-5.512966268 15.493422343
-5.512759562 15.493422343
-5.512552856 15.493422343
-5.512294474 15.493422343
-5.512191121 15.493422343
-5.51193274 15.493422343
-5.511726034 15.493422343
-5.51162268 15.493525696
-5.511519328 15.493680725
-5.511364299 15.493732401
-5.511312622 15.493887431
-5.511260946 15.493990784
-5.511105917 15.494042461
-5.510950887 15.494197489
-5.510950887 15.494300842
-5.510950887 15.494507549
-5.510950887 15.494662577
-5.510950887 15.494817607
-5.510950887 15.495075989
-5.510950887 15.495282695
-5.510950887 15.495437724
-5.510950887 15.495670268
-5.510950887 15.495902812
-5.509917359 15.500812073
-5.508987183 15.505695496
-5.508761371 15.506899828
-5.508057007 15.510656434
-5.507075155 15.515539857
-5.488368286 15.61266571
-5.469558065 15.709791565
-5.45079952 15.806839905
-5.431989299 15.903939922
-5.413799195 15.998559469
-5.395454061 16.093179017
-5.37721228 16.187798564
-5.358918823 16.282366435
-5.353286092 16.311977031
-5.354267944 16.318384908
-5.355301473 16.324792786
-5.360107382 16.329908752
-5.364913289 16.334921367
-5.404962525 16.361689758
-5.445941935 16.389026591
-5.485371054 16.415433248
-5.529709432 16.444992167
-5.566503052 16.469486797
-5.605880494 16.495893453
-5.614562134 16.511861471
-5.623347127 16.527829489
-5.627687948 16.568137106
-5.637609823 16.658364156
-5.647583374 16.748642883
-5.657453572 16.838818257
-5.667323771 16.929096985
-5.677297323 17.019324036
-5.687167522 17.10949941
-5.69703772 17.199726461
-5.706959595 17.289953512
-5.716933146 17.380180562
-5.726803345 17.470355937
-5.736673544 17.560582988
-5.746647095 17.650758362
-5.756465617 17.741037089
-5.766387492 17.83126414
-5.776361043 17.921439514
-5.786179566 18.011666565
-5.796359823 18.104374085
-5.80654008 18.197081604
-5.816772014 18.289892477
-5.826952271 18.38254832
-5.837080851 18.475333354
-5.847364461 18.568066712
-5.857544718 18.66080007
-5.8676733 18.753585104
-5.87780188 18.846318462
-5.888033814 18.939051819
-5.898214071 19.031785177
-5.908394328 19.124570211
-5.914802206 19.182887065
-5.921210083 19.241229757
-5.927566284 19.299546611
-5.934025839 19.35794098
-5.949115356 19.495477804
-5.949115356 19.49552948
-5.949115356 19.495581157
-5.949115356 19.495632833
-5.963533081 19.620612285
-5.977847453 19.745617574
-5.992161824 19.870597025
-6.006579549 19.995524801
-6.020945598 20.120530091
-6.035363322 20.245483704
-6.049677694 20.370488993
-6.064095418 20.495442607
-6.076756144 20.603342997
-6.083577434 20.661892395
-6.098615275 20.790721741
-6.113704793 20.919551087
-6.120526083 20.978203837
-6.134633748 21.098868307
-6.148741414 21.219532776
-6.162900757 21.340197246
-6.177008423 21.460861715
-6.191116089 21.581577861
-6.205223755 21.70224233
-6.219383097 21.822855123
-6.233490764 21.943571269
-6.24759843 22.064235738
-6.261706096 22.184951884
-6.275865438 22.305616354
-6.289973104 22.426280823
-6.304132447 22.546996969
-6.318188436 22.667661438
-6.332296102 22.78830007
-6.346455444 22.908964539
-6.36056311 23.029654847
-6.3716342 23.123981336
-6.374722453 23.150293477
-6.388778443 23.270957947
-6.402937785 23.391674093
-6.417045451 23.512338563
-6.431204794 23.63302887
-6.44531246 23.753719177
-6.459420126 23.874409485
-6.466603149 23.936240337
-6.482571167 24.072304383
-6.498435832 24.208368428
-6.505670533 24.270276795
-6.506337959 24.275966855
-6.51585079 24.357067363
-6.525514282 24.436726583
-6.535177775 24.516359965
-6.544789592 24.595993347
-6.554453084 24.675549215
-6.564168253 24.755234274
-6.57378007 24.834867656
-6.583391886 24.914423523
-6.593107056 24.99413442
-6.371673543 24.994237773
-6.150188355 24.994341125
-5.928754842 24.994444479
-5.70732133 24.994599508
-5.485939494 24.994702861
-5.264454305 24.994806213
-5.043072469 24.994909566
-4.821613118 24.995064596
-4.821535604 24.994961243
-4.821354737 24.994806213
-4.821225546 24.994754537
