-67.873158332 18.053452867
-67.882557746 18.052557684
-67.891957161 18.053452867
-67.896229621 18.056341864
-67.902699348 18.065415757
-67.931141731 18.080511786
-67.937814908 18.094224351
-67.931304491 18.108710028
-67.919748502 18.114488023
-67.861887174 18.116115627
-67.855865038 18.114691473
-67.844349739 18.104559637
-67.844146288 18.09756094
-67.849761523 18.090643622
-67.859934049 18.073146877
-67.864165819 18.068752346
-67.867543098 18.064195054
-67.868885871 18.056341864
-67.873158332 18.053452867
-65.275746223 18.137152411
-65.283070442 18.133490302
-65.30980384 18.135199286
-65.316558398 18.13279857
-65.335560676 18.120266018
-65.3408097 18.114691473
-65.347727017 18.114691473
-65.35659746 18.122870184
-65.371205207 18.119533596
-65.390248176 18.111965236
-65.468576627 18.094427802
-65.484242317 18.087347723
-65.5048722 18.09365469
-65.536000129 18.09007396
-65.565093554 18.09393952
-65.580433723 18.122137762
-65.564930793 18.122626044
-65.559925911 18.122137762
-65.54015052 18.123765367
-65.520253059 18.130926825
-65.502186653 18.141262111
-65.487945116 18.15228913
-65.478505012 18.157049872
-65.398548957 18.169338283
-65.385812955 18.167181708
-65.351063606 18.155707098
-65.298573371 18.153713283
-65.285552538 18.148871161
-65.275746223 18.137152411
-65.256662564 18.323919989
-65.244618293 18.306545315
-65.247547981 18.305853583
-65.258290168 18.306545315
-65.251454231 18.299709377
-65.262115038 18.299221096
-65.270415819 18.301418361
-65.276031054 18.306341864
-65.278797981 18.313950914
-65.285552538 18.313950914
-65.276519335 18.29694245
-65.274810351 18.28900788
-65.278797981 18.279201565
-65.292591926 18.299953518
-65.334339973 18.337103583
-65.334055142 18.340643622
-65.309437629 18.340765692
-65.280913866 18.335272528
-65.256662564 18.323919989
-67.012359179 18.505764065
-66.90731564 18.485324843
-66.803456184 18.498277085
-66.789214648 18.496527411
-66.751698371 18.484035549
-66.736805793 18.483140367
-66.697661913 18.491441148
-66.640858528 18.496405341
-66.61432858 18.493231512
-66.587798632 18.484035549
-66.57144121 18.487005927
-66.507069465 18.486395575
-66.467437304 18.475287177
-66.382394986 18.491441148
-66.303863085 18.46881745
-66.258127408 18.481512762
-66.205189582 18.465399481
-66.193988622 18.473586567
-66.18089759 18.471502997
-66.173695442 18.462958075
-66.170074023 18.457342841
-66.161584085 18.453298221
-66.152007596 18.458723638
-66.144085163 18.468702418
-66.134144661 18.465887762
-66.137470202 18.452755932
-66.118080621 18.443026868
-66.114857551 18.433172919
-66.108469205 18.420640367
-66.093169726 18.419826565
-66.060210741 18.429388739
-66.060210741 18.436835028
-66.076771614 18.438869533
-66.09496009 18.447699286
-66.109364387 18.461411851
-66.121631157 18.473470242
-66.05589759 18.453802802
-66.039702929 18.450506903
-66.028184651 18.446870575
-66.012099754 18.443961815
-65.9977174 18.450184941
-65.988880989 18.463080145
-65.966216601 18.458441473
-65.920438428 18.445889431
-65.90482605 18.455924926
-65.892811653 18.453599351
-65.880523241 18.444810289
-65.848296679 18.437892971
-65.830799934 18.428697007
-65.81260563 18.410405382
-65.801625816 18.415443225
-65.794168807 18.425405872
-65.788347261 18.423249257
-65.787148322 18.418307081
-65.792317703 18.412763524
-65.796307177 18.405028206
-65.788777104 18.406737253
-65.778372096 18.4106693
-65.772027142 18.41457015
-65.755002427 18.391041037
-65.738107161 18.382365176
-65.724848544 18.391266958
-65.698014783 18.371110745
-65.663200288 18.366413598
-65.64574134 18.378404039
-65.63776608 18.385687567
-65.629383918 18.391058661
-65.621408658 18.389064846
-65.621001757 18.382269598
-65.630767382 18.332831122
-65.632964648 18.291001695
-65.628814257 18.279201565
-65.632923957 18.266913153
-65.625803189 18.259833075
-65.61759111 18.256343797
-65.603701909 18.262860527
-65.606586999 18.253609946
-65.603773208 18.246339934
-65.591763887 18.230884786
-65.602112123 18.22375335
-65.60353255 18.215270496
-65.61244262 18.214503295
-65.622218244 18.229263276
-65.633363363 18.229183494
-65.636994767 18.218570099
-65.627234645 18.205928744
-65.636830599 18.1980965
-65.648734772 18.200131146
-65.665516731 18.208441473
-65.682972786 18.202826239
-65.701283332 18.194240627
-65.721018033 18.189846096
-65.737538215 18.182684637
-65.7548722 18.166245835
-65.790289179 18.113972511
-65.793142092 18.087630827
-65.806996223 18.07029857
-65.812163866 18.067287502
-65.835275845 18.06248607
-65.840484179 18.056341864
-65.830269477 18.026906814
-65.849745718 18.009711121
-65.887177815 17.987726979
-65.939116991 17.970526434
-65.961659309 17.971014716
-65.984527148 17.975653387
-66.00499427 17.977525132
-66.017079231 17.975083726
-66.046538866 17.963853257
-66.053578254 17.963120835
-66.084095832 17.963853257
-66.104644335 17.958929755
-66.163238085 17.929144598
-66.175607877 17.928208726
-66.186634895 17.928615627
-66.19627845 17.927720445
-66.20421302 17.922919012
-66.208566861 17.929144598
-66.209828254 17.931870835
-66.210438606 17.936590887
-66.199574348 17.939601955
-66.197010871 17.944403387
-66.201161262 17.950506903
-66.210438606 17.9570987
-66.229888476 17.940415757
-66.241363085 17.937323309
-66.255523241 17.940659898
-66.283070442 17.943426825
-66.292591926 17.945746161
-66.297718879 17.951402085
-66.301380989 17.958197333
-66.306630012 17.963853257
-66.319162564 17.970363674
-66.328114387 17.972316799
-66.344471809 17.971340236
-66.367665168 17.966009833
-66.396148241 17.947251695
-66.416493293 17.949611721
-66.435902473 17.964016018
-66.452137825 17.982163804
-66.469146288 17.992661851
-66.48779986 17.988853697
-66.501969121 17.987115356
-66.512521939 17.982001044
-66.527007616 17.979315497
-66.55988522 17.977525132
-66.570423957 17.972357489
-66.580637174 17.965806382
-66.592518684 17.963568427
-66.608265754 17.971340236
-66.615305142 17.966742255
-66.622547981 17.963853257
-66.629383918 17.975165106
-66.646595832 17.97662995
-66.687408007 17.971340236
-66.694976366 17.973089911
-66.724964973 17.98436107
-66.765939908 17.98436107
-66.765126106 17.998032945
-66.774037239 18.002183335
-66.787464973 17.999335028
-66.800119595 17.991848049
-66.800119595 17.98436107
-66.78644772 17.98436107
-66.79796302 17.969305731
-66.81769772 17.958970445
-66.840565559 17.952704169
-66.861480273 17.949611721
-66.892648892 17.950669664
-66.907826301 17.94920482
-66.91901608 17.950140692
-66.924224413 17.949611721
-66.928212043 17.94554271
-66.929921028 17.938625393
-66.930409309 17.929144598
-66.949126757 17.931219794
-66.963246223 17.941066799
-66.985707161 17.963853257
-67.005959402 17.964910772
-67.028528303 17.968537713
-67.05271297 17.968166438
-67.067005989 17.97256094
-67.080922004 17.961249091
-67.097320116 17.952866929
-67.111968554 17.949611721
-67.124012825 17.951157945
-67.158559801 17.954568756
-67.180467248 17.96611846
-67.191221364 17.957993996
-67.184192354 17.935072253
-67.195073254 17.935682387
-67.20961021 17.956889788
-67.21477118 17.966335022
-67.214349171 17.994143776
-67.190500455 18.004828192
-67.183338996 18.008530992
-67.174224413 18.011175848
-67.166493293 18.015041408
-67.163197395 18.022528387
-67.167225715 18.027899481
-67.17686927 18.032700914
-67.190075599 18.030314326
-67.202875124 18.035716432
-67.202134047 18.054357831
-67.195400259 18.063768118
-67.185692599 18.070427421
-67.189740675 18.080609646
-67.193876797 18.097302159
-67.18324456 18.107688841
-67.183778285 18.139945037
-67.173695442 18.176174221
-67.165908947 18.184074226
-67.157535862 18.191734409
-67.151857831 18.203392396
-67.158465122 18.213957881
-67.171198296 18.224870282
-67.187082486 18.272772528
-67.196511529 18.291338513
-67.218828785 18.295573695
-67.236906283 18.299861808
-67.252774234 18.329337017
-67.26260071 18.343812572
-67.270842181 18.361826454
-67.268824857 18.368899978
-67.240267344 18.376812365
-67.217355924 18.386175848
-67.198394335 18.393703518
-67.184315559 18.402085679
-67.159451108 18.420910746
-67.158117999 18.443110832
-67.168698742 18.460604676
-67.170006636 18.486019825
-67.151682095 18.508937893
-67.101714648 18.522772528
-67.048451301 18.521144924
-67.012359179 18.505764065
