-12.595855273 7.612738348
-12.586048957 7.607611395
-12.547515429 7.608954169
-12.529652473 7.603827216
-12.515370246 7.594875393
-12.503529426 7.582586981
-12.492990689 7.568019924
-12.504383918 7.561021226
-12.505360481 7.549546617
-12.499134895 7.520209052
-12.501820442 7.502386786
-12.508656379 7.491848049
-12.517567512 7.481756903
-12.526437955 7.465562242
-12.527455207 7.449693101
-12.518869595 7.416571356
-12.519642707 7.404120184
-12.53233802 7.392482815
-12.549672004 7.389634507
-12.565785286 7.395656643
-12.574859179 7.41034577
-12.554432746 7.41034577
-12.568023241 7.435370184
-12.585560676 7.459906317
-12.605539517 7.478664455
-12.62608802 7.486029364
-12.640614387 7.487290757
-12.731800911 7.511297919
-12.764393684 7.527980861
-12.849232551 7.540676174
-12.951649543 7.568019924
-12.951649543 7.575425523
-12.914296028 7.584418036
-12.910308398 7.598089911
-12.898060676 7.610744533
-12.883290168 7.616400458
-12.84479733 7.622503973
-12.73566647 7.622544664
-12.718902148 7.62490469
-12.681141731 7.634670315
-12.621408658 7.639715887
-12.600697395 7.638169664
-12.581125455 7.630072333
-12.595855273 7.612738348
-11.167659872 9.884462383
-11.160270142 9.87275767
-11.085959432 9.826171366
-11.044928345 9.787129822
-11.010098429 9.742739766
-10.986327271 9.697755432
-10.97459672 9.663778178
-10.968498901 9.654243876
-10.962917847 9.650781556
-10.946639771 9.644838765
-10.94012854 9.639696961
-10.93578772 9.631893819
-10.929069784 9.605693868
-10.921680054 9.595901184
-10.896048543 9.578305359
-10.886333374 9.568409323
-10.882819377 9.560166931
-10.87770341 9.53267507
-10.870572063 9.52339915
-10.8601851 9.518541565
-10.852588664 9.512082011
-10.853673869 9.497870993
-10.859099894 9.47298879
-10.854862427 9.455263773
-10.8439587 9.44025177
-10.829075887 9.423947855
-10.813417928 9.413896789
-10.811454224 9.408264058
-10.822151245 9.400900167
-10.831763062 9.392141012
-10.819360718 9.388058574
-10.801687378 9.387283427
-10.795227824 9.388523662
-10.785409302 9.38723175
-10.774763957 9.387335103
-10.7654622 9.38521637
-10.753473267 9.367568868
-10.741536011 9.357052714
-10.728203491 9.348190206
-10.717764852 9.343332622
-10.675131796 9.306461487
-10.673839885 9.293981628
-10.67766394 9.282897034
-10.683451701 9.271812439
-10.688050903 9.259280904
-10.68794755 9.250702617
-10.683916789 9.233752747
-10.685208699 9.224502666
-10.69316687 9.21284963
-10.703760539 9.206312561
-10.714974325 9.201351624
-10.724741171 9.194504496
-10.74256954 9.163291931
-10.753473267 9.120116272
-10.746341919 9.083813578
-10.710426798 9.072987366
-10.669085653 9.074434306
-10.629346477 9.070351867
-10.605988729 9.063763123
-10.594103149 9.05409963
-10.593100658 9.047616856
-10.592179111 9.041657513
-10.59177771 9.039061788
-10.60712561 8.979840597
-10.611879842 8.945139872
-10.610122844 8.872301941
-10.608469197 8.862302552
-10.599374146 8.834035543
-10.599115763 8.829617208
-10.600200968 8.81902354
-10.599684204 8.815380351
-10.59627356 8.811246237
-10.589090536 8.806595358
-10.586300008 8.804089051
-10.545320598 8.750035502
-10.530231079 8.739157613
-10.524753378 8.729545797
-10.481861938 8.672469177
-10.48966508 8.651049296
-10.503307658 8.631567281
-10.522117879 8.618570659
-10.545165568 8.616761983
-10.56542273 8.612782898
-10.584646362 8.596840719
-10.600511027 8.575653382
-10.616479044 8.546507874
-10.631878621 8.532012635
-10.63885494 8.519894511
-10.641180379 8.506639506
-10.641077027 8.494779765
-10.643867554 8.486873271
-10.654667929 8.485503845
-10.669085653 8.399075013
-10.683813436 8.374864604
-10.70200354 8.353573914
-10.724999552 8.319855042
-10.735283162 8.28729889
-10.71518103 8.269599711
-10.707894654 8.303137715
-10.688154256 8.324066671
-10.659783895 8.333265076
-10.626710978 8.331508077
-10.611879842 8.325255229
-10.583251098 8.306910095
-10.57265743 8.304584656
-10.554363973 8.311845194
-10.519275675 8.33478953
-10.460209514 8.39215037
-10.447962199 8.407627462
-10.423777629 8.456565043
-10.414062459 8.470181783
-10.402383585 8.481007996
-10.389774536 8.489095357
-10.374736695 8.494779765
-10.344299276 8.499068909
-10.33758134 8.498552145
-10.310244507 8.49036143
-10.30223466 8.48586558
-10.293708049 8.483075053
-10.28223588 8.484625346
-10.282907674 8.432948914
-10.313655151 8.310346578
-10.331276815 8.272286885
-10.333292196 8.249755962
-10.326005819 8.221540629
-10.318151002 8.201645203
-10.320941529 8.183119202
-10.34553951 8.159348043
-10.364918173 8.148211772
-10.384555217 8.142113953
-10.405070761 8.139271749
-10.485737671 8.138858338
-10.50573645 8.135835266
-10.529249227 8.124285584
-10.54397701 8.106069642
-10.567179729 8.063204041
-10.577825073 8.053152975
-10.603146525 8.039226176
-10.612138225 8.031862284
-10.616220663 8.02250885
-10.617667603 8.0107783
-10.615187134 7.76903595
-10.63813147 7.765521952
-10.645417846 7.763041483
-10.692598429 7.737565003
-10.730580607 7.705473939
-10.864025143 7.543683809
-10.874602824 7.530859273
-10.885713257 7.522177633
-10.8989941 7.516493225
-10.937027954 7.507759909
-10.977904012 7.484918925
-11.126318726 7.368026836
-11.144213026 7.345193486
-11.2092594 7.262193502
-11.217889364 7.254080302
-11.30020992 7.217079977
-11.317211467 7.213565979
-11.352041382 7.159254049
-11.370128133 7.142614238
-11.373228719 7.138841858
-11.370593221 7.128403218
-11.356433879 7.10535553
-11.353126587 7.092798157
-11.355141968 7.08406484
-11.360464641 7.078638815
-11.367906047 7.07595164
-11.389713501 7.073522848
-11.39291744 7.066856588
-11.38930009 7.046702779
-11.391522176 7.03176829
-11.397723348 7.01280304
-11.407283488 6.996369934
-11.434671997 6.980815328
-11.438857788 6.963865458
-11.436739054 6.938544007
-11.44449052 6.933944804
-11.476185676 6.919419664
-11.492787239 6.932766018
-11.533924934 6.942124742
-11.553944465 6.952541408
-11.572906054 6.965806382
-11.588002082 6.978949286
-11.578968879 6.98041413
-11.574289517 6.982611395
-11.57127845 6.986314195
-11.56749427 6.992621161
-11.595529752 6.993312893
-11.607736783 6.991400458
-11.615874804 6.985785223
-11.62214108 6.985785223
-11.631214973 7.008246161
-11.645171679 7.022772528
-11.698150194 7.067043361
-11.839588996 7.148993231
-12.073719856 7.233587958
-12.314849413 7.329006252
-12.506581184 7.389837958
-12.476185676 7.415106512
-12.439605273 7.416489976
-12.402170377 7.404608466
-12.369455533 7.389837958
-12.371083137 7.39862702
-12.375884569 7.405015367
-12.383412239 7.409002997
-12.393299934 7.41034577
-12.401031054 7.412543036
-12.409169075 7.424709377
-12.417225715 7.430812893
-12.435902473 7.438177802
-12.44652259 7.439113674
-12.464263476 7.42963288
-12.472767707 7.433986721
-12.480946418 7.441229559
-12.4892472 7.445054429
-12.492421028 7.453599351
-12.483631965 7.472357489
-12.470773892 7.491156317
-12.451975064 7.507513739
-12.441517707 7.522853908
-12.428334114 7.533596096
-12.410389778 7.527655341
-12.39940345 7.532863674
-12.38780677 7.534572658
-12.362660286 7.534409898
-12.357533332 7.535549221
-12.345448371 7.539740302
-12.338734504 7.540676174
-12.331450976 7.538560289
-12.319325325 7.529527085
-12.314808723 7.527655341
-12.295074023 7.533107815
-12.278065559 7.543402411
-12.25885983 7.552394924
-12.232248502 7.553697007
-12.234283007 7.557114976
-12.236561653 7.564520575
-12.238433398 7.568019924
-12.220204231 7.573472398
-12.201771614 7.575995184
-12.188099739 7.583075262
-12.183827278 7.602728583
-12.191273567 7.602728583
-12.197499153 7.601223049
-12.20425371 7.600816148
-12.211293098 7.599758205
-12.218006965 7.595892645
-12.22386634 7.604966539
-12.225453254 7.608954169
-12.23534095 7.607082424
-12.246734179 7.606756903
-12.256255663 7.605169989
-12.260161913 7.599310614
-12.26276608 7.590643622
-12.269276496 7.586371161
-12.286854621 7.581610419
-12.298654752 7.575995184
-12.317860481 7.575425523
-12.327707486 7.573187567
-12.348255989 7.563421942
-12.370025194 7.559271552
-12.391346809 7.550482489
-12.40355384 7.547512111
-12.410023567 7.548163153
-12.430083788 7.552679755
-12.441070116 7.553697007
-12.463734504 7.561997789
-12.471058723 7.581122137
-12.476307746 7.602199611
-12.492990689 7.616400458
-12.492990689 7.622544664
-12.488026496 7.627142645
-12.485218879 7.63300202
-12.484486457 7.64069245
-12.48550371 7.650539455
-12.493031379 7.643744208
-12.500355598 7.639105536
-12.506988085 7.638576565
-12.51280677 7.644273179
-12.519642707 7.644273179
-12.519642707 7.630072333
-12.5439347 7.653550523
-12.531402148 7.687079169
-12.492990689 7.739935614
-12.476633267 7.731268622
-12.471262174 7.726263739
-12.464995898 7.733099677
-12.470936653 7.7461612
-12.471791145 7.759955145
-12.46593177 7.770575262
-12.451975064 7.774074611
-12.472157356 7.787665106
-12.490142382 7.771918036
-12.519642707 7.726263739
-12.569488085 7.69554271
-12.601877408 7.68378327
-12.616444465 7.69521719
-12.624175585 7.694769598
-12.688384569 7.70693594
-12.694813606 7.7070987
-12.701242642 7.708075262
-12.711415168 7.711981512
-12.75121009 7.739976304
-12.765736457 7.746568101
-12.778065559 7.755804755
-12.787180142 7.774074611
-12.790516731 7.792385158
-12.787505663 7.80459219
-12.777455207 7.813421942
-12.759836392 7.821844794
-12.777902799 7.818996486
-12.828724739 7.798285223
-12.875884569 7.828680731
-12.889312304 7.854803778
-12.898589648 7.865708726
-12.913726366 7.870266018
-12.924631314 7.87494538
-12.937855598 7.886379299
-12.959095832 7.911200262
-12.939442512 7.915106512
-12.905506965 7.934149481
-12.886708137 7.938544012
-12.871001757 7.936509507
-12.854481575 7.931586005
-12.82127845 7.917425848
-12.841460741 7.937974351
-12.866851366 7.955471096
-12.888417121 7.975287177
-12.905262825 8.024074611
-12.90721595 8.02728913
-12.911773241 8.030666408
-12.910064257 8.038275458
-12.903797981 8.051499742
-12.901478645 8.065659898
-12.895171679 8.079575914
-12.886301236 8.092352606
-12.875884569 8.103013414
-12.908070442 8.107407945
-12.921498176 8.119940497
-12.929432746 8.139349677
-12.944813606 8.164496161
-12.956206835 8.172186591
-12.96971595 8.177801825
-12.981068489 8.186224677
-12.985707161 8.202337958
-12.985096809 8.216701565
-12.982980924 8.229803778
-12.978749153 8.242010809
-12.972075976 8.25385163
-12.981109179 8.252101955
-12.986887174 8.248236395
-12.992054817 8.243841864
-12.999419726 8.240179755
-13.006337043 8.238714911
-13.010609504 8.238918361
-13.015370246 8.239691473
-13.023589648 8.240179755
-13.06769772 8.233343817
-13.090443489 8.224595445
-13.117909309 8.208807684
-13.142730273 8.189764716
-13.157704231 8.171291408
-13.163929817 8.171291408
-13.161732551 8.187160549
-13.163929817 8.229641018
-13.168283658 8.250718492
-13.168812629 8.263006903
-13.163929817 8.274359442
-13.175648567 8.283758856
-13.210275845 8.339056708
-13.212269661 8.339504299
-13.214466926 8.343085028
-13.219146288 8.34369538
-13.22386634 8.345648505
-13.225941536 8.353176174
-13.231027799 8.363836981
-13.256418424 8.397202867
-13.263661262 8.401678778
-13.268055793 8.411444403
-13.274159309 8.420884507
-13.286773241 8.424505927
-13.272938606 8.441880601
-13.268544075 8.449896552
-13.266957161 8.462713934
-13.269683398 8.472113348
-13.282704231 8.490952867
-13.286773241 8.50023021
-13.265492317 8.497015692
-13.259510871 8.493394273
-13.252674934 8.497544664
-13.250355598 8.495103257
-13.245838996 8.486558335
-13.228911913 8.493719794
-13.210764127 8.493394273
-13.192982551 8.487779039
-13.177561002 8.479152736
-13.164865689 8.46499258
-13.144398567 8.431219794
-13.110015429 8.413234768
-13.085682746 8.390448309
-13.060373502 8.372707424
-13.042429166 8.375392971
-13.033558723 8.376695054
-13.033558723 8.383530992
-13.045765754 8.386216539
-13.056263801 8.391180731
-13.063832161 8.399155992
-13.06769772 8.410874742
-13.054066536 8.410874742
-13.054066536 8.417669989
-13.083363411 8.424383856
-13.110951301 8.43382396
-13.125599739 8.449042059
-13.116118944 8.472967841
-13.104359504 8.481634833
-13.074330207 8.493150132
-13.061512825 8.50023021
-13.054025845 8.510199286
-13.04792233 8.521063544
-13.039947069 8.526760158
-13.026722786 8.520697333
-13.027088996 8.532212632
-13.024159309 8.54319896
-13.019154426 8.553127346
-13.013050911 8.561712958
-13.003285286 8.559068101
-12.937123176 8.554348049
-12.918324348 8.549221096
-12.90721595 8.548041083
-12.898996549 8.55097077
-12.878977017 8.564846096
-12.869699674 8.569159247
-12.888050911 8.573065497
-12.909331835 8.57050202
-12.928089973 8.572170315
-12.930327929 8.583441473
-12.931141731 8.582831122
-12.911936002 8.606838283
-12.875884569 8.685207424
-12.900868293 8.654852606
-12.916900194 8.627630927
-12.936431444 8.607001044
-12.972075976 8.596421617
-12.989857551 8.597316799
-13.0048722 8.600165106
-13.018055793 8.600165106
-13.0439347 8.584702867
-13.061838345 8.583197333
-13.078480598 8.589016018
-13.088775194 8.602687893
-13.066273567 8.606838283
-13.054432746 8.618963934
-13.044341601 8.633368231
-13.026722786 8.644232489
-13.026722786 8.651068427
-13.035633918 8.65249258
-13.041086392 8.654282945
-13.044667121 8.658026434
-13.04784095 8.664740302
-13.054066536 8.664740302
-13.06354733 8.633937893
-13.070627408 8.621975002
-13.081939257 8.616929429
-13.098011848 8.621893622
-13.112172004 8.633937893
-13.130360481 8.657904364
-13.140614387 8.65224844
-13.148426887 8.653387762
-13.154042121 8.66010163
-13.157704231 8.670965887
-13.162587043 8.653998114
-13.154286262 8.643052476
-13.139149543 8.636053778
-13.122914192 8.630560614
-13.136586067 8.623765367
-13.109038866 8.603338934
-13.107492642 8.581000067
-13.12214108 8.559556382
-13.143422004 8.541815497
-13.139230924 8.533392645
-13.139271614 8.524481512
-13.144113736 8.517401434
-13.154286262 8.514553127
-13.162424283 8.517645575
-13.168527799 8.525213934
-13.195057746 8.569159247
-13.202504036 8.584947007
-13.208851692 8.614325262
-13.216908332 8.632554429
-13.227162239 8.649644273
-13.236561653 8.661322333
-13.241200325 8.672186591
-13.242014127 8.688625393
-13.240223762 8.719387111
-13.235218879 8.719916083
-13.240223762 8.825832424
-13.212269661 8.857123114
-13.200917121 8.859808661
-13.19652259 8.856350002
-13.193186002 8.849798895
-13.184966601 8.843491929
-13.108143684 8.844061591
-13.092193163 8.846625067
-13.071848111 8.8555362
-13.043080207 8.858343817
-12.985707161 8.857123114
-13.026966926 8.869696356
-13.033558723 8.866766669
-13.041086392 8.861232815
-13.058216926 8.861151434
-13.076771614 8.864732164
-13.088775194 8.870184637
-13.099842903 8.865423895
-13.115834114 8.862372137
-13.130360481 8.864081122
-13.136586067 8.873928127
-13.139759895 8.881415106
-13.146717903 8.883449611
-13.153920051 8.883286851
-13.157704231 8.884466864
-13.158436653 8.892279364
-13.155873176 8.895331122
-13.152577278 8.897121486
-13.142648892 8.916734117
-13.122629361 8.92601146
-13.097767707 8.930487372
-13.075103319 8.931626695
-13.075103319 8.939113674
-13.092518684 8.944647528
-13.115101692 8.940619208
-13.157704231 8.925441799
-13.18097897 8.923041083
-13.206125455 8.928371486
-13.225738085 8.942531643
-13.232818163 8.966376044
-13.236683723 8.961900132
-13.238921679 8.961371161
-13.239979621 8.959784247
-13.240223762 8.952093817
-13.2548722 8.966376044
-13.260487434 8.965277411
-13.262318489 8.961249091
-13.264556444 8.957912502
-13.266957161 8.952093817
-13.288441536 8.969468492
-13.285023567 9.017035223
-13.301096158 9.03530508
-13.301096158 9.041489976
-13.277376058 9.058595479
-13.233631958 9.07205719
-13.20753536 9.076708069
-13.191774048 9.072987366
-13.153843547 9.04931956
-13.13105424 9.041464742
-13.115913046 9.043945211
-13.08557898 9.065985209
-13.047002523 9.084537049
-13.028864095 9.095983379
-13.015247355 9.11275238
-13.002044027 9.144119975
-12.993801636 9.158692729
-12.984163981 9.172309469
-12.978479574 9.175203349
-12.962795776 9.176701966
-12.959152589 9.177838847
-12.960211955 9.186081238
-12.973932048 9.202798564
-12.978350383 9.21284963
-12.97375118 9.241581727
-12.957912353 9.272432557
-12.937009236 9.287082825
-12.917527222 9.267006531
-12.895642252 9.278504537
-12.876108561 9.279848124
-12.856884928 9.278504537
-12.835826782 9.281966858
-12.819135295 9.295790304
-12.795260783 9.335090231
-12.77792334 9.343849386
-12.764151571 9.347673442
-12.763557292 9.355347392
-12.767562215 9.364390767
-12.767794759 9.3723231
-12.759759074 9.382839254
-12.754074667 9.387800191
-12.73722815 9.397231141
-12.732939006 9.39650767
-12.727848877 9.393122864
-12.722939616 9.392089335
-12.719038046 9.398368022
-12.716454223 9.404414164
-12.713121094 9.408160706
-12.706196452 9.413948466
-12.70159725 9.420227152
-12.667516642 9.528695984
-12.667309937 9.533708598
-12.669273641 9.538230285
-12.668627686 9.5423644
-12.660953735 9.546033427
-12.655269328 9.547738749
-12.652065389 9.549444071
-12.649920817 9.552105408
-12.647285319 9.556627096
-12.638552002 9.589415792
-12.633849447 9.597864889
-12.624599365 9.601275533
-12.614858358 9.600086975
-12.606822672 9.600707093
-12.602766073 9.609362895
-12.601551677 9.651711732
-12.598580282 9.654863994
-12.582250529 9.683363546
-12.573077963 9.692561951
-12.542020427 9.711320496
-12.538764811 9.711914775
-12.537472901 9.715712992
-12.537653768 9.727934469
-12.535690064 9.732792053
-12.530729126 9.73284373
-12.525561483 9.732068584
-12.522460897 9.734471537
-12.522874309 9.739432475
-12.526646688 9.750620423
-12.527266805 9.753617656
-12.513624227 9.827825013
-12.51372758 9.838341167
-12.514993653 9.845110779
-12.514321859 9.851311951
-12.508327393 9.860381165
-12.472334758 9.881258443
-12.426988688 9.897614034
-12.276739461 9.929265849
-12.25358842 9.928413188
-12.235605021 9.916760152
-12.217389079 9.900559591
-12.193643758 9.886064351
-12.174833537 9.879191386
-12.158348755 9.875599874
-12.141347209 9.874876404
-12.109807051 9.881675836
-11.921774048 9.922212016
-11.914952759 9.931487936
-11.910095175 9.992517802
-11.484874923 9.994844706
-11.272666382 9.996005961
-11.247293254 9.993396301
-11.213445191 9.983371074
-11.199595907 9.982156677
-11.18853715 9.972596538
-11.181250773 9.950375672
-11.167659872 9.884462383
