131.812998894 2.960435289
131.795176629 2.949042059
131.778819207 2.952826239
131.775401238 2.964056708
131.785004102 2.974066473
131.791514519 2.977728583
131.806407097 2.974269924
131.812998894 2.960435289
131.160492384 3.022772528
131.138438347 3.018947658
131.131114129 3.029486395
131.142100457 3.047308661
131.160899285 3.05878327
131.183604363 3.060288804
131.192067905 3.048814195
131.180430535 3.033270575
131.160492384 3.022772528
132.226735873 5.304348049
132.220388217 5.292222398
132.2138778 5.307114976
132.220225457 5.310248114
132.226735873 5.304348049
134.173350457 6.893744208
134.159678582 6.884466864
134.145274285 6.899155992
134.136729363 6.919094143
134.13965905 6.934271552
134.159841342 6.935003973
134.173187696 6.924872137
134.177744988 6.909165757
134.173350457 6.893744208
134.243337436 6.992824611
134.234385613 6.98432038
134.230479363 6.989203192
134.235687696 7.008490302
134.271494988 7.074530341
134.279307488 7.072739976
134.283213738 7.068752346
134.284434441 7.06264883
134.285004102 7.05463288
134.280935092 7.049627997
134.271494988 7.033596096
134.27995853 7.020493882
134.27605228 7.016913153
134.266449415 7.016424872
134.257823113 7.013088283
134.243337436 6.992824611
134.416514519 7.247951565
134.392914259 7.224514065
134.3779403 7.219142971
134.364919467 7.221502997
134.355235222 7.228013414
134.349131707 7.237779039
134.347178582 7.24990469
134.347911004 7.267808335
134.350840691 7.271185614
134.382578972 7.237941799
134.389008009 7.238918361
134.401703321 7.246486721
134.436859571 7.277899481
134.443858269 7.287420966
134.444590691 7.299221096
134.441416863 7.310248114
134.441091342 7.316717841
134.449473504 7.314764716
134.454844597 7.311590887
134.458994988 7.307684637
134.462168816 7.302150783
134.4638778 7.294256903
134.449229363 7.290025132
134.450938347 7.281642971
134.458994988 7.271877346
134.4638778 7.263576565
134.458343946 7.256740627
134.446136915 7.25381094
134.425954623 7.253322658
134.416514519 7.247951565
134.511892123 7.347316799
134.527354363 7.331529039
134.52222741 7.311346747
134.511892123 7.30857982
134.503265821 7.319322007
134.496592644 7.333807684
134.49122155 7.342678127
134.477793816 7.346869208
134.468028191 7.34381745
134.449473504 7.32835521
134.447764519 7.343207098
134.449554884 7.35541413
134.456879102 7.362697658
134.47136478 7.362494208
134.488617384 7.357855536
134.511892123 7.347316799
134.658213738 7.591050523
134.645355665 7.557440497
134.625743035 7.530503648
134.624847852 7.523911851
134.635996941 7.509466864
134.635996941 7.503159898
134.631358269 7.498683986
134.622894727 7.47280508
134.599619988 7.442572333
134.594248894 7.421128648
134.601084832 7.383612372
134.596202019 7.369940497
134.591644727 7.366888739
134.586680535 7.368597723
134.574961785 7.369574286
134.565603061 7.375311591
134.559336785 7.376166083
134.554698113 7.372544664
134.544200066 7.358547268
134.538828972 7.35569896
134.528005405 7.357570705
134.523773634 7.361029364
134.52230879 7.367010809
134.513438347 7.391791083
134.505869988 7.424017645
134.499278191 7.438218492
134.49122155 7.444566148
134.485524936 7.444159247
134.482920769 7.445786851
134.484385613 7.458726304
134.487559441 7.469916083
134.493337436 7.480129299
134.501312696 7.4883487
134.511566602 7.493475653
134.515472852 7.4805362
134.524424675 7.478827216
134.53386478 7.485988674
134.538828972 7.499701239
134.536143425 7.50796133
134.528330925 7.516099351
134.511566602 7.527655341
134.519297722 7.534857489
134.532725457 7.553697007
134.544769727 7.561835028
134.546397332 7.561183986
134.547211134 7.566717841
134.547129754 7.580389716
134.546397332 7.581610419
134.556976759 7.601141669
134.56910241 7.613714911
134.586110873 7.620550848
134.611175977 7.622544664
134.635020379 7.629339911
134.640961134 7.645982164
134.632985873 7.698187567
134.62370853 7.717962958
134.621429884 7.729681708
134.625336134 7.734076239
134.634287957 7.732163804
134.64332116 7.72646719
134.648203972 7.719427802
134.660166863 7.686021226
134.663340691 7.638576565
134.658213738 7.591050523
