-59.42690996 13.16038646
-59.430043098 13.125921942
-59.455718554 13.100043036
-59.475778775 13.086493231
-59.487538215 13.078558661
-59.50885983 13.057318427
-59.51671302 13.056382554
-59.523101366 13.056463934
-59.529286262 13.055405992
-59.5361222 13.051174221
-59.545969205 13.067694403
-59.564442512 13.07802969
-59.58690345 13.083197333
-59.600249804 13.084133205
-59.608143684 13.084662177
-59.621571418 13.09398021
-59.633127408 13.115912177
-59.646066861 13.16038646
-59.654204882 13.295111395
-59.652211067 13.310614325
-59.645130989 13.323716539
-59.630930142 13.337958075
-59.612863736 13.344549872
-59.594471809 13.334784247
-59.580718554 13.314520575
-59.575917121 13.304388739
-59.568959114 13.289658921
-59.549794075 13.249172268
-59.536610481 13.231390692
-59.518055793 13.217515367
-59.491810676 13.197943427
-59.476673957 13.189398505
-59.457102017 13.183172919
-59.43862871 13.174872137
-59.42690996 13.16038646
