14.560692179 12.766224467
14.56937382 12.769402568
14.56937382 12.759609884
14.570717407 12.750385641
14.575264933 12.744907939
14.584876749 12.746354879
14.603997029 12.760798442
14.610611613 12.762348735
14.618363078 12.759196472
14.620326782 12.754054667
14.620740194 12.747853495
14.624254191 12.741884867
14.641720826 12.730903626
14.648128703 12.725115865
14.664458455 12.715969136
14.694017375 12.723720602
14.709933716 12.7182429
14.716755005 12.701809795
14.702078898 12.66899526
14.713654419 12.652510478
14.72884729 12.677211812
14.734118286 12.680415751
14.743316691 12.677160136
14.752101684 12.668943583
14.758716268 12.658815003
14.761403443 12.649358216
14.768844849 12.633235168
14.78620813 12.631219788
14.819177694 12.638816223
14.830753214 12.618249003
14.863826131 12.4954658
14.860105428 12.490091451
14.852043905 12.474691875
14.850183553 12.468128968
14.849563436 12.457018534
14.851010376 12.455158183
14.855454549 12.454538066
14.863826131 12.447044983
14.861862427 12.45200592
14.865893188 12.452574361
14.872404419 12.450403952
14.877468709 12.447044983
14.878502238 12.443065897
14.876848592 12.43159373
14.877468709 12.427201233
14.89121464 12.402654928
14.908267863 12.326897278
14.906304159 12.317957255
14.904857219 12.248400778
14.903100219 12.236256816
14.898035929 12.219461976
14.898035929 12.207473043
14.900929809 12.200031636
14.905890747 12.19563914
14.910128214 12.190368144
14.911575154 12.18013621
14.90744104 12.17346995
14.899896281 12.171764629
14.89483199 12.167372131
14.898035929 12.152799377
14.903100219 12.145874736
14.92873173 12.128614807
14.95074589 12.103345032
14.964801879 12.092441305
14.976790812 12.094146627
14.993844035 12.106704
15.011827433 12.108616028
15.030430949 12.100916239
15.049447876 12.084586487
15.044590292 12.078385316
15.040869589 12.067584941
15.040559529 12.055647685
15.045727173 12.046087545
15.053065226 12.038026022
15.053685343 12.031876526
15.051204875 12.024228414
15.049447876 12.011929423
15.059679809 11.997304993
15.076836385 11.982835592
15.081177205 11.971673483
15.052548462 11.967229309
15.048310995 11.962785136
15.050584758 11.952863261
15.055545695 11.942476298
15.059369751 11.936791891
15.063400512 11.927283427
15.056579224 11.918446757
15.046967408 11.910178528
15.042006469 11.902375387
15.04417688 11.877312317
15.050998169 11.861602681
15.062780396 11.853489482
15.079833618 11.851215719
15.086344848 11.840467021
15.110942831 11.782899476
15.105361776 11.772719219
15.089135376 11.7576297
15.083554321 11.748172913
15.08531132 11.744038798
15.095956665 11.734116923
15.097196899 11.727657369
15.093062785 11.722903137
15.086344848 11.722179668
15.079833618 11.722593079
15.076112915 11.721456197
15.068258097 11.700113831
15.066501099 11.680631816
15.069394979 11.660788066
15.085207967 11.615881246
15.095749959 11.59815623
15.123861938 11.563171285
15.135644165 11.530821838
15.122311645 11.503226624
15.076112915 11.45330719
15.067017863 11.435556335
15.060609985 11.416125997
15.054305461 11.364087829
15.049447876 11.348714091
15.049447876 11.337267762
15.052548462 11.329800517
15.057819458 11.325356344
15.062263631 11.320033671
15.063090454 11.309930929
15.056372517 11.293420309
15.033324829 11.260269877
15.028260539 11.244482727
15.021232544 11.182548523
15.028830281 11.080218266
15.035185181 10.994627177
15.062470336 10.93070343
15.07270227 10.915768941
15.079006795 10.898147278
15.07559615 10.87349762
15.063090454 10.83076121
15.065880981 10.793114929
15.142258749 10.647206523
15.14990686 10.623125305
15.14845992 10.607338155
15.138434692 10.589690654
15.132336873 10.565402731
15.131716756 10.540701396
15.138227986 10.521658631
15.144429158 10.51631012
15.153627563 10.5119693
15.16468632 10.509075419
15.176055135 10.507990214
15.186597127 10.50587148
15.193315063 10.501194764
15.198172648 10.496492208
15.218326457 10.487216288
15.227214803 10.470137228
15.24116744 10.432904358
15.255636841 10.417039693
15.268762655 10.406342672
15.278374471 10.394276225
15.282198527 10.374587504
15.284265584 10.349291891
15.290570109 10.328983053
15.30142216 10.311748963
15.439191528 10.185245057
15.47639856 10.132741801
15.490661255 10.124447734
15.49014449 10.120106913
15.536136515 10.080522766
15.602799113 10.040990296
15.637939087 10.029957378
15.681243937 9.991277568
15.663777303 9.986109924
15.439398234 9.931694641
15.38296757 9.930196025
15.214915812 9.984094543
15.155487915 9.986523336
15.109599244 9.98153656
15.100710897 9.978901062
15.089445435 9.972183126
15.071668742 9.955956726
15.061230102 9.94923879
15.03301477 9.942856751
15.002422323 9.945052999
14.944131307 9.958824768
14.898139282 9.960478414
14.772565552 9.921746928
14.73246464 9.923813985
14.440492798 9.995308329
14.196340538 9.979146894
14.181697225 9.978177593
14.173532348 9.975025329
14.171155232 9.967609762
14.170638468 9.957842916
14.168364705 9.947740174
14.119788859 9.852009583
14.088472941 9.809634909
14.006720825 9.739277446
13.94594934 9.652641907
13.947602987 9.637759094
14.03648645 9.568771057
14.321326945 9.243157858
14.331145467 9.200214743
14.349542277 9.168356221
14.5716992595 8.990989787
14.793856242 8.813623353
14.809875936 8.808610738
14.819177694 8.811607971
14.827962687 8.813158265
14.83674768 8.813003235
14.846049438 8.810987854
14.859898722 8.803313904
14.899379516 8.774323425
14.908267863 8.7648408
14.913332153 8.752438457
14.919946736 8.747710063
14.92728479 8.745074565
14.934416137 8.739002584
14.940100545 8.729649149
14.949092244 8.704276022
14.95146936 8.692106222
14.95146936 8.682830302
14.95508671 8.676215719
14.968522583 8.672159119
15.005832967 8.666629741
15.031257772 8.658749085
15.051928345 8.643788758
15.068568155 8.623867493
15.110736124 8.555137838
15.168510376 8.498603821
15.183703247 8.479147644
15.210706216 8.421822448
15.345347127 8.135990296
15.406532023 7.921584778
15.440741821 7.839419251
15.487870727 7.804951071
15.509368123 7.804020895
15.540787394 7.79683787
15.562904907 7.792445374
15.562181437 7.690177714
15.548952271 7.630801493
15.521977173 7.576076151
15.481049439 7.523262838
15.473297973 7.509103496
15.419451131 7.436549785
15.415523722 7.42084015
15.43495406 7.402908427
15.432783651 7.389730937
15.42844283 7.388800761
15.409632609 7.38766388
15.403224731 7.386371968
15.397436971 7.380739237
15.389168741 7.364151103
15.385344686 7.358363342
15.338215779 7.32218984
15.261321248 7.279246725
15.24656366 7.266731312
15.223907511 7.247517395
15.20509729 7.20023346
15.191248006 7.177340801
15.186597127 7.16633372
15.185356893 7.156876933
15.190214477 7.098792623
15.187527303 7.088612365
15.179052368 7.078380432
15.156108032 7.067786764
15.14701298 7.061843974
15.13616093 7.045307516
15.128926229 7.026497294
15.113216594 6.964692282
15.080247029 6.878082581
15.059059693 6.836276347
15.042213176 6.790775248
15.034565063 6.776770935
15.022369425 6.766539002
14.962321411 6.736695862
14.946095011 6.725740459
14.932452434 6.710289205
14.92187418 6.686413886
14.807292114 6.427799988
14.782177368 6.393616028
14.780006958 6.382221374
14.784347778 6.35868276
14.784657837 6.347804871
14.782384074 6.336771952
14.772255493 6.318323466
14.734841756 6.270445251
14.719028768 6.257862041
14.576401814 6.189778341
14.534957316 6.190088399
14.525965617 6.174068706
14.510979451 6.155335999
14.482144002 6.127068991
14.467054484 6.122598979
14.443903442 6.100248922
14.430570922 6.088079122
14.431811157 6.084616801
14.432709245 6.079122618
14.433568156 6.073868103
14.429123982 6.064178772
14.426023397 6.05986379
14.4225094 6.051363017
14.418168579 6.04712555
14.412897583 6.047022197
14.402458944 6.054877014
14.397704712 6.053946838
14.390263306 6.045781963
14.387266072 6.039038188
14.389436482 6.031054179
14.397704712 6.0191686
14.406076294 6.011029561
14.417548462 5.997257792
14.432327922 5.985449727
14.446900675 5.970024313
14.453825318 5.953875428
14.458166137 5.936408793
14.465710897 5.920673319
14.482144002 5.909640401
14.499197225 5.909537049
14.530616495 5.905919698
14.545395956 5.907573344
14.572474406 5.924187317
14.584773396 5.92341217
14.598002563 5.903490906
14.602963501 5.883388774
14.617432902 5.864966125
14.624047485 5.75830597
14.63107548 5.738048808
14.624357544 5.723605245
14.610611613 5.669138286
14.59283492 5.623869731
14.590147746 5.608289287
14.591491333 5.590951843
14.596555623 5.577231751
14.610611613 5.553667298
14.617226196 5.537880148
14.618879842 5.525451966
14.617432902 5.495298767
14.614125611 5.484860128
14.599552857 5.456644796
14.596245565 5.440108338
14.597279094 5.411479594
14.59283492 5.400033264
14.579605754 5.395382385
14.579295695 5.387605082
14.57082076 5.370939433
14.560795532 5.355462341
14.555937947 5.351328227
14.553974243 5.338228251
14.548393188 5.320503235
14.539608195 5.303579203
14.528032674 5.293011373
14.519867797 5.29058258
14.52389856 5.279678854
14.539711548 5.261798808
14.560485473 5.24859548
14.603583618 5.23425527
14.624460897 5.224049174
14.64048059 5.208236186
14.651539348 5.187513936
14.658877401 5.164543762
14.663218221 5.14183197
14.663011515 5.091447449
14.667455689 5.052767639
14.660324341 5.015793152
14.66013245 5.011439624
14.659497518 4.997034607
14.663424927 4.985717468
14.669832804 4.977113342
14.674483683 4.967579041
14.672106568 4.940810649
14.675827271 4.930759582
14.681615031 4.92094106
14.68698938 4.908874614
14.701458781 4.814384257
14.700631958 4.804281514
14.696084432 4.779735209
14.691846964 4.768702291
14.690710083 4.762139384
14.697324667 4.745215353
14.704249308 4.66935435
14.717271769 4.622018738
14.743730102 4.579979961
14.779696899 4.545046692
14.938343546 4.435931905
14.982061808 4.420480652
14.993947388 4.413297628
15.000561971 4.403194885
15.00738326 4.37777008
15.01389449 4.364256694
15.0485177 4.321649475
15.063813924 4.293434143
15.072805623 4.265942282
15.082934204 4.205506693
15.084484497 4.148610942
15.091202433 4.121790874
15.102571249 4.112411601
15.117764119 4.114323629
15.132853638 4.108535868
15.139261515 4.094583231
15.142568807 4.080449728
15.14845992 4.073938497
15.162412557 4.073938497
15.177708781 4.071458028
15.189801066 4.063112285
15.192074829 4.052234395
15.172437785 4.043811137
15.150423624 4.038514302
15.111252889 4.019936625
15.091719198 4.015854187
15.075182739 4.017972921
15.043143351 4.026137797
15.025986775 4.02608612
15.084897908 3.885836283
15.171300904 3.758970642
15.252639608 3.672851868
15.262305931 3.662589498
15.329740845 3.590996399
15.413973429 3.501880392
15.517946411 3.391602885
15.616855102 3.286777243
15.710699503 3.187455139
15.78563033 3.107976786
15.793175089 3.103274231
15.801029907 3.100897115
15.813535603 3.098985087
15.817566366 3.100121969
15.829141886 3.106633199
15.834206176 3.108545227
15.840200642 3.107408345
15.85094934 3.100432027
15.854773397 3.098985087
15.897768188 3.103532614
15.913994588 3.097951559
15.933424927 3.081776835
15.950064738 3.06100291
15.958229614 3.041520894
15.971562133 2.991188049
15.974249309 2.985762024
15.977763306 2.980956116
15.982000773 2.976718648
15.995436645 2.98147288
16.00608199 2.983953349
16.01579716 2.983488261
16.026235799 2.978992411
16.034193969 2.970620829
16.055381307 2.939769999
16.070160766 2.90659373
16.082459757 2.885664775
16.092381633 2.86328888
16.09517216 2.836778869
16.086903931 2.81316274
16.059928833 2.786187643
16.05620813 2.759832662
16.060032186 2.72582957
16.059308716 2.711825257
16.062616008 2.703195292
16.072847941 2.702833557
16.086283814 2.704952291
16.099099568 2.703970439
16.110468384 2.701438294
16.101373332 2.687847392
16.09372522 2.673119609
16.090314575 2.661905823
16.093105102 2.641493632
16.108504679 2.60661204
16.111501912 2.58619985
16.106851034 2.567027894
16.091244751 2.532766419
16.090314575 2.510493876
16.094345337 2.497523092
16.107057739 2.474165344
16.111501912 2.455871887
16.111501912 2.418561503
16.112948853 2.410448304
16.120907023 2.389571025
16.13341272 2.364818013
16.152326294 2.343268941
16.159250936 2.332933655
16.162868286 2.323838603
16.164728638 2.314795227
16.165968872 2.294796448
16.169069458 2.289887187
16.182918742 2.28115387
16.186536092 2.277691549
16.186949504 2.269319967
16.181265096 2.256555888
16.179714803 2.246995748
16.192840617 2.239502665
16.196664673 2.236453756
16.202349081 2.232009582
16.207723429 2.22306956
16.1994552 2.212165833
16.159250936 2.182090149
16.140647421 2.199815165
16.120390259 2.203329163
16.104370565 2.193562317
16.097755981 2.171548157
16.085767049 2.149172262
16.083493286 2.13775177
16.085560343 2.124910177
16.08979781 2.116151021
16.092484986 2.10690094
16.090314575 2.092741597
16.088144165 2.091759745
16.084113404 2.091604716
16.07966923 2.090261129
16.076671997 2.085920309
16.075535116 2.07995168
16.075535116 2.075455831
16.076155233 2.072820333
16.076671997 2.072251893
16.078118937 2.063441061
16.081529582 2.05563792
16.081736288 2.046827088
16.066440063 2.025484721
16.063752889 2.015872904
16.064889771 1.978950094
16.068713826 1.973601583
16.074914998 1.97060435
16.083493286 1.963007914
16.101373332 1.93280304
16.135066366 1.84531484
16.15904423 1.73480479
16.155840291 1.719069316
16.145091593 1.714315084
16.123594197 1.721601461
16.114809204 1.719069316
16.069850708 1.65455129
16.030473266 1.7054009
16.021998331 1.722790019
16.021998331 1.73304779
16.024892212 1.74247874
16.026339152 1.752297262
16.021998331 1.763795268
16.013833455 1.771314189
16.002774699 1.775913391
15.990785766 1.776171774
15.98045048 1.770590719
15.963190551 1.777360331
15.943760213 1.781623637
15.928980753 1.788961691
15.925880167 1.80474884
15.915234823 1.79896108
15.901798951 1.79374176
15.889913371 1.793276672
15.884952434 1.801648254
15.882368611 1.816711934
15.875650676 1.823765768
15.865935506 1.828468323
15.842060994 1.84415212
15.815395955 1.853428039
15.802890258 1.859965109
15.764649699 1.908721822
15.757414999 1.912985128
15.734057251 1.916705831
15.721551554 1.921615092
15.711112915 1.927377014
15.706772095 1.931976217
15.611790812 1.942544047
15.526628051 1.967813822
15.48290979 1.975849507
15.439191528 1.969829204
15.388135214 1.939546815
15.367981405 1.932854716
15.349171183 1.923294576
15.337388956 1.921460063
15.337802368 1.923759664
15.314341268 1.934249979
15.309483683 1.935076803
15.301628866 1.943577576
15.300181926 1.947660014
15.301938924 1.953318584
15.303282511 1.966418559
15.301112101 1.973756612
15.295427694 1.981533915
15.287572876 1.987786764
15.253569784 2.000318299
15.248092081 2.00334137
15.244164673 2.010059306
15.238686971 2.025303854
15.233726033 2.03129832
15.212642049 2.039618225
15.197035766 2.034967346
15.183599894 2.029334615
15.151663859 2.040987651
15.138538046 2.011506246
15.123861938 2.017009786
15.117764119 2.017009786
15.107635539 2.000835062
15.091615845 1.984427796
15.074872681 1.979363505
15.063090454 1.997166036
15.043660116 1.990861512
15.028260539 1.995305684
14.980718221 2.033106995
14.971003052 2.034450582
14.963044881 2.010421041
14.953846476 2.005821838
14.932142374 2.00334137
14.892454874 2.006390279
14.896588989 2.030936585
14.907337687 2.058893535
14.887803996 2.072251893
14.884600057 2.082096253
14.871474243 2.101655782
14.857004842 2.115944316
14.850183553 2.10979482
14.850183553 2.097366638
14.848219849 2.085196838
14.841191854 2.075920919
14.826309042 2.072251893
14.764814087 2.065456442
14.761610148 2.070184835
14.762540324 2.092534892
14.761403443 2.099588725
14.756339152 2.099588725
14.747554158 2.097185771
14.737115519 2.096074728
14.727296997 2.099588725
14.733498169 2.102017517
14.747864217 2.113205465
14.720889119 2.127597351
14.713654419 2.123980001
14.720475708 2.099588725
14.705696249 2.105531514
14.685955851 2.12586619
14.672003215 2.134341125
14.646061645 2.133359273
14.636346476 2.138320211
14.644821411 2.154184876
14.620946899 2.164830221
14.587873983 2.201727193
14.56213912 2.208806865
14.557074829 2.202398987
14.547773072 2.19366567
14.547979777 2.184363912
14.55025354 2.175165507
14.547049601 2.166535543
14.538057902 2.16338328
14.459199666 2.146536763
14.438735799 2.133979391
14.432948038 2.132119039
14.418685344 2.135271301
14.399358358 2.153151347
14.383648722 2.16209137
14.320293416 2.170669658
14.276265096 2.153564758
14.266963338 2.152427877
14.161750122 2.153409729
14.002793417 2.154804993
13.82399296 2.156406962
13.66226629 2.157761182
13.620336141 2.158112284
13.466547078 2.159507548
13.294567912 2.161057841
13.294257854 2.185759175
13.298391968 2.215834859
13.2941545 2.230510967
13.284646037 2.242241516
13.269659871 2.255729066
13.254156941 2.266891175
13.242891479 2.271490377
13.235966837 2.269888407
13.221600789 2.263945618
13.212299032 2.264048971
13.205684448 2.266891175
13.191731812 2.277691549
13.163826538 2.283169251
13.133337443 2.284512838
13.124655802 2.281050517
13.113080281 2.272730611
13.093029826 2.253455302
13.083521362 2.249527893
13.040939982 2.24420522
13.012931355 2.256297505
12.996911662 2.260018209
12.983165731 2.253455302
12.972210327 2.250354716
12.954847046 2.253248596
12.924771362 2.264048971
12.914539429 2.254540507
12.903170613 2.250354716
12.890458211 2.251388245
12.876402222 2.257176005
12.867823934 2.244980368
12.848083537 2.249321187
12.825242554 2.259243062
12.808189331 2.264048971
12.795580282 2.258777975
12.784108113 2.249527893
12.770155477 2.240691224
12.749898315 2.236712138
12.614609416 2.256917623
12.590734904 2.265702616
12.574818563 2.277691549
12.551460816 2.272265523
12.534200887 2.277691549
12.47839034 2.295881653
12.439943074 2.298517151
12.384855997 2.285908102
12.366769246 2.289577128
12.334006388 2.309575907
12.321604045 2.314071757
12.312095581 2.312934875
12.291218303 2.301772766
12.280779663 2.299033915
12.261039266 2.296191712
12.222592 2.28332428
12.202644897 2.279551901
12.159236694 2.281412252
12.118825724 2.28782013
12.100738973 2.288491923
12.041931193 2.283996073
11.966173543 2.288750305
11.889795776 2.282084045
11.802152547 2.284822896
11.768149455 2.280172017
11.752749878 2.28187734
11.701383505 2.298723857
11.68102299 2.315415345
11.671204468 2.320996399
11.657251831 2.322495016
11.644642781 2.319652812
11.61859786 2.310402731
11.35163741 2.300584209
11.349777059 2.291489156
11.354324585 2.278466695
11.355978231 2.265185852
11.349983764 2.251129862
11.3422323 2.24058787
11.335927775 2.229167378
11.334170776 2.21278595
11.334170776 2.200280253
11.332413778 2.188032938
11.328486368 2.176302389
11.322078491 2.165760396
11.022975301 2.16570872
10.723768758 2.165657043
10.424665568 2.165657043
10.40968569 2.165654455
10.189982611 2.165616497
10.125562378 2.165605367
9.990996948 2.165605367
9.970739786 2.168912659
9.907487834 2.200486959
9.890124552 2.204569397
9.872141154 2.211235657
9.846819702 2.228547262
9.82366866 2.249011129
9.810852905 2.264875794
9.808682495 2.28549469
9.811886434 2.306165263
9.811059611 2.324872132
9.7995711595 2.341742255
9.812185092 2.353583075
9.812185092 2.359808661
9.81918379 2.376939195
9.82292728 2.562933661
9.853200717 2.696966864
9.870453321 2.738104559
9.874278191 2.754543361
9.87777754 2.881415106
9.887950066 2.926906643
9.903330925 2.968329169
9.922048373 2.997259833
9.943369988 3.023138739
9.95573978 3.050482489
9.958018425 3.08222077
9.919688347 3.228094794
9.902110222 3.251695054
9.902110222 3.25796133
9.911631707 3.25771719
9.917979363 3.259466864
9.929453972 3.264797268
9.929453972 3.271551825
9.913910352 3.270331122
9.903086785 3.272894598
9.895030144 3.278306382
9.887950066 3.2852237
9.88152103 3.294338283
9.855316602 3.343573309
9.780935092 3.436753648
9.739024285 3.473089911
9.642100457 3.53904857
9.664235873 3.543931382
9.688649936 3.556097723
9.770762566 3.618719794
9.792816602 3.627183335
9.819590691 3.627875067
9.787608269 3.637111721
9.759613477 3.626166083
9.733653191 3.60932038
9.706879102 3.600531317
9.638438347 3.594387111
9.626231316 3.600002346
9.621348504 3.612779039
9.625987175 3.626450914
9.642100457 3.634670315
9.612559441 3.704982815
9.56511478 3.770900783
9.551524285 3.796210028
9.54590905 3.819647528
9.570974155 3.795477606
9.576670769 3.792303778
9.581553582 3.787827867
9.589610222 3.766099351
9.594248894 3.758205471
9.606944207 3.752264716
9.624278191 3.75018952
9.662608269 3.750718492
9.652517123 3.756048895
9.621104363 3.764960028
9.611013217 3.770575262
9.607106967 3.774725653
9.60425866 3.779974677
9.597422722 3.788885809
9.589203321 3.809637762
9.592133009 3.835150458
9.603770379 3.859035549
9.621104363 3.874823309
9.65902754 3.841009833
9.679698113 3.83608633
9.689789259 3.860581773
9.723480665 3.84381745
9.736338738 3.834173895
9.744476759 3.819647528
9.750336134 3.830267645
9.750498894 3.840765692
9.745860222 3.850897528
9.738291863 3.860581773
9.741465691 3.861029364
9.751963738 3.860581773
9.704925977 3.877508856
9.682871941 3.890448309
9.676280144 3.909002997
9.689219597 3.922430731
9.715017123 3.931341864
9.743337436 3.935939846
9.76441491 3.936346747
9.76433353 3.940741278
9.762950066 3.943793036
9.758148634 3.950018622
9.7607528 3.951361395
9.762950066 3.951239325
9.76441491 3.952337958
9.76441491 3.957464911
9.664805535 3.940375067
9.634613477 3.943182684
9.618907097 3.960353908
9.62370853 3.985785223
9.639903191 4.008775132
9.6591903 4.018866278
9.675629102 4.033840236
9.718923373 4.099554755
9.748301629 4.114447333
9.752452019 4.119818427
9.75684655 4.129828192
9.754567905 4.135687567
9.738291863 4.128729559
9.719493035 4.114935614
9.710948113 4.10569896
9.703461134 4.09393952
9.696625196 4.09393952
9.696625196 4.114447333
9.678884311 4.101019598
9.646332227 4.051459052
9.628428582 4.031927802
9.606618686 4.020656643
9.579356316 4.013006903
9.559336785 4.016791083
9.559580925 4.039374091
9.54590905 4.025702216
9.526621941 4.035793361
9.508555535 4.054185289
9.498545769 4.077215887
9.504242384 4.100775458
9.490082227 4.115871486
9.478526238 4.111395575
9.450368686 4.080308335
9.452891472 4.076971747
9.457286004 4.071112372
9.465179884 4.068101304
9.474294467 4.066148179
9.484385613 4.059881903
9.485362175 4.055324611
9.495616082 4.03148021
9.507009311 4.01947663
9.523610873 4.006089585
9.532481316 3.989447333
9.5185653 3.970445054
9.504242384 3.976141669
9.497080925 3.977687893
9.490082227 3.98065827
9.476898634 3.990912177
9.464040561 4.012030341
9.458343946 4.016180731
9.453868035 4.018622137
9.451182488 4.022772528
9.450368686 4.031927802
9.437998894 4.030462958
9.429209832 4.026556708
9.424082879 4.01947663
9.422373894 4.008368231
9.449392123 3.99213288
9.456553582 3.984076239
9.458832227 3.972357489
9.456390821 3.963527736
9.452403191 3.953924872
9.450368686 3.939764716
9.453298373 3.932114976
9.469086134 3.923407294
9.476898634 3.915838934
9.464040561 3.909979559
9.4482528 3.905747789
9.412119988 3.902167059
9.39340254 3.904282945
9.359222852 3.913723049
9.343516472 3.915838934
9.313731316 3.930853583
9.302582227 3.96499258
9.3076278 4.001939195
9.326182488 4.025702216
9.326182488 4.031927802
9.301442905 4.026353257
9.290293816 4.009711005
9.284353061 3.99225495
9.250336134 3.96084219
9.220713738 3.966009833
9.210703972 3.964260158
9.211110873 3.982570705
9.213226759 3.996568101
9.210622592 4.008124091
9.196462436 4.018866278
9.184743686 4.020900783
9.166514519 4.020900783
9.148773634 4.019029039
9.138682488 4.015448309
9.123383009 4.017889716
9.070160352 4.051418361
8.98340905 4.092433986
8.971202019 4.100775458
8.969411655 4.1289737
8.988454623 4.188910223
8.99097741 4.217474677
8.960297071 4.245917059
8.93628991 4.279527085
8.918955925 4.318060614
8.894786004 4.460516669
8.900075717 4.485093492
8.926036004 4.529608466
8.935720248 4.553290106
8.913584832 4.528631903
8.900563998 4.521633205
8.894786004 4.535874742
8.89722741 4.548000393
8.901540561 4.560248114
8.904307488 4.573187567
8.901621941 4.587388414
8.893809441 4.594631252
8.871918165 4.602484442
8.864105665 4.618719794
8.856293165 4.629950262
8.847015821 4.639715887
8.839610222 4.642645575
8.835703972 4.629624742
8.866709832 4.582709052
8.87370853 4.560044664
8.867849155 4.544582424
8.858734571 4.540838934
8.85059655 4.547430731
8.847015821 4.563218492
8.798594597 4.601141669
8.798024936 4.588283596
8.79948978 4.577785549
8.804209832 4.570135809
8.812836134 4.56635163
8.79957116 4.542181708
8.795176629 4.53900788
8.788422071 4.541449286
8.7685653 4.553127346
8.76441491 4.556626695
8.757009311 4.565090236
8.740570509 4.571234442
8.724131707 4.580471096
8.716563347 4.5977237
8.70590254 4.634670315
8.661306186 4.698797919
8.65512129 4.73826732
8.638682488 4.713080145
8.645355665 4.684068101
8.660492384 4.653998114
8.685720248 4.561224677
8.694834832 4.553290106
8.706309441 4.547674872
8.716563347 4.53900788
8.722666863 4.513128973
8.701670769 4.501288153
8.576670769 4.491888739
8.5654403 4.497259833
8.570323113 4.509670315
8.582692905 4.52334219
8.593760613 4.532782294
8.581716342 4.538478908
8.570567254 4.538560289
8.562673373 4.533189195
8.556407097 4.51170482
8.548350457 4.50779857
8.537364129 4.508530992
8.525563998 4.51170482
8.510264519 4.527044989
8.505056186 4.55093008
8.509938998 4.568833726
8.525563998 4.56635163
8.530772332 4.579250393
8.552093946 4.614732164
8.538340691 4.604641018
8.525726759 4.604437567
8.516123894 4.612982489
8.511241082 4.62905508
8.513682488 4.642320054
8.521169467 4.655951239
8.538584832 4.676214911
8.567637566 4.695990302
8.5732528 4.704087632
8.573578321 4.716376044
8.569672071 4.728338934
8.567637566 4.740220445
8.5732528 4.752508856
8.580088738 4.745062567
8.576508009 4.784654039
8.578379754 4.80467357
8.590017123 4.813381252
8.594167514 4.815293687
8.59417866655 4.81529926318
8.59418568 4.815299377
8.595113159 4.815314433
8.612166382 4.831876729
8.608445679 4.846216939
8.605448445 4.860040385
8.602244506 4.881331075
8.611029501 4.896653137
8.638314656 4.916781108
8.644412475 4.934867859
8.683686564 4.996879578
8.683686564 4.997034607
8.698569376 5.017808533
8.707871134 5.03754893
8.722650594 5.081189677
8.728851765 5.094548035
8.748282104 5.124210307
8.758307332 5.13488149
8.769469442 5.139945781
8.781251668 5.141987
8.791690307 5.146741232
8.798925008 5.159634502
8.8256934 5.295491842
8.824659871 5.306137187
8.816391642 5.330295919
8.815254761 5.343499247
8.821662638 5.367683817
8.843160034 5.409980977
8.849774618 5.432356873
8.849257853 5.453466695
8.845743855 5.472793681
8.844296915 5.49235321
8.850498087 5.514005636
8.865484253 5.533461813
8.884294474 5.551445211
8.899487345 5.570953064
8.903931519 5.595085958
8.893699585 5.621750997
8.874889363 5.641439718
8.852565145 5.658673808
8.832411336 5.678155823
8.819285522 5.703451437
8.826933635 5.717817485
8.844606974 5.730865783
8.862176961 5.752337342
8.866621135 5.777452087
8.857836141 5.794892883
8.847087443 5.810757548
8.845227091 5.831040548
8.855872437 5.847499492
8.891219116 5.871115621
8.904654988 5.888117167
8.921708211 5.904472758
8.943205607 5.901423849
8.965013061 5.893594869
8.982686401 5.89576528
8.986303752 5.908813578
8.988474162 5.937287292
8.993848511 5.944082743
9.009868204 5.952350973
9.022477254 5.965812683
9.043871297 5.996689352
9.043871297 5.996844381
9.136165405 6.092523295
9.273314657 6.202774964
9.298842814 6.238431701
9.327368205 6.298505554
9.341010783 6.313982646
9.354756713 6.321501567
9.36653894 6.322690125
9.37914799 6.32160492
9.394960978 6.322535095
9.422866252 6.339355774
9.453148641 6.397672628
9.482604207 6.415991923
9.488590226 6.418208095
9.528596232 6.433019308
9.548956747 6.443173726
9.564769735 6.458599142
9.588127482 6.502730814
9.603010294 6.515184835
9.632672567 6.521153463
9.644805968 6.52122553
9.680524943 6.521437683
9.69303064 6.531307882
9.69397999 6.534304786
9.769821818 6.773722026
9.788528686 6.794754334
9.812299845 6.793049011
9.831730184 6.783566386
9.851160522 6.777881978
9.874621623 6.7877005
10.119464559 6.99440623
10.142925659 7.007687073
10.156878296 7.004741516
10.165043172 6.988515117
10.17940922 6.914927877
10.18984786 6.895445862
10.210828491 6.879167786
10.238423706 6.87100291
10.495979045 6.874671936
10.496599161 6.897151184
10.500733276 6.912809144
10.508898153 6.926348369
10.521197144 6.942781474
10.527501668 6.947484029
10.533186076 6.948827617
10.537423543 6.952134908
10.543314656 7.028719381
10.551789591 7.066339824
10.564191935 7.102668355
10.578661336 7.130832011
10.597161499 7.107267558
10.602535848 7.058071595
10.620622599 7.043757222
10.64697758 7.035075582
10.716947469 6.998126933
10.799112996 6.967327779
10.831875854 6.945210266
10.848205607 6.905316061
10.857404012 6.859789124
10.877454467 6.8160967
10.909390503 6.784264018
11.002614787 6.767262471
11.036721232 6.740545757
11.055944865 6.70036733
11.059045451 6.652721659
11.057391804 6.613008321
11.060595744 6.573966777
11.077442261 6.496736348
11.097079305 6.449116517
11.11351241 6.43400116
11.140384155 6.430280456
11.202276467 6.436739242
11.231748087 6.439814759
11.237122437 6.438057759
11.248284546 6.431003927
11.255519247 6.429970398
11.261513713 6.43255422
11.272159058 6.442036845
11.275879761 6.444207255
11.286835165 6.443225403
11.308539266 6.437902731
11.31949467 6.437282613
11.344196004 6.44312205
11.369827515 6.455756938
11.389361206 6.473921204
11.395665731 6.496736348
11.40176355 6.538180848
11.416749715 6.572003073
11.443104695 6.593267924
11.48258549 6.597169495
11.509767294 6.612310689
11.533435099 6.645099386
11.562373901 6.712485454
11.568885132 6.739098816
11.571468954 6.766228943
11.566611369 6.784186504
11.544597209 6.808939515
11.538085978 6.823899841
11.543667033 6.850694071
11.561753784 6.8760672
11.623248739 6.932291158
11.681126343 6.96861969
11.684847046 6.97383901
11.688464396 6.986913147
11.692495158 6.991615703
11.697249389 6.992855937
11.707481324 6.991822408
11.718643433 6.994457906
11.734249715 6.995078024
11.741071004 6.997506815
11.746858764 7.005361634
11.748615764 7.01497345
11.751509643 7.023965149
11.766392456 7.033525289
11.808870484 7.071920878
11.820342651 7.078793843
11.83398523 7.082979635
11.845147339 7.081946106
11.854139038 7.077811992
11.862613973 7.075434876
11.872225789 7.079362284
11.881320842 7.102048239
11.868918497 7.127111308
11.829954468 7.16938263
11.78024174 7.241057841
11.76618575 7.252943421
11.742414592 7.25743927
11.736626831 7.263278707
11.744585001 7.272167054
11.762465047 7.285551249
11.782722209 7.3045165
11.844733927 7.396397197
11.903545283 7.45355683
11.966173543 7.514426168
11.992838582 7.554010315
12.008548217 7.564862366
12.021053915 7.576231181
12.024981323 7.596591696
12.010718628 7.655244446
12.009064982 7.67632843
12.012165568 7.698342591
12.018986857 7.718858134
12.054953654 7.783918763
12.154275757 7.921326396
12.192102906 7.960652161
12.197787313 7.975173239
12.195100138 7.991709696
12.188175496 8.016256002
12.182697795 8.054651591
12.182594442 8.09348643
12.188278849 8.117774353
12.229103231 8.175496928
12.233713188 8.188454644
12.236751343 8.196994324
12.237681518 8.21688975
12.221765177 8.297660014
12.219284709 8.343161112
12.227036173 8.386310934
12.24998051 8.418763733
12.271787964 8.427781271
12.310235229 8.421347555
12.331319214 8.424293112
12.343204793 8.432742208
12.351162963 8.444240214
12.357570842 8.456358338
12.365115601 8.466564433
12.395191284 8.487338359
12.403872925 8.496536764
12.403252808 8.524235332
12.40046228 8.538420512
12.37700118 8.595109559
12.368836304 8.60957896
12.396328166 8.600768128
12.410590861 8.598494365
12.424440145 8.599786275
12.440253133 8.606607565
12.451828654 8.614694926
12.46433435 8.62115448
12.482524454 8.623247376
12.495546915 8.61955251
12.527793009 8.604850565
12.542572469 8.602008362
12.557972046 8.605677389
12.660394735 8.659317526
12.678171428 8.678696187
12.692847534 8.710890605
12.701632528 8.739157613
12.708867228 8.750914001
12.720236043 8.756469218
12.734498738 8.755900777
12.747211141 8.753627014
12.759613484 8.753420309
12.772946004 8.759053039
12.794546753 8.788611959
12.805708862 8.831503397
12.828239787 9.019967346
12.821005086 9.05642507
12.822141968 9.096810201
12.842192424 9.144430033
12.888391154 9.226724752
12.894592326 9.243958842
12.898416382 9.262433166
12.899346557 9.302017314
12.891285034 9.331989645
12.881569865 9.352220968
12.853147827 9.356639303
12.848393595 9.359946595
12.85542159 9.37811086
12.862036173 9.382890931
12.920740601 9.410486146
12.92900883 9.416118877
12.940067586 9.427100119
12.969006388 9.464074605
12.982442261 9.474590759
13.05168868 9.504511414
13.13034021 9.516526184
13.195452515 9.542209371
13.223461141 9.613135275
13.228422078 9.677911682
13.241341187 9.745323588
13.251056356 9.769249777
13.260461467 9.78570872
13.262941936 9.801728415
13.251986531 9.8242335
13.222944376 9.854128316
13.212712443 9.87014801
13.211058798 9.892756449
13.218706909 9.913039449
13.242271362 9.949755554
13.246405477 9.973475037
13.242478068 9.992672831
13.230489136 10.025358175
13.230179077 10.045331116
13.24795577 10.079411723
13.281338745 10.092098287
13.359783569 10.100547384
13.378387085 10.108608907
13.392671966 10.116957418
13.401951538 10.122380677
13.423242229 10.138477886
13.434921102 10.153412374
13.450837443 10.187157084
13.453007853 10.200515442
13.451354207 10.212116801
13.444532918 10.232477315
13.444842976 10.245473938
13.467167196 10.30758901
13.501273641 10.496337179
13.53879073 10.621419983
13.566282593 10.679013367
13.744411254 10.930496725
13.749838822 10.942441823
13.757020304 10.958246969
13.750405721 10.996203308
13.754849894 11.016718852
13.76590865 11.033901265
13.782031698 11.047518006
13.820065552 11.069273783
13.832054484 11.084802551
13.849211059 11.124567566
13.873188924 11.166502991
13.906261841 11.208025004
13.943882284 11.245722962
13.982329549 11.276263733
14.013128703 11.276367086
14.052506144 11.2651533
14.122579386 11.235723572
14.143249959 11.232726338
14.165470826 11.238333232
14.186761515 11.249236959
14.204641561 11.262130229
14.232133423 11.290293884
14.244329061 11.29543569
14.271304158 11.298639628
14.279158976 11.301843567
14.368249146 11.383001404
14.387059366 11.393388367
14.446280558 11.411681824
14.46726119 11.423851624
14.503951456 11.456304424
14.524932088 11.468835958
14.576608521 11.487336121
14.593765096 11.496431173
14.605754029 11.51472463
14.616192667 11.538676656
14.62384078 11.563481344
14.627561483 11.584358623
14.627148071 11.609680074
14.621360311 11.629782206
14.610198201 11.646835429
14.593868449 11.663010152
14.588597452 11.669676412
14.585083456 11.67680776
14.580949341 11.683267314
14.573507935 11.687711487
14.556454712 11.687504781
14.55242395 11.689003398
14.543328898 11.701095683
14.541881958 11.709829
14.546532837 11.718613993
14.583223104 11.766363017
14.59066451 11.783157857
14.612058553 11.884960429
14.623427368 11.916534729
14.627148071 11.950072734
14.626941365 11.957204082
14.625184367 11.968107809
14.606270792 12.011257629
14.604307088 12.030429586
14.622187133 12.042005106
14.61991337 12.052495423
14.637173299 12.124222311
14.643167765 12.135849508
14.648128703 12.141843974
14.650609172 12.148096822
14.669936157 12.167423808
14.668282512 12.178069153
14.663424927 12.187577617
14.651539348 12.193778789
14.643167765 12.190626526
14.629318481 12.183495179
14.61629602 12.178947652
14.610611613 12.183546855
14.604100382 12.204320781
14.588287394 12.217188213
14.568133585 12.227730204
14.548496541 12.241579488
14.558315063 12.246902161
14.56213912 12.248400778
14.56213912 12.255842184
14.551183715 12.260441386
14.521521444 12.282352193
14.514390096 12.289380188
14.512426391 12.298630269
14.517594035 12.313358053
14.514390096 12.32353831
14.487104939 12.337801006
14.423129516 12.353148906
14.217560669 12.359298402
14.202161092 12.36250234
14.188931925 12.370408834
14.179836873 12.385601705
14.179113403 12.397280579
14.18510787 12.427873027
14.185417928 12.447044983
14.180216224 12.463530383
14.178699992 12.468335673
14.177356404 12.54559194
14.121132446 12.8117901615
14.064908488 13.077988383
14.418168579 13.081140646
14.435428507 13.070288595
14.48104072 13.000507963
14.482144002 12.998820089
14.496303345 12.983808085
14.504674927 12.969002788
14.507672159 12.952440491
14.506121867 12.932079977
14.490618937 12.886346334
14.490102173 12.873608094
14.500437459 12.859112854
14.531029907 12.836246033
14.549013306 12.818210958
14.549013306 12.780461324
14.551080363 12.771572978
14.554801066 12.766896261
14.560692179 12.766224467
