32.626204468 35.165089824
32.615197388 35.163436178
32.602743367 35.174339906
32.6019153501 35.1786216138
32.619395379 35.184881903
32.640694328 35.1870768331
32.639433634 35.183745017
32.634782756 35.172841289
32.626204468 35.165089824
34.137705925 35.415106512
34.109060092 35.394273179
34.085459832 35.369859117
34.068207227 35.337713934
34.058929884 35.32412344
34.043793165 35.315252997
34.019786004 35.314357815
33.99488366 35.319281317
33.97136478 35.321275132
33.951670769 35.311509507
33.923594597 35.278550523
33.912119988 35.259995835
33.907399936 35.242905992
33.899912957 35.164455471
33.913747592 35.15623607
33.953623894 35.122626044
33.961924675 35.112616278
33.966807488 35.100083726
33.978688998 35.087469794
34.0122889402 35.0637952582
34.008910767 35.059721578
33.962918742 35.068299867
33.941111287 35.059721578
33.925401652 35.062770487
33.912895955 35.06592275
33.906591431 35.069049174
33.9065057114 35.0691046596
33.90652383 35.069121576
33.908245077 35.070728658
33.914446249 35.073054098
33.921474244 35.08070221
33.913619425 35.090882466
33.905867961 35.090882466
33.905867961 35.096360169
33.903594198 35.099512431
33.898839966 35.108814189
33.891811971 35.110467834
33.889434855 35.118994446
33.876205689 35.118994446
33.87155481 35.100235901
33.87155481 35.085456442
33.876929159 35.076826477
33.87155481 35.073054098
33.86690393 35.066749573
33.853571411 35.058171285
33.84271936 35.056620993
33.834864542 35.063597311
33.824012492 35.066749573
33.798277628 35.052641907
33.79435022 35.040187887
33.786495402 35.038534241
33.775539999 35.040187887
33.766134888 35.031609599
33.739676554 35.047215882
33.718489217 35.032384745
33.707585489 35.02928416
33.711461222 35.040963033
33.719367716 35.062770487
33.714716838 35.066749573
33.705311727 35.066749573
33.694459675 35.058171285
33.678853394 35.055794169
33.674099162 35.046440734
33.675649455 35.037035624
33.679434599 35.033898764
33.679443836 35.03389111
33.670998576 35.030834453
33.656115763 35.032384745
33.652188354 35.030834453
33.637512248 35.030834453
33.614051147 35.046440734
33.602268921 35.041686503
33.591520224 35.033935039
33.57896285 35.035485332
33.566405476 35.043340149
33.561754597 35.058171285
33.555450073 35.066749573
33.546871785 35.073054098
33.540670614 35.073054098
33.536794882 35.066749573
33.535192912 35.056620993
33.52899174 35.055794169
33.516434366 35.059721578
33.507184285 35.061271872
33.50015629 35.061271872
33.493851767 35.056620993
33.486203654 35.038534241
33.481449422 35.031609599
33.478348837 35.019103903
33.476798543 35.008975322
33.476798543 35.002722473
33.46656661 35.005099589
33.46584314 35.014401347
33.471320842 35.038534241
33.476798543 35.057396139
33.476798543 35.076826477
33.476798543 35.094809876
33.469770548 35.10416331
33.450960326 35.132223613
33.440004924 35.148656718
33.427705933 35.168138733
33.424501994 35.182194723
33.421401408 35.193873596
33.41354659 35.199402974
33.400317423 35.197749329
33.388535197 35.188395895
33.380783732 35.178267314
33.374530884 35.174339906
33.344816935 35.166640117
33.326213419 35.166640117
33.315258016 35.161885885
33.299600057 35.162661032
33.270816284 35.168965556
33.240223836 35.171290996
33.223997436 35.179145813
33.190252726 35.189946187
33.157489868 35.185295308
33.141935263 35.18064443
33.120127807 35.160335592
33.109120728 35.158785299
33.095839884 35.169740703
33.078683309 35.165089824
33.056100708 35.155684713
33.031140991 35.149431864
33.013984416 35.141628723
32.989076376 35.131448466
32.969542683 35.112793274
32.946908407 35.102613017
32.934351034 35.100235901
32.922723836 35.098737284
32.911768433 35.100235901
32.888410685 35.102613017
32.876731811 35.100235901
32.870427286 35.097962138
32.861022177 35.087781881
32.854924358 35.079151917
32.839214721 35.079927064
32.829912963 35.100235901
32.814306682 35.11661733
32.79477299 35.126797587
32.759633016 35.133773906
32.743975057 35.137752991
32.731521037 35.143179016
32.720565633 35.153359274
32.712710816 35.163436178
32.710592081 35.175321758
32.711388415 35.1816317091
32.711436394 35.181626695
32.745371941 35.178045966
32.7763778 35.170843817
32.801442905 35.157131252
32.828379754 35.14858633
32.865244988 35.156968492
32.892588738 35.175034898
32.914724155 35.200832424
32.929372592 35.232977606
32.934743686 35.270575262
32.936045769 35.336615302
32.932139519 35.366278387
32.920420769 35.397772528
32.94434655 35.39451732
32.985362175 35.374579169
33.006114129 35.369859117
33.069795878 35.358724094
33.140080089 35.362159422
33.262461785 35.349351304
33.280609571 35.342474677
33.427500847 35.328924872
33.660329623 35.35932038
33.742849155 35.397772528
33.783507638 35.416717511
33.83464603 35.409979559
33.887938455 35.42390629
34.035622177 35.471383085
34.076289681 35.494322917
34.131190123 35.511347354
34.181651238 35.554185289
34.210385205 35.559145535
34.267789608 35.572256183
34.319672071 35.58616771
34.361479821 35.60830945
34.544200066 35.678371486
34.578461134 35.689764716
34.59253991 35.691961981
34.587087436 35.688706773
34.583669467 35.684963283
34.581309441 35.681219794
34.578868035 35.678371486
34.575450066 35.650132554
34.572764519 35.643540757
34.5654403 35.641180731
34.542328321 35.637274481
34.537282748 35.633978583
34.441416863 35.583644924
34.352305535 35.520697333
34.137705925 35.415106512
