-89.396864177 14.426045635
-89.391696534 14.433719585
-89.390611329 14.435993348
-89.36162085 14.415477804
-89.34620629 14.413075726
-89.307567302 14.407054546
-89.276535605 14.392740173
-89.225530966 14.382146505
-89.200157837 14.36467987
-89.153984945 14.351295675
-89.14450232 14.359718933
-89.130110433 14.386745707
-89.122178101 14.39467804
-89.113341431 14.397055156
-89.107476156 14.395969951
-89.102566895 14.391525777
-89.096830811 14.384006856
-89.091844036 14.37483429
-89.089673625 14.364886577
-89.090552124 14.35470632
-89.094479533 14.344861959
-89.08308488 14.335327657
-89.048978435 14.331451925
-89.032984579 14.323674622
-89.02660254 14.311298117
-89.022623454 14.280653992
-89.018127605 14.271688131
-88.992754476 14.252955424
-88.983530233 14.242129211
-88.974564372 14.22737559
-88.970791992 14.214844056
-88.970228476 14.210176262
-88.9692417 14.202002462
-88.965986084 14.191382955
-88.957175253 14.185181783
-88.947485922 14.187274679
-88.935626181 14.194018453
-88.921647705 14.199883728
-88.906015585 14.19957367
-88.881262573 14.184199931
-88.860333619 14.158516744
-88.845321615 14.128621928
-88.838758708 14.100406596
-88.821188721 14.102938741
-88.777341269 14.099734802
-88.765429851 14.10425649
-88.755120402 14.110457662
-88.746387086 14.111336162
-88.7392299 14.099941508
-88.740056723 14.083017477
-88.746077027 14.066558533
-88.746645467 14.052476705
-88.73096167 14.042477316
-88.709515951 14.039686788
-88.704865072 14.038033142
-88.69765621 14.032012838
-88.692695273 14.025294902
-88.690447347 14.016949157
-88.690811758 14.011789871
-88.690938273 14.009998678
-88.684814616 14.012298279
-88.659338136 14.016122335
-88.633861654 14.014468689
-88.558104004 13.990904236
-88.514049846 13.987648621
-88.504360515 13.983695374
-88.495420492 13.975142924
-88.496195639 13.971990662
-88.496505697 13.96956187
-88.497085349 13.969068092
-88.497900961 13.968373311
-88.498182577 13.968409755
-88.502293458 13.968941752
-88.501198106 13.966600438
-88.496092286 13.955686747
-88.496815755 13.944033712
-88.5002264 13.931863912
-88.502293458 13.917110291
-88.499502931 13.907601827
-88.488676717 13.8813502
-88.488004924 13.865330506
-88.496815755 13.851197002
-88.470150716 13.852488912
-88.451443848 13.863573507
-88.433227906 13.87106659
-88.392946127 13.879774068
-88.383360149 13.879257304
-88.367417969 13.873107809
-88.360105754 13.872384338
-88.358917196 13.875278219
-88.358917196 13.88119517
-88.358193726 13.887396343
-88.355067302 13.890962016
-88.348556072 13.891375427
-88.340572063 13.89003184
-88.332613892 13.887706401
-88.326206015 13.885070903
-88.319255534 13.897602437
-88.308429322 13.90147817
-88.296311198 13.902356669
-88.285433309 13.905974019
-88.277526815 13.913337911
-88.274170773 13.919119724
-88.270162923 13.926024475
-88.263600016 13.933104146
-88.251636922 13.938090922
-88.242774415 13.936695658
-88.236366537 13.938142599
-88.231586467 13.951811015
-88.233369304 13.95449819
-88.242309327 13.962533875
-88.244376384 13.966099548
-88.245358236 13.985891622
-88.244893148 13.989250591
-88.235074626 13.992867941
-88.220062623 13.991317647
-88.217658813 13.990796705
-88.193475098 13.985555725
-88.177532919 13.98519399
-88.125391398 13.991265971
-88.099036418 13.989819031
-88.087538412 13.980543112
-88.072888144 13.943413595
-88.058392904 13.926489563
-88.039970256 13.910133972
-88.023640503 13.891168722
-88.015320598 13.866364035
-87.969741985 13.888533223
-87.954781657 13.892460633
-87.952594894 13.892029035
-87.94692684 13.890910339
-87.932173218 13.881556905
-87.925326091 13.879619039
-87.920752726 13.881866963
-87.907885295 13.891530457
-87.900107992 13.894140117
-87.890108603 13.893545837
-87.870549073 13.889566752
-87.860911418 13.89018687
-87.851222088 13.896878968
-87.842953858 13.907110901
-87.832902792 13.915249939
-87.817890788 13.915870057
-87.80845984 13.908635356
-87.798718832 13.882332051
-87.790605632 13.87047231
-87.785412151 13.867397562
-87.771433675 13.862126567
-87.765335856 13.858870952
-87.749528723 13.845627388
-87.721204184 13.821896464
-87.703608358 13.814997661
-87.712625896 13.800450745
-87.732805542 13.755104676
-87.737843994 13.738774923
-87.731358603 13.722212627
-87.736293701 13.711463929
-87.74631893 13.702188009
-87.755026408 13.689914857
-87.758643758 13.672267355
-87.757816936 13.635163676
-87.760090699 13.616947734
-87.784068564 13.560465394
-87.789933839 13.532818502
-87.779469361 13.509977519
-87.769159912 13.506360168
-87.747972575 13.513233135
-87.73342566 13.507703756
-87.725725872 13.498970439
-87.720584066 13.486981507
-87.718801229 13.473674825
-87.721152507 13.460833232
-87.738412435 13.441687113
-87.8171587349 13.4065579362
-87.817168749 13.406561591
-87.817860481 13.406805731
-87.825713671 13.411281643
-87.830677864 13.419501044
-87.838286913 13.440944729
-87.866444465 13.393337307
-87.873768684 13.365261135
-87.855376757 13.352809963
-87.843617317 13.348456122
-87.810414192 13.317409572
-87.791533983 13.304958401
-87.789906379 13.299099026
-87.789906379 13.287014065
-87.79808509 13.26565176
-87.817982551 13.250392971
-87.892323371 13.213893947
-87.912464973 13.198187567
-87.916005012 13.182196356
-87.892933723 13.166571356
-87.928212043 13.158636786
-88.066029426 13.16787344
-88.098378059 13.174017645
-88.105213996 13.174017645
-88.121937629 13.167547919
-88.20828203 13.160427151
-88.300892707 13.174221096
-88.324940559 13.166571356
-88.337757942 13.170843817
-88.352284309 13.174017645
-88.352284309 13.180243231
-88.329701301 13.181708075
-88.328114387 13.197088934
-88.340199348 13.216131903
-88.358428515 13.228664455
-88.354481575 13.220892645
-88.342559374 13.204657294
-88.337920702 13.194525458
-88.374053515 13.195705471
-88.39175371 13.193915106
-88.406849739 13.18768952
-88.397206184 13.18362051
-88.389393684 13.184759833
-88.37999427 13.18740469
-88.365874804 13.18768952
-88.365874804 13.180243231
-88.389149543 13.170843817
-88.414824999 13.171576239
-88.43484453 13.1836612
-88.441029426 13.208197333
-88.431182421 13.203884182
-88.427357551 13.201361395
-88.413685676 13.21503327
-88.413685676 13.221218166
-88.43077552 13.228786526
-88.449574348 13.254584052
-88.46214759 13.262233791
-88.458770312 13.247748114
-88.453114387 13.235907294
-88.4501847 13.225368557
-88.454701301 13.21503327
-88.469227668 13.223089911
-88.511504687 13.233465887
-88.529774543 13.242946682
-88.546294726 13.271755276
-88.553985155 13.276434637
-88.565703905 13.27737051
-88.59866289 13.283880927
-88.613392707 13.283880927
-88.653920051 13.276434637
-88.710438606 13.274969794
-88.722767707 13.2695987
-88.71605384 13.264349677
-88.708729621 13.260524807
-88.701405403 13.259344794
-88.694854296 13.262233791
-88.666615364 13.255764065
-88.586333788 13.264227606
-88.577381965 13.262844143
-88.564483202 13.256008205
-88.557484504 13.249579169
-88.545033332 13.234767971
-88.536610481 13.228664455
-88.536610481 13.221218166
-88.555327929 13.224310614
-88.568959114 13.226833401
-88.59866289 13.235500393
-88.59866289 13.228664455
-88.51671302 13.212225653
-88.47390703 13.198635158
-88.454701301 13.180243231
-88.461699999 13.168280341
-88.479603645 13.171210028
-88.499541796 13.181423244
-88.5126847 13.191107489
-88.527455207 13.198431708
-88.785674608 13.245266018
-88.816639778 13.259304104
-89.064808723 13.372015692
-89.183501757 13.443060614
-89.251454231 13.472316799
-89.324859179 13.489325262
-89.358998176 13.489325262
-89.384999153 13.495306708
-89.527066725 13.49417334
-89.587790099 13.508942124
-89.616352567 13.514382675
-89.679765875 13.534732428
-89.713127606 13.527996506
-89.808048231 13.526857633
-89.823296529 13.537140191
-89.833376674 13.573887876
-89.83714759 13.596828518
-89.849662052 13.606876111
-89.870262594 13.619275773
-89.951318274 13.664110063
-90.021170747 13.695175041
-90.092981728 13.7289030479
-90.114313925 13.796264954
-90.114779012 13.812000428
-90.112298543 13.828252666
-90.106975871 13.844065654
-90.099043539 13.858509216
-90.087080444 13.87047231
-90.059640259 13.884709167
-90.047367107 13.894295146
-90.038091187 13.908376974
-90.031476603 13.922923889
-90.022975831 13.936954041
-90.008170533 13.949692281
-89.912078207 14.015192159
-89.890787517 14.03588857
-89.880116333 14.042684021
-89.835855469 14.059091289
-89.821101847 14.060073141
-89.80296342 14.055473938
-89.776944336 14.035785218
-89.76226823 14.029997457
-89.747643799 14.037645569
-89.747256226 14.043200785
-89.748010068 14.044894904
-89.754465088 14.059401347
-89.75544694 14.067075297
-89.752604737 14.075240174
-89.709868327 14.14872406
-89.68984371 14.17001475
-89.664625611 14.18885081
-89.638322307 14.200555522
-89.53093868 14.225566915
-89.524504965 14.231768087
-89.524659994 14.247374369
-89.527863932 14.251456808
-89.540550497 14.257606303
-89.544917156 14.261817932
-89.546777507 14.268329163
-89.548586182 14.283599549
-89.549878093 14.288276265
-89.555691691 14.299024963
-89.558585572 14.302823182
-89.564373332 14.308145853
-89.571272136 14.311143087
-89.592175253 14.313830261
-89.598350587 14.327989604
-89.592433635 14.336387024
-89.582408407 14.343363343
-89.576078044 14.353130189
-89.578971924 14.364783223
-89.58628414 14.374679261
-89.590573284 14.385970561
-89.584062053 14.401809387
-89.569876872 14.412015483
-89.555174927 14.410826925
-89.544245362 14.400052388
-89.541351481 14.381526387
-89.52776058 14.391060689
-89.503033407 14.420051168
-89.49614813 14.422897484
-89.485282552 14.427389222
-89.469417887 14.42537384
-89.458126587 14.41958608
-89.446835287 14.415529481
-89.431099813 14.41870758
-89.408362183 14.441522726
-89.398181926 14.44537262
-89.396864177 14.426045635
