6.61622155 0.0781110700001
6.582855665 0.0773379580001
6.578379754 0.0781110700001
6.567718946 0.042141018
6.55730228 0.028265692
6.544200066 0.043931382
6.536957227 0.0264346370001
6.526621941 0.0241153020001
6.516368035 0.0336367860001
6.510101759 0.0514183610001
6.511729363 0.0527204450001
6.516612175 0.0699730490001
6.516937696 0.0781110700001
6.513682488 0.0882835960001
6.509613477 0.092678127
6.505707227 0.0948753930001
6.50269616 0.0985781920001
6.467295769 0.212469794
6.461680535 0.222154039
6.466319207 0.231024481
6.468109571 0.239813544
6.468516472 0.259955145
6.470876498 0.267889716
6.490244988 0.290961005
6.494313998 0.299994208
6.495371941 0.306382554
6.497813347 0.31268952
6.533050977 0.348130601
6.540782097 0.351874091
6.578298373 0.364569403
6.609548373 0.390366929
6.641856316 0.410793361
6.681407097 0.407131252
6.703868035 0.391831773
6.727061394 0.366929429
6.746104363 0.338080145
6.75652103 0.310858466
6.760915561 0.284165757
6.76050866 0.268296617
6.75652103 0.25006745
6.748545769 0.23069896
6.740082227 0.218573309
6.715586785 0.19546133
6.703135613 0.180405992
6.67457116 0.133368231
6.668467644 0.131008205
6.6591903 0.12885163
6.653330925 0.124579169
6.660004102 0.107326565
6.652598504 0.103216864
6.641449415 0.101019598
6.633636915 0.0985781920001
6.618174675 0.0812035180001
6.61622155 0.0781110700001
7.434418165 1.615220445
7.435557488 1.592596747
7.430511915 1.572739976
7.425547722 1.56273021
7.418223504 1.55849844
7.405772332 1.556463934
7.402110222 1.55072663
7.402517123 1.542059637
7.4013778 1.53119538
7.398773634 1.534979559
7.395681186 1.542385158
7.394053582 1.545396226
7.387380405 1.542466539
7.381032748 1.537990627
7.372243686 1.554144598
7.35840905 1.558905341
7.343760613 1.559881903
7.332530144 1.565334377
7.329356316 1.596258856
7.330088738 1.614650783
7.339366082 1.613104559
7.355967644 1.620021877
7.364024285 1.629380601
7.366465691 1.641791083
7.366547071 1.658107815
7.371836785 1.677191473
7.385264519 1.692328192
7.403005405 1.699774481
7.421234571 1.695705471
7.448741082 1.693182684
7.45972741 1.688299872
7.462738477 1.674546617
7.457367384 1.669989325
7.446136915 1.665472723
7.434825066 1.658880927
7.42872155 1.647853908
7.443532748 1.645453192
7.456716342 1.638332424
7.461761915 1.630804755
7.452647332 1.627346096
7.438243035 1.623928127
7.434418165 1.615220445
