-0.166109171 11.134980367
-0.158667765 11.118443908
-0.142079631 11.103328552
-0.121744955 11.092192282
-0.103348145 11.087541403
-0.0850288499999 11.089401754
-0.0510774329999 11.098264262
-0.0322672119999 11.09857432
0.00111576300012 11.08599111
0.0162052820001 11.062581686
0.0194092210001 11.031627502
0.0165670170001 10.996203308
0.0141899010002 10.983671774
0.00718774400016 10.976798808
-0.00157141099982 10.971295268
-0.0095812579998 10.963001201
-0.0144388429999 10.95359609
-0.0360912679999 10.853137105
-0.0353161209999 10.843447774
-0.0302001549999 10.823784892
-0.0320605059999 10.813165385
-0.0406904709999 10.805026347
-0.0611026609999 10.791357931
-0.0752103269998 10.773658753
-0.0828067629999 10.756217957
-0.0881294349998 10.714411723
-0.0915644799998 10.700253768
-0.0976895759999 10.675008443
-0.0983355309998 10.654157003
-0.0881294349998 10.63348643
-0.0793444419999 10.62625173
-0.0683631999999 10.621058248
-0.0564517819999 10.618009338
-0.0333524169999 10.615063782
-0.0262210699998 10.610361226
-0.0199682209999 10.604340922
-0.0109248449999 10.598268941
0.0203393960001 10.588037008
0.0294344480001 10.582533468
0.0373409420002 10.573180034
0.0490198160001 10.550959168
0.0572622070002 10.541114808
0.110178874 10.508248596
0.1260177 10.491608786
0.176970663 10.397686869
0.179864542 10.394172872
0.187512654 10.394948019
0.191750122 10.400839132
0.194437296 10.407376201
0.197072795 10.410270081
0.223608642 10.399960632
0.233220459 10.398617045
0.244563436 10.401536763
0.253942708 10.40608429
0.263011922 10.408926493
0.273243856 10.406601054
0.283114054 10.39680837
0.283553304 10.385775452
0.280220174 10.375181784
0.278824911 10.366629333
0.290038696 10.348490906
0.307066081 10.333272196
0.317582235 10.317330017
0.308797241 10.297098694
0.322749878 10.297253723
0.36659733 10.304488424
0.376183308 10.299940898
0.3965955 10.283223572
0.372049194 10.265136821
0.367294962 10.249814759
0.36442692 10.233407491
0.35719222 10.219997457
0.358845866 10.186330261
0.353600708 10.115507711
0.363393392 10.089669495
0.376079956 10.081582133
0.387087036 10.078946635
0.39514856 10.07235789
0.398145792 10.052126566
0.39457026 10.035557027
0.393908325 10.032489522
0.382746215 10.029595643
0.367294962 10.032127787
0.349776652 10.028820496
0.355719441 10.018976136
0.355125163 10.012619934
0.351740357 10.006418763
0.349776652 9.997168681
0.351430297 9.990450745
0.363393392 9.966782938
0.370188842 9.947016703
0.369568726 9.938825989
0.362592407 9.932676493
0.349776652 9.9189564
0.341715128 9.903789368
0.339673909 9.889836731
0.344195597 9.849761658
0.343885538 9.838392843
0.322439819 9.760671489
0.323886759 9.742067973
0.329131918 9.731293437
0.336289103 9.723490296
0.342955363 9.713542583
0.347606242 9.698840638
0.349880005 9.680650534
0.347089478 9.663158061
0.336650838 9.650833231
0.318719116 9.648611145
0.301924275 9.657835388
0.275285075 9.685585633
0.260970703 9.657163594
0.261694173 9.627940572
0.277636352 9.606985779
0.308797241 9.603678488
0.349363241 9.613910421
0.369155314 9.610138041
0.377733602 9.589415792
0.37080896 9.575644023
0.354608398 9.571096497
0.336159912 9.574197082
0.322439819 9.583137105
0.304559774 9.571561585
0.280530233 9.570166321
0.230197388 9.575747376
0.227742757 9.569339498
0.22306604 9.541175842
0.223401937 9.534793803
0.225908244 9.531925761
0.233220459 9.525595398
0.243116496 9.518696594
0.253503459 9.514252422
0.279005778 9.519006653
0.293139282 9.518283183
0.301924275 9.507456971
0.298100219 9.497095845
0.285310302 9.488362529
0.269729858 9.482342224
0.228052816 9.473970642
0.227949463 9.459733785
0.234977458 9.443765767
0.226812581 9.432345276
0.231360108 9.41896108
0.249886109 9.416945699
0.268489624 9.420640564
0.314223267 9.436479391
0.321819702 9.442835591
0.325747111 9.451336365
0.328796021 9.471567688
0.333782796 9.479474182
0.348949829 9.486037089
0.371429077 9.490016175
0.41165918 9.492238261
0.430443562 9.489189351
0.483515259 9.470017395
0.489923136 9.461129049
0.491680135 9.451284689
0.489406372 9.441026916
0.482791788 9.429838969
0.482585083 9.428857117
0.482791788 9.427875265
0.483515259 9.426841736
0.513280884 9.41679067
0.531367635 9.401106873
0.537568807 9.377645772
0.528267049 9.326951193
0.526613403 9.297650656
0.522479288 9.285067444
0.512350708 9.27470632
0.501085245 9.268195089
0.49292037 9.258609111
0.491990194 9.238894551
0.504392537 9.203108622
0.504702595 9.187166443
0.49261031 9.166754253
0.469976034 9.146729635
0.463645671 9.13709198
0.463749023 9.121459859
0.458478027 9.089239604
0.441553996 9.058182068
0.431270386 9.02758962
0.444680419 8.996557922
0.444887126 8.996557922
0.444887126 8.99645457
0.493127075 8.915219218
0.505632771 8.866333313
0.48362927 8.834973182
0.483515259 8.834810689
0.478450969 8.822330832
0.477004029 8.806750386
0.473490031 8.793547058
0.462482951 8.788301901
0.449512166 8.790368957
0.439409424 8.793443705
0.430133504 8.794735617
0.419591512 8.791247457
0.424965861 8.787320048
0.418299601 8.770602722
0.407809286 8.759053039
0.397112264 8.781532287
0.385278361 8.786079814
0.372669311 8.783754375
0.365873861 8.774271749
0.368083532 8.761481025
0.37442631 8.724765727
0.403726847 8.662082214
0.4435177 8.606865947
0.483515259 8.579787496
0.500568481 8.56017629
0.524753052 8.538032939
0.550797974 8.51932607
0.61632369 8.48875946
0.633790324 8.452017517
0.646709432 8.41416453
0.685053345 8.382564392
0.687223755 8.372203267
0.686913697 8.3607311
0.689394165 8.346054993
0.688567342 8.336029765
0.689187459 8.331301371
0.693114868 8.327890726
0.705103801 8.325978699
0.708824504 8.322568055
0.712751912 8.297970072
0.705207153 8.282751363
0.689187459 8.272855326
0.645055786 8.253424988
0.628312622 8.242469584
0.595032999 8.212729797
0.586661417 8.208750712
0.579013305 8.207820537
0.573845662 8.203944804
0.572708781 8.190999857
0.576842895 8.180483703
0.58459436 8.173068136
0.591519002 8.164489848
0.593276001 8.150666402
0.587798299 8.137721456
0.579943481 8.131701152
0.574982544 8.124621481
0.58025354 8.100075175
0.583974243 8.053049622
0.593172648 8.015739238
0.593689412 7.996567281
0.59286259 7.959308574
0.602687912 7.893132132
0.603404581 7.888305155
0.602577759 7.828412171
0.611672811 7.771258037
0.6095024 7.718961487
0.612292928 7.699427796
0.583354126 7.70428538
0.570538371 7.683924866
0.567437785 7.652919006
0.567747843 7.625737203
0.562063436 7.612301331
0.548524211 7.605376689
0.532504517 7.601035868
0.519378703 7.595196432
0.509250122 7.58537791
0.50304895 7.574680888
0.4994316 7.562381897
0.495607544 7.504297587
0.500568481 7.455049947
0.516691528 7.411021627
0.548214152 7.383271383
0.566404256 7.380790914
0.586248006 7.384356588
0.623041626 7.397895813
0.629656209 7.389162496
0.645675903 7.323585104
0.644435668 7.301932678
0.631103149 7.265242412
0.621801392 7.218836975
0.597720174 7.158892314
0.59430953 7.119721578
0.598753702 7.074711405
0.598030233 7.031199849
0.578909953 6.996783346
0.565990844 6.989651998
0.523822876 6.978696595
0.509146769 6.977611389
0.494574015 6.97311554
0.506046183 6.957819316
0.534468221 6.935908508
0.546250448 6.914772847
0.543873332 6.89792633
0.522789347 6.862838033
0.516071411 6.841805725
0.51927535 6.832245585
0.528887167 6.82653534
0.541082805 6.817181906
0.570021607 6.76351593
0.57663619 6.754730937
0.593792765 6.751113587
0.611259399 6.741527609
0.625832153 6.727755839
0.634307088 6.711606954
0.635340617 6.695380554
0.626658976 6.64489268
0.632240031 6.623989563
0.645365844 6.612026469
0.659421834 6.601717021
0.668206828 6.585826518
0.677611938 6.584896342
0.705517212 6.585774842
0.714612264 6.58391449
0.727428019 6.571434632
0.726807902 6.562107035
0.719779907 6.552727763
0.713475383 6.539989523
0.71307571 6.533935652
0.711718383 6.51337616
0.717919555 6.488829854
0.729908488 6.465084534
0.745721476 6.440899963
0.766805461 6.419350891
0.81620813 6.395062968
0.841322876 6.379224142
0.873879028 6.340130921
0.886798136 6.330389913
0.907262003 6.324912211
0.983536418 6.324602153
1.009684692 6.244452006
1.025187622 6.222334493
1.033145793 6.216546733
1.040587199 6.213471985
1.048131958 6.209389547
1.05578007 6.200630392
1.068905883 6.180347392
1.079654581 6.16791921
1.093400513 6.160917053
1.176186157 6.151511942
1.187968384 6.135647278
1.18539571438 6.10049084829
1.185394727 6.100490627
1.184825066 6.100327867
1.17839603 6.097967841
1.133067254 6.073635158
1.098806186 6.04702383
1.048024936 5.992661851
1.036387566 5.975165106
1.011729363 5.926255601
1.007090691 5.906683661
1.005625847 5.886053778
0.995290561 5.839341539
0.986582879 5.820746161
0.954844597 5.791083075
0.914398634 5.777085679
0.723480665 5.755438544
0.364919467 5.78148021
0.321950717 5.779201565
0.298106316 5.77366771
0.285980665 5.768866278
0.280935092 5.763006903
0.275889519 5.760158596
0.251719597 5.759100653
0.243337436 5.756170966
0.224375847 5.742621161
0.157399936 5.724554755
0.142100457 5.714260158
0.114593946 5.688666083
0.0756942070001 5.677557684
0.0616968110001 5.662827867
0.050629102 5.64476146
0.0345158210001 5.628363348
-0.0450333319999 5.60162995
-0.0496720039999 5.598863023
-0.0627335279999 5.58584219
-0.0685929029999 5.581203518
-0.0773819649999 5.57807038
-0.0932511059999 5.576646226
-0.307850715 5.507391669
-0.353098111 5.501695054
-0.359283007 5.498683986
-0.371571418 5.492743231
-0.445057746 5.431382554
-0.452870246 5.420111395
-0.45811927 5.404730536
-0.471587694 5.39081452
-0.507435676 5.368841864
-0.577381965 5.35162995
-0.589344856 5.35150788
-0.596669075 5.344305731
-0.612863736 5.33201732
-0.629465299 5.326727606
-0.63776608 5.340887762
-0.689523892 5.30475495
-0.702300585 5.299994208
-0.760731575 5.252183335
-0.784494595 5.224269924
-0.799549934 5.21482982
-0.873890754 5.204006252
-0.896839973 5.205023505
-0.911488411 5.218003648
-0.918283658 5.209418036
-0.927723762 5.206122137
-0.952463345 5.204413153
-0.976551887 5.198309637
-0.988392707 5.198797919
-0.99347897 5.207749742
-0.9970597 5.216782945
-1.00503496 5.214544989
-1.017323371 5.204413153
-1.033802864 5.202948309
-1.049794075 5.198675848
-1.154123502 5.153876044
-1.164702929 5.139227606
-1.173654752 5.130560614
-1.194081184 5.118597723
-1.233631965 5.100734768
-1.254139778 5.096502997
-1.319243944 5.094549872
-1.329986132 5.091538804
-1.353138801 5.077785549
-1.364003059 5.073431708
-1.374134895 5.072658596
-1.394764778 5.073919989
-1.404937304 5.073431708
-1.423451301 5.067450262
-1.459706184 5.049750067
-1.529286262 5.039862372
-1.55186927 5.03139883
-1.568796353 5.019273179
-1.569488085 5.018784898
-1.583851692 5.025376695
-1.601470507 5.026678778
-1.61847897 5.022447007
-1.630848762 5.012640692
-1.632435676 5.004543361
-1.625477668 4.989488023
-1.627756314 4.981594143
-1.63402259 4.974432684
-1.638172981 4.970689195
-1.706654426 4.936916408
-1.718820767 4.927679755
-1.747670051 4.895900783
-1.749908007 4.888576565
-1.748117642 4.881903387
-1.748605924 4.877183335
-1.757435676 4.875433661
-1.76675371 4.874701239
-1.835438606 4.855129299
-1.912098762 4.820868231
-1.928089973 4.806789455
-1.952259895 4.772447007
-1.967274543 4.758124091
-1.9814347 4.752427476
-2.050363736 4.743638414
-2.063832161 4.73818594
-2.090565559 4.737127997
-2.096587694 4.73847077
-2.103871223 4.745062567
-2.10667884 4.755357164
-2.105620898 4.766546942
-2.107980924 4.775580145
-2.120961067 4.779201565
-2.129017707 4.780340887
-2.144154426 4.784979559
-2.155384895 4.786078192
-2.154367642 4.790676174
-2.163726366 4.800523179
-2.206288215 4.834458726
-2.227406379 4.843410549
-2.237049934 4.849188544
-2.241118944 4.858058986
-2.242827929 4.865383205
-2.24722246 4.873032945
-2.252756314 4.87913646
-2.35659746 4.919623114
-2.525786913 4.954413153
-2.690419075 5.010199286
-2.820871549 5.020086981
-2.964995898 5.045314846
-3.103749153 5.087713934
-3.11960095301 5.09133139696
-3.11528143604 5.10782091015
-3.108306444 5.10960521
-3.098988411 5.11322663
-3.087635871 5.114976304
-3.016102668 5.114447333
-2.994496223 5.108140367
-2.988514778 5.102240302
-2.976307746 5.084621486
-2.970936653 5.080877997
-2.957753059 5.082668361
-2.937245246 5.091294664
-2.926340299 5.094549872
-2.929025845 5.122015692
-2.901234504 5.133612372
-2.865305142 5.139308986
-2.843698697 5.149115302
-2.843658007 5.149115302
-2.803855143 5.147568054
-2.780884969 5.150875346
-2.766622273 5.161029765
-2.757010457 5.179865825
-2.762488159 5.18629954
-2.775665649 5.197539164
-2.778817912 5.201001486
-2.779644735 5.210122376
-2.775407268 5.231025492
-2.774890503 5.239577942
-2.779334676 5.251075948
-2.793287313 5.271100566
-2.796129516 5.284975688
-2.789566609 5.346858216
-2.755873576 5.34070872
-2.742592733 5.343137512
-2.732670858 5.355720724
-2.730138713 5.37316152
-2.734427856 5.391144918
-2.761713013 5.454913636
-2.779438029 5.526485494
-2.781815145 5.578885397
-2.785587525 5.595034282
-2.793442342 5.608134257
-2.806258098 5.618495382
-2.87749406 5.636814677
-2.893746297 5.630355123
-2.92630245 5.610718078
-2.945861979 5.608289287
-2.969503947 5.621440938
-2.974904134 5.647279155
-2.964801391 5.709781799
-3.029758667 5.704252421
-3.019965983 5.818353984
-3.022523967 5.854501648
-3.034719605 5.890700989
-3.073244385 5.960955099
-3.087765463 5.996689352
-3.11807369 6.163475037
-3.13936438 6.219285584
-3.168794108 6.246053976
-3.171721891 6.249584688
-3.183599406 6.263908183
-3.262509318 6.617142436
-3.261114054 6.633937277
-3.253905192 6.644427592
-3.235482544 6.654582011
-3.230056519 6.66111908
-3.210419475 6.715999451
-3.212744914 6.722665711
-3.226232463 6.748581441
-3.238738159 6.764626974
-3.24307898 6.774755554
-3.241683716 6.810903219
-3.224940552 6.849402161
-3.109598755 7.046392721
-3.097274114 7.054053375
-3.096592623 7.054476971
-3.09546525 7.055177714
-3.045933391 7.071249085
-3.0408691 7.078328755
-3.032600871 7.128351542
-3.02753658 7.138428447
-2.981699585 7.195530905
-2.972811238 7.214961243
-2.972087769 7.228603821
-2.976531942 7.236717021
-2.98322404 7.24498525
-2.989528565 7.258937887
-2.99045874 7.270668437
-2.941521159 7.577161357
-2.928162801 7.617675679
-2.855944987 7.771568095
-2.852069255 7.778131002
-2.842018188 7.790274963
-2.838168295 7.79683787
-2.837909912 7.802263896
-2.840829631 7.815234681
-2.840002807 7.820247294
-2.831398681 7.828360494
-2.809151977 7.841693014
-2.801193807 7.850219625
-2.797886516 7.861278381
-2.793545695 7.935950826
-2.790625977 7.94328888
-2.78434729 7.944012349
-2.777681031 7.939619853
-2.77261674 7.933935446
-2.771221477 7.930731507
-2.754891724 7.944374084
-2.709261434 7.99672231
-2.690864625 8.009744772
-2.631178345 8.029588521
-2.610559448 8.040001322
-2.60068925 8.052946269
-2.599759074 8.070387064
-2.606218628 8.094313253
-2.619447794 8.123097026
-2.621876587 8.135731913
-2.617639119 8.151493225
-2.610662801 8.164851583
-2.604254924 8.170794373
-2.595986695 8.170277609
-2.583274292 8.164334818
-2.571750447 8.163120422
-2.55810787 8.167693787
-2.51320105 8.194022929
-2.506328084 8.209267477
-2.552345947 8.489366659
-2.59836381 8.769465841
-2.603118042 8.785149638
-2.612161418 8.780963847
-2.612381686 8.781321221
-2.617225708 8.7891804
-2.614641887 8.80191864
-2.607252156 8.808559062
-2.596658488 8.814398499
-2.595573283 8.828066915
-2.615933797 8.897830099
-2.617174032 8.915012513
-2.619447794 8.923616639
-2.625028849 8.925993754
-2.631746786 8.926975607
-2.637689575 8.931471456
-2.653295858 8.978393657
-2.654329387 8.998831685
-2.660788941 9.014903056
-2.686058716 9.028261414
-2.711328492 9.033894145
-2.736960002 9.035134379
-2.750809285 9.037408142
-2.758664103 9.042860006
-2.765071981 9.049474589
-2.774838827 9.054978129
-2.765433716 9.069111633
-2.761299602 9.084795431
-2.759387573 9.134818217
-2.755201782 9.143138123
-2.733911092 9.164842225
-2.716496135 9.200266418
-2.704817261 9.218404847
-2.673087932 9.234889628
-2.661150675 9.253906556
-2.659807088 9.272897645
-2.675516723 9.281501771
-2.692983358 9.285325826
-2.707142701 9.295635275
-2.714997518 9.311060689
-2.713343872 9.329922587
-2.703060262 9.343255107
-2.689417684 9.349533794
-2.677532105 9.357001038
-2.672416138 9.374028422
-2.672416138 9.401003519
-2.677377075 9.417772522
-2.678668987 9.425549825
-2.674586548 9.457485861
-2.675671753 9.471722718
-2.689210978 9.488724263
-2.725281128 9.533863627
-2.761092895 9.566238912
-2.766260539 9.576522522
-2.768017537 9.592800599
-2.766467245 9.608897807
-2.761506307 9.625253398
-2.75292802 9.639903666
-2.740163941 9.650833231
-2.743404469 9.653325351
-2.751015992 9.659178976
-2.75421993 9.668351542
-2.755460164 9.67749827
-2.760524455 9.685585633
-2.769257772 9.689926453
-2.774838827 9.689306336
-2.780316528 9.690236512
-2.788481405 9.699254049
-2.795302694 9.720002136
-2.791581991 9.740931091
-2.774838827 9.774339905
-2.740267294 9.812606303
-2.733911092 9.82278656
-2.736753296 9.832579245
-2.760524455 9.870535584
-2.764865275 9.895753683
-2.755563517 9.941151428
-2.75437496 9.966782938
-2.76088619 9.984766337
-2.783572144 10.018511048
-2.788481405 10.038768209
-2.788481405 10.124447734
-2.798920044 10.169612935
-2.798454956 10.1895342
-2.785380819 10.21010142
-2.765123658 10.225836894
-2.757682252 10.234647726
-2.75437496 10.247954407
-2.7549434 10.260796
-2.758354045 10.266118673
-2.764865275 10.269115906
-2.774838827 10.275239563
-2.784450643 10.278805237
-2.79318396 10.278546854
-2.799669352 10.28092397
-2.802098145 10.292318624
-2.805689657 10.299010722
-2.814216268 10.301077779
-2.824448202 10.302214661
-2.833181519 10.305987041
-2.841294719 10.322290954
-2.841294719 10.343271586
-2.836282104 10.363657939
-2.829460816 10.378282369
-2.822329468 10.387584127
-2.81462968 10.393707784
-2.804940348 10.397118429
-2.791995402 10.398151957
-2.781039999 10.402415263
-2.77189327 10.411820373
-2.767552449 10.421199646
-2.771428182 10.42548879
-2.795871135 10.426108907
-2.812149211 10.42882192
-2.824448202 10.435023092
-2.859562337 10.46561554
-2.867391317 10.478250428
-2.870440226 10.497784119
-2.873385783 10.502486674
-2.88689917 10.515793356
-2.891524211 10.521658631
-2.894211385 10.531425476
-2.895865031 10.552767843
-2.898293824 10.562612204
-2.928266155 10.615218811
-2.932503622 10.634313253
-2.929661418 10.64420929
-2.916251384 10.668083801
-2.910153565 10.684491068
-2.907337199 10.688315125
-2.905115112 10.692733459
-2.905140951 10.699193013
-2.90803483 10.703637187
-2.912634034 10.705807597
-2.916949016 10.706608582
-2.91891272 10.706608582
-2.91995929 10.711088218
-2.922323364 10.721207174
-2.919274455 10.72720164
-2.908577434 10.737666118
-2.903099731 10.747148743
-2.899482381 10.769989726
-2.882661703 10.797068176
-2.871628785 10.843447774
-2.864239055 10.864273377
-2.850803182 10.879543763
-2.834861003 10.891610209
-2.821399292 10.906260478
-2.815766561 10.929153137
-2.821761027 10.948299256
-2.832716431 10.966024272
-2.838710897 10.985118714
-2.835946208 10.992224223
-2.837341472 10.998011984
-2.751119345 10.996461691
-2.750705933 10.985842184
-2.728797594 10.986057355
-2.634950724 10.986979065
-2.43976884 10.988942769
-2.19787146 10.991294047
-1.972872274 10.993516134
-1.75407426 10.995634868
-1.598683227 10.997133484
-1.587004354 11.003670553
-1.57982133 11.021214702
-1.562406372 11.02658905
-1.436057495 11.022713318
-1.423584093 11.017911405
-1.413553085 11.014049746
-1.380350301 11.001267599
-1.355287232 10.996720072
-1.228059855 10.995479838
-1.107550415 10.994342956
-1.098713745 11.009561666
-1.070343384 11.013902486
-0.932470663 11.003102112
-0.924047404 11.001422628
-0.916450969 10.996203308
-0.90947465 10.982689921
-0.904358684 10.979485983
-0.893920044 10.979899394
-0.900586304 10.966230978
-0.883171346 10.968633932
-0.860795451 10.992921855
-0.839401408 10.996461691
-0.833665324 11.003412171
-0.827774211 11.005840963
-0.82214148 11.003618876
-0.816973837 10.996461691
-0.816973837 10.996203308
-0.703017495 10.994158812
-0.695999309 10.994032898
-0.694655721 10.982741598
-0.690211548 10.981811422
-0.68323523 10.984343567
-0.673933472 10.983516744
-0.667990683 10.976514588
-0.672279826 10.968504741
-0.679772908 10.960572408
-0.682770142 10.95359609
-0.634762736 10.9079658
-0.617244425 10.918636983
-0.607115845 10.941219584
-0.599829468 10.96576589
-0.590579386 10.982431539
-0.576213338 10.987754212
-0.555439412 10.98995046
-0.516475383 10.988632711
-0.512961385 10.989743754
-0.50970577 10.991449077
-0.506708537 10.993671163
-0.504228068 10.996203308
-0.504228068 10.996358337
-0.494822957 11.007804667
-0.468519653 11.020129496
-0.456685751 11.029612122
-0.451259725 11.040205791
-0.449037638 11.062891744
-0.44438676 11.07743866
-0.425214803 11.101468201
-0.405887817 11.101468201
-0.386922567 11.086404521
-0.368939168 11.065217183
-0.318813029 11.101364848
-0.306126465 11.113534648
-0.298297486 11.128391622
-0.30054541 11.13740916
-0.304472819 11.146788432
-0.301682292 11.162937317
-0.166109171 11.134980367
