49.844493035 -17.072198175
49.826182488 -17.094414972
49.817393425 -17.067152602
49.822520379 -17.041273696
49.84652754 -16.991387628
49.850840691 -16.977715753
49.853037957 -16.9647763
49.854014519 -16.936781508
49.857269727 -16.919691665
49.865570509 -16.90634531
49.888194207 -16.881524347
49.95582116 -16.779717706
49.959483269 -16.765313409
49.961192254 -16.749607029
49.964610222 -16.73414479
49.973155144 -16.721123956
49.985362175 -16.711846613
50.024099155 -16.690362238
50.019867384 -16.714532159
49.983734571 -16.786716404
49.957367384 -16.864027602
49.908457879 -16.966973566
49.872813347 -17.013116144
49.844493035 -17.072198175
48.323741082 -13.251885675
48.333750847 -13.272393488
48.341156446 -13.294691665
48.342051629 -13.305271092
48.35417728 -13.31226979
48.348806186 -13.328789972
48.337657097 -13.347263279
48.332041863 -13.360446873
48.339366082 -13.368340753
48.353282097 -13.377373956
48.365000847 -13.387953383
48.36622155 -13.400648696
48.359548373 -13.407972915
48.349619988 -13.412367446
48.33863366 -13.414483331
48.328379754 -13.415134373
48.323496941 -13.412774347
48.320160352 -13.407891534
48.318369988 -13.403008722
48.318369988 -13.400648696
48.312347852 -13.401788019
48.298024936 -13.408135675
48.261729363 -13.40243906
48.249278191 -13.396905206
48.235850457 -13.387139581
48.229014519 -13.387139581
48.229014519 -13.400648696
48.224619988 -13.400485935
48.221934441 -13.398614191
48.219493035 -13.396254165
48.215993686 -13.39462656
48.206309441 -13.38258229
48.199717644 -13.361504816
48.194997592 -13.318780206
48.198903842 -13.299411717
48.204437696 -13.282321873
48.203868035 -13.269789321
48.188731316 -13.264255467
48.198903842 -13.251071873
48.21363366 -13.255303644
48.22934004 -13.262302342
48.242849155 -13.256768488
48.249522332 -13.262953383
48.259043816 -13.267347915
48.269216342 -13.268324477
48.276866082 -13.264255467
48.278168165 -13.256524347
48.273285352 -13.248955988
48.267100457 -13.241143488
48.263845248 -13.233086847
48.26465905 -13.212579034
48.269297722 -13.201104425
48.280446811 -13.196384373
48.301036004 -13.19540781
48.318369988 -13.200290623
48.326426629 -13.212823175
48.325450066 -13.229587498
48.314952019 -13.246758722
48.323741082 -13.251885675
49.351735873 -12.090508722
49.348968946 -12.116387628
49.353037957 -12.146254165
49.370860222 -12.183282159
49.373057488 -12.198174738
49.367198113 -12.198663019
49.329437696 -12.157159113
49.320160352 -12.155368748
49.312754754 -12.16399505
49.305918816 -12.175469659
49.298513217 -12.181735935
49.284922722 -12.178399347
49.273692254 -12.16773854
49.266286655 -12.153578383
49.263845248 -12.140232029
49.253184441 -12.145196222
49.245290561 -12.153090102
49.240000847 -12.162855727
49.23707116 -12.174248956
49.249196811 -12.180271092
49.246348504 -12.192071222
49.229665561 -12.222100519
49.24480228 -12.221774998
49.265391472 -12.224786066
49.283702019 -12.230889581
49.29175866 -12.239434503
49.288340691 -12.2460263
49.273936394 -12.258070571
49.271250847 -12.263604425
49.272959832 -12.272230727
49.2763778 -12.28134531
49.281504754 -12.284844659
49.288340691 -12.2772763
49.299001498 -12.259372654
49.307139519 -12.255140883
49.31519616 -12.262139581
49.325856967 -12.2772763
49.324473504 -12.282403253
49.320078972 -12.289239191
49.319509311 -12.295179946
49.329437696 -12.297784113
49.349375847 -12.298516534
49.359060092 -12.29680755
49.366872592 -12.291599217
49.372569207 -12.274346613
49.35840905 -12.24618906
49.363129102 -12.232842706
49.381358269 -12.222832941
49.392751498 -12.229750258
49.421722852 -12.274346613
49.42457116 -12.285902602
49.425059441 -12.297539972
49.428233269 -12.311455988
49.437754754 -12.326918227
49.44800866 -12.338067316
49.455414259 -12.35149505
49.456228061 -12.373467706
49.462901238 -12.360446873
49.47152754 -12.351983331
49.482432488 -12.34742604
49.496592644 -12.346123956
49.511729363 -12.348728123
49.517914259 -12.354261977
49.52214603 -12.361911717
49.539398634 -12.378187758
49.545176629 -12.39072031
49.54574629 -12.402032159
49.53809655 -12.406996352
49.524180535 -12.403741144
49.512054884 -12.39837005
49.500987175 -12.397393488
49.490407748 -12.406996352
49.514821811 -12.426853123
49.527679884 -12.442640883
49.539073113 -12.444105727
49.558604363 -12.420668227
49.586436394 -12.482028904
49.59278405 -12.503187758
49.594981316 -12.529717706
49.59245853 -12.542657159
49.582774285 -12.540785415
49.574717644 -12.529717706
49.571787957 -12.517266534
49.572113477 -12.489515883
49.566091342 -12.516696873
49.58090254 -12.573663019
49.575531446 -12.595798435
49.567637566 -12.606215102
49.563243035 -12.616794529
49.562510613 -12.627862238
49.5654403 -12.639825128
49.574717644 -12.656670831
49.581797722 -12.655531508
49.589366082 -12.64853281
49.60027103 -12.647230727
49.615244988 -12.656996352
49.63550866 -12.674574477
49.653330925 -12.694756769
49.660980665 -12.712090753
49.663259311 -12.724867446
49.673106316 -12.746270441
49.675303582 -12.757094008
49.672699415 -12.769952081
49.659841342 -12.791924738
49.654795769 -12.804864191
49.663747592 -12.800225519
49.672618035 -12.798435154
49.681000196 -12.799737238
49.688812696 -12.804864191
49.694834832 -12.793715102
49.701426629 -12.78525156
49.707041863 -12.776136977
49.712168816 -12.748630467
49.719493035 -12.739922784
49.730479363 -12.73805104
49.744151238 -12.743422133
49.739431186 -12.753350519
49.736664259 -12.757094008
49.750254754 -12.760511977
49.763682488 -12.767022394
49.775645379 -12.775485935
49.800547722 -12.798272394
49.804942254 -12.804864191
49.800547722 -12.830173435
49.801931186 -12.839288019
49.814707879 -12.865817967
49.824066602 -12.876234633
49.836680535 -12.880547784
49.85043379 -12.879652602
49.864268425 -12.880466404
49.87378991 -12.888360284
49.874522332 -12.908461196
49.867442254 -12.91383229
49.856293165 -12.916924738
49.852549675 -12.924411717
49.867035352 -12.942071222
49.880544467 -12.949395441
49.894053582 -12.953708592
49.904470248 -12.962334894
49.908539259 -12.982679946
49.913828972 -12.997165623
49.936859571 -13.024102472
49.942149285 -13.033868097
49.94410241 -13.087497654
49.935313347 -13.16806406
49.93628991 -13.183282159
49.941091342 -13.203545831
49.942149285 -13.219496352
49.945974155 -13.232110284
49.973155144 -13.271091404
49.976247592 -13.288506769
49.972666863 -13.331312758
49.976898634 -13.346123956
49.990489129 -13.353936456
50.00261478 -13.350355727
50.013682488 -13.344821873
50.024099155 -13.346123956
50.032888217 -13.360528253
50.031748894 -13.378024998
50.024099155 -13.411553644
50.02613366 -13.438409113
50.040537957 -13.497002863
50.052012566 -13.524183852
50.056407097 -13.529554946
50.068369988 -13.538750909
50.072520379 -13.544122003
50.073903842 -13.551934503
50.072113477 -13.570000909
50.072520379 -13.578301691
50.076426629 -13.599053644
50.079356316 -13.606133722
50.081879102 -13.609958592
50.085215691 -13.612074477
50.089121941 -13.61337656
50.093272332 -13.613702081
50.099294467 -13.615166925
50.10027103 -13.619235935
50.100108269 -13.624688409
50.103282097 -13.630466404
50.105479363 -13.641696873
50.097422722 -13.6757138
50.103282097 -13.691827081
50.110850457 -13.70305755
50.133962436 -13.750176691
50.142914259 -13.783135675
50.153493686 -13.982517185
50.173513217 -14.056817316
50.176280144 -14.085625909
50.175303582 -14.12118906
50.166026238 -14.149102472
50.163259311 -14.167087498
50.161875847 -14.202325128
50.164235873 -14.223077081
50.171071811 -14.234795831
50.196055535 -14.257256769
50.212901238 -14.287204685
50.21363366 -14.315850519
50.201182488 -14.392673435
50.191579623 -14.423597915
50.189219597 -14.439141534
50.190928582 -14.456638279
50.203461134 -14.504327081
50.210785352 -14.615166925
50.238047722 -14.669610284
50.24089603 -14.705987238
50.232269727 -14.7382138
50.20972741 -14.750664972
50.218923373 -14.762872003
50.245616082 -14.776136977
50.257497592 -14.784844659
50.265310092 -14.797784113
50.271739129 -14.815362238
50.283702019 -14.879164321
50.355235222 -15.033135675
50.373545769 -15.060479425
50.422048373 -15.118096613
50.432139519 -15.134209894
50.4404403 -15.16806406
50.451019727 -15.178480727
50.464121941 -15.185804946
50.476573113 -15.19508229
50.490000847 -15.219496352
50.498301629 -15.252048435
50.503916863 -15.31617604
50.5029403 -15.322198175
50.497080925 -15.338067316
50.487559441 -15.353610935
50.48715254 -15.360528253
50.489431186 -15.367608331
50.49089603 -15.377618097
50.489593946 -15.384698175
50.479991082 -15.408623956
50.478037957 -15.418633722
50.479991082 -15.428480727
50.482676629 -15.437188409
50.48340905 -15.443454685
50.47917728 -15.451267185
50.467051629 -15.463555597
50.462901238 -15.470147394
50.4560653 -15.504978123
50.438243035 -15.554945571
50.43628991 -15.573418878
50.429860873 -15.600274347
50.340993686 -15.763604425
50.333181186 -15.792250258
50.343272332 -15.798028253
50.336761915 -15.811293227
50.26441491 -15.90211354
50.241547071 -15.958265883
50.230153842 -15.970961196
50.214040561 -15.975030206
50.19809004 -15.972832941
50.182871941 -15.973321222
50.168142123 -15.984633071
50.147959832 -15.935316665
50.130869988 -15.919366144
50.106700066 -15.922539972
50.05746504 -15.881036066
50.038910352 -15.85947031
50.031504754 -15.829766534
50.026703321 -15.778497003
50.024668816 -15.771172784
50.012705925 -15.766534113
49.998545769 -15.755629165
49.985524936 -15.742445571
49.976898634 -15.731377863
49.970225457 -15.718031508
49.965017123 -15.702243748
49.962168816 -15.685479425
49.962657097 -15.669366144
49.968109571 -15.653008722
49.974619988 -15.639743748
49.975840691 -15.626641534
49.966075066 -15.611423435
49.95972741 -15.605645441
49.953949415 -15.602634373
49.947520379 -15.60133229
49.938731316 -15.601006769
49.934092644 -15.597914321
49.905609571 -15.561618748
49.903086785 -15.548760675
49.908539259 -15.517836196
49.90902754 -15.500258071
49.90113366 -15.449639581
49.902517123 -15.443617446
49.906097852 -15.437758071
49.907399936 -15.430922133
49.90113366 -15.422295831
49.896250847 -15.420668227
49.87761478 -15.418877863
49.851410352 -15.432061456
49.814952019 -15.435967706
49.750336134 -15.435967706
49.71778405 -15.446709894
49.695485873 -15.466485284
49.638438347 -15.544610284
49.63941491 -15.570489191
49.660980665 -15.627699477
49.662119988 -15.641778253
49.660980665 -15.655694269
49.650563998 -15.683038019
49.647959832 -15.683038019
49.654551629 -15.695489191
49.666188998 -15.706231378
49.677256707 -15.719333592
49.685313347 -15.752862238
49.699473504 -15.785739842
49.706309441 -15.836195571
49.716319207 -15.867364191
49.731130405 -15.894219659
49.733734571 -15.905694269
49.730479363 -15.922539972
49.723155144 -15.939385675
49.692637566 -15.991469008
49.683604363 -16.020277602
49.683116082 -16.053643488
49.689789259 -16.086846613
49.702647332 -16.115004165
49.728770379 -16.139418227
49.793955925 -16.162041925
49.822764519 -16.179864191
49.845713738 -16.212090753
49.849864129 -16.240817967
49.828623894 -16.334405206
49.82691491 -16.373304946
49.832367384 -16.407972915
49.85035241 -16.422946873
49.860606316 -16.429375909
49.863129102 -16.444512628
49.859222852 -16.483086847
49.854991082 -16.497491144
49.854014519 -16.505140883
49.854014519 -16.539646092
49.849457227 -16.552422784
49.796641472 -16.641045831
49.767751498 -16.673435154
49.723155144 -16.708103123
49.724945509 -16.75400156
49.732106967 -16.775079034
49.747325066 -16.79680755
49.76832116 -16.815606378
49.789886915 -16.826429946
49.813649936 -16.830173435
49.840342644 -16.827569269
49.810069207 -16.843926691
49.778330925 -16.85556406
49.719737175 -16.864027602
49.694834832 -16.877129816
49.644541863 -16.881524347
49.624522332 -16.885674738
49.60840905 -16.896579685
49.595713738 -16.912041925
49.528981967 -17.041680597
49.482432488 -17.167575779
49.431325717 -17.283868097
49.421397332 -17.355157159
49.425954623 -17.370212498
49.456228061 -17.417168878
49.504079623 -17.663018488
49.509613477 -17.727715753
49.497731967 -17.79680755
49.462657097 -17.915704034
49.413910352 -18.067071222
49.412608269 -18.084567967
49.413910352 -18.101820571
49.417979363 -18.115492446
49.422618035 -18.122735284
49.433767123 -18.135511977
49.438487175 -18.142836196
49.440765821 -18.154229425
49.434743686 -18.15992604
49.42457116 -18.16383229
49.414561394 -18.170098566
49.384125196 -18.225518488
49.359222852 -18.424004816
49.352224155 -18.436781508
49.333262566 -18.459567967
49.325856967 -18.471856378
49.301931186 -18.540134373
49.243174675 -18.656833592
49.191172722 -18.842543227
49.113454623 -19.012465102
49.07691491 -19.065606378
48.985850457 -19.3788388
48.859629754 -19.684665623
48.825531446 -19.842217706
48.8232528 -19.865492446
48.823741082 -19.902764581
48.791351759 -19.993096613
48.785004102 -19.980726821
48.772715691 -19.964450779
48.759532097 -19.955498956
48.750498894 -19.965752863
48.754649285 -19.977308852
48.778981967 -20.009209894
48.784515821 -20.024346613
48.781748894 -20.037204685
48.699229363 -20.199883722
48.641774936 -20.345391534
48.61622155 -20.419773045
48.562266472 -20.577080988
48.462412957 -20.932224217
48.45183353 -20.948337498
48.438487175 -20.964043878
48.430186394 -20.979180597
48.434418165 -20.993584894
48.447520379 -20.980889581
48.454925977 -20.984551691
48.457367384 -20.997816665
48.455577019 -21.014092706
48.449066602 -21.028903904
48.431325717 -21.0585263
48.427582227 -21.075860284
48.424164259 -21.110039972
48.414805535 -21.143975519
48.378591342 -21.223890883
48.375010613 -21.237562758
48.373057488 -21.267998956
48.356700066 -21.353692316
48.342051629 -21.389825128
48.328135613 -21.414646092
48.20183353 -21.796156508
48.074636264 -22.072198175
47.947438998 -22.348239842
47.933604363 -22.41415781
47.900645379 -22.481133722
47.858653191 -22.7460263
47.839366082 -22.806573175
47.833832227 -22.900974217
47.799978061 -23.012139581
47.762380405 -23.110121352
47.738047722 -23.255466404
47.619476759 -23.590590102
47.607920769 -23.576836847
47.602224155 -23.565362238
47.59652754 -23.563164972
47.585459832 -23.576918227
47.574961785 -23.598728123
47.581879102 -23.604587498
47.598317905 -23.606052342
47.61605879 -23.614434503
47.6201278 -23.64039479
47.568695509 -23.852634373
47.51433353 -23.986993097
47.496755405 -24.016371352
47.489756707 -24.022637628
47.473887566 -24.032159113
47.468760613 -24.036309503
47.466644727 -24.036309503
47.456228061 -24.039808852
47.455088738 -24.039971613
47.448496941 -24.045098566
47.450531446 -24.048028253
47.454844597 -24.051202081
47.455088738 -24.056735935
47.454844597 -24.059340102
47.4482528 -24.084649347
47.430837436 -24.117852472
47.428070509 -24.12476979
47.370778842 -24.270114842
47.363047722 -24.276543878
47.350922071 -24.272881769
47.329600457 -24.263604425
47.324717644 -24.26962656
47.338389519 -24.32431406
47.312266472 -24.485935154
47.228363477 -24.680352472
47.203379754 -24.716485284
47.200531446 -24.731377863
47.201182488 -24.762465102
47.19410241 -24.778252863
47.142832879 -24.814060154
47.128916863 -24.844903253
47.137461785 -24.909274998
47.126149936 -24.934340102
47.11589603 -24.923028253
47.109060092 -24.909763279
47.105723504 -24.894952081
47.105642123 -24.879164321
47.096853061 -24.893324477
47.095957879 -24.907891534
47.098317905 -24.923435154
47.098806186 -24.940606378
47.094574415 -24.960137628
47.087250196 -24.968357029
47.057871941 -24.978692316
47.040863477 -24.988539321
47.012705925 -25.012465102
46.964691602 -25.065687758
46.954844597 -25.070977472
46.951508009 -25.066664321
46.941172722 -25.044203383
46.929535352 -25.042657159
46.926605665 -25.043715102
46.925791863 -25.04664479
46.867360873 -25.085219008
46.845469597 -25.103936456
46.83472741 -25.110772394
46.805511915 -25.12118906
46.794118686 -25.127862238
46.78003991 -25.145765883
46.769786004 -25.153497003
46.761729363 -25.153008722
46.751800977 -25.149509373
46.741465691 -25.149590753
46.731700066 -25.160332941
46.722178582 -25.166680597
46.653656446 -25.183851821
46.638031446 -25.18336354
46.604746941 -25.174574477
46.502207879 -25.161797784
46.386566602 -25.164808852
46.237640821 -25.198174738
46.039724155 -25.277764581
45.914073113 -25.337334894
45.774180535 -25.408135675
45.674001498 -25.494398696
45.65495853 -25.507012628
45.633962436 -25.514825128
45.611582879 -25.516534113
45.56120853 -25.559991144
45.492198113 -25.573663019
45.207692905 -25.584893488
45.192393425 -25.588067316
45.177744988 -25.594333592
45.162608269 -25.598565363
45.145518425 -25.595391534
45.136078321 -25.584161066
45.126638217 -25.545830988
45.118174675 -25.529554946
45.087657097 -25.508233331
44.980967644 -25.471856378
44.951019727 -25.451836847
44.937998894 -25.438164972
44.925547722 -25.407810154
44.908702019 -25.393731378
44.83472741 -25.344008071
44.767344597 -25.314385675
44.727793816 -25.303643488
44.622080925 -25.289727472
44.516937696 -25.284437758
44.369476759 -25.256768488
44.351084832 -25.247491144
44.336192254 -25.208916925
44.30372155 -25.175388279
44.296397332 -25.153497003
44.315765821 -25.160902602
44.333181186 -25.175062758
44.364024285 -25.207777602
44.384043816 -25.220879816
44.400889519 -25.221449477
44.409434441 -25.210544529
44.40495853 -25.188164972
44.389008009 -25.191013279
44.375336134 -25.183770441
44.349782748 -25.160332941
44.333262566 -25.150323175
44.318044467 -25.144219659
44.301931186 -25.141208592
44.282725457 -25.14039479
44.247569207 -25.127211196
44.187185092 -25.066989842
44.151703321 -25.050469659
44.11988366 -25.0507138
44.108571811 -25.048028253
44.028819207 -24.998955988
44.017344597 -24.977227472
44.010915561 -24.898614191
44.000987175 -24.865411066
43.92847741 -24.774590753
43.918304884 -24.74195729
43.927989129 -24.65243906
43.918304884 -24.619073175
43.908213738 -24.602146092
43.865407748 -24.559177342
43.860524936 -24.555596613
43.855479363 -24.551202081
43.850108269 -24.543389581
43.847341342 -24.534437758
43.844248894 -24.513929946
43.839854363 -24.505791925
43.806651238 -24.479261977
43.73715254 -24.435723566
43.706716342 -24.40618255
43.672862175 -24.334893488
43.656260613 -24.185316665
43.669606967 -24.013278904
43.652110222 -23.916436456
43.654063347 -23.906914972
43.66285241 -23.888441665
43.665212436 -23.878594659
43.664073113 -23.86712005
43.652110222 -23.837579034
43.643728061 -23.797784113
43.637217644 -23.779717706
43.624766472 -23.761895441
43.639008009 -23.741306248
43.636973504 -23.670505467
43.641612175 -23.638929946
43.663747592 -23.619398696
43.730967644 -23.592054946
43.748301629 -23.57008229
43.746429884 -23.553887628
43.732920769 -23.527764581
43.734629754 -23.509209894
43.750010613 -23.495700779
43.754567905 -23.488864842
43.7607528 -23.472100519
43.761241082 -23.463799738
43.757985873 -23.454034113
43.747243686 -23.440199477
43.720550977 -23.419610284
43.701426629 -23.395440363
43.65894616 -23.357842706
43.652110222 -23.354099217
43.645762566 -23.353204034
43.639008009 -23.35149505
43.631032748 -23.344821873
43.628591342 -23.339288019
43.624766472 -23.316827081
43.614268425 -23.281996352
43.610036655 -23.192315363
43.596853061 -23.117608331
43.583181186 -23.075860284
43.555918816 -23.048272394
43.487559441 -23.001560154
43.476735873 -22.987074477
43.460297071 -22.955661717
43.446055535 -22.943129165
43.427744988 -22.930596613
43.39340254 -22.895114842
43.372569207 -22.864841404
43.361175977 -22.843194269
43.356700066 -22.829685154
43.351328972 -22.788506769
43.33871504 -22.761325779
43.333506707 -22.709079685
43.321625196 -22.680840753
43.315684441 -22.645277602
43.310801629 -22.6366513
43.297211134 -22.619724217
43.29175866 -22.610772394
43.284922722 -22.587497654
43.284434441 -22.564060154
43.288340691 -22.517998956
43.278005405 -22.42587656
43.264008009 -22.377699477
43.240244988 -22.332289321
43.240000847 -22.322360935
43.24089603 -22.312188409
43.240570509 -22.302666925
43.233897332 -22.278008722
43.222911004 -22.254815363
43.22543379 -22.233819269
43.246836785 -22.218357029
43.274099155 -22.215997003
43.295176629 -22.23447031
43.301768425 -22.21884531
43.300059441 -22.201836847
43.296071811 -22.184177342
43.295176629 -22.166110935
43.260915561 -22.165622654
43.247243686 -22.125583592
43.246836785 -22.0350888
43.24903405 -22.024021092
43.258799675 -22.004082941
43.260996941 -21.993829034
43.260996941 -21.969984633
43.262705925 -21.959893488
43.266612175 -21.955173435
43.271250847 -21.951836847
43.274668816 -21.946384373
43.276621941 -21.945896092
43.280935092 -21.944431248
43.285492384 -21.941989842
43.288340691 -21.938897394
43.280935092 -21.911716404
43.282481316 -21.89837005
43.286875847 -21.886325779
43.293630405 -21.87493255
43.302093946 -21.864434503
43.313812696 -21.8788388
43.31527754 -21.895765883
43.308848504 -21.932061456
43.329274936 -21.905043227
43.333181186 -21.858168227
43.331553582 -21.807549738
43.336192254 -21.768812758
43.347341342 -21.750258071
43.414317254 -21.674899998
43.431488477 -21.662286066
43.450694207 -21.659844659
43.472666863 -21.672051691
43.472666863 -21.405205988
43.480235222 -21.380303644
43.501231316 -21.334161066
43.507497592 -21.309502863
43.515310092 -21.326592706
43.523285352 -21.326755467
43.542246941 -21.309502863
43.569590691 -21.295993748
43.582774285 -21.277764581
43.586924675 -21.274834894
43.642588738 -21.276055597
43.680023634 -21.266045831
43.698741082 -21.270440363
43.716481967 -21.277764581
43.734629754 -21.281670831
43.759532097 -21.272719008
43.788584832 -21.251153253
43.812754754 -21.224297784
43.822764519 -21.199395441
43.827891472 -21.170017185
43.863780144 -21.076267185
43.901540561 -20.88290781
43.964610222 -20.767347915
43.985606316 -20.747979425
44.01832116 -20.740411066
44.036387566 -20.725518488
44.090342644 -20.630547784
44.102793816 -20.590101821
44.11207116 -20.54273854
44.125824415 -20.498304946
44.151703321 -20.465997003
44.151866082 -20.475030206
44.153493686 -20.481133722
44.158539259 -20.493340753
44.182871941 -20.438897394
44.196787957 -20.42164479
44.240733269 -20.389336847
44.254730665 -20.376071873
44.251312696 -20.343926691
44.261241082 -20.307549738
44.334239129 -20.169610284
44.355723504 -20.138116144
44.415375196 -20.083184503
44.438975457 -20.055352472
44.457774285 -20.023614191
44.473887566 -19.986260675
44.479014519 -19.955661717
44.47934004 -19.912774347
44.471853061 -19.879489842
44.453379754 -19.877048435
44.444590691 -19.849216404
44.439789259 -19.842217706
44.4326278 -19.838311456
44.418304884 -19.837579034
44.411794467 -19.835381769
44.398285352 -19.8241513
44.385020379 -19.80868906
44.374847852 -19.791192316
44.370860222 -19.774021092
44.374766472 -19.760511977
44.393890821 -19.726169529
44.401621941 -19.715590102
44.409678582 -19.701429946
44.41293379 -19.684747003
44.411794467 -19.650485935
44.409515821 -19.640313409
44.405935092 -19.631280206
44.403575066 -19.621758722
44.40495853 -19.610121352
44.409678582 -19.60556406
44.427093946 -19.595147394
44.432953321 -19.589043878
44.437998894 -19.57024505
44.4404403 -19.554864191
44.448415561 -19.544366144
44.470469597 -19.540622654
44.483734571 -19.52320729
44.479746941 -19.483982029
44.45964603 -19.417657159
44.444672071 -19.385837498
44.425547722 -19.356215102
44.378103061 -19.31259531
44.370860222 -19.300957941
44.363047722 -19.268161717
44.344004754 -19.235528253
44.251800977 -19.121270441
44.234385613 -19.088799738
44.227549675 -19.05462005
44.234385613 -18.996270441
44.247894727 -18.965101821
44.247894727 -18.903741144
44.247080925 -18.901299738
44.242849155 -18.893975519
44.241709832 -18.890069269
44.243500196 -18.883233331
44.251963738 -18.875176691
44.254730665 -18.869724217
44.260915561 -18.844903253
44.261566602 -18.835137628
44.257334832 -18.803887628
44.23340905 -18.73414479
44.185883009 -18.610772394
44.114431186 -18.515883071
44.04965254 -18.426527602
44.04175866 -18.396905206
44.04184004 -18.198011977
44.00261478 -18.00367604
44.000987175 -17.937920831
44.030609571 -17.813897394
44.035655144 -17.7694638
44.03028405 -17.754571222
44.006358269 -17.733086847
43.992442254 -17.68743255
43.929209832 -17.60165781
43.923594597 -17.577569269
43.924001498 -17.546482029
43.9326278 -17.484958592
43.943125847 -17.455743097
43.994151238 -17.375664972
44.012054884 -17.334079685
44.01832116 -17.331231378
44.03012129 -17.337009373
44.036468946 -17.329522394
44.04566491 -17.30055104
44.121836785 -17.186618748
44.138194207 -17.170505467
44.145518425 -17.155938409
44.148610873 -17.141778253
44.151703321 -17.094414972
44.179698113 -17.095147394
44.204112175 -17.056898696
44.238047722 -16.970961196
44.24496504 -16.960544529
44.27222741 -16.93336354
44.277598504 -16.924981378
44.285817905 -16.9022763
44.292979363 -16.892185154
44.309255405 -16.874281508
44.321299675 -16.85556406
44.340505405 -16.813897394
44.366709832 -16.776788019
44.401621941 -16.739841404
44.430674675 -16.700372003
44.439789259 -16.655531508
44.434255405 -16.636163019
44.416188998 -16.59351979
44.411794467 -16.573011977
44.41684004 -16.548923435
44.42847741 -16.537692967
44.438812696 -16.542575779
44.439789259 -16.566989842
44.455577019 -16.540948175
44.463389519 -16.513360284
44.462901238 -16.485446873
44.453379754 -16.457696222
44.415782097 -16.403008722
44.400645379 -16.372816665
44.398203972 -16.340427342
44.402598504 -16.327813409
44.410411004 -16.313571873
44.419769727 -16.299981378
44.429209832 -16.289727472
44.436045769 -16.278985284
44.438487175 -16.26572031
44.441416863 -16.209405206
44.444672071 -16.195733331
44.452810092 -16.186700128
44.469411655 -16.182224217
44.50269616 -16.182061456
44.536957227 -16.176527602
44.755056186 -16.196954034
44.782074415 -16.190850519
44.794444207 -16.191664321
44.818695509 -16.211114191
44.836192254 -16.220635675
44.85425866 -16.225355727
44.868337436 -16.220879816
44.87777754 -16.209161066
44.883962436 -16.199476821
44.891368035 -16.19117604
44.90528405 -16.183282159
44.919118686 -16.17962005
44.94792728 -16.175225519
44.961110873 -16.169610284
44.952972852 -16.162774347
45.011241082 -16.136000258
45.040212436 -16.118096613
45.059825066 -16.093926691
45.093923373 -16.03883229
45.116384311 -16.0116513
45.138682488 -15.990899347
45.165782097 -15.975518488
45.227305535 -15.949883722
45.266368035 -15.923923435
45.273448113 -15.930108331
45.275726759 -15.944594008
45.277191602 -15.97633229
45.294688347 -16.031914972
45.29566491 -16.036797784
45.296234571 -16.046075128
45.29566491 -16.053155206
45.290049675 -16.073418878
45.288747592 -16.090427342
45.290375196 -16.103448175
45.297862175 -16.111993097
45.313649936 -16.115004165
45.328949415 -16.110121352
45.3388778 -16.099216404
45.347341342 -16.086358331
45.35808353 -16.076836847
45.392100457 -16.064385675
45.406260613 -16.054864191
45.41293379 -16.039239191
45.410411004 -16.030531508
45.390798373 -16.02337005
45.378916863 -16.011407159
45.370778842 -15.994561456
45.370290561 -15.981866144
45.379405144 -15.973809503
45.542735222 -15.956719659
45.54965254 -15.954685154
45.556976759 -15.951348566
45.570078972 -15.943047784
45.577484571 -15.970961196
45.585134311 -15.981377863
45.5888778 -15.983819269
45.590342644 -15.987562758
45.590586785 -16.001722915
45.579763217 -16.030694269
45.580414259 -16.040785415
45.597911004 -16.032403253
45.604746941 -16.051853123
45.61207116 -16.049574477
45.621836785 -16.032403253
45.611582879 -15.980889581
45.614593946 -15.969821873
45.630544467 -15.954278253
45.638356967 -15.943047784
45.637461785 -15.940524998
45.638356967 -15.915215753
45.640391472 -15.906426691
45.643809441 -15.899021092
45.646250847 -15.891208592
45.645762566 -15.881036066
45.637950066 -15.868340753
45.627207879 -15.859633071
45.621429884 -15.850762628
45.628672722 -15.837009373
45.660899285 -15.803806248
45.693858269 -15.783135675
45.704274936 -15.782484633
45.720876498 -15.78883229
45.735850457 -15.792575779
45.751149936 -15.792575779
45.765879754 -15.794203383
45.802012566 -15.816582941
45.824473504 -15.813409113
45.88542728 -15.778985284
45.897959832 -15.774590753
45.911468946 -15.772067967
45.926931186 -15.771172784
45.948578321 -15.774183852
45.9560653 -15.782972915
45.954274936 -15.816094659
45.955088738 -15.83180104
45.958750847 -15.83993906
45.966970248 -15.84368255
45.981455925 -15.846856378
45.989919467 -15.8475888
46.007334832 -15.846286717
46.015798373 -15.846856378
46.042979363 -15.861097915
46.066091342 -15.861911717
46.066091342 -15.855726821
46.056325717 -15.843438409
46.0498153 -15.826348566
46.054047071 -15.815606378
46.063161655 -15.806898696
46.070811394 -15.796075128
46.070974155 -15.778578383
46.046885613 -15.790622654
46.023448113 -15.808200779
46.009938998 -15.814385675
46.015798373 -15.792250258
46.03028405 -15.7694638
46.050954623 -15.748711847
46.074473504 -15.730889581
46.097504102 -15.717054946
46.120290561 -15.708184503
46.144216342 -15.703708592
46.193858269 -15.703545831
46.219004754 -15.706719659
46.230642123 -15.71070729
46.235524936 -15.717461847
46.235606316 -15.729180597
46.23698978 -15.739678644
46.24097741 -15.749281508
46.24903405 -15.758070571
46.237478061 -15.776136977
46.232758009 -15.792087498
46.225840691 -15.806329034
46.207367384 -15.819512628
46.22917728 -15.836846613
46.2451278 -15.852471613
46.257823113 -15.870782159
46.292979363 -15.940687758
46.309092644 -15.959567967
46.3310653 -15.977227472
46.332041863 -15.967461847
46.331309441 -15.954685154
46.332204623 -15.942803644
46.337901238 -15.936211847
46.345957879 -15.938653253
46.357188347 -15.957696222
46.365082227 -15.963555597
46.384938998 -15.959161066
46.39332116 -15.941827081
46.392588738 -15.920098566
46.38559004 -15.90211354
46.411957227 -15.899672133
46.431162957 -15.917657159
46.448496941 -15.94150156
46.468760613 -15.956719659
46.47917728 -15.948907159
46.468272332 -15.922458592
46.44434655 -15.881036066
46.42457116 -15.872491144
46.383148634 -15.834893488
46.35824629 -15.826348566
46.326019727 -15.82822031
46.317230665 -15.826348566
46.299001498 -15.815687758
46.300791863 -15.809014581
46.312673373 -15.802504165
46.324717644 -15.792250258
46.351247592 -15.752048435
46.355642123 -15.732517185
46.344737175 -15.717054946
46.333750847 -15.715915623
46.320078972 -15.717705988
46.308604363 -15.717705988
46.30372155 -15.710219008
46.306976759 -15.694024347
46.321543816 -15.666680597
46.332692905 -15.630140883
46.351573113 -15.610935154
46.396169467 -15.576592706
46.459239129 -15.50774505
46.482432488 -15.491143488
46.484141472 -15.496270441
46.486338738 -15.500420831
46.488129102 -15.505059503
46.488617384 -15.5116513
46.499766472 -15.505547784
46.526866082 -15.480645441
46.56934655 -15.450616144
46.581228061 -15.439711196
46.604746941 -15.424248956
46.631358269 -15.42164479
46.657725457 -15.422051691
46.680430535 -15.415459894
46.667246941 -15.406833592
46.636241082 -15.39853281
46.632578972 -15.388848566
46.64332116 -15.378024998
46.700938347 -15.364353123
46.803965691 -15.291924738
46.879405144 -15.225030206
46.921641472 -15.213067316
46.949473504 -15.198418878
46.965017123 -15.19508229
46.97144616 -15.198418878
46.974457227 -15.206149998
46.975759311 -15.215427342
46.97559655 -15.241794529
46.977224155 -15.247247003
46.989431186 -15.272067967
46.997325066 -15.282159113
47.008067254 -15.290704034
47.023692254 -15.299411717
47.057871941 -15.313083592
47.074717644 -15.32398854
47.074880405 -15.336358331
47.064952019 -15.349379165
47.0498153 -15.37476979
47.037364129 -15.385023696
47.021820509 -15.394952081
47.011566602 -15.405450128
46.967051629 -15.49228281
46.955088738 -15.525974217
46.958262566 -15.549574477
46.969004754 -15.551853123
46.976410352 -15.537855727
46.985524936 -15.504978123
46.997243686 -15.494724217
47.015472852 -15.488946222
47.051036004 -15.483819269
47.08497155 -15.471449477
47.116547071 -15.455173435
47.147634311 -15.446465753
47.180023634 -15.45712656
47.216319207 -15.443780206
47.232106967 -15.433282159
47.235362175 -15.415459894
47.231455925 -15.409763279
47.224945509 -15.408298435
47.216807488 -15.407647394
47.208018425 -15.405205988
47.199473504 -15.400160415
47.195811394 -15.395684503
47.179047071 -15.365492446
47.165212436 -15.302015883
47.165537957 -15.295668227
47.162282748 -15.292657159
47.149668816 -15.291924738
47.140798373 -15.293633722
47.111827019 -15.306247654
47.109060092 -15.293552342
47.110362175 -15.282159113
47.11988366 -15.25790781
47.106293165 -15.259698175
47.095388217 -15.259372654
47.087901238 -15.254652602
47.081716342 -15.23430755
47.064707879 -15.224786066
47.057871941 -15.216241144
47.055918816 -15.193617446
47.064707879 -15.172051691
47.091970248 -15.134942316
47.125254754 -15.106215102
47.168304884 -15.078708592
47.20573978 -15.04664479
47.227386915 -14.987481378
47.241384311 -14.969659113
47.29175866 -14.923435154
47.312754754 -14.911553644
47.335297071 -14.904066665
47.358897332 -14.901543878
47.371836785 -14.89055755
47.374847852 -14.86728281
47.368337436 -14.846612238
47.352061394 -14.84351979
47.341075066 -14.852471613
47.335215691 -14.868584894
47.324066602 -14.874281508
47.308604363 -14.875176691
47.299164259 -14.869561456
47.283702019 -14.846937758
47.289886915 -14.846937758
47.319997592 -14.800225519
47.444834832 -14.671563409
47.458832227 -14.661553644
47.465342644 -14.665459894
47.469248894 -14.676527602
47.47559655 -14.688653253
47.496104363 -14.711602472
47.497406446 -14.722100519
47.493011915 -14.783379816
47.496755405 -14.798516534
47.500987175 -14.802422784
47.507578972 -14.80462005
47.513926629 -14.809177342
47.517100457 -14.819594008
47.51449629 -14.822360935
47.503428582 -14.846937758
47.445974155 -14.912204685
47.430837436 -14.935723566
47.42066491 -14.965590102
47.410411004 -15.087823175
47.413747592 -15.099867446
47.427744988 -15.107598566
47.439626498 -15.105157159
47.472422722 -15.087579034
47.482432488 -15.080254816
47.500498894 -15.052992446
47.509938998 -15.025079034
47.522959832 -14.998711847
47.551280144 -14.97665781
47.562510613 -14.985039972
47.565928582 -14.975844008
47.564952019 -14.949965102
47.570567254 -14.933282159
47.642100457 -14.800388279
47.64747155 -14.771254165
47.651866082 -14.758884373
47.684418165 -14.72649505
47.687266472 -14.718194269
47.687185092 -14.700127863
47.690928582 -14.692478123
47.698578321 -14.686700128
47.715668165 -14.678643488
47.72136478 -14.674981378
47.743907097 -14.649590753
47.7529403 -14.634860935
47.75668379 -14.6210263
47.763682488 -14.605726821
47.778493686 -14.5975888
47.792653842 -14.587579034
47.797129754 -14.5663388
47.839610222 -14.624200128
47.859141472 -14.640801691
47.872243686 -14.645928644
47.903575066 -14.654392185
47.914398634 -14.662041925
47.919606967 -14.674004816
47.918467644 -14.697198175
47.92066491 -14.709730727
47.935231967 -14.693780206
47.93628991 -14.671563409
47.928070509 -14.651299738
47.914398634 -14.640801691
47.942149285 -14.619235935
47.968597852 -14.622165623
47.988536004 -14.643161717
47.996267123 -14.675388279
47.99480228 -14.743340753
48.000254754 -14.762302342
48.016856316 -14.737074477
48.02247155 -14.707696222
48.02214603 -14.666599217
48.013031446 -14.630059503
47.992930535 -14.614190363
47.9795028 -14.609795831
47.966970248 -14.599297784
47.944834832 -14.576348566
47.926036004 -14.56650156
47.910980665 -14.568780206
47.879649285 -14.586846613
47.866709832 -14.591973566
47.853770379 -14.594496352
47.840017123 -14.591403904
47.824961785 -14.579359633
47.816905144 -14.565362238
47.810720248 -14.55087656
47.803884311 -14.545586847
47.775645379 -14.583591404
47.762950066 -14.595391534
47.7529403 -14.600518488
47.746836785 -14.592705988
47.726084832 -14.556573175
47.72136478 -14.545342706
47.723399285 -14.541273696
47.733571811 -14.53134531
47.735606316 -14.524834894
47.733653191 -14.515232029
47.729828321 -14.509535415
47.72535241 -14.504815363
47.708343946 -14.470147394
47.708750847 -14.464125258
47.712901238 -14.46087005
47.714691602 -14.457940363
47.703379754 -14.449395441
47.701508009 -14.446384373
47.703135613 -14.403252863
47.709483269 -14.369561456
47.721934441 -14.338067316
47.742442254 -14.31259531
47.766286655 -14.298516534
47.773692254 -14.290297133
47.776540561 -14.274346613
47.777842644 -14.244561456
47.781993035 -14.233819269
47.790863477 -14.223239842
47.814463738 -14.215997003
47.861013217 -14.248793227
47.8935653 -14.247002863
47.906911655 -14.243584894
47.926768425 -14.246270441
47.934825066 -14.243584894
47.943532748 -14.232517185
47.949880405 -14.216241144
47.953868035 -14.19898854
47.955332879 -14.185235284
47.951670769 -14.162367446
47.941742384 -14.134860935
47.926524285 -14.111016534
47.906993035 -14.099704685
47.920095248 -14.08603281
47.941579623 -14.091892185
47.982676629 -14.120782159
47.990733269 -14.12493255
47.999359571 -14.128187758
48.007497592 -14.13258229
48.013682488 -14.14055755
48.014984571 -14.153578383
48.008555535 -14.163181248
48.000254754 -14.172539972
47.996267123 -14.185235284
47.993011915 -14.21070729
47.978526238 -14.262383722
47.97527103 -14.288262628
47.975108269 -14.297295831
47.976573113 -14.312920831
47.982758009 -14.325372003
47.996267123 -14.325616144
48.0029403 -14.317559503
48.003428582 -14.306247654
48.002126498 -14.294528904
48.003103061 -14.28525156
48.010915561 -14.279066665
48.023773634 -14.271172784
48.03394616 -14.262383722
48.03394616 -14.2538388
48.02605228 -14.244886977
48.01832116 -14.233493748
48.012461785 -14.221123956
48.01050866 -14.209567967
48.017751498 -14.18759531
48.044769727 -14.151625258
48.050954623 -14.130303644
48.050954623 -14.107110284
48.048187696 -14.084079685
48.039317254 -14.0663388
47.999685092 -14.053155206
47.977549675 -14.038018488
47.941091342 -14.004082941
48.017100457 -13.965427342
48.017100457 -13.952813409
47.969004754 -13.922133071
47.92872155 -13.90634531
47.917491082 -13.897637628
47.891286655 -13.849704685
47.875824415 -13.784274998
47.883799675 -13.728448175
47.927500847 -13.709242446
47.91684004 -13.693780206
47.904551629 -13.688083592
47.895192905 -13.678969008
47.89323978 -13.653985284
47.896332227 -13.632989191
47.904307488 -13.603204034
47.917816602 -13.582614842
47.937998894 -13.589125258
47.952972852 -13.590264581
47.961192254 -13.565524998
47.965586785 -13.520765883
47.974131707 -13.513116144
47.984873894 -13.506768488
47.995371941 -13.506768488
48.003103061 -13.517347915
47.99887129 -13.523614191
47.988780144 -13.531914972
47.982595248 -13.543145441
47.989512566 -13.55836354
47.9951278 -13.555352472
48.004893425 -13.553399347
48.01050866 -13.551527602
48.005137566 -13.563653253
48.007334832 -13.574802342
48.015310092 -13.580173435
48.027110222 -13.575127863
48.031016472 -13.566827081
48.031260613 -13.558038019
48.035329623 -13.549981378
48.050954623 -13.544122003
48.032562696 -13.524590753
48.031260613 -13.517185154
48.068369988 -13.517347915
48.083669467 -13.528741144
48.090586785 -13.554294529
48.094248894 -13.58180104
48.099375847 -13.599379165
48.127126498 -13.587009373
48.142425977 -13.595391534
48.150075717 -13.615899347
48.154551629 -13.640313409
48.171885613 -13.685642185
48.17448978 -13.702406508
48.17448978 -13.709242446
48.175303582 -13.715997003
48.17839603 -13.721368097
48.19402103 -13.726983331
48.191661004 -13.734633071
48.181325717 -13.746758722
48.192393425 -13.766859633
48.218516472 -13.785821222
48.248220248 -13.799981378
48.270355665 -13.805352472
48.298675977 -13.798272394
48.327403191 -13.779961847
48.341156446 -13.755547784
48.324554884 -13.729668878
48.331553582 -13.714125258
48.332041863 -13.661390883
48.337657097 -13.645196222
48.355967644 -13.612969659
48.359548373 -13.599379165
48.337738477 -13.564141534
48.333343946 -13.546319269
48.352712436 -13.537855727
48.364268425 -13.543552342
48.3935653 -13.58570729
48.398692254 -13.567152602
48.407399936 -13.549248956
48.417653842 -13.534274998
48.427582227 -13.524183852
48.4404403 -13.51962656
48.459239129 -13.516534113
48.477712436 -13.51572031
48.489756707 -13.517347915
48.489512566 -13.512383722
48.490082227 -13.502048435
48.489756707 -13.497002863
48.512868686 -13.516778253
48.524668816 -13.523044529
48.5341903 -13.520765883
48.531993035 -13.511976821
48.51449629 -13.476983331
48.50660241 -13.4491513
48.489024285 -13.426527602
48.482269727 -13.415134373
48.47925866 -13.401625258
48.478688998 -13.387790623
48.482269727 -13.360446873
48.497894727 -13.363946222
48.507009311 -13.373142185
48.514008009 -13.384454034
48.523936394 -13.39462656
48.524424675 -13.410902602
48.542735222 -13.422946873
48.595713738 -13.443454685
48.604991082 -13.445489191
48.615000847 -13.444024347
48.626963738 -13.438653253
48.63941491 -13.435723566
48.652028842 -13.437676691
48.663828972 -13.441094659
48.67465254 -13.442315363
48.710948113 -13.432305597
48.747406446 -13.411553644
48.78012129 -13.383884373
48.805023634 -13.352959894
48.787608269 -13.333103123
48.801931186 -13.30462005
48.839203321 -13.260430597
48.835948113 -13.248142185
48.821299675 -13.224867446
48.818125847 -13.209242446
48.818695509 -13.176364842
48.820974155 -13.159600519
48.843516472 -13.080824477
48.856781446 -13.052992446
48.884532097 -13.016534113
48.892263217 -13.001071873
48.898203972 -12.984958592
48.900645379 -12.97242604
48.905528191 -12.961114191
48.917246941 -12.946221613
48.930837436 -12.93336354
48.941661004 -12.928399347
48.937266472 -12.903090102
48.953135613 -12.838474217
48.955332879 -12.811700128
48.949554884 -12.798923435
48.929453972 -12.775485935
48.921153191 -12.763360284
48.914724155 -12.749607029
48.910817905 -12.73837656
48.905609571 -12.693536066
48.901866082 -12.682386977
48.886973504 -12.660821222
48.880707227 -12.656996352
48.875254754 -12.658461196
48.870290561 -12.657647394
48.86589603 -12.647230727
48.86622155 -12.637139581
48.871104363 -12.631280206
48.876719597 -12.626397394
48.880137566 -12.619317316
48.879405144 -12.611016534
48.87370853 -12.598809503
48.873301629 -12.591973566
48.884532097 -12.567478123
48.886973504 -12.564629816
48.879405144 -12.552666925
48.867930535 -12.551446222
48.853851759 -12.556817316
48.839203321 -12.564629816
48.83871504 -12.53525156
48.829844597 -12.518487238
48.797618035 -12.489515883
48.782074415 -12.448825779
48.773692254 -12.435235284
48.770843946 -12.454766534
48.729991082 -12.434991144
48.742035352 -12.425388279
48.759613477 -12.398125909
48.770843946 -12.397067967
48.782888217 -12.402601821
48.793630405 -12.405694269
48.818532748 -12.406996352
48.852712436 -12.413750909
48.87387129 -12.431735935
48.904063347 -12.488946222
48.915049675 -12.494805597
48.930674675 -12.490166925
48.945811394 -12.479913019
48.955332879 -12.469170831
48.959483269 -12.454196873
48.962168816 -12.400811456
48.964366082 -12.394952081
48.975759311 -12.373467706
48.975840691 -12.368340753
48.973968946 -12.354180597
48.975759311 -12.346123956
48.984629754 -12.333428644
48.997406446 -12.323663019
49.011566602 -12.320000909
49.024180535 -12.325778904
49.030772332 -12.307875258
49.041188998 -12.299411717
49.05339603 -12.291924738
49.06519616 -12.2772763
49.079925977 -12.295179946
49.092946811 -12.281508071
49.105723504 -12.257012628
49.11980228 -12.242608331
49.136241082 -12.256117446
49.15121504 -12.250746352
49.162608269 -12.23447031
49.168223504 -12.215915623
49.1670028 -12.208184503
49.163584832 -12.200941665
49.160655144 -12.192803644
49.161387566 -12.181735935
49.16684004 -12.170586847
49.17448978 -12.164320571
49.18246504 -12.159763279
49.189219597 -12.153741144
49.199066602 -12.152032159
49.201508009 -12.146661066
49.195485873 -12.133396092
49.186859571 -12.123630467
49.180186394 -12.122002863
49.172618035 -12.122653904
49.161387566 -12.119561456
49.156423373 -12.115329685
49.153086785 -12.10947031
49.148773634 -12.103448175
49.140879754 -12.098565363
49.129893425 -12.096774998
49.093028191 -12.098565363
49.106455925 -12.080254816
49.146657748 -12.067559503
49.161387566 -12.0507138
49.176524285 -12.061130467
49.209157748 -12.106052342
49.215993686 -12.098565363
49.223399285 -12.106052342
49.224457227 -12.086683852
49.216807488 -12.065036717
49.20199629 -12.048109633
49.181895379 -12.043877863
49.185801629 -12.033786717
49.192067905 -12.026950779
49.198496941 -12.021579685
49.202891472 -12.016696873
49.213063998 -12.012302342
49.215993686 -12.009698175
49.214691602 -12.006524347
49.211273634 -12.000420831
49.209483269 -11.993259373
49.212575717 -11.985935154
49.242523634 -11.953708592
49.260020379 -11.943617446
49.278086785 -11.947686456
49.288340691 -11.954847915
49.315928582 -11.985935154
49.322601759 -12.00009531
49.322764519 -12.028903904
49.329437696 -12.040785415
49.349131707 -12.06617604
49.351735873 -12.090508722
