99.247813347 6.574855861
99.260264519 6.565822658
99.257578972 6.560939846
99.247325066 6.557033596
99.217295769 6.536932684
99.194834832 6.533107815
99.174001498 6.53900788
99.158457879 6.554388739
99.176442905 6.550197658
99.186045769 6.559393622
99.195567254 6.571234442
99.21371504 6.574855861
99.206309441 6.574855861
99.239268425 6.576808986
99.247813347 6.574855861
99.666270379 6.497015692
99.658702019 6.49233633
99.646820509 6.509670315
99.634148075 6.552054746
99.60027103 6.583441473
99.603037957 6.596991278
99.613942905 6.608832098
99.62387129 6.622707424
99.625987175 6.63279857
99.623545769 6.651068427
99.62387129 6.657416083
99.629242384 6.663641669
99.636403842 6.666896877
99.642425977 6.671332098
99.645030144 6.681057033
99.646494988 6.69936758
99.650645379 6.717759507
99.656993035 6.723822333
99.680511915 6.672919012
99.68028986 6.624039145
99.696043977 6.587452689
99.704437696 6.558294989
99.703298373 6.544378973
99.699717644 6.533270575
99.692637566 6.528143622
99.683604363 6.526841539
99.675791863 6.524562893
99.672373894 6.516546942
99.672129754 6.507310289
99.670420769 6.501450914
99.666270379 6.497015692
99.445811394 7.250921942
99.453868035 7.238999742
99.440603061 7.240220445
99.428233269 7.238999742
99.417246941 7.235337632
99.40886478 7.229396877
99.394297722 7.205471096
99.383311394 7.194077867
99.378184441 7.201808986
99.37777754 7.252346096
99.38550866 7.275580145
99.405446811 7.266302802
99.419118686 7.256577867
99.445811394 7.250921942
99.117442254 7.479193427
99.099945509 7.467230536
99.07715905 7.480292059
99.057139519 7.50405508
99.031260613 7.561916408
99.028086785 7.571722723
99.029063347 7.606187242
99.027110222 7.622870184
99.020681186 7.63686758
99.023203972 7.639105536
99.024424675 7.639837958
99.025645379 7.640936591
99.028086785 7.644273179
99.034922722 7.644273179
99.065684441 7.615057684
99.075856967 7.608954169
99.075938347 7.573228257
99.086110873 7.536525783
99.101410352 7.503566799
99.117442254 7.479193427
99.117442254 7.595892645
99.108734571 7.594183661
99.099864129 7.596625067
99.093028191 7.601263739
99.090179884 7.605861721
99.087657097 7.612046617
99.081879102 7.616034247
99.075205925 7.619126695
99.069590691 7.622544664
99.044606967 7.663397528
99.067067905 7.675197658
99.1045028 7.669378973
99.124278191 7.657375393
99.127452019 7.644354559
99.127452019 7.62518952
99.12403405 7.606838283
99.117442254 7.595892645
98.536306186 8.115139065
98.540537957 8.104925848
98.540375196 8.10561758
98.586924675 8.079291083
98.602386915 8.063462632
98.610362175 8.034735419
98.611827019 7.926092841
98.603526238 7.903753973
98.588226759 7.904933986
98.577321811 7.919623114
98.570811394 7.939357815
98.567556186 7.963364976
98.562836134 7.978094794
98.563243035 7.986314195
98.568044467 7.993353583
98.574554884 7.994126695
98.580414259 7.9961612
98.583018425 8.006781317
98.582286004 8.015366929
98.579600457 8.024562893
98.574392123 8.031805731
98.565928582 8.034735419
98.554860873 8.036932684
98.551117384 8.042547919
98.5498153 8.050116278
98.536875847 8.071193752
98.531016472 8.088568427
98.528168165 8.107082424
98.528493686 8.123480536
98.532969597 8.119452216
98.536306186 8.115139065
98.289073113 8.189683335
98.29566491 8.184963283
98.302907748 8.188055731
98.31153405 8.185532945
98.320811394 8.179103908
98.330088738 8.170477606
98.335703972 8.15643952
98.343516472 8.109198309
98.349619988 8.109198309
98.360118035 8.118841864
98.37370853 8.110907294
98.389170769 8.095445054
98.405528191 8.082505601
98.41285241 8.094305731
98.422618035 8.099310614
98.432139519 8.095933335
98.439138217 8.082505601
98.438487175 8.065741278
98.431895379 8.049790757
98.418630405 8.02728913
98.417735222 8.019110419
98.419932488 8.001044012
98.418630405 7.993150132
98.414317254 7.988918361
98.408213738 7.985663153
98.402191602 7.981024481
98.398122592 7.97264232
98.39747155 7.955023505
98.401540561 7.935777085
98.40894616 7.917710679
98.418630405 7.903753973
98.421885613 7.908433335
98.427989129 7.913234768
98.431651238 7.917425848
98.439626498 7.901922919
98.439789259 7.88662344
98.431813998 7.87494538
98.399668816 7.864569403
98.395355665 7.850490627
98.398122592 7.815008856
98.3623153 7.832424221
98.343923373 7.832912502
98.336110873 7.811265367
98.332530144 7.785956122
98.32309004 7.770941473
98.309092644 7.767726955
98.29184004 7.77749258
98.286631707 7.791693427
98.281423373 7.855943101
98.277679884 7.86343008
98.272959832 7.870672919
98.269053582 7.87913646
98.267751498 7.890082098
98.271983269 7.893459377
98.28003991 7.896918036
98.285329623 7.903753973
98.281423373 7.917425848
98.275726759 7.921047268
98.257985873 7.926418361
98.254161004 7.928290106
98.258636915 7.938299872
98.267588738 7.946275132
98.274099155 7.953680731
98.271494988 7.962103583
98.265961134 7.973781643
98.270030144 7.983954169
98.277598504 7.993557033
98.281423373 8.003078518
98.280446811 8.014227606
98.27613366 8.033840236
98.274424675 8.069322007
98.275157097 8.075669664
98.277598504 8.083156643
98.285329623 8.098863023
98.288259311 8.109198309
98.290212436 8.130113023
98.288910352 8.151800848
98.281423373 8.191799221
98.285980665 8.191148179
98.289073113 8.189683335
98.621429884 8.102525132
98.620860222 8.08999258
98.587657097 8.10175202
98.579600457 8.106146552
98.570078972 8.118882554
98.574717644 8.12498607
98.5966903 8.130316473
98.592295769 8.146795966
98.601817254 8.161566473
98.61589603 8.176174221
98.62403405 8.191799221
98.632090691 8.189764716
98.6357528 8.185532945
98.637054884 8.179348049
98.637543165 8.171291408
98.621429884 8.102525132
98.293955925 8.934637762
98.270518425 8.877183335
98.261566602 8.878566799
98.253103061 8.897853908
98.250987175 8.918443101
98.255707227 8.939764716
98.255869988 8.966376044
98.252207879 8.997015692
98.260915561 9.012925523
98.279307488 9.009344794
98.288422071 9.004461981
98.299082879 8.997381903
98.310883009 8.978176174
98.306976759 8.957912502
98.293955925 8.934637762
98.294444207 9.041571356
98.274180535 9.035956122
98.254242384 9.036810614
98.240489129 9.048976955
98.240000847 9.06268952
98.248383009 9.143377997
98.248220248 9.150091864
98.250824415 9.154038804
98.260915561 9.158148505
98.273285352 9.159979559
98.282237175 9.156724351
98.29566491 9.145168361
98.307871941 9.13300202
98.317393425 9.11713288
98.322764519 9.097967841
98.32300866 9.076239325
98.302012566 9.055161851
98.309336785 9.048976955
98.294444207 9.041571356
97.876149936 9.390204169
97.871836785 9.379584052
97.840017123 9.404282945
97.835297071 9.412054755
97.837738477 9.419338283
97.843597852 9.424953518
97.850840691 9.428371486
97.857269727 9.428697007
97.868418816 9.420396226
97.874685092 9.405707098
97.876149936 9.390204169
97.898203972 9.444973049
97.894786004 9.438706773
97.886973504 9.438218492
97.877207879 9.442084052
97.86988366 9.440741278
97.86996504 9.425238348
97.849619988 9.442124742
97.853282097 9.461371161
97.871836785 9.473049221
97.895274285 9.467352606
97.899424675 9.46112702
97.900157097 9.45307038
97.898203972 9.444973049
99.703461134 9.521307684
99.681488477 9.512884833
99.668142123 9.519191799
99.698741082 9.542222398
99.703461134 9.521307684
100.085948113 9.574530341
100.090668165 9.560939846
100.080088738 9.549994208
100.071787957 9.521673895
100.068614129 9.489813544
100.060883009 9.463812567
100.031993035 9.450181382
100.029633009 9.443548895
100.028819207 9.435695705
100.025889519 9.429144598
100.019297722 9.42572663
100.011566602 9.425482489
100.003591342 9.426214911
99.956309441 9.421616929
99.946625196 9.41819896
99.940765821 9.43748607
99.936696811 9.474554755
99.926280144 9.493963934
99.941172722 9.51186758
99.939626498 9.530259507
99.931162957 9.548570054
99.926280144 9.565985419
99.93628991 9.577704169
99.959483269 9.580755927
99.984711134 9.579006252
100.043711785 9.564154364
100.062347852 9.567368882
100.070160352 9.586411851
100.075856967 9.585028387
100.085948113 9.574530341
99.680430535 9.612209377
99.678070509 9.610419012
99.676768425 9.614569403
99.675303582 9.624457098
99.678233269 9.624090887
99.680186394 9.622544664
99.681813998 9.620835679
99.684255405 9.620021877
99.680430535 9.612209377
98.41667728 9.733465887
98.398122592 9.706244208
98.384938998 9.727932033
98.38965905 9.74241771
98.402110222 9.755845445
98.411631707 9.774562893
98.411631707 9.768296617
98.417816602 9.747056382
98.41667728 9.733465887
99.997894727 9.797267971
100.007823113 9.796372789
100.02613366 9.797756252
100.035411004 9.795599677
100.067230665 9.775620835
100.079274936 9.74241771
100.090098504 9.665269273
100.078623894 9.673814195
100.054047071 9.68773021
99.999196811 9.710353908
99.987640821 9.719916083
99.993337436 9.731675523
99.989919467 9.742905992
99.970550977 9.764593817
99.970713738 9.771226304
99.983571811 9.791937567
99.987640821 9.801825262
99.997894727 9.797267971
102.569997592 11.720933335
102.564138217 11.707953192
102.589610222 11.710028387
102.605967644 11.684515692
102.60816491 11.64834219
102.591563347 11.618597723
102.591563347 11.611761786
102.605723504 11.611761786
102.597178582 11.598537502
102.594574415 11.588853257
102.598317905 11.563381252
102.591563347 11.563381252
102.58472741 11.568833726
102.57699629 11.585028387
102.571625196 11.591253973
102.562185092 11.595648505
102.53003991 11.604925848
102.53793379 11.615790106
102.542491082 11.620672919
102.544200066 11.626044012
102.543711785 11.638495184
102.540782097 11.647894598
102.530935092 11.670355536
102.53003991 11.680080471
102.5498153 11.752346096
102.555186394 11.759833075
102.564138217 11.755113023
102.568369988 11.744045315
102.570811394 11.732814846
102.569997592 11.720933335
102.266286655 12.1524112
102.293223504 12.145412502
102.310883009 12.146185614
102.34278405 12.123602606
102.355235222 12.111314195
102.36622155 12.09780508
102.378103061 12.071844794
102.386566602 12.058335679
102.399668816 12.049302476
102.399668816 12.04315827
102.406504754 12.036322333
102.4170028 12.017767645
102.432139519 12.000392971
102.443125847 11.983710028
102.441172722 11.967433986
102.427500847 11.961371161
102.410980665 11.971502997
102.379161004 12.002834377
102.375987175 11.991156317
102.3779403 11.979641018
102.376149936 11.970892645
102.36215254 11.967433986
102.349131707 11.96889883
102.310883009 11.981105861
102.310883009 11.974839585
102.313812696 11.971380927
102.318369988 11.96116771
102.312266472 11.966131903
102.306407097 11.969794012
102.29948978 11.972479559
102.290375196 11.974839585
102.290375196 11.981105861
102.294118686 11.994696356
102.294200066 12.056789455
102.284678582 12.066839911
102.256358269 12.131903387
102.270030144 12.131903387
102.265961134 12.138902085
102.261729363 12.14443594
102.256358269 12.148993231
102.249522332 12.153021552
102.266286655 12.1524112
99.985917196 20.387025452
99.996717571 20.383511454
100.008448121 20.383588969
100.022917522 20.380772603
100.036146688 20.373124492
100.042657918 20.364778748
100.047618856 20.355244446
100.055473674 20.34418569
100.099295288 20.31780487
100.097279908 20.283233337
100.102964315 20.263596293
100.116606893 20.248015849
100.134641968 20.239101665
100.152522013 20.239153341
100.167714885 20.253622742
100.167094767 20.29261261
100.176396525 20.300622457
100.179497112 20.302482809
100.201717977 20.310311788
100.207195679 20.311138611
100.209159383 20.312998963
100.220683228 20.348991597
100.240371948 20.372814433
100.270240926 20.391831361
100.306517782 20.399686178
100.34434493 20.389971009
100.364395386 20.368964539
100.421601197 20.25018626
100.44733606 20.218043518
100.452141968 20.210240377
100.457309611 20.196391093
100.461030314 20.190706686
100.46878178 20.18571991
100.485628296 20.178769429
100.488935588 20.173343404
100.496376994 20.164868469
100.5128101 20.155282491
100.529243205 20.149727275
100.536684611 20.153473816
100.541955607 20.166728821
100.546503133 20.167917379
100.548673544 20.158021342
100.550585572 20.106525777
100.543350871 20.066579895
100.518546183 19.995498963
100.518546183 19.995421448
100.492656291 19.93165273
100.487953736 19.896977844
100.48397465 19.880699768
100.474259481 19.865351868
100.465629516 19.859770813
100.446250855 19.852122701
100.438447714 19.84721344
100.431419719 19.838273417
100.420515991 19.810445659
100.407658506 19.79425708
100.383515666 19.763859355
100.379174845 19.745669251
100.383825724 19.732000835
100.390048158 19.724387049
100.400465536 19.71164032
100.407235148 19.699935608
100.410490763 19.684251811
100.412919556 19.651566467
100.418862346 19.634358215
100.427078898 19.621800842
100.447491089 19.597771302
100.455552613 19.584671326
100.458963257 19.568057353
100.458963257 19.551830953
100.46196049 19.53710317
100.474259481 19.524985047
100.491829468 19.514468893
100.520613241 19.502609152
100.54929366 19.494547628
100.566656942 19.495632833
100.574757878 19.508347404
100.585983928 19.525966899
100.607016236 19.540927226
100.633267863 19.54216746
100.714761597 19.512453512
100.729230998 19.504650371
100.73817102 19.495038554
100.745509075 19.485013326
100.753002157 19.482429504
100.762613973 19.495477804
100.808450969 19.536534729
100.849016968 19.582526754
100.861212606 19.602603048
100.865036662 19.607150574
100.874596802 19.612912496
100.879816121 19.61358429
100.885655559 19.612447408
100.97428064 19.613480937
101.002547649 19.610612895
101.024303426 19.60286143
101.068228394 19.577126567
101.095823609 19.567282207
101.124659057 19.565111796
101.152667684 19.568367411
101.176852255 19.574749451
101.188324422 19.580743917
101.197316122 19.586867574
101.207961467 19.589554749
101.22501469 19.585213928
101.238243856 19.578185933
101.246202026 19.570279439
101.251059611 19.560305888
101.254883667 19.547154236
101.256950724 19.522788798
101.251731405 19.494444275
101.238243856 19.472300924
101.21529952 19.466358135
101.192871948 19.452793071
101.177782431 19.417213847
101.172356405 19.376389465
101.178454224 19.346623841
101.185017131 19.3419988
101.201967001 19.33866567
101.207754761 19.334686584
101.211268758 19.326366679
101.210907023 19.320630595
101.209253377 19.315592143
101.20951176 19.309416809
101.229872274 19.225804342
101.226771688 19.167151591
101.229148804 19.143587138
101.235711711 19.128110047
101.247442261 19.115785218
101.291160523 19.078991597
101.317877238 19.050130311
101.32640385 19.020545553
101.283925823 18.98147817
101.27700118 18.967060445
101.267286011 18.934452617
101.257260783 18.919492289
101.232921184 18.892723897
101.224911337 18.874766337
101.223309367 18.855491028
101.22863204 18.795623881
101.223981161 18.77854482
101.209201701 18.746324565
101.205842733 18.730072327
101.211268758 18.711908061
101.234781535 18.689480489
101.240104207 18.673641663
101.234729859 18.658448791
101.221914103 18.642041525
101.194112183 18.616797587
101.18532719 18.612534282
101.167757202 18.606358948
101.160884237 18.599796041
101.158145386 18.589977519
101.159127239 18.567704976
101.155354859 18.556723734
101.142074015 18.544295552
101.077891887 18.510421651
101.073809448 18.505770772
101.071949097 18.49566803
101.064714397 18.476418559
101.035620565 18.447841492
101.030297892 18.427791036
101.037015829 18.410453593
101.051020142 18.392470194
101.074088766 18.371613107
101.082284383 18.364203186
101.145536337 18.336246237
101.155406535 18.322887879
101.152409302 18.316376649
101.135407755 18.29839325
101.13013676 18.29115855
101.127966349 18.280952454
101.128379761 18.245734965
101.131738729 18.238861999
101.139645223 18.218708192
101.145536337 18.212997945
101.152771037 18.209070537
101.159282267 18.204057922
101.162796265 18.195298768
101.160522502 18.179511617
101.14563969 18.141942851
101.141608928 18.123959453
101.144967896 18.10473582
101.162072794 18.067451274
101.165173381 18.053421123
101.157525269 18.040450338
101.125434205 18.021330058
101.112308391 18.01130483
101.094893433 17.984381408
101.081974325 17.958336487
101.066161337 17.933996887
101.039806356 17.912034403
101.008283732 17.895239563
101.000842326 17.884800924
100.997121623 17.864595439
101.000273886 17.830488994
100.994796183 17.817724915
100.97428064 17.80924998
100.96704594 17.803823955
100.965185588 17.797622783
100.967717733 17.791008199
100.97428064 17.783980204
100.975210816 17.781913148
100.975520874 17.779794413
100.975210816 17.777624004
100.97428064 17.775505269
100.964875529 17.770596009
100.958571005 17.764136455
100.956400594 17.755919902
100.958726033 17.745791321
100.960689738 17.725585836
100.955877733 17.707531771
100.953816773 17.699799296
100.932939494 17.654530741
100.899453166 17.616961976
100.885655559 17.595877991
100.886017294 17.573760478
100.901933635 17.561926575
100.937738379 17.555486371
100.981515341 17.547612203
101.000842326 17.538207092
101.01903243 17.526631572
101.035465535 17.512627259
101.04931482 17.495729065
101.066161337 17.492215067
101.096030315 17.475265198
101.124659057 17.463948059
101.128896525 17.461157532
101.13230717 17.461674296
101.141815634 17.467151998
101.147189982 17.472474671
101.164243205 17.495729065
101.164243205 17.495780742
101.166723673 17.510611878
101.176955608 17.516399638
101.190288127 17.518725078
101.202173707 17.52316925
101.208529908 17.531282451
101.22863204 17.568489482
101.24702885 17.592157288
101.357306356 17.679025371
101.369863729 17.683159485
101.377460165 17.682642721
101.383764689 17.684916484
101.401593059 17.706672262
101.403091675 17.709462789
101.404021851 17.715560609
101.398750855 17.717162577
101.388363892 17.717782695
101.381904338 17.720728252
101.388002157 17.729306539
101.40185144 17.733750713
101.416992635 17.732355449
101.432030477 17.733595683
101.445259644 17.745791321
101.44980717 17.749253642
101.453476197 17.751010641
101.456060018 17.750183818
101.457351929 17.745791321
101.459108928 17.739486796
101.468307332 17.720366516
101.470426067 17.722588603
101.474198446 17.73059845
101.479004354 17.73798818
101.48298344 17.745791321
101.502723837 17.765376689
101.536520223 17.77912262
101.55626062 17.792145081
101.534039755 17.809560038
101.545504845 17.813671657
101.564012085 17.820308736
101.570523315 17.828887024
101.575070842 17.839790752
101.57755131 17.852916565
101.57755131 17.868109436
101.600392294 17.854363506
101.611140992 17.865525615
101.619874309 17.884645895
101.636204061 17.894826152
101.72906661 17.912189433
101.732580608 17.932033183
101.756920207 17.997817282
101.765756877 18.040321147
101.773921753 18.058562927
101.790406535 18.073574931
101.796659384 18.073574931
101.806064494 18.062386983
101.845183553 18.052129211
101.883785848 18.030838522
101.904301392 18.037117208
102.055526967 18.192344575
102.071267944 18.208502096
102.078502645 18.21379893
102.107385187 18.212376684
102.153536825 18.210104065
102.171933635 18.200285543
102.178393189 18.185971171
102.182113892 18.169228007
102.191570679 18.152071432
102.221801392 18.131607564
102.225573771 18.12819692
102.233118531 18.124166158
102.256579631 18.094038798
102.30670577 18.051457418
102.336523072 18.037039694
102.36639205 18.038796692
102.385150595 18.016059062
102.412229045 17.994199931
102.445508667 17.977766826
102.482043905 17.971152243
102.567516724 17.970842183
102.599607789 17.955184225
102.612320191 17.915290019
102.595577026 17.850074362
102.595266968 17.84082428
102.609426311 17.837000224
102.660792684 17.81286733
102.682910197 17.810076802
102.682910197 17.81736318
102.673350057 17.831780904
102.667613973 17.850074362
102.672988323 17.865370585
102.686734253 17.873535462
102.722184285 17.881803691
102.737377157 17.890433655
102.774067423 17.922731425
102.831893352 17.953117167
102.838042847 17.963762513
102.852718954 17.972030742
102.938605184 18.008927714
102.954934936 18.012131653
102.972918335 18.007739156
103.003820842 17.9885672
103.020460653 17.98422638
103.037927287 17.990685934
103.049399455 18.005000305
103.058287801 18.019263001
103.068209676 18.025774231
103.073067261 18.035515239
103.064799031 18.094038798
103.066349325 18.11225474
103.071310262 18.125561422
103.079940226 18.134785665
103.087702632 18.138666867
103.09213261 18.140881856
103.092755982 18.141193542
103.090585571 18.136852723
103.090086809 18.136164775
103.089403782 18.135222668
103.089086955 18.134785665
103.110067587 18.14181366
103.126655721 18.151864726
103.138592977 18.1667217
103.145104208 18.18801239
103.150891968 18.221498719
103.157299846 18.237027487
103.168203573 18.249765727
103.176730184 18.254855856
103.185205119 18.257749736
103.214919067 18.262297262
103.236726523 18.26999705
103.273520142 18.276069031
103.286335897 18.280332336
103.295379273 18.287773743
103.296516155 18.296894633
103.290418336 18.305137024
103.248663778 18.332628886
103.240188843 18.335987854
103.238018433 18.341568909
103.235331259 18.345263774
103.233677612 18.349268698
103.233987671 18.355779928
103.244064576 18.380067851
103.260756063 18.400195821
103.282563517 18.41556956
103.306851441 18.425672303
103.386639852 18.441459452
103.396768433 18.441407777
103.451545451 18.425310568
103.469942261 18.421977437
103.474799845 18.422158305
103.489114218 18.424432068
103.497744181 18.423734436
103.523168987 18.417688293
103.548800497 18.41541453
103.607143189 18.400402527
103.621354208 18.390764873
103.629932495 18.383220113
103.638614136 18.377949117
103.695561565 18.353221945
103.70910079 18.349707947
103.7671851 18.346684875
103.784600057 18.343894348
103.801394897 18.338261617
103.817259562 18.330355123
103.832090699 18.320665792
103.842219279 18.30911611
103.848988892 18.296352031
103.857773886 18.286481832
103.873948608 18.283226217
103.881286662 18.284414775
103.885937541 18.286998596
103.889503215 18.29115855
103.893689006 18.297256368
103.910018758 18.315317281
103.929294068 18.327590434
103.951256552 18.332990622
103.975441122 18.330665182
104.000039103 18.318443705
104.018642619 18.29911672
104.068407023 18.2154009
104.110936727 18.114554342
104.122357219 18.095279032
104.135689738 18.07967275
104.198114869 18.025567525
104.203328872 18.018643666
104.210878947 18.008617656
104.255113974 17.91497996
104.264312378 17.884645895
104.270306844 17.87400055
104.278265015 17.864647116
104.28198161 17.86148801
104.287566772 17.856740621
104.352627401 17.819326885
104.367768596 17.80056834
104.39029952 17.757160137
104.404872274 17.739951884
104.408903036 17.733699036
104.411641887 17.727394511
104.417843059 17.707602438
104.422287232 17.699799296
104.45200118 17.665951233
104.481198365 17.640423075
104.636382691 17.562443339
104.655089559 17.556087138
104.702631877 17.527303365
104.714517457 17.515262756
104.734257854 17.486892395
104.749657431 17.458160299
104.756788778 17.449943746
104.764643596 17.444414368
104.781645142 17.435267639
104.788931519 17.428963115
104.792703898 17.423485413
104.816423381 17.372790833
104.819317261 17.361060283
104.819989055 17.348916321
104.816423381 17.300082093
104.818335409 17.240240784
104.814459676 17.194042053
104.809912151 17.171666158
104.74531661 17.024801738
104.740355672 17.002580872
104.746340397 16.943531594
104.749657431 16.910803528
104.753016398 16.899848125
104.762886597 16.879074198
104.766400595 16.868170472
104.767072388 16.856129862
104.765212036 16.844657695
104.758442424 16.821920065
104.757910052 16.818894636
104.75632369 16.809879455
104.756788778 16.798458964
104.77833785 16.715828349
104.779009644 16.704872945
104.777562704 16.694020894
104.76371342 16.656762187
104.753016398 16.614800924
104.748417196 16.571909485
104.749502401 16.549326884
104.754515015 16.528914693
104.76516036 16.511344706
104.782730347 16.497082012
104.838850953 16.467729797
104.855490763 16.45408722
104.868926636 16.43842926
104.879468628 16.421841126
104.887736857 16.403909404
104.897038615 16.372748515
104.901586141 16.362464905
104.908045696 16.353369853
104.917295777 16.345566712
104.944064169 16.330838928
104.952074016 16.324431051
104.971504354 16.304328919
104.979307495 16.298644511
104.98802829 16.293963496
105.007419474 16.283554992
105.015480998 16.276733704
105.026384725 16.2576651
105.029743693 16.236012675
105.028865194 16.19146759
105.032585897 16.165267639
105.042456096 16.141444804
105.058114055 16.121187643
105.079301392 16.105426331
105.106979008 16.095853281
105.237224569 16.050804341
105.247404827 16.049150696
105.288539267 16.047393698
105.404914592 16.01881663
105.414474732 16.01519928
105.422071167 16.009876608
105.423231841 16.005040467
105.423931519 16.002125143
105.418143758 15.994735412
105.40739506 15.988895976
105.386517782 15.980782776
105.36248824 15.954789531
105.360627889 15.919391175
105.372565145 15.882132467
105.412045939 15.799760234
105.423001343 15.783895569
105.435662069 15.771648255
105.44796106 15.764878642
105.462378785 15.762811585
105.503409872 15.766170552
105.525424032 15.763483378
105.568522177 15.749375712
105.612912232 15.721470439
105.640920858 15.681989645
105.650997762 15.634602356
105.640869182 15.583313497
105.616271199 15.52127594
105.612033732 15.499468486
105.610380087 15.457171326
105.604282267 15.439213766
105.592243473 15.427546297
105.588365926 15.42378835
105.552812541 15.402032573
105.506200399 15.387589009
105.486253297 15.374902446
105.477468302 15.352810771
105.48330774 15.334517314
105.499017375 15.324672953
105.51937789 15.321055603
105.538549846 15.321520691
105.558031861 15.325138041
105.561494182 15.320900574
105.564801474 15.299454854
105.56397465 15.272531433
105.560253947 15.270929464
105.531573528 15.252894389
105.503926636 15.231061096
105.463102254 15.18943573
105.454420614 15.17553477
105.447702678 15.155303446
105.443775269 15.13380605
105.44362024 15.111352641
105.451940145 15.094764506
105.473850952 15.090630391
105.498293905 15.066135763
105.503564901 15.064895528
105.516535686 15.067143453
105.520876506 15.066135763
105.523150269 15.061174825
105.52284021 15.050038554
105.52428715 15.045956116
105.553536011 15.00533844
105.566145061 14.995985006
105.566145061 14.995933329
105.566351766 14.995933329
105.566455119 14.995933329
105.593068482 14.990791525
105.583560018 14.977588196
105.543924194 14.953093567
105.534157349 14.934024964
105.550642131 14.902295634
105.543045695 14.880100607
105.53761967 14.878033549
105.521910034 14.878705343
105.51777592 14.877671814
105.515863892 14.871677348
105.516949097 14.856536153
105.524080445 14.84253184
105.524390503 14.837235006
105.520049683 14.833462626
105.506200399 14.830413717
105.50154952 14.82733897
105.493849731 14.808993836
105.489147176 14.78633372
105.490697469 14.763802796
105.50154952 14.745948589
105.505115194 14.73636261
105.497363729 14.690422262
105.495761759 14.65988149
105.510127808 14.593580627
105.507543986 14.564047547
105.495451701 14.537124125
105.463670695 14.495963847
105.440364625 14.47534495
105.433853394 14.467929383
105.428892456 14.458162536
105.420314169 14.435218201
105.415973348 14.428164368
105.405689738 14.423048401
105.379231405 14.418242493
105.367655884 14.414547628
105.359646037 14.408268942
105.340835816 14.390104675
105.335099732 14.385712178
105.3222323 14.386383972
105.304662313 14.398192037
105.294740438 14.399070536
105.287712443 14.393282776
105.275723511 14.372095439
105.268592163 14.364369812
105.250453736 14.357186788
105.198208863 14.345223694
105.184307903 14.345740458
105.155007365 14.330470073
105.132218058 14.280705668
105.101418905 14.230527852
105.047313681 14.214068909
105.025351197 14.224378358
105.007729533 14.243834534
104.975948527 14.301117859
104.974294882 14.30964447
104.978997437 14.354964701
104.978739054 14.368503927
104.973829794 14.380647888
104.955122925 14.386280619
104.915620967 14.393216762
104.898175497 14.396280009
104.890217326 14.400233256
104.874249309 14.410568542
104.86654952 14.413772481
104.857351115 14.414134217
104.838489218 14.411447042
104.831409547 14.411757101
104.815079794 14.419844462
104.801850627 14.430076396
104.788259725 14.438215434
104.77167159 14.43986908
104.75792566 14.433047791
104.727953329 14.409948426
104.71286381 14.406847839
104.706197551 14.412248027
104.701029908 14.430076396
104.692865031 14.433977966
104.684648479 14.430567322
104.674726604 14.414650981
104.668370402 14.409638367
104.651368856 14.408914897
104.626564169 14.419276021
104.610441121 14.418965963
104.594628133 14.410000102
104.583466024 14.395814921
104.573854208 14.380544536
104.562795451 14.368478089
104.542848348 14.360390727
104.526518596 14.363542989
104.510808961 14.370545145
104.492618856 14.374007467
104.481973511 14.37121694
104.473911988 14.365687561
104.46750411 14.360080668
104.461974732 14.357109273
104.458508318 14.357042243
104.452621297 14.356928406
104.446006714 14.358685404
104.439185425 14.361424255
104.325393921 14.377624817
104.27123702 14.399070536
104.247465861 14.401085917
104.232376343 14.393127747
104.219147177 14.382869975
104.201267131 14.377986552
104.189174846 14.382301534
104.183490438 14.391422425
104.182560262 14.400362448
104.185660848 14.403979798
104.177030884 14.404212342
104.174808797 14.401344299
104.173258505 14.396021627
104.148453817 14.36961497
104.140909058 14.36599762
104.128351685 14.366359355
104.121272014 14.371475321
104.116156047 14.377469788
104.110213257 14.380441183
104.073729696 14.370751852
104.045724186 14.357285453
104.045064015 14.356968011
104.035954224 14.352587585
104.001382691 14.345068665
103.973994181 14.36728953
103.919837281 14.364576518
103.910535523 14.356256612
103.908003377 14.34832428
103.902784058 14.342433167
103.885162394 14.340417786
103.870331258 14.34325999
103.859169149 14.349616191
103.849247274 14.357083436
103.8384469 14.36338796
103.824029175 14.368038839
103.815502564 14.367961324
103.807286011 14.36599762
103.794211874 14.3648349
103.775246623 14.366979472
103.716542196 14.381526387
103.682229044 14.383800151
103.674890991 14.386487325
103.671687053 14.395608216
103.673857463 14.419327698
103.671480347 14.429559631
103.665382528 14.435941671
103.657165975 14.441160991
103.647192423 14.443977356
103.637063843 14.443279724
103.627452027 14.437802023
103.624454794 14.430567322
103.6229045 14.42247996
103.616806681 14.414547628
103.596136109 14.404341533
103.581615032 14.40741628
103.568127482 14.415942892
103.550247437 14.421859844
103.53340092 14.419069316
103.494850301 14.399949036
103.457023153 14.374420878
103.4496851 14.371578674
103.43924646 14.372870585
103.431494996 14.377521464
103.426223999 14.38250824
103.422503296 14.384833679
103.408085572 14.380802918
103.380231975 14.36106252
103.362868694 14.353466085
103.341371298 14.350908101
103.273675171 14.351063131
103.243277627 14.341931315
103.198589315 14.328506368
103.138231242 14.319747213
103.118025757 14.313235982
103.085004517 14.295821025
103.016929611 14.238872481
103.004854371 14.228770854
102.987801148 14.219004008
102.950904175 14.208642884
102.934057658 14.200968934
102.918606405 14.185491842
102.914007202 14.169342956
102.913929614 14.164946285
102.913697144 14.15177297
102.911268352 14.132110088
102.904085327 14.11598704
102.883259725 14.086944885
102.876231731 14.071312765
102.872872762 14.048368429
102.87333785 14.033408102
102.869772177 14.020618185
102.854992716 14.004004212
102.797425171 13.960001729
102.772827189 13.936075541
102.754378704 13.904113668
102.737170451 13.849595032
102.729108928 13.832154236
102.711280559 13.810398458
102.70647465 13.801949361
102.703994181 13.791769104
102.702650594 13.771201884
102.698619833 13.761796774
102.674952027 13.741901347
102.57438969 13.693893941
102.542350301 13.669709371
102.541058391 13.648599549
102.56250411 13.628032329
102.597747437 13.605449728
102.579557333 13.60048879
102.532531779 13.573823751
102.513204794 13.567157491
102.452226603 13.562170716
102.37130131 13.56891449
102.332233928 13.564599508
102.313423706 13.541009217
102.314767293 13.530338033
102.325515991 13.51343984
102.329391724 13.504344788
102.330115194 13.496360779
102.329528346 13.484602854
102.329391724 13.48186554
102.333629192 13.406262919
102.327066285 13.345439759
102.328203166 13.275159811
102.329186812 13.272628953
102.382050008 13.136615295
102.401893759 13.102999777
102.447265666 13.05080658
102.463182008 13.019283956
102.473155558 13.006132304
102.490157105 12.996081238
102.490096772 12.995187554
102.489743694 12.989957581
102.486643107 12.984789937
102.481372112 12.98055247
102.474085734 12.976960958
102.468814739 12.973395284
102.467212769 12.969467876
102.46907312 12.965230408
102.477599732 12.957298075
102.478891643 12.953629049
102.477599732 12.949934184
102.466282593 12.937919414
102.464835653 12.927532451
102.467884563 12.916344503
102.474085734 12.905259908
102.479201701 12.882108867
102.483335815 12.843790792
102.489743694 12.823094381
102.495531453 12.81268158
102.500492391 12.806506246
102.504316448 12.799736633
102.506641887 12.787515157
102.505556682 12.77777415
102.495273072 12.746096497
102.495196134 12.746029849
102.482715699 12.735218608
102.477961467 12.719638164
102.476669556 12.698450826
102.479253377 12.67710846
102.486384725 12.661192119
102.49587711 12.654152464
102.501784302 12.649771627
102.558628377 12.631219788
102.588549031 12.609825745
102.664823446 12.534223124
102.689731486 12.519702047
102.696759481 12.513087464
102.700480184 12.504870911
102.70213383 12.488127747
102.704821005 12.480324606
102.718411906 12.46590688
102.750606324 12.449008688
102.762078491 12.436089579
102.763750896 12.425261469
102.765127401 12.416349182
102.756497437 12.402241517
102.73065922 12.380072327
102.720065552 12.361210429
102.715052938 12.342193502
102.692211955 12.178482564
102.69996342 12.138743388
102.75122644 12.060970358
102.765012412 12.044563616
102.771070191 12.037354228
102.787141561 12.002627666
102.797115112 11.952966614
102.843003785 11.866046855
102.885171753 11.807704163
102.913800496 11.765536194
102.925117635 11.725797018
102.928786662 11.66869456
102.913592273 11.6458916054
102.913584832 11.645900783
102.906016472 11.666205145
102.908702019 11.717962958
102.906748894 11.741441148
102.89332116 11.76968008
102.825450066 11.858140367
102.783457879 11.892279364
102.777028842 11.90253327
102.777028842 11.967433986
102.766937696 12.0117862
102.749685092 12.040269273
102.63184655 12.152044989
102.630137566 12.161363023
102.653575066 12.159165757
102.641368035 12.175482489
102.6045028 12.203924872
102.605723504 12.214422919
102.605723504 12.221258856
102.589366082 12.212225653
102.573903842 12.208726304
102.561859571 12.202093817
102.55730228 12.18374258
102.571625196 12.090969143
102.583994988 12.067328192
102.585948113 12.060248114
102.582367384 12.049261786
102.573985222 12.049261786
102.563487175 12.053859768
102.553884311 12.056789455
102.550140821 12.061183986
102.551036004 12.082749742
102.550466342 12.090969143
102.532237175 12.113592841
102.504242384 12.133368231
102.473643425 12.148993231
102.36622155 12.186021226
102.35035241 12.195705471
102.336192254 12.197577216
102.324473504 12.180324611
102.318369988 12.180324611
102.29590905 12.190008856
102.290375196 12.193996486
102.286468946 12.202541408
102.287119988 12.210191148
102.289398634 12.216620184
102.290375196 12.221258856
102.283457879 12.241359768
102.265391472 12.271470445
102.263194207 12.289536851
102.290049675 12.282904364
102.31519616 12.291245835
102.336273634 12.307440497
102.351898634 12.323675848
102.359873894 12.347072658
102.352061394 12.36725495
102.337250196 12.376125393
102.324473504 12.365301825
102.332530144 12.361883856
102.338389519 12.357163804
102.34245853 12.351304429
102.345062696 12.344794012
102.33073978 12.327826239
102.310231967 12.316229559
102.29167728 12.318060614
102.283539259 12.341376044
102.286143425 12.385687567
102.292246941 12.406887111
102.304047071 12.427394924
102.297862175 12.427394924
102.291514519 12.419582424
102.276703321 12.392564195
102.270030144 12.392564195
102.265879754 12.404771226
102.263519727 12.417303778
102.26441491 12.429429429
102.270030144 12.440375067
102.258474155 12.431870835
102.242442254 12.426255601
102.228282097 12.427720445
102.222178582 12.440375067
102.20573978 12.435777085
102.201019727 12.43353913
102.210622592 12.427679755
102.214366082 12.419623114
102.213389519 12.409979559
102.208506707 12.399400132
102.214610222 12.399400132
102.235850457 12.413723049
102.242523634 12.402777411
102.247080925 12.393011786
102.247813347 12.383205471
102.242686394 12.372137762
102.263031446 12.357001044
102.273448113 12.326157945
102.264821811 12.306219794
102.228282097 12.323675848
102.16684004 12.385728257
102.136892123 12.401760158
102.124359571 12.410549221
102.125987175 12.419907945
102.109873894 12.440904039
102.087168816 12.46474844
102.071950717 12.48851146
102.078135613 12.509263414
102.081797722 12.501125393
102.085948113 12.498358466
102.091481967 12.497626044
102.098643425 12.495591539
102.085459832 12.504339911
102.092133009 12.512681382
102.105642123 12.522894598
102.1123153 12.537258205
102.104746941 12.537258205
102.099457227 12.5274112
102.092946811 12.52338288
102.085459832 12.524359442
102.078135613 12.529730536
102.088226759 12.538723049
102.093272332 12.541449286
102.098643425 12.543402411
102.047862175 12.542303778
102.043304884 12.550523179
102.064463738 12.570746161
102.02222741 12.568548895
102.009287957 12.564520575
102.009287957 12.557074286
102.02247155 12.547756252
102.031504754 12.534125067
102.043223504 12.52350495
102.064463738 12.522935289
102.059580925 12.510484117
102.05746504 12.497219143
102.056976759 12.468329169
102.02247155 12.51951732
102.008962436 12.534084377
101.992198113 12.539780992
101.973480665 12.541449286
101.960785352 12.537258205
101.960785352 12.580633856
101.958832227 12.591253973
101.954356316 12.601304429
101.949880405 12.606350002
101.947764519 12.60175202
101.945974155 12.595689195
101.937022332 12.589178778
101.934255405 12.583726304
101.947276238 12.540716864
101.947764519 12.529730536
101.914073113 12.555121161
101.899587436 12.569728908
101.892588738 12.583726304
101.91309655 12.577582098
101.909434441 12.594224351
101.902598504 12.59788646
101.894297722 12.596502997
101.8857528 12.598049221
101.87761478 12.6055362
101.873545769 12.613023179
101.870453321 12.621568101
101.865244988 12.632147528
101.848806186 12.654527085
101.830251498 12.672796942
101.808360222 12.687933661
101.782725457 12.701117255
101.766123894 12.705877997
101.704437696 12.707912502
101.68637129 12.702134507
101.675954623 12.688625393
101.668467644 12.672796942
101.659841342 12.66010163
101.642344597 12.651353257
101.622080925 12.649644273
101.5810653 12.652655341
101.573496941 12.649807033
101.572032097 12.643296617
101.572601759 12.636419989
101.571055535 12.632147528
101.566416863 12.631293036
101.555430535 12.632391669
101.539073113 12.631740627
101.509043816 12.638983466
101.465098504 12.632310289
101.442881707 12.624823309
101.433278842 12.615423895
101.428884311 12.596869208
101.418142123 12.595648505
101.392914259 12.611721096
101.323496941 12.642157294
101.24887129 12.66010163
101.087738477 12.680609442
101.066661004 12.676255601
101.032074415 12.656968492
100.988617384 12.649359442
100.978037957 12.639593817
100.977712436 12.639227606
100.974457227 12.622219143
100.974457227 12.598049221
100.926117384 12.619126695
100.926117384 12.625392971
100.940765821 12.636379299
100.934580925 12.652899481
100.917653842 12.662583726
100.899587436 12.652655341
100.888682488 12.658758856
100.879893425 12.658148505
100.870616082 12.654730536
100.857920769 12.652655341
100.862640821 12.655991929
100.866872592 12.66030508
100.86988366 12.666001695
100.871429884 12.673773505
100.851084832 12.673773505
100.8545028 12.67967357
100.861338738 12.695135809
100.864593946 12.701117255
100.856293165 12.701402085
100.837412957 12.707912502
100.854828321 12.752264716
100.867930535 12.771144924
100.885915561 12.762518622
100.892100457 12.762518622
100.899180535 12.77350495
100.907888217 12.782538153
100.915700717 12.793646552
100.919932488 12.810939846
100.918467644 12.826320705
100.913259311 12.840399481
100.906097852 12.853216864
100.868662957 12.90623607
100.864593946 12.919582424
100.868174675 12.929022528
100.875498894 12.934759833
100.884043816 12.940008856
100.892100457 12.948065497
100.894541863 12.955511786
100.896739129 12.973863023
100.899587436 12.982245184
100.908213738 12.977443752
100.918793165 12.982407945
100.92839603 12.992499091
100.933604363 13.002752997
100.933116082 13.026434637
100.923106316 13.042792059
100.911387566 13.057033596
100.905772332 13.07440827
100.901540561 13.080633856
100.892100457 13.083482164
100.882823113 13.087836005
100.878265821 13.098334052
100.899587436 13.125637111
100.915782097 13.154852606
100.937022332 13.183986721
100.945160352 13.200913804
100.944509311 13.220038153
100.933604363 13.256008205
100.928965691 13.26561107
100.915375196 13.287054755
100.912445509 13.293850002
100.914724155 13.304388739
100.919281446 13.310777085
100.924001498 13.315619208
100.93238366 13.338120835
100.947113477 13.344427802
100.965342644 13.348537502
100.981293165 13.359035549
100.985362175 13.373032945
100.98715254 13.396144924
100.985118035 13.417710679
100.970876498 13.437201239
100.978363477 13.458889065
100.995778842 13.489325262
100.995778842 13.4961612
100.983897332 13.487982489
100.973887566 13.478827216
100.963389519 13.471380927
100.950694207 13.468247789
100.888926629 13.468247789
100.864024285 13.471502997
100.813975457 13.486029364
100.771332227 13.491156317
100.749766472 13.49990469
100.679860873 13.509222723
100.649668816 13.520249742
100.610199415 13.547512111
100.592051629 13.554510809
100.589610222 13.561957098
100.591563347 13.571519273
100.5966903 13.582668361
100.598887566 13.596502997
100.597829623 13.612250067
100.586924675 13.592027085
100.583181186 13.575995184
100.584239129 13.533677476
100.575856967 13.5195987
100.555918816 13.510891018
100.429942254 13.489325262
100.381114129 13.491522528
100.356455925 13.489691473
100.337168816 13.481878973
100.289886915 13.505031643
100.275075717 13.516669012
100.264984571 13.497544664
100.253265821 13.485785223
100.23715254 13.477362372
100.150401238 13.444037177
100.113047722 13.436590887
100.088959181 13.42597077
100.06934655 13.417385158
100.053070509 13.413031317
100.038828972 13.402736721
100.031260613 13.382025458
100.021657748 13.366603908
100.001312696 13.372015692
100.015635613 13.365871486
100.013926629 13.348374742
100.006195509 13.332831122
99.993662957 13.321722723
99.977386915 13.317368882
99.962738477 13.309881903
99.960703972 13.292425848
99.960866733 13.291571356
99.967133009 13.259019273
99.998545769 13.218085028
100.056488477 13.170314846
100.059825066 13.165676174
100.066742384 13.16010163
100.073985222 13.152777411
100.07699629 13.142726955
100.077810092 13.133775132
100.087738477 13.096177476
100.10434004 13.057318427
100.101898634 13.039862372
100.093028191 13.023993231
100.060069207 12.980292059
100.052989129 12.966131903
100.042979363 12.93382396
100.029307488 12.861802476
100.023936394 12.847072658
99.987640821 12.790472723
99.974294467 12.751206773
99.965017123 12.710150458
99.960459832 12.66791413
99.960785352 12.636175848
99.960948113 12.625392971
99.978037957 12.560777085
99.980804884 12.540350653
99.977061394 12.476874091
99.980804884 12.454657294
100.010996941 12.383246161
100.012217644 12.368719794
100.003672722 12.353949286
99.981700066 12.279933986
99.982758009 12.270453192
99.991709832 12.259466864
100.001719597 12.250311591
100.009287957 12.241115627
100.013926629 12.23069896
100.017100457 12.210109768
100.019704623 12.202215887
100.020030144 12.192694403
100.015635613 12.180324611
100.01042728 12.174953518
99.994313998 12.162583726
99.987640821 12.153021552
99.981455925 12.11717357
99.977386915 12.108303127
99.955332879 12.072495835
99.855316602 11.968410549
99.831228061 11.924709377
99.8232528 11.878648179
99.836924675 11.843451239
99.833750847 11.837713934
99.819590691 11.836371161
99.812510613 11.8320987
99.809825066 11.824611721
99.809580925 11.813462632
99.817067905 11.775580145
99.814952019 11.76968008
99.811778191 11.762274481
99.811045769 11.753078518
99.817067905 11.741441148
99.780446811 11.737250067
99.751800977 11.709865627
99.67058353 11.577866929
99.665537957 11.566799221
99.661306186 11.55101146
99.641856316 11.523260809
99.637543165 11.505316473
99.636078321 11.481838283
99.632009311 11.460638739
99.625743035 11.440497137
99.599945509 11.384222723
99.597341342 11.37494538
99.592946811 11.364203192
99.573741082 11.344061591
99.56934655 11.333970445
99.566254102 11.276312567
99.56934655 11.255519924
99.586192254 11.213853257
99.586192254 11.195135809
99.56934655 11.179144598
99.562022332 11.198919989
99.546153191 11.198431708
99.528575066 11.186835028
99.515310092 11.172919012
99.508148634 11.162176825
99.501312696 11.148749091
99.496348504 11.13287995
99.494151238 11.114569403
99.497569207 11.093085028
99.512054884 11.056952216
99.515310092 11.03921133
99.512461785 11.019232489
99.503428582 10.997056382
99.49870853 10.985296942
99.494151238 10.967474677
99.496104363 10.944240627
99.511566602 10.9024112
99.515310092 10.881537177
99.511566602 10.866359768
99.503265821 10.866848049
99.495860222 10.873846747
99.494151238 10.878119208
99.47535241 10.87885163
99.461192254 10.877427476
99.451670769 10.875311591
99.443207227 10.870347398
99.439707879 10.861029364
99.439707879 10.820054429
99.435069207 10.801825262
99.375010613 10.711981512
99.371348504 10.70307038
99.37370853 10.692572333
99.376719597 10.685492255
99.374359571 10.681382554
99.361094597 10.680121161
99.343516472 10.675360419
99.32715905 10.663275458
99.313161655 10.647365627
99.302419467 10.631048895
99.296153191 10.610907294
99.288259311 10.562933661
99.278168165 10.546047268
99.267263217 10.541693427
99.254730665 10.539943752
99.244639519 10.53514232
99.240407748 10.521877346
99.242686394 10.514471747
99.24903405 10.509995835
99.257985873 10.50800202
99.26832116 10.508205471
99.260996941 10.494818427
99.251719597 10.483954169
99.243825717 10.472357489
99.240407748 10.45697663
99.246755405 10.443915106
99.277679884 10.423570054
99.288747592 10.412014065
99.290537957 10.399237372
99.289317254 10.380845445
99.285004102 10.364488023
99.278168165 10.357367255
99.263845248 10.357326565
99.256358269 10.356146552
99.234141472 10.34369538
99.230723504 10.356512762
99.223399285 10.365383205
99.213063998 10.372056382
99.200043165 10.378485419
99.184743686 10.37128327
99.171641472 10.370266018
99.160655144 10.367987372
99.151621941 10.357367255
99.1513778 10.346340236
99.158457879 10.302720445
99.168955925 10.287746486
99.206309441 10.254339911
99.224619988 10.232367255
99.236094597 10.229315497
99.254649285 10.23444245
99.241709832 10.214504299
99.201345248 10.210638739
99.192556186 10.196275132
99.186778191 10.172430731
99.159922722 10.128322658
99.151621941 10.103461005
99.153493686 10.075832424
99.16309655 10.057684637
99.174001498 10.04291413
99.178884311 10.025295315
99.175791863 10.013495184
99.161631707 10.003322658
99.158457879 9.990545966
99.165293816 9.946478583
99.165293816 9.867621161
99.16675866 9.864691473
99.169932488 9.861802476
99.172373894 9.857407945
99.172129754 9.850246486
99.168304884 9.844468492
99.155772332 9.834784247
99.151621941 9.829169012
99.148203972 9.819240627
99.146169467 9.809719143
99.144948764 9.791245835
99.144786004 9.788234768
99.147959832 9.767401434
99.161957227 9.727118231
99.167246941 9.688137111
99.172862175 9.665228583
99.181407097 9.643255927
99.212087436 9.5977237
99.21778405 9.58218008
99.219981316 9.559149481
99.223155144 9.542629299
99.265310092 9.466009833
99.323578321 9.391546942
99.315684441 9.389593817
99.310720248 9.389837958
99.306000196 9.39085521
99.299001498 9.391546942
99.290782097 9.390082098
99.290049675 9.386419989
99.291270379 9.381781317
99.288747592 9.377264716
99.263845248 9.363755601
99.254649285 9.356838283
99.235524936 9.336330471
99.230235222 9.319769598
99.234141472 9.278265692
99.255056186 9.232489325
99.301768425 9.22260163
99.350759311 9.219183661
99.378184441 9.192938544
99.410980665 9.196356512
99.443858269 9.195990302
99.474782748 9.200995184
99.501719597 9.220282294
99.509287957 9.235500393
99.51441491 9.253241278
99.521494988 9.269924221
99.535817905 9.281683661
99.548187696 9.283148505
99.593516472 9.274847723
99.610118035 9.277980861
99.623545769 9.284816799
99.633799675 9.291652736
99.641286655 9.294745184
99.672373894 9.302191473
99.689138217 9.313910223
99.689463738 9.315863348
99.727305535 9.313706773
99.733734571 9.312160549
99.739512566 9.32050202
99.75277754 9.319769598
99.771820509 9.312282619
99.781586134 9.308417059
99.786875847 9.312811591
99.797699415 9.318345445
99.80339603 9.322658596
99.8154403 9.311183986
99.853526238 9.294663804
99.8545028 9.28510163
99.853037957 9.273993231
99.859629754 9.25775788
99.87777754 9.22646719
99.885996941 9.233303127
99.886485222 9.157904364
99.891449415 9.138332424
99.899587436 9.125311591
99.908702019 9.114081122
99.916270379 9.101996161
99.919444207 9.086493231
99.919444207 9.038397528
99.921641472 9.028225002
99.931325717 9.01186758
99.933116082 9.000555731
99.931162957 8.999823309
99.926524285 8.994533596
99.921885613 8.987127997
99.919444207 8.980047919
99.919444207 8.955796617
99.931162957 8.8789737
99.926280144 8.8633487
99.939219597 8.832464911
99.959239129 8.637640692
99.967133009 8.60565827
99.984141472 8.579413153
100.040782097 8.545558986
100.04965254 8.530951239
100.05372155 8.513657945
100.075938347 8.470404364
100.092133009 8.446437893
100.098480665 8.426459052
100.10434004 8.417669989
100.11198978 8.413153387
100.134043816 8.403753973
100.138519727 8.400946356
100.144216342 8.388820705
100.157562696 8.385728257
100.173513217 8.389349677
100.18628991 8.397202867
100.177093946 8.426214911
100.175059441 8.466457424
100.164805535 8.501369533
100.131114129 8.514553127
100.150645379 8.522935289
100.180837436 8.501206773
100.208343946 8.469671942
100.220469597 8.448716539
100.271494988 8.317084052
100.302907748 8.118557033
100.34245853 7.938788153
100.367360873 7.825588283
100.44019616 7.476996161
100.500627124 7.333994596
100.554400869 7.249833509
100.567205491 7.229492628
100.574600073 7.209153209
100.573985222 7.194973049
100.548139216 7.197050183
100.53553353 7.210047007
100.499630099 7.242325281
100.480235222 7.25389232
100.472422722 7.258856512
100.444337254 7.257817382
100.425547722 7.267564195
100.438975457 7.294134833
100.4290731 7.326386839
100.422318517 7.369974025
100.408121905 7.378690254
100.410004102 7.458319403
100.406016472 7.527655341
100.389507916 7.566181028
100.358927137 7.578610288
100.325563914 7.574479835
100.302989129 7.540676174
100.29574629 7.52358633
100.289561394 7.518215236
100.278819207 7.523911851
100.272634311 7.531073309
100.269704623 7.537502346
100.268809441 7.545477606
100.268809441 7.557440497
100.275563998 7.576971747
100.309580925 7.5977237
100.323496941 7.616400458
100.32699629 7.655218817
100.320567254 7.707953192
100.306976759 7.75787995
100.288747592 7.788316148
100.269704623 7.795396226
100.250498894 7.791978257
100.230967644 7.784816799
100.210622592 7.780910549
100.200856967 7.772324937
100.156423373 7.733384507
100.144786004 7.719427802
100.142914259 7.700018622
100.154633009 7.615790106
100.172618035 7.568019924
100.179209832 7.53119538
100.185394727 7.514227606
100.196543816 7.507147528
100.199229363 7.50381094
100.220469597 7.486029364
100.225108269 7.479478257
100.227793816 7.474595445
100.26050866 7.393622137
100.278819207 7.362209377
100.302989129 7.342678127
100.324880405 7.33978913
100.349782748 7.339300848
100.3701278 7.332709052
100.378672722 7.311346747
100.378754102 7.309800523
100.379405144 7.287665106
100.381195509 7.275702216
100.384938998 7.266302802
100.393809441 7.258530992
100.407957674 7.258301914
100.417657727 7.25348936
100.426872371 7.245308942
100.410655144 7.237005927
100.401866082 7.233547268
100.395192905 7.228664455
100.392344597 7.22256094
100.395518425 7.211330471
100.402598504 7.20319245
100.410860404 7.19863669
100.424436404 7.171205698
100.436559835 7.160134853
100.450624955 7.155316541
100.46614621 7.157237053
100.477785777 7.146162532
100.486031356 7.139901052
100.49480228 7.13662344
100.519988 7.135553009
100.531630223 7.13747383
100.55586937 7.144694505
100.58082116 7.167629299
100.58863366 7.17959219
100.585701283 7.207170551
100.585419616 7.224401972
100.611094597 7.192613023
100.765147332 6.983140367
100.784434441 6.967108466
100.811238797 6.95742781
100.827346865 6.951698926
100.849945509 6.962062893
100.866474246 6.94708859
100.89636616 6.919634714
100.948108134 6.88073052
100.997573081 6.856675229
101.026703321 6.856350002
101.068044467 6.857733466
101.191416863 6.861883856
101.23152531 6.880323212
101.244266596 6.902029121
101.277731474 6.896256198
101.291561969 6.884794559
101.310069207 6.880357164
101.317149285 6.875921942
101.31918379 6.877997137
101.351328972 6.875921942
101.343582809 6.896142525
101.328298373 6.91787344
101.262543165 6.944769598
101.291731168 6.954572005
101.320811394 6.9492862
101.3466903 6.928615627
101.385209696 6.905220335
101.419444207 6.89447663
101.436859571 6.890204169
101.45191491 6.888413804
101.471202019 6.884019273
101.488047722 6.878322658
101.495371941 6.872503973
101.522959832 6.860825914
101.55738366 6.841782945
101.566254102 6.83222077
101.668304884 6.658636786
101.723480665 6.57440827
101.771657748 6.500718492
101.808360222 6.464544989
101.908702019 6.401922919
102.020030144 6.295640367
102.072764519 6.25775788
102.07309004 6.257513739
102.073113755 6.25749663254
102.066655834 6.204748336
102.071267944 6.126655579
102.060002482 6.094797058
102.033440796 6.068390402
101.959388469 6.011598002
101.93473881 5.981729024
101.919752645 5.940258687
101.919287557 5.897573955
101.912931356 5.859307556
101.880323528 5.831040548
101.869213094 5.823857524
101.864252157 5.815408427
101.860841512 5.806494242
101.854743693 5.797657573
101.825494833 5.779829203
101.820223836 5.773731384
101.812265666 5.752544047
101.800483439 5.739909159
101.784153686 5.738100484
101.762862997 5.749546814
101.754181356 5.760269674
101.747876831 5.772387797
101.740022014 5.782361349
101.726792847 5.786469625
101.714752238 5.782903951
101.6975667 5.7671383
101.696613811 5.76626414
101.686691936 5.761199849
101.665918009 5.765592346
101.650363404 5.782645569
101.630778036 5.82840505
101.6312948 5.837370911
101.634395386 5.847344462
101.634085327 5.855586853
101.624576864 5.859410909
101.61289799 5.861348775
101.605146525 5.866103007
101.599772176 5.874061178
101.595121298 5.885352478
101.57930831 5.906333109
101.557914266 5.911345724
101.534659871 5.906023051
101.500201425 5.892693601
101.392653036 5.851091004
101.357564738 5.82840505
101.318962444 5.810085755
101.279688355 5.803031921
101.248992554 5.786986389
101.236641887 5.741666158
101.233592977 5.719419454
101.22501469 5.699213969
101.212302287 5.681514791
101.196851034 5.666812846
101.149980509 5.63864919
101.122178589 5.629890035
101.105435426 5.6376415
101.093963257 5.662652893
101.078770386 5.68776764
101.059805135 5.709575094
101.037325887 5.724587097
101.027404012 5.726550802
101.008387085 5.725672302
100.998620239 5.729548035
100.991747274 5.737480367
100.980016724 5.760993144
100.972426655 5.772852627
100.967200968 5.781017762
100.96528894 5.792412415
100.967717733 5.804117126
100.97428064 5.815305075
101.015311727 5.898349101
101.031848185 5.908916931
101.05293217 5.913102722
101.071122274 5.919846497
101.078770386 5.938165792
101.080424032 5.95702769
101.087452027 5.989687195
101.08900232 6.046608785
101.094273315 6.085753683
101.087141968 6.105597433
101.068538452 6.119550069
101.052518759 6.134562073
101.053448934 6.157609761
101.066884807 6.174327088
101.08001062 6.180347392
101.089157349 6.188848165
101.0910177 6.213161926
101.088278849 6.233522441
101.081664266 6.246467387
101.068951864 6.250859883
101.023063192 6.240989685
101.006475057 6.246364034
100.97428064 6.272615662
100.95516036 6.268636576
100.928908732 6.24062795
100.910098511 6.235796204
100.868447307 6.246157328
100.855114787 6.247914328
100.842815796 6.243935242
100.837338094 6.237191467
100.832997274 6.236674703
100.824574015 6.251480001
100.822145224 6.259877422
100.821525106 6.288764547
100.823385458 6.297678731
100.823732218 6.298604273
100.826899455 6.307058004
100.829018189 6.316256409
100.827106161 6.324550477
100.815168905 6.344833476
100.810724732 6.355763041
100.808450969 6.367261048
100.805608765 6.414803365
100.796307007 6.433949484
100.773259318 6.447307841
100.761890504 6.448961487
100.751606894 6.448806457
100.742305135 6.450124207
100.733881877 6.456377055
100.731194702 6.464722799
100.731504761 6.487021179
100.729954468 6.493196513
100.712849569 6.493041484
100.648409057 6.447152812
100.630684041 6.444775696
100.612648967 6.449168193
100.578439168 6.464257711
100.517409302 6.481905213
100.499167522 6.490302633
100.467231486 6.513221131
100.452348674 6.516864319
100.426510457 6.513892925
100.40966394 6.515262349
100.387391399 6.522083639
100.37765899 6.526754413
100.348789103 6.540609639
100.329203735 6.557766215
100.317886597 6.576705628
100.280782919 6.688921
100.27396163 6.696259053
100.263316284 6.700005595
100.251740764 6.701090801
100.242645712 6.700263977
100.227504517 6.690833028
100.227504517 6.688869324
100.212363322 6.689179383
100.203785035 6.693881938
100.199200202 6.699413639
100.196653687 6.702486064
100.187558634 6.707963766
100.173295939 6.70341624
100.166836386 6.695122172
100.164045858 6.683727519
100.162753947 6.66111908
100.156087688 6.620578919
100.157172892 6.603525696
100.165182739 6.580322978
100.16719812 6.566137797
100.161203654 6.557456156
100.152418661 6.549988912
100.145700725 6.539524435
100.144822225 6.530584412
100.148077841 6.513221131
100.148491252 6.504487814
100.144357137 6.479579773
100.135572144 6.457720643
100.127289259 6.442287502
100.11996504 6.463120835
100.10816491 6.479559637
100.090098504 6.484849351
100.102305535 6.517075914
100.103526238 6.533189195
100.093516472 6.540106512
100.080577019 6.536810614
100.07292728 6.528509833
100.063324415 6.506577867
100.02995853 6.534654039
100.001312696 6.567450262
99.997894727 6.576117255
99.9951278 6.587713934
99.99122155 6.59784577
99.984141472 6.602199611
99.97144616 6.595607815
99.964121941 6.59373607
99.960948113 6.598456122
99.963145379 6.60569896
99.972178582 6.617865302
99.973968946 6.622707424
99.97152754 6.63275788
99.962901238 6.649562893
99.960948113 6.660549221
99.956553582 6.66400788
99.947032097 6.663397528
99.937347852 6.664740302
99.933116082 6.674221096
99.92847741 6.692613023
99.917491082 6.705267645
99.891449415 6.725043036
99.867523634 6.762600002
99.851735873 6.776434637
99.833750847 6.770086981
99.824880405 6.7695987
99.817637566 6.782619533
99.809580925 6.808294989
99.802500847 6.817531643
99.797211134 6.821682033
99.710703972 6.854152736
99.685801629 6.877346096
99.686045769 6.917466539
99.6904403 6.935492255
99.695811394 6.93768952
99.710215691 6.937974351
99.7138778 6.942206122
99.712901238 6.951646226
99.707204623 6.96100495
99.696299675 6.965277411
99.680918816 6.973618882
99.682139519 6.992661851
99.68620853 7.013373114
99.679209832 7.026760158
99.695485873 7.059881903
99.70573978 7.075425523
99.716807488 7.08197663
99.719981316 7.088527736
99.748057488 7.126044012
99.740570509 7.137111721
99.723399285 7.131822007
99.704844597 7.12124258
99.692881707 7.116115627
99.677582227 7.123277085
99.671885613 7.135402736
99.672373894 7.170721747
99.637543165 7.150864976
99.621104363 7.137030341
99.614105665 7.13666413
99.610850457 7.150864976
99.603526238 7.150864976
99.583994988 7.15643952
99.557871941 7.197455145
99.540049675 7.244126695
99.545420769 7.266302802
99.566742384 7.278021552
99.585215691 7.306708075
99.598399285 7.342718817
99.603526238 7.376166083
99.597341342 7.376166083
99.56902103 7.322211005
99.54957116 7.301825262
99.524668816 7.311346747
99.520518425 7.326971747
99.525401238 7.370021877
99.521494988 7.383612372
99.508148634 7.384955145
99.497813347 7.370794989
99.49097741 7.351019598
99.488047722 7.335191148
99.492198113 7.299872137
99.488291863 7.285711981
99.470713738 7.279974677
99.460215691 7.282863674
99.445160352 7.289699611
99.431813998 7.297796942
99.426036004 7.304510809
99.42066491 7.307440497
99.392344597 7.312201239
99.378184441 7.320949611
99.36589603 7.336371161
99.336599155 7.383612372
99.345876498 7.400051174
99.347422722 7.423488674
99.344004754 7.46898021
99.341807488 7.475734768
99.331879102 7.491929429
99.329844597 7.503404039
99.325205925 7.504868882
99.30339603 7.504624742
99.29558353 7.507147528
99.308848504 7.528306382
99.30738366 7.550279039
99.300059441 7.575384833
99.292735222 7.620672919
99.285899285 7.621771552
99.277028842 7.617499091
99.26832116 7.616400458
99.259532097 7.620835679
99.249766472 7.627752997
99.246755405 7.634100653
99.258067254 7.63686758
99.262217644 7.643255927
99.255707227 7.657375393
99.243662957 7.671454169
99.230479363 7.677801825
99.214366082 7.679999091
99.206228061 7.685939846
99.192556186 7.705145575
99.172618035 7.719712632
99.153086785 7.73065827
99.137543165 7.744330145
99.130544467 7.767238674
99.124278191 7.767238674
99.121918165 7.733058986
99.11215254 7.705511786
99.091481967 7.691839911
99.056000196 7.698919989
99.033213738 7.72280508
99.027679884 7.788885809
99.01441491 7.815008856
99.056000196 7.847357489
99.062266472 7.85936107
99.064138217 7.878119208
99.070323113 7.907904364
99.069590691 7.924872137
99.050303582 7.905462958
99.040700717 7.901841539
99.028086785 7.903753973
99.022959832 7.909572658
99.007578972 7.935126044
99.000254754 7.942572333
98.984141472 7.947251695
98.96778405 7.956203518
98.960459832 7.976385809
98.961599155 7.986476955
98.963389519 7.992621161
98.9638778 7.998277085
98.960459832 8.006781317
98.953461134 8.015448309
98.937347852 8.024318752
98.929453972 8.030991929
98.923675977 8.041408596
98.922129754 8.048529364
98.917979363 8.051336981
98.90528405 8.048407294
98.898936394 8.042710679
98.891612175 8.024888414
98.888194207 8.021063544
98.872813347 8.016791083
98.857920769 8.008449611
98.843597852 8.002875067
98.829437696 8.006781317
98.824554884 8.014349677
98.817718946 8.036566473
98.812754754 8.044989325
98.800303582 8.052435614
98.794688347 8.048488674
98.7920028 8.040228583
98.788584832 8.034735419
98.775563998 8.02342357
98.770274285 8.02366771
98.768077019 8.038153387
98.765391472 8.04710521
98.752452019 8.060126044
98.747406446 8.068264065
98.7451278 8.087551174
98.747406446 8.136542059
98.743907097 8.149888414
98.747406446 8.181952216
98.747406446 8.19920482
98.744151238 8.2149112
98.727061394 8.25385163
98.712738477 8.225897528
98.706553582 8.225897528
98.703135613 8.298529364
98.696299675 8.30849844
98.677256707 8.303168036
98.648203972 8.284857489
98.637543165 8.287990627
98.630869988 8.287990627
98.630869988 8.28115469
98.62403405 8.28115469
98.622080925 8.29287344
98.626231316 8.346096096
98.63160241 8.354437567
98.647959832 8.366522528
98.655446811 8.379624742
98.642100457 8.385931708
98.620616082 8.390204169
98.603526238 8.397202867
98.598887566 8.37490469
98.585134311 8.368963934
98.567556186 8.367865302
98.552012566 8.360012111
98.54175866 8.349025783
98.52605228 8.336330471
98.51042728 8.331122137
98.500498894 8.343207098
98.493662957 8.343207098
98.491953972 8.331284898
98.486664259 8.324896552
98.479828321 8.325751044
98.473155144 8.335760809
98.466319207 8.335760809
98.466319207 8.322739976
98.445648634 8.325100002
98.428233269 8.316961981
98.422211134 8.306341864
98.453135613 8.294012762
98.456797722 8.27753327
98.456553582 8.258286851
98.462657097 8.243312893
98.462901238 8.216131903
98.446136915 8.175116278
98.424978061 8.14842357
98.411631707 8.164496161
98.405528191 8.164496161
98.404795769 8.155218817
98.402028842 8.148993231
98.391286655 8.136542059
98.375254754 8.150824286
98.356944207 8.185003973
98.331228061 8.195054429
98.328135613 8.202337958
98.323985222 8.209621486
98.312510613 8.212876695
98.301524285 8.213609117
98.293304884 8.215887762
98.286875847 8.219916083
98.281423373 8.225897528
98.277598504 8.240708726
98.277598504 8.283514716
98.271494988 8.297919012
98.262380405 8.312811591
98.242035352 8.40648021
98.199473504 8.534369208
98.19800866 8.556057033
98.202972852 8.573879299
98.20972741 8.581488348
98.213145379 8.572577216
98.215668165 8.553371486
98.223155144 8.540432033
98.247325066 8.514553127
98.253103061 8.534654039
98.244313998 8.54686107
98.230153842 8.556586005
98.219981316 8.569159247
98.219493035 8.575628973
98.222178582 8.580633856
98.22527103 8.584906317
98.226817254 8.589016018
98.226247592 8.60537344
98.226817254 8.610093492
98.238047722 8.641058661
98.240489129 8.651068427
98.238536004 8.673041083
98.222829623 8.712388414
98.219981316 8.726223049
98.224131707 8.735337632
98.231211785 8.740871486
98.239593946 8.745835679
98.247325066 8.753485419
98.250743035 8.759955145
98.25277754 8.766424872
98.25652103 8.828558661
98.261566602 8.850653387
98.283539259 8.884955145
98.292735222 8.924383856
98.312185092 8.951361395
98.324880405 8.975246486
98.333018425 8.980047919
98.336761915 8.977606512
98.351573113 8.973781643
98.364024285 8.973944403
98.360606316 8.983465887
98.35808353 8.99599844
98.367849155 9.009995835
98.391286655 9.03530508
98.361338738 9.023016669
98.34245853 9.018215236
98.332692905 9.026068427
98.329844597 9.052069403
98.342051629 9.062892971
98.36597741 9.063910223
98.382009311 9.071926174
98.370778842 9.103583075
98.341481967 9.141831773
98.328379754 9.164374091
98.32300866 9.189195054
98.322276238 9.209377346
98.32691491 9.203680731
98.339691602 9.199774481
98.347829623 9.202785549
98.355804884 9.209906317
98.370778842 9.22646719
98.352305535 9.235907294
98.351898634 9.251369533
98.361094597 9.268215236
98.364024285 9.281683661
98.375987175 9.298163153
98.383311394 9.31655508
98.39714603 9.37881094
98.40503991 9.396877346
98.425466342 9.432521877
98.443207227 9.520819403
98.457204623 9.548529364
98.486827019 9.528062242
98.519867384 9.553778387
98.531097852 9.566107489
98.528493686 9.575873114
98.520843946 9.577582098
98.501719597 9.575018622
98.493662957 9.575873114
98.489593946 9.580389716
98.485850457 9.59365469
98.48340905 9.596380927
98.463389519 9.604437567
98.4716903 9.6211612
98.490244988 9.634955145
98.500498894 9.634507554
98.50269616 9.638373114
98.511973504 9.650213934
98.514170769 9.654730536
98.511485222 9.662054755
98.493662957 9.685736395
98.510020379 9.686590887
98.513194207 9.694891669
98.50660241 9.705633856
98.493662957 9.713690497
98.500498894 9.719916083
98.515635613 9.710191148
98.531423373 9.703924872
98.543955925 9.706488348
98.549001498 9.723618882
98.553233269 9.724595445
98.56128991 9.733058986
98.565765821 9.742621161
98.559255405 9.747219143
98.538747592 9.747463283
98.529795769 9.749579169
98.521006707 9.754624742
98.516449415 9.747788804
98.515310092 9.744818427
98.514170769 9.740383205
98.507985873 9.740383205
98.509125196 9.748521226
98.508799675 9.770819403
98.507985873 9.774562893
98.516368035 9.782945054
98.524180535 9.784979559
98.532237175 9.78530508
98.541514519 9.788234768
98.555430535 9.798041083
98.566172722 9.810003973
98.574961785 9.824652411
98.583018425 9.842840887
98.574961785 9.835598049
98.558441602 9.815008856
98.549001498 9.809271552
98.540049675 9.810980536
98.534678582 9.818019924
98.53028405 9.825588283
98.512705925 9.836859442
98.520762566 9.854437567
98.536875847 9.872951565
98.549001498 9.883734442
98.55355879 9.876695054
98.559906446 9.873032945
98.567393425 9.873236395
98.576182488 9.877590236
98.570485873 9.884222723
98.585459832 9.894964911
98.589854363 9.905462958
98.586436394 9.909328518
98.578868035 9.911322333
98.571625196 9.915472723
98.573578321 9.920884507
98.583832227 9.930324611
98.591970248 9.942694403
98.599864129 9.948146877
98.622080925 9.947821356
98.630869988 9.952704169
98.633148634 9.962958075
98.623545769 9.967189846
98.612559441 9.965969143
98.610362175 9.960109768
98.599619988 9.973863023
98.599782748 9.98045482
98.603526238 9.993597723
98.647959832 10.069322007
98.662282748 10.085272528
98.689626498 10.162054755
98.712901238 10.205511786
98.720469597 10.227932033
98.72535241 10.251613674
98.727061394 10.272040106
98.730804884 10.291734117
98.746267123 10.329006252
98.747406446 10.350531317
98.76640507 10.411200257
98.776533651 10.462101543
98.790382935 10.500264588
98.791313111 10.520418396
98.777257121 10.5832311
98.770745891 10.593979798
98.751522258 10.610361226
98.747904908 10.623125305
98.756793254 10.66606842
98.766715128 10.688754375
98.810950155 10.746631979
98.830070435 10.76355601
98.839578898 10.766398214
98.860869589 10.767664287
98.868207642 10.769886373
98.87533899 10.77861969
98.879191488 10.788202779
98.883607218 10.79918691
98.892082153 10.808514506
98.905414674 10.814405619
98.914716431 10.812286886
98.923294718 10.808101095
98.934043416 10.807713521
98.969700155 10.823113098
98.974454387 10.824198303
98.981895793 10.832414856
98.98613326 10.84032135
98.989853964 10.860449321
98.98975061 10.875151266
98.98179244 10.895485942
98.97962203 10.907655741
98.980242147 10.918016867
98.982619263 10.928946432
98.986650025 10.939307556
98.992334433 10.947963359
99.001532837 10.957626851
99.005563599 10.95881541
99.010627889 10.956231588
99.023340291 10.954371236
99.034709107 10.950960592
99.045251098 10.945508728
99.055069621 10.945250346
99.063647909 10.957420146
99.072536255 10.987599182
99.076877076 10.996513367
99.093206828 11.012972311
99.133101033 11.033384501
99.140946117 11.039409961
99.15170455 11.047673035
99.15821578 11.057310689
99.167620891 11.077981262
99.175062297 11.08743805
99.184880819 11.092967428
99.206171509 11.10002126
99.212992798 11.108263652
99.243275188 11.19766388
99.256194295 11.219988098
99.288440389 11.258306173
99.300532674 11.280630392
99.315725546 11.320808817
99.326370891 11.336234233
99.364301392 11.376722718
99.370502564 11.393336691
99.372052856 11.410855001
99.377633911 11.43550466
99.387039022 11.451550192
99.415874471 11.480230611
99.428173462 11.496896261
99.437371867 11.516688334
99.44109257 11.533405661
99.439232218 11.573919983
99.440575806 11.597277731
99.449774211 11.613762513
99.466103963 11.62394277
99.489151653 11.628438619
99.530699504 11.630919088
99.542585083 11.640479228
99.606870565 11.725693665
99.6153455 11.749413147
99.630021606 11.815765686
99.62795455 11.825377503
99.61100468 11.830183411
99.591781047 11.842275696
99.573797649 11.85772695
99.561395305 11.87291982
99.554057251 11.895037334
99.557364543 11.915604554
99.572867473 11.955912171
99.574004354 11.976324361
99.566976359 11.993325908
99.553333781 12.005521545
99.534316854 12.011567688
99.518400513 12.025933737
99.521707805 12.05368398
99.537624146 12.100864563
99.539277791 12.112285055
99.543515259 12.122465312
99.545789022 12.131870422
99.541654907 12.140655416
99.532869914 12.144531148
99.52263798 12.14422109
99.46631067 12.126030986
99.45225468 12.129389953
99.448844035 12.147218323
99.454115032 12.156881816
99.463830201 12.164581604
99.471995076 12.17362498
99.473752076 12.187267558
99.470134725 12.197396139
99.459386027 12.21708486
99.455561972 12.227575175
99.454735148 12.238220521
99.457112264 12.256410625
99.45442509 12.267262675
99.447603801 12.278218079
99.432204224 12.296408183
99.426726522 12.308655498
99.42341923 12.327775777
99.420628703 12.383379619
99.414014119 12.405238749
99.391276489 12.44533966
99.387039022 12.46590688
99.389519491 12.475983785
99.400268189 12.497481181
99.404195597 12.508126526
99.407089478 12.530244039
99.407296184 12.551483052
99.404747116 12.566940859
99.403265421 12.575926005
99.393756958 12.589775289
99.344457642 12.616750387
99.333398885 12.625432027
99.323580363 12.635405579
99.317172486 12.645895894
99.30973108 12.65349233
99.286269979 12.66000356
99.276864869 12.665584615
99.273454224 12.673542786
99.271180461 12.693799947
99.266736288 12.702843323
99.256297648 12.709457906
99.233456666 12.713126933
99.224464966 12.717467753
99.21412968 12.734650167
99.213199504 12.752607727
99.214439738 12.771676331
99.210719035 12.792269389
99.203070923 12.803870748
99.183227173 12.822577616
99.175269002 12.833429667
99.171858358 12.843325704
99.168447714 12.874099019
99.1553219 12.904484762
99.15315149 12.913553975
99.154185018 12.926602275
99.157905721 12.935955709
99.163073364 12.944663188
99.167310832 12.956006165
99.164830364 12.975514018
99.151084432 12.994789327
99.132480917 13.011041565
99.115324341 13.021402689
99.093206828 13.038326722
99.088349243 13.058351339
99.093826945 13.080675558
99.102508586 13.10439504
99.105299113 13.129613139
99.102198528 13.151834005
99.102095175 13.171341858
99.114084107 13.188085022
99.133204386 13.195164693
99.172788534 13.199505514
99.186479717 13.211558644
99.187257935 13.212243754
99.190151815 13.229503682
99.1860177 13.249993388
99.173408651 13.287432963
99.172788534 13.300920512
99.176922649 13.310325622
99.182710408 13.318723043
99.186947876 13.329135844
99.186947876 13.33874766
99.183640584 13.357971293
99.188808228 13.407916565
99.187878052 13.427140198
99.152014608 13.58196279
99.149534139 13.665988668
99.152841431 13.688726298
99.152531372 13.714874573
99.146779342 13.723674124
99.14126591 13.732108663
99.10881311 13.762701111
99.101164999 13.778824158
99.089796183 13.826650696
99.089486125 13.843910624
99.091863241 13.855925395
99.092173299 13.863573507
99.09000289 13.870110575
99.084835246 13.878533834
99.08028772 13.881556905
99.066335083 13.885329285
99.061064088 13.888016459
99.057136678 13.89408844
99.052072388 13.909048767
99.047628214 13.914991557
99.016208944 13.937935893
99.007113892 13.949640605
98.996985311 13.971628926
98.984789673 13.990594178
98.952956991 14.028033752
98.947582641 14.046404724
98.945308879 14.069142355
98.935283651 14.085394592
98.917713664 14.096375834
98.8937358 14.1032488
98.872341756 14.112473043
98.753692668 14.200116272
98.731058391 14.223499858
98.706977173 14.269982809
98.697365357 14.271378073
98.68558313 14.267398987
98.670390259 14.267915751
98.66356897 14.272876688
98.650753214 14.289413147
98.644241984 14.295665996
98.636903931 14.298973287
98.621504354 14.30240977
98.614476359 14.305148621
98.601453898 14.313649394
98.59318567 14.321607564
98.547710409 14.377676493
98.478153931 14.516505229
98.46513147 14.523352356
98.452832479 14.528054911
98.445494426 14.542033386
98.440016724 14.566269633
98.431335083 14.587844543
98.418209269 14.607559103
98.297493123 14.721247254
98.243336222 14.805118103
98.235378052 14.824548442
98.238788697 14.839095358
98.239098755 14.844004618
98.235894816 14.850386658
98.225146118 14.858964946
98.222148885 14.86426178
98.220391886 14.88526825
98.221632121 14.921260885
98.214914185 14.943171692
98.195070434 14.977588196
98.191143026 14.988130188
98.191223655 14.993209838
98.191349731 15.001152649
98.195690552 15.010686951
98.201168253 15.019291076
98.204372193 15.029574687
98.198997844 15.051382142
98.198799625 15.051583013
98.168095337 15.08269806
98.168071904 15.082770575
98.160447225 15.106365865
98.164994751 15.125796204
98.185768677 15.160781149
98.190729615 15.179177958
98.184680409 15.19315455
98.177913859 15.208788554
98.177905759 15.208920757
98.17719039 15.220596619
98.20769286 15.219215764
98.215430949 15.218865458
98.232897583 15.226797791
98.247677043 15.240931295
98.283023722 15.289972229
98.295116007 15.292607728
98.317853638 15.288990377
98.336043742 15.282169088
98.370253541 15.261911926
98.385239706 15.256253357
98.3922677 15.2582429
98.394748169 15.26490916
98.394748169 15.280076193
98.392060995 15.285838115
98.386066529 15.29038564
98.37996871 15.293847962
98.377488241 15.296457622
98.378831828 15.301625265
98.381208944 15.306637879
98.383689413 15.310281067
98.384826294 15.311366272
98.393611288 15.316275533
98.39908899 15.321779074
98.400329224 15.33066742
98.396195109 15.347617289
98.39691858 15.355730489
98.40342981 15.360097148
98.439396607 15.36759023
98.4554163 15.373636373
98.47453658 15.383480734
98.495000448 15.374799093
98.515464315 15.363456116
98.530243774 15.347720642
98.533551066 15.325964865
98.559906047 15.355317078
98.569001099 15.402135926
98.567140747 15.452546285
98.543679647 15.601503601
98.545746704 15.658631897
98.544055415 15.675098034
98.540269003 15.711961975
98.54305953 15.735371399
98.574375448 15.835985413
98.576649211 15.854175517
98.569311158 15.89613678
98.568587687 15.920166321
98.580679972 15.959130351
98.583780559 15.97695872
98.576959269 15.996905823
98.550087525 16.034216207
98.546986938 16.04749705
98.555875285 16.055506897
98.567657511 16.053956605
98.579956503 16.048788961
98.590085083 16.045791728
98.603107544 16.045843404
98.611582479 16.04692861
98.619127238 16.051011048
98.630185994 16.060002747
98.644138632 16.079639791
98.650339803 16.09963857
98.658711385 16.116278381
98.679588664 16.12614858
98.697158651 16.126872051
98.7584469 16.119172262
98.770332479 16.113849589
98.776016886 16.10687327
98.783044881 16.102429098
98.798444458 16.104444479
98.807229452 16.110542298
98.830793905 16.135605367
98.835444783 16.14454539
98.834721314 16.167748108
98.836685019 16.189038799
98.843092896 16.208727519
98.855598592 16.226969299
98.883710572 16.258750305
98.888671509 16.274563294
98.893425741 16.319883525
98.903347616 16.363446757
98.902520793 16.381636862
98.885260865 16.406183167
98.862109823 16.420652568
98.843402954 16.438377584
98.839578898 16.472432353
98.81870162 16.455637512
98.810433391 16.439617819
98.802061809 16.398276673
98.788625936 16.37455719
98.728267864 16.328255107
98.698398886 16.284950256
98.682379192 16.273478089
98.663258912 16.286655579
98.656954386 16.301641744
98.642381632 16.373627015
98.629462525 16.40266917
98.628222291 16.413572896
98.638247518 16.434450176
98.639797811 16.444992167
98.631632934 16.463130595
98.570448039 16.541575419
98.564246867 16.551962382
98.564040161 16.56271108
98.567347453 16.573304749
98.567760864 16.582503154
98.56579716 16.591546529
98.561559692 16.601726787
98.547090291 16.620123596
98.512260376 16.643274638
98.498411092 16.662394918
98.491383097 16.68973175
98.486318807 16.700997213
98.456656535 16.723218079
98.454692831 16.740994772
98.462547648 16.760115052
98.47453658 16.776651509
98.489212687 16.780733948
98.505439087 16.790655823
98.517531372 16.80300649
98.520528605 16.814116923
98.513190552 16.822178447
98.50337203 16.826002503
98.494380331 16.831170146
98.49003951 16.843210755
98.492519979 16.857421774
98.500581503 16.862227681
98.511950317 16.859282125
98.524559367 16.850445455
98.51598108 16.878970846
98.509469849 16.8926651
98.500064738 16.898917949
98.484458455 16.905894267
98.480737752 16.920570374
98.480427694 16.937261862
98.47453658 16.950439352
98.46368453 16.963616841
98.44673466 16.996328023
98.436192668 17.011572571
98.417899211 17.029039205
98.399915812 17.040149638
98.379762004 17.04578237
98.330669393 17.046867574
98.313306111 17.052035217
98.299663534 17.06474762
98.286227661 17.087433574
98.29015507 17.090844218
98.295322714 17.099835917
98.294392538 17.107587382
98.268347616 17.107742411
98.266177205 17.116372376
98.270828084 17.127792867
98.278992961 17.13657786
98.256255331 17.151615702
98.221012004 17.20075999
98.201788371 17.215694479
98.186182088 17.22422109
98.100605917 17.302614238
98.092647746 17.312226054
98.090477336 17.325248515
98.094094686 17.3463325
98.094714803 17.35863149
98.088720337 17.372790833
98.076834757 17.380025533
98.062262004 17.384831441
98.048722779 17.391549378
98.035493612 17.405036927
98.02856897 17.418782858
98.018233684 17.447411601
97.99611617 17.480794576
97.991671998 17.495729065
97.982783651 17.505444234
97.972241659 17.511697083
97.948573853 17.522394104
97.933794393 17.531799215
97.90799443 17.554865514
97.768946574 17.679180399
97.759334758 17.691479391
97.753133586 17.705380351
97.751789999 17.718092753
97.751583293 17.729564922
97.749619588 17.739848532
97.741041301 17.750183818
97.716856731 17.769769186
97.711172323 17.78129303
97.706521444 17.794728902
97.696496216 17.806562806
97.68399052 17.816536357
97.676135702 17.830333964
97.699080038 17.833331198
97.685540813 17.880718486
97.691845337 17.895601298
97.720060669 17.943195293
97.747552531 17.960920309
97.750859823 17.96365916
97.754063762 17.969033508
97.751789999 17.980764058
97.747242473 17.992494609
97.744038533 17.997817282
97.739801066 18.002933248
97.725228313 18.036755473
97.722127726 18.048925273
97.720060669 18.053059387
97.706418091 18.059286398
97.702180624 18.061844381
97.69773645 18.060733338
97.694222453 18.061508484
97.692775513 18.07011261
97.693705689 18.075125224
97.698046509 18.084659525
97.699080038 18.090653992
97.696806274 18.101583558
97.687504516 18.119825338
97.685334107 18.131607564
97.685334107 18.140160014
97.684300578 18.146102804
97.68037317 18.152639872
97.629006796 18.220852763
97.617948039 18.241678365
97.620738566 18.251083476
97.635724732 18.257594707
97.643269491 18.273020121
97.643786255 18.291313578
97.637585083 18.306325582
97.624665975 18.313405253
97.573816366 18.333093974
97.562447551 18.330510153
97.560587199 18.328262227
97.541983684 18.280228983
97.537642863 18.272580872
97.528341105 18.265320333
97.508083944 18.276559957
97.486483195 18.292140401
97.466536092 18.311441549
97.452583456 18.333610738
97.446795695 18.358312073
97.446485637 18.381178894
97.443074992 18.403348084
97.417650188 18.441149394
97.394602499 18.487089742
97.390468384 18.501817525
97.379099569 18.520782776
97.357602173 18.539903056
97.351401001 18.551168519
97.37289883 18.548616618
97.380133098 18.547757874
97.388918091 18.542228496
97.409381958 18.511351827
97.412172485 18.503031921
97.416616659 18.496029765
97.42746871 18.489518535
97.438114055 18.488123271
97.462815389 18.492464091
97.509530884 18.491275533
97.548391561 18.509078064
97.617948039 18.553158061
97.637378378 18.559281718
97.690295044 18.557886454
97.737940714 18.570495504
97.742798299 18.56925527
97.74569218 18.571063945
97.751789999 18.582484437
97.759748169 18.622792054
97.752616821 18.663435567
97.741248006 18.703148906
97.736287069 18.740588481
97.735770305 18.762654318
97.732669719 18.780508525
97.720370728 18.817638041
97.719440552 18.825880432
97.723367961 18.85197703
97.719130494 18.864637756
97.708588501 18.875205587
97.684403931 18.892491353
97.661873006 18.913782044
97.657842245 18.925719299
97.668074178 18.935434469
97.68905481 18.949748841
97.703317505 18.964373271
97.710448853 18.979902039
97.716960083 19.018323466
97.727812134 19.037082011
97.789927205 19.082583109
97.804086548 19.097956848
97.810804485 19.112219543
97.815145304 19.190561015
97.812561483 19.208466899
97.80522343 19.227354635
97.796335083 19.236682231
97.769670045 19.257275289
97.76408899 19.266396179
97.768016398 19.27711904
97.777318156 19.278617655
97.788686971 19.277739156
97.798298787 19.281408183
97.806153606 19.301096903
97.797058553 19.318382671
97.783105917 19.337089539
97.776698039 19.361093242
97.775147746 19.371066793
97.76770634 19.390367941
97.767086222 19.397525126
97.800365845 19.4407783
97.833542115 19.468709412
97.842120403 19.479380595
97.848734985 19.493979187
97.848114869 19.499560242
97.844290813 19.50452118
97.840983521 19.517156067
97.838916463 19.53710317
97.839846639 19.555319113
97.848631633 19.567643942
97.869123021 19.570489968
97.885838664 19.572811585
97.948057089 19.602422181
97.956118612 19.60937266
97.970691366 19.625934957
97.97947636 19.633324686
97.990431763 19.636554464
98.000146932 19.636296082
98.008311809 19.639112447
98.013582805 19.651747335
98.013892863 19.669446513
98.005624634 19.705645854
98.004591105 19.723913473
98.017923624 19.789387513
98.024538208 19.802978414
98.045622192 19.807629293
98.060608358 19.7939092
98.072907349 19.777295227
98.08592981 19.773161112
98.111354615 19.777140198
98.132231893 19.766055603
98.172022746 19.731561584
98.205922485 19.721484681
98.213260539 19.717763978
98.217911418 19.707971293
98.216671183 19.68745575
98.219151652 19.676991272
98.237548462 19.664692281
98.262766562 19.669859924
98.307311645 19.689987895
98.347619263 19.690633851
98.394438111 19.686344706
98.439603312 19.68773997
98.47453658 19.705309957
98.477800686 19.705629272
98.488799276 19.70670522
98.497584269 19.700710754
98.505129029 19.69151235
98.515464315 19.683373312
98.53262089 19.67585439
98.5365483 19.677094625
98.53799524 19.683890076
98.548330526 19.692649231
98.568277629 19.699987285
98.590705201 19.704095561
98.598353313 19.709082336
98.615406535 19.729778748
98.623778117 19.737504375
98.641348105 19.744945781
98.730128215 19.757296448
98.749248495 19.76349762
98.807849569 19.806544088
98.837925253 19.793444112
98.851877889 19.784039001
98.864486939 19.773212789
98.883710572 19.745462545
98.899316854 19.748614808
98.935076945 19.773471172
98.973834269 19.788069764
98.987683554 19.799361064
99.00091272 19.821013489
99.008767537 19.84592153
99.007630656 19.86488678
99.002669719 19.883593649
98.999362427 19.907726542
99.001429484 19.917880961
99.006183716 19.924934795
99.010937948 19.93020579
99.013521769 19.934960022
99.0127983 19.944235942
99.007010539 19.962451884
99.005873658 19.972347921
99.016829061 20.041000061
99.036466105 20.075158183
99.073466431 20.101228943
99.117494751 20.11779124
99.158422485 20.123553162
99.177749471 20.121796163
99.218987265 20.110453187
99.236453898 20.10272756
99.275314575 20.072186788
99.29567509 20.062497457
99.321203247 20.066269837
99.441402629 20.101616516
99.474475545 20.12807485
99.487498006 20.14125234
99.499280233 20.146885071
99.508733655 20.152804504
99.510338989 20.153809713
99.520570923 20.170966288
99.525841919 20.196184387
99.518917277 20.212178243
99.486257772 20.245483704
99.47499231 20.303723043
99.466414022 20.32217153
99.429620402 20.358680929
99.420628703 20.375553284
99.439955689 20.382167867
99.454115032 20.377103577
99.502897583 20.345219218
99.579688762 20.321241354
99.589300578 20.320776266
99.607594035 20.323153382
99.618032674 20.322378235
99.627024374 20.318760885
99.642217245 20.30883901
99.651932414 20.306823629
99.6712594 20.31013092
99.708414755 20.325013733
99.729085327 20.328527731
99.769599651 20.328424377
99.787169637 20.334082947
99.804016154 20.348991597
99.813007854 20.365269673
99.826340373 20.4013915
99.837709188 20.416842753
99.855692586 20.428056539
99.877913453 20.43513621
99.932483765 20.442732646
99.937134644 20.445006409
99.942043905 20.444024557
99.952379192 20.436273092
99.958787069 20.427488098
99.961112509 20.417824606
99.964729859 20.408626201
99.974341675 20.400823059
99.985917196 20.387025452
