167.984141472 -29.017836196
167.996348504 -29.025648696
167.994639519 -29.042575779
167.985036655 -29.059258722
167.973480665 -29.0663388
167.970062696 -29.068942967
167.967946811 -29.072035415
167.966481967 -29.075778904
167.966644727 -29.080010675
167.960703972 -29.065606378
167.950450066 -29.056573175
167.939707879 -29.055759373
167.9326278 -29.0663388
167.926442905 -29.0663388
167.924327019 -29.055596613
167.920176629 -29.045505467
167.918304884 -29.036390883
167.922373894 -29.028741144
167.929942254 -29.0194638
167.930511915 -29.012139581
167.92457116 -29.008721613
167.912119988 -29.0116513
167.926524285 -28.997491144
167.945567254 -29.001234633
167.965830925 -29.01181406
167.984141472 -29.017836196
