72.438975457 -7.340264581
72.432871941 -7.425388279
72.443207227 -7.416436456
72.46753991 -7.383884373
72.47152754 -7.379082941
72.474782748 -7.376560154
72.477712436 -7.372816665
72.480316602 -7.364678644
72.48316491 -7.370293878
72.484629754 -7.375909113
72.484141472 -7.382500909
72.480642123 -7.39055755
72.472666863 -7.399997654
72.44410241 -7.424981378
72.432871941 -7.432224217
72.426931186 -7.403985284
72.432871941 -7.346774998
72.426036004 -7.322930597
72.419444207 -7.317315363
72.396657748 -7.304864191
72.388194207 -7.302504165
72.379242384 -7.29680755
72.357676629 -7.268324477
72.370941602 -7.270196222
72.420176629 -7.303887628
72.432871941 -7.316094659
72.438975457 -7.340264581
72.47535241 -7.352797133
72.479014519 -7.361911717
72.474945509 -7.356540623
72.470469597 -7.348890883
72.468028191 -7.340590102
72.470713738 -7.333184503
72.486501498 -7.302422784
72.477224155 -7.278415623
72.456797722 -7.255140883
72.439707879 -7.226739191
72.450450066 -7.23414479
72.484222852 -7.278252863
72.494639519 -7.296156508
72.489593946 -7.309828383
72.47934004 -7.323174738
72.473806186 -7.340020441
72.474294467 -7.346937758
72.47535241 -7.352797133
71.36207116 -6.652927342
71.355235222 -6.65634531
71.351735873 -6.655694269
71.35035241 -6.653497003
71.35035241 -6.652520441
71.36207116 -6.652927342
71.264821811 -6.385918878
71.261403842 -6.388604425
71.260996941 -6.378024998
71.262380405 -6.373955988
71.267344597 -6.370049738
71.268809441 -6.378106378
71.267588738 -6.38274505
71.264821811 -6.385918878
71.351084832 -6.200290623
71.344737175 -6.204847915
71.338389519 -6.195896092
71.342295769 -6.188083592
71.347015821 -6.182224217
71.353282097 -6.178399347
71.360524936 -6.177341404
71.356700066 -6.188734633
71.351084832 -6.200290623
71.774180535 -5.438083592
71.773203972 -5.440199477
71.76465905 -5.433851821
71.762380405 -5.431735935
71.771739129 -5.43336354
71.774587436 -5.435723566
71.774180535 -5.438083592
72.222911004 -5.327732029
72.22144616 -5.327813409
72.230967644 -5.319268488
72.228282097 -5.324802342
72.22535241 -5.327243748
72.222911004 -5.327732029
71.738942905 -5.28492604
71.73707116 -5.28525156
71.747080925 -5.269952081
71.745453321 -5.278741144
71.742360873 -5.283135675
71.738942905 -5.28492604
71.766449415 -5.239190363
71.76449629 -5.239678644
71.762705925 -5.237969659
71.760264519 -5.236586196
71.7685653 -5.23414479
71.766449415 -5.239190363
71.966156446 -5.231703383
71.966156446 -5.234795831
71.964610222 -5.232354425
71.962738477 -5.231215102
71.961680535 -5.230075779
71.962738477 -5.226983331
71.966481967 -5.227471613
71.967051629 -5.229180597
71.966156446 -5.231703383
