-16.023101366 30.032294012
-16.023019986 30.029242255
-16.027251757 30.029608466
-16.027984179 30.033596096
-16.023101366 30.032294012
-15.854969856 30.139593817
-15.859771288 30.133286851
-15.863270637 30.134670315
-15.870228645 30.136175848
-15.874745246 30.137925523
-15.874094205 30.139715887
-15.874134895 30.141669012
-15.873443163 30.143540757
-15.86440996 30.15253327
-15.855458137 30.146918036
-15.854969856 30.139593817
-16.492054817 32.517157294
-16.487049934 32.491685289
-16.521839973 32.539496161
-16.530425585 32.548529364
-16.536773241 32.558010158
-16.540760871 32.568508205
-16.542347786 32.580511786
-16.525257942 32.567206122
-16.506662564 32.544175523
-16.492054817 32.517157294
-17.067982551 32.814154364
-17.041167773 32.812201239
-17.014312304 32.817043361
-16.994781054 32.827541408
-16.979969856 32.833238023
-16.957875129 32.837795315
-16.919748502 32.841213283
-16.903065559 32.836330471
-16.872873502 32.817450262
-16.860747851 32.813218492
-16.808705207 32.780015367
-16.797474739 32.774562893
-16.785633918 32.772284247
-16.747466601 32.770819403
-16.730132616 32.766791083
-16.713612434 32.758612372
-16.703684049 32.764634507
-16.693023241 32.766669012
-16.682484504 32.764634507
-16.672678189 32.758612372
-16.689768033 32.754868882
-16.725087043 32.741156317
-16.737863736 32.738104559
-16.749989387 32.73061758
-16.78221595 32.696112372
-16.788685676 32.686672268
-16.806385871 32.656805731
-16.847808398 32.644029039
-16.895904101 32.641587632
-16.976796028 32.647202867
-17.142974413 32.705552476
-17.18065345 32.725978908
-17.214466926 32.750637111
-17.241200325 32.779120184
-17.249908007 32.796535549
-17.252105273 32.814520575
-17.246449348 32.828599351
-17.231271939 32.834377346
-17.224964973 32.839300848
-17.20026608 32.868475653
-17.191395637 32.872748114
-17.18488522 32.874172268
-17.177561002 32.872748114
-17.166127082 32.868475653
-17.155751106 32.861232815
-17.131947395 32.839056708
-17.121693489 32.834377346
-17.115549283 32.833441473
-17.093902148 32.827704169
-17.067982551 32.814154364
-16.317128059 33.110785223
-16.295887825 33.101263739
-16.289133267 33.108710028
-16.289784309 33.079413153
-16.286000129 33.067531643
-16.275380012 33.060248114
-16.310780403 33.066066799
-16.325672981 33.065822658
-16.339955207 33.057196356
-16.35269121 33.043768622
-16.36432858 33.034369208
-16.378285286 33.032049872
-16.398345507 33.039780992
-16.398345507 33.046616929
-16.38801022 33.047349351
-16.3798722 33.051336981
-16.374134895 33.058172919
-16.361683723 33.090318101
-16.341297981 33.105943101
-16.317128059 33.110785223
-7.860096809 36.9805362
-7.878488736 36.970851955
-7.903879361 36.965887762
-7.931385871 36.966498114
-7.955718554 36.973089911
-7.955718554 36.9805362
-7.903960741 36.974839585
-7.88402259 36.980861721
-7.860096809 37.000433661
-7.857818163 36.997463283
-7.856068489 36.994208075
-7.853260871 36.986761786
-7.859120246 36.983384507
-7.860096809 36.9805362
-25.01691647 36.970445054
-25.012196418 36.94920482
-25.027088996 36.934312242
-25.060658332 36.937241929
-25.119007942 36.952622789
-25.151722786 36.945868231
-25.16909746 36.945990302
-25.176665819 36.956040757
-25.183216926 36.96889883
-25.195301887 36.980169989
-25.201649543 36.990423895
-25.190988736 37.000433661
-25.170318163 37.01552969
-25.133615689 37.023016669
-25.094471809 37.024481512
-25.066802538 37.021470445
-25.046742317 37.010728257
-25.029204882 36.99237702
-25.01691647 36.970445054
-25.68073483 37.843329169
-25.553781705 37.829657294
-25.538889127 37.832953192
-25.512562629 37.847479559
-25.498890754 37.850775458
-25.489857551 37.848049221
-25.468861457 37.834662177
-25.458485481 37.829657294
-25.442046679 37.837307033
-25.339751757 37.861802476
-25.197824674 37.864406643
-25.159169075 37.852036851
-25.135161913 37.822333075
-25.132313606 37.786200262
-25.156849739 37.754543361
-25.194732226 37.740708726
-25.327544726 37.727240302
-25.372425911 37.717433986
-25.420318163 37.713568427
-25.465443489 37.715399481
-25.488270637 37.713690497
-25.505686002 37.706732489
-25.532704231 37.720119533
-25.559071418 37.729071356
-25.615549283 37.740912177
-25.70425371 37.744045315
-25.825062629 37.815415757
-25.859486457 37.853908596
-25.841460741 37.905991929
-25.764556444 37.911566473
-25.739084439 37.905991929
-25.70421302 37.882635809
-25.698109504 37.874335028
-25.697173632 37.862534898
-25.694203254 37.852687893
-25.688832161 37.845851955
-25.68073483 37.843329169
-28.047108528 38.432562567
-28.040598111 38.409084377
-28.054188606 38.39850495
-28.084868944 38.398179429
-28.162709114 38.407171942
-28.185210741 38.405951239
-28.205311653 38.400336005
-28.241851366 38.377590236
-28.253651496 38.382554429
-28.26292884 38.394842841
-28.27456621 38.405666408
-28.296783007 38.411322333
-28.439442512 38.413519598
-28.459543424 38.405666408
-28.525380012 38.453924872
-28.548898892 38.48444245
-28.548898892 38.528550523
-28.518666145 38.550116278
-28.485259569 38.557806708
-28.414540168 38.556463934
-28.374501106 38.550482489
-28.27456621 38.501857815
-28.239125129 38.489650783
-28.236683723 38.487534898
-28.226226366 38.48444245
-28.206288215 38.470851955
-28.195790168 38.467718817
-28.174468554 38.46478913
-28.109486457 38.446600653
-28.063832161 38.442775783
-28.047108528 38.432562567
-28.623402473 38.522365627
-28.636219856 38.51552969
-28.647816536 38.51581452
-28.671783007 38.522365627
-28.683949348 38.521429755
-28.714344856 38.515326239
-28.727040168 38.514878648
-28.749582486 38.52350495
-28.775380012 38.554388739
-28.795318163 38.569525458
-28.84113522 38.591131903
-28.842396614 38.599432684
-28.808949348 38.604234117
-28.779896614 38.604885158
-28.766346809 38.606756903
-28.753773567 38.611721096
-28.745106575 38.619208075
-28.728586392 38.638983466
-28.719593879 38.645209052
-28.632639127 38.613999742
-28.609730598 38.597398179
-28.596058723 38.552720445
-28.603016731 38.551499742
-28.634999153 38.540594794
-28.643950976 38.53534577
-28.63780677 38.529445705
-28.635365364 38.525783596
-28.632069465 38.52362702
-28.623402473 38.522365627
-28.232533332 38.725572007
-28.034331835 38.666327216
-27.890980598 38.604234117
-27.816639778 38.582831122
-27.778920051 38.567084052
-27.760609504 38.549017645
-27.777455207 38.544134833
-27.796457486 38.541571356
-27.835764127 38.542792059
-27.852202929 38.547267971
-27.884917773 38.560532945
-27.91515052 38.565171617
-27.931996223 38.57029857
-27.948597786 38.577826239
-27.962391731 38.586859442
-27.976877408 38.593085028
-28.003773567 38.589422919
-28.02074134 38.597398179
-28.034535286 38.59007396
-28.04417884 38.59393952
-28.061634895 38.611721096
-28.074370898 38.617621161
-28.177886523 38.645086981
-28.195790168 38.655747789
-28.215565559 38.682114976
-28.223052538 38.686224677
-28.231109179 38.685044664
-28.234730598 38.683254299
-28.238636848 38.682847398
-28.24722246 38.686224677
-28.249623176 38.689927476
-28.248524543 38.694403387
-28.249256965 38.698187567
-28.257191536 38.699896552
-28.265492317 38.70319245
-28.312123176 38.735256252
-28.315785286 38.74209219
-28.315541145 38.755072333
-28.297474739 38.749253648
-28.264475064 38.731512762
-28.250355598 38.727728583
-28.232533332 38.725572007
-27.0517472 38.654282945
-27.054351366 38.645209052
-27.060292121 38.641424872
-27.089100715 38.631008205
-27.114165819 38.638983466
-27.181711392 38.639349677
-27.204497851 38.652655341
-27.217152473 38.641302802
-27.228382942 38.641099351
-27.252919075 38.652655341
-27.278797981 38.657416083
-27.304758267 38.658880927
-27.327626106 38.666327216
-27.35269121 38.684393622
-27.373402473 38.70697663
-27.383290168 38.727728583
-27.39171302 38.758856512
-27.368763801 38.782660223
-27.331776496 38.798041083
-27.298207161 38.803534247
-27.144276496 38.796087958
-27.115549283 38.786078192
-27.075062629 38.766994533
-27.042551236 38.744452216
-27.037505663 38.724351304
-27.040882942 38.714422919
-27.032826301 38.708563544
-27.022816536 38.702826239
-27.020130989 38.693670966
-27.025746223 38.690008856
-27.047759569 38.682928778
-27.054351366 38.679388739
-27.056141731 38.671332098
-27.0517472 38.654282945
-9.054554817 38.832993882
-9.073150194 38.818182684
-9.079660611 38.820135809
-9.07140052 38.837591864
-9.061390754 38.852240302
-9.050119595 38.861721096
-9.0439347 38.865790106
-9.041127082 38.867621161
-9.035267707 38.870550848
-9.034575976 38.864203192
-9.041411913 38.849188544
-9.054554817 38.832993882
-28.023833788 39.103216864
-28.013824023 39.0977237
-28.007069465 39.104559637
-27.991281705 39.087795315
-27.95807858 39.0664737
-27.942209439 39.053045966
-27.935902473 39.035956122
-27.947173632 39.024237372
-27.966216601 39.017320054
-27.983469205 39.015122789
-28.003895637 39.015936591
-28.025217252 39.019110419
-28.045155403 39.025580145
-28.061634895 39.036281643
-28.072987434 39.052964585
-28.07152259 39.067613023
-28.054839648 39.0977237
-28.044829882 39.103216864
-28.034331835 39.105047919
-28.023833788 39.103216864
-31.186268684 39.496649481
-31.172718879 39.495347398
-31.159535286 39.501776434
-31.140736457 39.482733466
-31.132679817 39.465521552
-31.131581184 39.423000393
-31.139027473 39.400295315
-31.156646288 39.372626044
-31.177235481 39.35561758
-31.193674283 39.364650783
-31.212513801 39.357733466
-31.234445767 39.35569896
-31.254750129 39.358099677
-31.268788215 39.364650783
-31.278146939 39.378404039
-31.284657356 39.397894598
-31.284901496 39.416164455
-31.275624153 39.426092841
-31.280913866 39.443101304
-31.275624153 39.4570987
-31.267079231 39.472072658
-31.262562629 39.491888739
-31.255767382 39.507473049
-31.23932858 39.517564195
-31.218983528 39.522406317
-31.20051022 39.522202867
-31.207915819 39.508612372
-31.198557095 39.502183335
-31.186268684 39.496649481
-31.099964973 39.66400788
-31.131581184 39.658840236
-31.133046028 39.665350653
-31.148915168 39.696356512
-31.152699348 39.701076565
-31.14964759 39.711493231
-31.141102668 39.720892645
-31.129383918 39.727118231
-31.117298957 39.728338934
-31.082671679 39.7227237
-31.080230273 39.693304755
-31.099964973 39.66400788
-8.20401648 42.069552104
-8.191304077 42.062084859
-8.176162883 42.06526296
-8.15838619 42.071386617
-8.137612264 42.072911072
-8.118440308 42.066864929
-8.103195761 42.055806173
-8.09508256 42.040923361
-8.097356323 42.023482565
-8.108027507 42.010899353
-8.123918009 42.000899964
-8.152960164 41.986818136
-8.18213151 41.965424093
-8.220707967 41.922713521
-8.230216431 41.904678447
-8.231715048 41.886049093
-8.220397909 41.868194886
-8.184586141 41.857730408
-8.177041382 41.849849752
-8.175387736 41.836594747
-8.179265101 41.812612525
-8.179573527 41.810704854
-8.093480591 41.806725769
-8.050445717 41.815986438
-8.048573771 41.816389262
-8.015707561 41.841891581
-8.005889038 41.853958029
-7.993641724 41.863673198
-7.979430705 41.868608297
-7.963359335 41.866618755
-7.944755819 41.866954652
-7.935350708 41.879951274
-7.930493123 41.8966686
-7.925790568 41.908166606
-7.906101847 41.913851014
-7.903362996 41.88682424
-7.896593384 41.857937113
-7.864812378 41.857885437
-7.857887736 41.863776551
-7.854425415 41.870261943
-7.84972286 41.875765483
-7.839232544 41.878375143
-7.812154093 41.877134909
-7.750142375 41.888374532
-7.722030396 41.899252421
-7.706372437 41.896255188
-7.678673869 41.881346537
-7.661155558 41.874912822
-7.607360392 41.873181662
-7.622811645 41.841736552
-7.622191529 41.832331442
-7.606068481 41.825535991
-7.588395142 41.824218242
-7.567104452 41.826595358
-7.546692261 41.832047221
-7.531551067 41.840160421
-7.526331747 41.847369283
-7.525246541 41.854164734
-7.523282837 41.860159201
-7.515841431 41.864990947
-7.508141643 41.86493927
-7.493000448 41.856903586
-7.483285279 41.856205954
-7.469384319 41.852536926
-7.456568563 41.839230245
-7.446956747 41.821841126
-7.442719279 41.805950623
-7.429541789 41.814503073
-7.405408895 41.835199484
-7.391921346 41.842046611
-7.376831828 41.844036153
-7.340503296 41.843209331
-7.322468221 41.845405579
-7.251464803 41.863699036
-7.218650269 41.879046937
-7.209316118 41.889160873
-7.197928019 41.901500346
-7.195654256 41.917365011
-7.202113811 41.949740295
-7.1999434 41.963718771
-7.192605347 41.969609884
-7.177309123 41.978369039
-7.159739136 41.985732931
-7.145373088 41.987489929
-7.113178671 41.97242625
-7.082741252 41.952789205
-7.051270304 41.942014669
-7.015768595 41.953667705
-6.992359171 41.966380107
-6.983456183 41.962996166
-6.969518188 41.957698466
-6.945126912 41.943358257
-6.917118286 41.93909495
-6.854951538 41.942944845
-6.831232056 41.953951925
-6.824927531 41.983769226
-6.79438676 41.979712626
-6.757903198 41.937570496
-6.727982544 41.930852559
-6.65677242 41.933074647
-6.622821004 41.940955302
-6.609488485 41.962323507
-6.585148886 41.954649557
-6.571661336 41.942608948
-6.567630575 41.92607249
-6.575795451 41.882896831
-6.567888957 41.875868836
-6.550060588 41.873879293
-6.524222372 41.86741974
-6.535746216 41.848583679
-6.560137492 41.76688324
-6.564374959 41.757503968
-6.571506307 41.7492099
-6.57739742 41.739727275
-6.574348511 41.731045634
-6.567682251 41.722441508
-6.563083049 41.713036397
-6.560499227 41.694458721
-6.555279907 41.674899191
-6.541533977 41.658905335
-6.513421997 41.650921326
-6.503035034 41.653091737
-6.488048869 41.658801982
-6.474354615 41.66593333
-6.467740031 41.672056987
-6.46081539 41.676552836
-6.447069458 41.676242778
-6.36593746 41.66360789
-6.317103231 41.65014618
-6.272248088 41.628235372
-6.230080119 41.594904073
-6.216127482 41.580098775
-6.205947225 41.570280253
-6.253644572 41.517518616
-6.279534464 41.497003072
-6.285890666 41.486874492
-6.285167195 41.478967998
-6.282480021 41.472301738
-6.282945109 41.465635478
-6.32103064 41.419591777
-6.321133992 41.411013489
-6.352346558 41.409256491
-6.366247518 41.405174053
-6.379166626 41.397319234
-6.376169393 41.396854146
-6.375549276 41.390808004
-6.376737833 41.383004863
-6.379166626 41.377475485
-6.383197388 41.376545309
-6.395496378 41.37840566
-6.399578817 41.377475485
-6.430998087 41.339028219
-6.463140829 41.314120178
-6.495852011 41.294948222
-6.554453084 41.275621237
-6.56349646 41.270711975
-6.628918824 41.269936829
-6.64664384 41.26761139
-6.65821936 41.257844544
-6.693772746 41.217381897
-6.701265829 41.202447408
-6.706950236 41.194334209
-6.742245239 41.171441549
-6.755216024 41.1588325
-6.758988404 41.151752828
-6.756507935 41.127051494
-6.764776164 41.10886139
-6.804360311 41.064419658
-6.818002889 41.054136048
-6.845288045 41.051913961
-6.906834676 41.056099752
-6.927447857 41.048097584
-6.927866984 41.047934876
-6.931794393 41.029124654
-6.942491415 41.01599884
-6.940424357 41.003389791
-6.930605835 40.992072652
-6.899238241 40.966751201
-6.885182252 40.948922832
-6.863633179 40.908305156
-6.855261597 40.887221172
-6.847045044 40.878901266
-6.832058878 40.875904033
-6.821155152 40.870064596
-6.816194214 40.856835429
-6.820328328 40.84422638
-6.836658081 40.840247294
-6.838053344 40.814925842
-6.83681311 40.80831126
-6.833505819 40.797820943
-6.834539348 40.792239889
-6.837278198 40.786762187
-6.83913855 40.776891989
-6.83913855 40.757513326
-6.83696814 40.743302308
-6.824307414 40.710694478
-6.81624589 40.677156474
-6.814230509 40.659328105
-6.814282186 40.647184143
-6.821310181 40.630182597
-6.844461223 40.597781474
-6.850455689 40.582226868
-6.848388631 40.564760234
-6.839758667 40.554579976
-6.828544882 40.545536601
-6.818054565 40.531894023
-6.812525187 40.514634095
-6.815315715 40.50254181
-6.838673462 40.477220358
-6.857121949 40.44213206
-6.851282511 40.409524231
-6.828079794 40.380585429
-6.794438436 40.356400859
-6.811956746 40.332319641
-6.820793416 40.325343323
-6.863943237 40.300952047
-6.870196086 40.295526022
-6.873865113 40.287774556
-6.874509092 40.279188167
-6.875105347 40.271238099
-6.878050904 40.265243632
-6.896447713 40.255476786
-6.915826375 40.254443258
-6.935411743 40.255838522
-6.942100808 40.254977731
-6.954687053 40.253358053
-6.997785197 40.231705627
-7.015768595 40.225504456
-7.024760295 40.216202698
-7.034578817 40.193051656
-7.043105429 40.181372783
-7.034837199 40.166748352
-7.027654175 40.132641907
-7.015768595 40.119051005
-7.00367631 40.116312154
-6.977166301 40.113418274
-6.966417603 40.110317688
-6.955720582 40.102927959
-6.94212968 40.086339823
-6.919908813 40.064894104
-6.879704549 40.00918691
-6.896912801 39.987121074
-6.901615356 39.976475728
-6.899755005 39.965623678
-6.903682414 39.956683655
-6.909521851 39.931982321
-6.91257076 39.928106588
-6.922285929 39.92242218
-6.925231486 39.917926331
-6.925128133 39.912241924
-6.92156246 39.902165019
-6.921769165 39.897152405
-6.923474488 39.888315735
-6.924249634 39.871572571
-6.927660279 39.861909078
-6.952826701 39.832866924
-6.962335165 39.828526103
-6.985227825 39.821136373
-6.993030965 39.816072083
-7.000265665 39.802532858
-6.998870402 39.79178416
-6.994581259 39.782585755
-6.993030965 39.774214173
-6.996803345 39.764705709
-7.008740601 39.74832428
-7.013339803 39.73891917
-7.013649862 39.729617412
-7.010704305 39.722796122
-7.0096191 39.715458069
-7.021142945 39.69401235
-7.035767374 39.689258118
-7.182890178 39.675098775
-7.214051066 39.676183981
-7.235755168 39.686519267
-7.252860067 39.682333476
-7.292754273 39.683315329
-7.311409465 39.680318095
-7.32784257 39.674788717
-7.341433471 39.67184316
-7.55728593 39.679801331
-7.555871749 39.677207318
-7.548242554 39.663213197
-7.515841431 39.593760071
-7.497858033 39.581047668
-7.468092407 39.550248515
-7.451349243 39.537846172
-7.417552857 39.524203593
-7.408922892 39.515573629
-7.399414429 39.493662821
-7.384169881 39.483999329
-7.362930867 39.476092835
-7.320917928 39.467411194
-7.313528198 39.457437643
-7.313631551 39.436095276
-7.318850871 39.413254293
-7.326705689 39.398836568
-7.331925009 39.384728902
-7.331408244 39.36261139
-7.326654012 39.341320699
-7.319264283 39.329538473
-7.300454061 39.317911275
-7.250844686 39.27062734
-7.264332234 39.252333883
-7.265779175 39.231353252
-7.258079387 39.211302795
-7.24412675 39.195644837
-7.219322063 39.184844462
-7.191571818 39.179160055
-7.168059041 39.170633443
-7.155811727 39.151513163
-7.157930461 39.141384583
-7.168885865 39.121850892
-7.167490601 39.11347931
-7.157206991 39.105443624
-7.142530884 39.099526673
-7.127286337 39.097485453
-7.115194051 39.101102804
-7.091267863 39.112445781
-7.064912883 39.11477122
-7.038816284 39.109138489
-7.015768595 39.09681366
-6.999697226 39.084695536
-6.985692912 39.066763815
-6.979388387 39.047178447
-6.986313029 39.030073547
-6.974892538 39.023019715
-6.973290568 39.013950501
-6.978819946 39.00382192
-6.988638468 38.993770854
-7.022124797 38.942869568
-7.044500692 38.918633321
-7.066049765 38.90460317
-7.05220048 38.884991964
-7.05726477 38.869437357
-7.056076213 38.855148824
-7.064292765 38.851118063
-7.07654008 38.843237406
-7.088684041 38.833367209
-7.104858765 38.827191874
-7.151005819 38.81928538
-7.160617635 38.812903341
-7.16619869 38.803420715
-7.179737915 38.79088918
-7.196429403 38.779985454
-7.211518921 38.775360413
-7.225878385 38.766133828
-7.270430054 38.737507427
-7.272187053 38.733735047
-7.280713664 38.720428366
-7.284072632 38.713245341
-7.290945597 38.679087219
-7.292960978 38.656272074
-7.29249589 38.646117656
-7.290945597 38.638159485
-7.286036336 38.631906637
-7.279421753 38.628909404
-7.27353064 38.625395406
-7.270430054 38.617695618
-7.27585608 38.603820496
-7.317713989 38.55625234
-7.335800741 38.505867819
-7.345619263 38.494137268
-7.334095418 38.481011455
-7.335180624 38.469435934
-7.344844116 38.458325501
-7.359210164 38.446362407
-7.34551591 38.44096222
-7.317145548 38.424580791
-7.211363892 38.317533061
-7.207126425 38.311693624
-7.200666871 38.298386943
-7.19632605 38.292159933
-7.189453085 38.286527202
-7.172399862 38.276527812
-7.167180542 38.272083639
-7.126872925 38.190899964
-7.117068157 38.183633156
-7.103515177 38.173588359
-7.088322307 38.173381653
-7.063052531 38.177541606
-7.038712931 38.186223246
-7.02641394 38.199633281
-7.021039592 38.198238017
-7.018145711 38.198031311
-6.99210079 38.20428416
-6.964195517 38.206144511
-6.95057576 38.198385888
-6.947504028 38.196636047
-6.95763261 38.168162333
-6.965487427 38.153331197
-6.978974976 38.119948222
-6.997630168 38.089614156
-7.006363485 38.059331767
-7.015768595 38.046826071
-7.023985149 38.022563985
-7.049358276 38.020212708
-7.10594397 38.038661194
-7.123255574 38.040004781
-7.131988892 38.032382507
-7.141910766 38.011582743
-7.152246053 38.000653178
-7.159739136 37.996803284
-7.17286495 37.993831889
-7.185267294 37.988690084
-7.197617961 37.989930319
-7.210330363 37.993030904
-7.223301147 37.993831889
-7.234049845 37.988069967
-7.265830851 37.982954001
-7.272703817 37.97701121
-7.272135376 37.968949687
-7.269086466 37.959441224
-7.268621379 37.949235128
-7.273892375 37.93153595
-7.295803182 37.884872131
-7.306861938 37.850765686
-7.334405477 37.811930847
-7.42633785 37.750616761
-7.44401119 37.730152893
-7.457550415 37.70007721
-7.466335408 37.651966452
-7.471606405 37.636902771
-7.47847937 37.628867086
-7.504886027 37.606387838
-7.514342814 37.601401062
-7.511758993 37.595277405
-7.512534139 37.590368144
-7.514652873 37.585872294
-7.515841431 37.580937195
-7.526486776 37.571196188
-7.529690715 37.567165426
-7.529122274 37.556700948
-7.52759782 37.555512391
-7.52367041 37.555667419
-7.518425253 37.541947327
-7.517546753 37.535177715
-7.515428019 37.529338277
-7.514613428 37.528333923
-7.506332968 37.518124492
-7.498633179 37.511664938
-7.481476604 37.500373638
-7.475947225 37.49424998
-7.468867554 37.47556895
-7.462924764 37.451125997
-7.460030884 37.429137675
-7.462252971 37.417872213
-7.444993042 37.386763001
-7.437448283 37.307336324
-7.427578084 37.27452179
-7.434244344 37.259328919
-7.429386759 37.236746318
-7.414418098 37.192816473
-7.411488411 37.187933661
-7.409413215 37.18374258
-7.406402148 37.180487372
-7.400217252 37.178534247
-7.400217252 37.172349351
-7.407622851 37.164862372
-7.424305793 37.175034898
-7.445708788 37.17963288
-7.468658007 37.180324611
-7.490142382 37.178534247
-7.511789517 37.17177969
-7.552235481 37.149237372
-7.568999804 37.14443594
-7.627349413 37.113959052
-7.635161913 37.10541413
-7.786610481 37.022691148
-7.819569465 36.998724677
-7.834055142 36.998928127
-7.849598762 37.004380601
-7.870716926 37.00787995
-7.932443814 37.008530992
-7.949533658 37.014105536
-7.95811927 37.002630927
-7.968820767 37.003729559
-7.98159746 37.010077216
-7.991200325 37.014105536
-7.981353319 37.001695054
-7.978098111 36.995347398
-7.976796028 36.986761786
-7.999256965 37.013251044
-8.035267707 37.037502346
-8.10655677 37.069281317
-8.147475008 37.076531029
-8.179151776 37.088099083
-8.212896015 37.086910323
-8.293202278 37.077704169
-8.327381965 37.087388414
-8.365383984 37.097998535
-8.395214821 37.087139441
-8.438834224 37.082734011
-8.482256768 37.095754396
-8.484251972 37.094164373
-8.537464973 37.117824611
-8.580148892 37.123968817
-8.626779752 37.1211612
-8.64159095 37.117743231
-8.654652473 37.110296942
-8.686268684 37.082953192
-8.747670051 37.082953192
-8.759673632 37.080267645
-8.785552538 37.067206122
-8.798573371 37.06248607
-8.81371009 37.061590887
-8.837215192 37.056587831
-8.859157617 37.040797603
-8.878919102 37.047208779
-8.896962043 37.032782294
-8.905100064 37.027736721
-8.915598111 37.024603583
-8.935617642 37.010972398
-8.946034309 37.00787995
-8.961171028 37.012396552
-8.972075976 37.021185614
-8.982899543 37.026597398
-8.997873502 37.021470445
-8.991037564 37.049505927
-8.98558509 37.063381252
-8.980783658 37.069281317
-8.941793217 37.11870607
-8.92690996 37.146144924
-8.913563606 37.169907945
-8.922718879 37.199652411
-8.904652473 37.213202216
-8.881364864 37.23248011
-8.86708996 37.276724649
-8.874918766 37.294119481
-8.88276755 37.309931281
-8.866676225 37.335154388
-8.83865694 37.360318145
-8.833363411 37.384588934
-8.815988736 37.41791413
-8.804064152 37.46278719
-8.797861435 37.489600059
-8.795496838 37.535362436
-8.801305058 37.559064618
-8.811143593 37.574896504
-8.824370898 37.587551174
-8.826527473 37.600572007
-8.812855598 37.64468008
-8.808257616 37.67202383
-8.799305793 37.697577216
-8.786206347 37.702614885
-8.757639127 37.706732489
-8.752186653 37.730780341
-8.752186653 37.73456452
-8.761830207 37.727769273
-8.784056435 37.723129471
-8.808705207 37.72288646
-8.817005989 37.740301825
-8.809582469 37.79123117
-8.797181741 37.844872863
-8.798955974 37.878092986
-8.804814877 37.901872546
-8.820668953 37.927266814
-8.853871223 37.932277736
-8.894846158 37.952541408
-8.890044726 37.96092357
-8.883168098 37.964504299
-8.875396288 37.967352606
-8.867502408 37.973618882
-8.81568344 38.062115348
-8.796993237 38.133246408
-8.774395583 38.18694927
-8.777952341 38.240691083
-8.785465989 38.303908239
-8.795070659 38.359227269
-8.820940923 38.398820544
-8.846791145 38.420070705
-8.878285286 38.44916413
-8.914662239 38.47284577
-8.94261634 38.481390692
-8.927316861 38.493801174
-8.904530403 38.486395575
-8.867502408 38.46088288
-8.821848111 38.448553778
-8.800160286 38.439113674
-8.798573371 38.426092841
-8.756988085 38.427313544
-8.656890429 38.405951239
-8.606800911 38.418687242
-8.636830207 38.420152085
-8.662749804 38.424505927
-8.736154752 38.451849677
-8.745025194 38.460272528
-8.750803189 38.473944403
-8.752512174 38.487982489
-8.750884569 38.500637111
-8.745757616 38.510077216
-8.737172004 38.514878648
-8.737172004 38.522365627
-8.751454231 38.526434637
-8.761219856 38.538072007
-8.764230924 38.552069403
-8.757639127 38.563299872
-8.773345507 38.565334377
-8.792958137 38.533596096
-8.812855598 38.528550523
-8.812855598 38.522365627
-8.790638801 38.519924221
-8.780262825 38.505438544
-8.780018684 38.489081122
-8.788400845 38.481390692
-8.812326627 38.482855536
-8.832264778 38.487046617
-8.867502408 38.501857815
-8.905832486 38.512396552
-8.954890213 38.505143733
-8.99976532 38.46425312
-8.99186449 38.45947786
-9.048595105 38.440670552
-9.145657472 38.431382985
-9.165908653 38.425089416
-9.182141079 38.415623656
-9.200356961 38.412480933
-9.226185676 38.418402411
-9.230620898 38.418687242
-9.233998176 38.424221096
-9.233754036 38.431463934
-9.231068489 38.43768952
-9.227202929 38.440375067
-9.21996009 38.449042059
-9.190026552 38.472531708
-9.183867602 38.504128105
-9.183792865 38.551536973
-9.208070233 38.597417318
-9.238463897 38.635411598
-9.252674914 38.665483907
-9.234395244 38.673360749
-9.187681017 38.678009735
-9.145041682 38.681067937
-9.124134895 38.670965887
-9.113921679 38.658880927
-9.107736783 38.658880927
-9.113921679 38.679388739
-9.09886634 38.685614325
-9.067290819 38.692328192
-9.052398241 38.693670966
-9.052398241 38.699896552
-9.03743373 38.713940526
-9.02116754 38.726530265
-8.992709283 38.743813677
-8.956857877 38.768133856
-8.952951627 38.770249742
-8.947132942 38.774237372
-8.94261634 38.775580145
-8.94261634 38.781724351
-8.952626106 38.794907945
-8.964263476 38.814846096
-8.970285611 38.835435289
-8.963124153 38.850653387
-8.986317512 38.849432684
-8.996815559 38.865545966
-9.002593554 38.889837958
-9.011545377 38.913397528
-8.969105598 38.983954169
-8.943226692 39.015204169
-8.908436653 39.036281643
-8.888417121 39.040106512
-8.845529752 39.04291413
-8.826527473 39.049261786
-8.79035397 39.070624091
-8.77464759 39.083441473
-8.765126106 39.0977237
-8.791737434 39.082424221
-8.836415168 39.056708075
-8.922718879 39.049261786
-8.935861783 39.040716864
-8.955067512 39.012193101
-9.003529426 38.957749742
-9.058908658 38.871405341
-9.089670377 38.843573309
-9.100249804 38.830226955
-9.10655677 38.813788153
-9.104217234 38.79481578
-9.102257424 38.76159338
-9.098247541 38.737857676
-9.11250331 38.714182291
-9.163287067 38.701671863
-9.220170788 38.69389544
-9.285209304 38.698757565
-9.303485299 38.687704903
-9.321777365 38.670324513
-9.36058509 38.689520575
-9.404774543 38.704087632
-9.429188606 38.70726146
-9.471669075 38.702460028
-9.491688606 38.707586981
-9.491281705 38.727728583
-9.484730598 38.744696356
-9.497466601 38.788234768
-9.497466601 38.809759833
-9.491932746 38.819240627
-9.479888476 38.830755927
-9.455495666 38.850468694
-9.422724914 38.931403791
-9.425363736 38.991644598
-9.436634895 39.029486395
-9.426646808 39.051723994
-9.422548878 39.078625194
-9.383696136 39.134031769
-9.371417907 39.160919652
-9.350859758 39.197309245
-9.346781022 39.235225896
-9.34059039 39.266829599
-9.354074674 39.316229559
-9.365834114 39.33600495
-9.401763476 39.365220445
-9.409291145 39.37518952
-9.397816536 39.377997137
-9.35292154 39.367934014
-9.279244909 39.405821719
-9.260803352 39.418442396
-9.240314903 39.419997091
-9.227894661 39.408433335
-9.217600064 39.40619538
-9.205922004 39.415472723
-9.213531054 39.428615627
-9.229888476 39.440741278
-9.213649288 39.461035499
-9.191085032 39.48153602
-9.182873268 39.492583818
-9.164413232 39.502023685
-9.135694138 39.516180299
-9.121300041 39.535104663
-9.111008999 39.550879244
-9.090434487 39.579274906
-9.088341063 39.596661622
-9.090343132 39.615641037
-9.077946755 39.64247909
-9.071692365 39.680436886
-8.993031379 39.843166408
-8.86815345 40.124823309
-8.853260871 40.139227606
-8.841623502 40.125962632
-8.825062629 40.120062567
-8.784982877 40.118719794
-8.784982877 40.126166083
-8.801096158 40.137925523
-8.816151496 40.146551825
-8.833607551 40.151678778
-8.879383918 40.15623607
-8.896473762 40.164740302
-8.906605598 40.179388739
-8.908436653 40.200669664
-8.89574134 40.228745835
-8.865386523 40.275458075
-8.798573371 40.474432684
-8.784855298 40.536817792
-8.765788098 40.582541004
-8.753000455 40.64081452
-8.750355598 40.643947658
-8.744618293 40.646918036
-8.743967252 40.625799872
-8.744618293 40.619045315
-8.724680142 40.64451732
-8.710275845 40.653469143
-8.696156379 40.646918036
-8.690012174 40.646918036
-8.690012174 40.653143622
-8.6923722 40.655707098
-8.69640052 40.661322333
-8.698801236 40.66795482
-8.696156379 40.673651434
-8.686390754 40.677923895
-8.68077552 40.674994208
-8.67686927 40.669663804
-8.671986457 40.666815497
-8.662098762 40.669867255
-8.65363522 40.677191473
-8.64159095 40.694159247
-8.65746009 40.701402085
-8.666330533 40.713202216
-8.663644986 40.724066473
-8.644927538 40.728908596
-8.621815559 40.73065827
-8.603871223 40.735785223
-8.588368293 40.744208075
-8.572661913 40.755560614
-8.589507616 40.754706122
-8.614735481 40.744940497
-8.635975715 40.741603908
-8.639881965 40.740057684
-8.645375129 40.739732164
-8.668446418 40.747463283
-8.675689257 40.755560614
-8.683705207 40.783107815
-8.64557858 40.823675848
-8.655262825 40.844916083
-8.656971809 40.828558661
-8.663197395 40.814927476
-8.670521614 40.811183986
-8.675689257 40.82444896
-8.689808723 40.804103908
-8.700550911 40.777980861
-8.707386848 40.750311591
-8.709828254 40.725165106
-8.714263476 40.709051825
-8.725087043 40.685980536
-8.738433398 40.664496161
-8.750803189 40.653143622
-8.655100064 40.993801174
-8.655262825 41.030503648
-8.667103645 41.09756094
-8.666127082 41.13275788
-8.648345507 41.146633205
-8.648345507 41.152777411
-8.685780403 41.159491278
-8.705189582 41.186916408
-8.718373176 41.221502997
-8.737172004 41.249660549
-8.732289192 41.262925523
-8.734608528 41.274074611
-8.740061002 41.284979559
-8.744618293 41.297430731
-8.744455533 41.32811107
-8.749134895 41.337795315
-8.756132206 41.34054
-8.760324674 41.350897528
-8.764027473 41.361314195
-8.778146939 41.379339911
-8.783802864 41.393866278
-8.783773363 41.406108551
-8.785563587 41.434878223
-8.774849232 41.468338486
-8.786469627 41.491067096
-8.788260343 41.511798431
-8.792733323 41.525838223
-8.795420224 41.542552774
-8.808338996 41.572943427
-8.812855598 41.595404364
-8.819488085 41.611883856
-8.820449 41.630096826
-8.828603354 41.648157496
-8.830511328 41.671585564
-8.827056444 41.682806708
-8.804676887 41.689276434
-8.74327552 41.696966864
-8.725941536 41.70311107
-8.710031705 41.711859442
-8.696156379 41.721991278
-8.806874153 41.696966864
-8.829986132 41.694647528
-8.842884895 41.695786851
-8.861112563 41.704368107
-8.880306244 41.736861603
-8.880317003 41.765532692
-8.872038937 41.810568662
-8.878895637 41.839016018
-8.874745246 41.849554755
-8.867502408 41.859116929
-8.796620246 41.903306382
-8.76276608 41.931952216
-8.750803189 41.96898021
-8.739591024 41.975113424
-8.717008423 41.983769226
-8.691273559 41.989608664
-8.670809692 41.999814758
-8.663213257 42.009891663
-8.652567912 42.031440736
-8.643886272 42.041491802
-8.626884725 42.051026103
-8.609418091 42.053661601
-8.572805338 42.054410909
-8.554434367 42.060069478
-8.520017863 42.07771698
-8.501207642 42.08309133
-8.346746786 42.101694845
-8.329951945 42.108438619
-8.304268758 42.125827739
-8.295380412 42.130091045
-8.287835653 42.131434632
-8.270679077 42.132003072
-8.252333944 42.137584128
-8.222361613 42.15362966
-8.213395752 42.144017843
-8.204326538 42.128799133
-8.207375448 42.085778504
-8.20401648 42.069552104
