55.890798373 17.504543361
55.875824415 17.495917059
55.845713738 17.49607982
55.836273634 17.490952867
55.836192254 17.490912177
55.832448764 17.500392971
55.831716342 17.502264716
55.831716342 17.502346096
55.837087436 17.510077216
55.848806186 17.515285549
55.862966342 17.518866278
55.883067254 17.507147528
55.890879754 17.504584052
55.890798373 17.504543361
56.046885613 17.493353583
56.031097852 17.490912177
55.986827019 17.492905992
55.972829623 17.498358466
55.964203321 17.519924221
55.990570509 17.53538646
56.028819207 17.547674872
56.055349155 17.559800523
56.055349155 17.559719143
56.058197462 17.545843817
56.058441602 17.544338283
56.067881707 17.532212632
56.0810653 17.52362702
56.095550977 17.518866278
56.063812696 17.499579169
56.046885613 17.493353583
58.652354363 20.170477606
58.652191602 20.170477606
58.646983269 20.17967357
58.642588738 20.187241929
58.637461785 20.218451239
58.636485222 20.249701239
58.638682488 20.266628322
58.638682488 20.266669012
58.638356967 20.267849026
58.635915561 20.277004299
58.642914259 20.356105861
58.648203972 20.368841864
58.65902754 20.38271719
58.664561394 20.387844143
58.68238366 20.400620835
58.689952019 20.403225002
58.691905144 20.405178127
58.693858269 20.407171942
58.6982528 20.42568594
58.700694207 20.431097723
58.71762129 20.436997789
58.734222852 20.43764883
58.751231316 20.440130927
58.768890821 20.451605536
58.777110222 20.462184963
58.780772332 20.466986395
58.784515821 20.479396877
58.785166863 20.481634833
58.789398634 20.519924221
58.79558353 20.538397528
58.804860873 20.553452867
58.852875196 20.6133487
58.871348504 20.649603583
58.882578972 20.682521877
58.891286655 20.694281317
58.906260613 20.697984117
58.918304884 20.681463934
58.918304884 20.681341864
58.9170028 20.66425202
58.910166863 20.645941473
58.906260613 20.626044012
58.906260613 20.626003322
58.908376498 20.604722398
58.914317254 20.587836005
58.945078972 20.5352237
58.953949415 20.519924221
58.953949415 20.519883531
58.950043165 20.508937893
58.941172722 20.500921942
58.902842644 20.474107164
58.8623153 20.452785549
58.844086134 20.437323309
58.820160352 20.403021552
58.808278842 20.379584052
58.796641472 20.331529039
58.787608269 20.314520575
58.787608269 20.314439195
58.787608269 20.303290106
58.78777103 20.302394924
58.789317254 20.29319896
58.789398634 20.286525783
58.785166863 20.279527085
58.751475457 20.248032945
58.73340905 20.224554755
58.724294467 20.215155341
58.715342644 20.212103583
58.702647332 20.210435289
58.691254102 20.207749742
58.68653405 20.201483466
58.683116082 20.190904039
58.67457116 20.179510809
58.663584832 20.171372789
58.652354363 20.170477606
56.486827019 24.741848049
56.493500196 24.700181382
56.611175977 24.49632396
56.63559004 24.471380927
56.692149285 24.425238348
56.801442905 24.302964585
56.82309004 24.271144924
56.832286004 24.252508856
56.841075066 24.223822333
56.939463738 24.115912177
57.058278842 24.023098049
57.151540561 23.953558661
57.184255405 23.934271552
57.326345248 23.884019273
57.509613477 23.839097398
57.586436394 23.807440497
57.645192905 23.790432033
57.686778191 23.783351955
57.70972741 23.782212632
57.777354363 23.785956122
57.79574629 23.782212632
57.824392123 23.747626044
57.83497155 23.740057684
57.859222852 23.734076239
57.887705925 23.720851955
57.91277103 23.717840887
58.043142123 23.724554755
58.086761915 23.722113348
58.13160241 23.713324286
58.193207227 23.689357815
58.210297071 23.685980536
58.227386915 23.679144598
58.264170769 23.644842841
58.282399936 23.631415106
58.317230665 23.620917059
58.363536004 23.615545966
58.411957227 23.616197007
58.452972852 23.623968817
58.474864129 23.631537177
58.483653191 23.638128973
58.49089603 23.656561591
58.499522332 23.656887111
58.5185653 23.651922919
58.56137129 23.651109117
58.584157748 23.646958726
58.6045028 23.637600002
58.613291863 23.62506745
58.633311394 23.585272528
58.642100457 23.576808986
58.64714603 23.574896552
58.651540561 23.57054271
58.655528191 23.565741278
58.65902754 23.56248607
58.661306186 23.563137111
58.66684004 23.563910223
58.674001498 23.563950914
58.680349155 23.56248607
58.694590691 23.551418361
58.702403191 23.54295482
58.706879102 23.53514232
58.714366082 23.53514232
58.720550977 23.548814195
58.722911004 23.543402411
58.724945509 23.540106512
58.726817254 23.536078192
58.728037957 23.528387762
58.734873894 23.528387762
58.736013217 23.532660223
58.74097741 23.542059637
58.746348504 23.537665106
58.749522332 23.536444403
58.762054884 23.542059637
58.786143425 23.512111721
58.792979363 23.495672919
58.789398634 23.48061758
58.797373894 23.466782945
58.8076278 23.421128648
58.820567254 23.401760158
58.879161004 23.351263739
58.915212436 23.33608633
58.929453972 23.318101304
58.946543816 23.275091864
58.956228061 23.259426174
58.986501498 23.232489325
59.001719597 23.212388414
59.010101759 23.153306382
59.073741082 23.093247789
59.077891472 23.085150458
59.083669467 23.055365302
59.087901238 23.048407294
59.09253991 23.043646552
59.120453321 23.022772528
59.173675977 22.993963934
59.207530144 22.970363674
59.232269727 22.943019924
59.250010613 22.912014065
59.286143425 22.826483466
59.289805535 22.812079169
59.297536655 22.792710679
59.315684441 22.779486395
59.351817254 22.761175848
59.391612175 22.702215887
59.39722741 22.686102606
59.410655144 22.670843817
59.452484571 22.634100653
59.483897332 22.618841864
59.50684655 22.600083726
59.529795769 22.587876695
59.535492384 22.583075262
59.536468946 22.572577216
59.530446811 22.570054429
59.521983269 22.572170315
59.515635613 22.575588283
59.515798373 22.561509507
59.523122592 22.555121161
59.535166863 22.553859768
59.5498153 22.555121161
59.626800977 22.579820054
59.653493686 22.569728908
59.693858269 22.541449286
59.699961785 22.540920315
59.715668165 22.54291413
59.721202019 22.541449286
59.723968946 22.536810614
59.725840691 22.526109117
59.728526238 22.520982164
59.728363477 22.518133856
59.727224155 22.513576565
59.728037957 22.507635809
59.734711134 22.500474351
59.739756707 22.497788804
59.746104363 22.495591539
59.75277754 22.494208075
59.758962436 22.493638414
59.762543165 22.498602606
59.756032748 22.509426174
59.741547071 22.524725653
59.745778842 22.538234768
59.756358269 22.538478908
59.7763778 22.541449286
59.803233269 22.534735419
59.824880405 22.508856512
59.839366082 22.475287177
59.844574415 22.44525788
59.824880405 22.28139883
59.811778191 22.237372137
59.79175866 22.198065497
59.734711134 22.123114325
59.704925977 22.099554755
59.688161655 22.082709052
59.680674675 22.065090236
59.677989129 22.041896877
59.659678582 21.994045315
59.65503991 21.945746161
59.645274285 21.9258487
59.605642123 21.9102237
59.593435092 21.892767645
59.57699629 21.856268622
59.497894727 21.756333726
59.46762129 21.666408596
59.448578321 21.62490469
59.354991082 21.485663153
59.347504102 21.453558661
59.344248894 21.444728908
59.336192254 21.43773021
59.195323113 21.37909577
59.166270379 21.362779039
59.054372592 21.277085679
58.919200066 21.143703518
58.878103061 21.083807684
58.867930535 21.074774481
58.85425866 21.065619208
58.83855228 21.044501044
58.807871941 20.990790106
58.804453972 20.981594143
58.801931186 20.946234442
58.798838738 20.936021226
58.792979363 20.927394924
58.734873894 20.88300202
58.739024285 20.862250067
58.722178582 20.848049221
58.680349155 20.82835521
58.681488477 20.826483466
58.673838738 20.808172919
58.672699415 20.807847398
58.665782097 20.801581122
58.661306186 20.796332098
58.65902754 20.790838934
58.661468946 20.781642971
58.667653842 20.772284247
58.676442905 20.764390367
58.68653405 20.759466864
58.701345248 20.766017971
58.718109571 20.780829169
58.72934004 20.786810614
58.728037957 20.766913153
58.718109571 20.753648179
58.699880405 20.740790106
58.681813998 20.735907294
58.672699415 20.746405341
58.666514519 20.746405341
58.660899285 20.732326565
58.653330925 20.705267645
58.645355665 20.691148179
58.637461785 20.684393622
58.615407748 20.672430731
58.6045028 20.663275458
58.591807488 20.643947658
58.58082116 20.618475653
58.5732528 20.590643622
58.570485873 20.564276434
58.545095248 20.516424872
58.531260613 20.481390692
58.532481316 20.465277411
58.526866082 20.457709052
58.521494988 20.424383856
58.5185653 20.416815497
58.51042728 20.415228583
58.497080925 20.410793361
58.483571811 20.404201565
58.474131707 20.396389065
58.46745853 20.369533596
58.445811394 20.358628648
58.417653842 20.35960521
58.391612175 20.368475653
58.372569207 20.377386786
58.359141472 20.381577867
58.326426629 20.38271719
58.313812696 20.380804755
58.290049675 20.371405341
58.275563998 20.368475653
58.278656446 20.377386786
58.284515821 20.381984768
58.279633009 20.384833075
58.244151238 20.394232489
58.224294467 20.396389065
58.202891472 20.404730536
58.200531446 20.424383856
58.213389519 20.465277411
58.213226759 20.452704169
58.217295769 20.44155508
58.224782748 20.431830145
58.234629754 20.423651434
58.238454623 20.443833726
58.228282097 20.488836981
58.238047722 20.509344794
58.251312696 20.529201565
58.261566602 20.558091539
58.264170769 20.587632554
58.255137566 20.60927969
58.234873894 20.615668036
58.20573978 20.6133487
58.176280144 20.604722398
58.144216342 20.585191148
58.103526238 20.575140692
58.090830925 20.566839911
58.084483269 20.558050848
58.067230665 20.511053778
58.066579623 20.499823309
58.07309004 20.489162502
58.075856967 20.480047919
58.067637566 20.472479559
58.055349155 20.467230536
58.030772332 20.461900132
58.012461785 20.453436591
57.994395379 20.442287502
57.970713738 20.421210028
57.962087436 20.410874742
57.95582116 20.399562893
57.953379754 20.386419989
57.956553582 20.376939195
57.970713738 20.361883856
57.973887566 20.352280992
57.966563347 20.330226955
57.948741082 20.317572333
57.90503991 20.30076732
57.888438347 20.290716864
57.870453321 20.277044989
57.856130405 20.260646877
57.85035241 20.24241771
57.844899936 20.231187242
57.833506707 20.218329169
57.823741082 20.201076565
57.82300866 20.176662502
57.841970248 20.136053778
57.847992384 20.111761786
57.831716342 20.075344143
57.816254102 20.020738023
57.815684441 20.006577867
57.813649936 19.976996161
57.790375196 19.924017645
57.773692254 19.867865302
57.762054884 19.842962958
57.698903842 19.754380601
57.689219597 19.728176174
57.693369988 19.697455145
57.700450066 19.685980536
57.709239129 19.676743882
57.716807488 19.666815497
57.719981316 19.653062242
57.720550977 19.622626044
57.718923373 19.607977606
57.7138778 19.595038153
57.706553582 19.568833726
57.704437696 19.548732815
57.711761915 19.529486395
57.760264519 19.454087632
57.767832879 19.43744538
57.773936394 19.409654039
57.773773634 19.38287995
57.769053582 19.357611395
57.752207879 19.311590887
57.748301629 19.291001695
57.750661655 19.268052476
57.770843946 19.216945705
57.780528191 19.201117255
57.805674675 19.173000393
57.811859571 19.156887111
57.802989129 19.115139065
57.802012566 19.094794012
57.839854363 19.029974677
57.840098504 19.015326239
57.815684441 18.991766669
57.801117384 18.98065827
57.797129754 18.979234117
57.752289259 18.973049221
57.747325066 18.967840887
57.742849155 18.961859442
57.731944207 18.953802802
57.719411655 18.946926174
57.70972741 18.943996486
57.501475457 18.953680731
57.445323113 18.94533926
57.207530144 18.909979559
57.083750847 18.876369533
56.915049675 18.810288804
56.85035241 18.76581452
56.807790561 18.745591539
56.784678582 18.728583075
56.774750196 18.70718008
56.766449415 18.696844794
56.659678582 18.595363674
56.641123894 18.559271552
56.636892123 18.51194896
56.64340254 18.479193427
56.644297722 18.467596747
56.641123894 18.454901434
56.626638217 18.435858466
56.621267123 18.419582424
56.6123153 18.399603583
56.609629754 18.389064846
56.609629754 18.347479559
56.60059655 18.305405992
56.548838738 18.189846096
56.563731316 18.170233466
56.56128991 18.149237372
56.547211134 18.129706122
56.527598504 18.114691473
56.484141472 18.096502997
56.462575717 18.084418036
56.431976759 18.032171942
56.425629102 18.0274112
56.411306186 18.023179429
56.404144727 18.019110419
56.357676629 17.969794012
56.354991082 17.962307033
56.356293165 17.940008856
56.344899936 17.937811591
56.188487175 17.9570987
56.168223504 17.954087632
56.138356967 17.940578518
56.11622155 17.936590887
56.031097852 17.943426825
56.0107528 17.940375067
55.946055535 17.915472723
55.909434441 17.906642971
55.653493686 17.895331122
55.552907748 17.870266018
55.530528191 17.868312893
55.52247155 17.866441148
55.517344597 17.862250067
55.512868686 17.857489325
55.50660241 17.853989976
55.488291863 17.853461005
55.486827019 17.853989976
55.453949415 17.845404364
55.445160352 17.841009833
55.431651238 17.824652411
55.417328321 17.7852237
55.407969597 17.768703518
55.393077019 17.752142645
55.388682488 17.744289455
55.373383009 17.70331452
55.369476759 17.696356512
55.355723504 17.681586005
55.263194207 17.607733466
55.235036655 17.55882396
55.228200717 17.538763739
55.22543379 17.515448309
55.2295028 17.488592841
55.240082227 17.475165106
55.273773634 17.457424221
55.293223504 17.43768952
55.300791863 17.416815497
55.301117384 17.3711612
55.294200066 17.352118231
55.253428582 17.299139716
55.251231316 17.289984442
55.249522332 17.276109117
55.250661655 17.263617255
55.25684655 17.258205471
55.264821811 17.254787502
55.265147332 17.247056382
55.260264519 17.23427969
55.254730665 17.228705145
55.228526238 17.216131903
55.219248894 17.210394598
55.213145379 17.202093817
55.209320509 17.193548895
55.205088738 17.176214911
55.195485873 17.160834052
55.198741082 17.155747789
55.189219597 17.14476146
55.15886478 17.135809637
55.1435653 17.127834377
55.138438347 17.118882554
55.132985873 17.105047919
55.124766472 17.092474677
55.112559441 17.086859442
55.071787957 17.042181708
55.026866082 17.011135158
55.020681186 17.011135158
55.010915561 17.026271877
54.999196811 17.01968008
54.98698978 17.005357164
54.97535241 16.997463283
54.95964603 16.994859117
54.945078972 16.989976304
54.931325717 16.987127997
54.9170028 16.990668036
54.9013778 16.974920966
54.882823113 16.969061591
54.841807488 16.963934637
54.808441602 16.951483466
54.79184004 16.951402085
54.780528191 16.963934637
54.769053582 16.957912502
54.750743035 16.960516669
54.739431186 16.956488348
54.705332879 16.977606512
54.69792728 16.970160223
54.689789259 16.989325262
54.685313347 17.006903387
54.674082879 17.01976146
54.633148634 17.026922919
54.60434004 17.036322333
54.592051629 17.038478908
54.580332879 17.037339585
54.559743686 17.032700914
54.547699415 17.031642971
54.512380405 17.038397528
54.499278191 17.038478908
54.488536004 17.035589911
54.46762129 17.026678778
54.461680535 17.024807033
54.414561394 17.037827867
54.389984571 17.039455471
54.369476759 17.024807033
54.360118035 17.029608466
54.35035241 17.031683661
54.164073113 17.011135158
54.08497155 17.011135158
54.067556186 17.006740627
54.023448113 16.985337632
54.012705925 16.977606512
54.008962436 16.96865469
54.009287957 16.96092357
54.011403842 16.953680731
54.012705925 16.945990302
54.009450717 16.93744538
53.995371941 16.925360419
53.992198113 16.919256903
53.981130405 16.908758856
53.95590254 16.903876044
53.910166863 16.901271877
53.85035241 16.889146226
53.83073978 16.887640692
53.812673373 16.881781317
53.7920028 16.870306708
53.771332227 16.862616278
53.753184441 16.867743231
53.734629754 16.856146552
53.709320509 16.83600495
53.687022332 16.813625393
53.677500847 16.795111395
53.669281446 16.784084377
53.650563998 16.773179429
53.615407748 16.75787995
53.582692905 16.74994538
53.423024936 16.746812242
53.33863366 16.734808661
53.175303582 16.684515692
53.090351917 16.6424060303
53.027904908 16.777478333
52.965273072 16.912922262
52.902744588 17.048262838
52.840319458 17.183706767
52.801562134 17.267422587
52.791020141 17.281220195
52.773863566 17.287111308
52.736243124 17.289178365
52.721463664 17.298170065
52.723013957 17.298686829
52.728284953 17.299358622
52.730145305 17.299875387
52.698415975 17.371447246
52.655627889 17.467978821
52.612839803 17.564562073
52.570206747 17.661093648
52.52741866 17.757625224
52.484527222 17.854156799
52.441739136 17.950636699
52.399002726 18.047271627
52.356162964 18.143777364
52.313323202 18.240283102
52.270690145 18.336866353
52.227798706 18.433423767
52.18501062 18.529929504
52.142325887 18.626512757
52.099537801 18.723044332
52.056749715 18.819627584
52.013961629 18.91615916
51.985688749 18.979731806
51.97861495 18.995637513
52.089925984 19.032637838
52.261078328 19.08968862
52.432127319 19.146739401
52.603124633 19.203790181
52.77438033 19.260789286
52.945532674 19.317865906
53.116581665 19.374916687
53.287837362 19.43194163
53.458886353 19.488992411
53.630038696 19.545991516
53.801087687 19.603068136
53.972240031 19.660118917
54.143495728 19.71714386
54.314648072 19.774194641
54.48559371 19.831193746
54.656746053 19.888192851
54.827898396 19.945269471
54.978380168 19.995421448
55.010522909 20.0920047
55.017137492 20.111745097
55.035741008 20.167555644
55.064473104 20.254268697
55.101886841 20.366845805
55.146225219 20.499990133
55.195524536 20.648559875
55.24833785 20.807413228
55.302908162 20.971485901
55.344623599 21.096908734
55.357478475 21.135558573
55.410188436 21.294463603
55.459591105 21.443033346
55.503826131 21.576151836
55.541239868 21.688651428
55.570075318 21.775416158
55.58857548 21.831226705
55.595190064 21.851018779
55.600171397 21.866059974
55.637564738 21.978969625
55.637047973 22.001913961
55.626712687 22.023773092
55.573589315 22.105938619
55.492767375 22.23078888
55.412048788 22.355690817
55.331123495 22.480592754
55.250404907 22.60549469
55.186842895 22.703576559
55.197591593 22.849459127
55.191287069 22.995367534
55.191287069 22.995470886
55.194801066 23.025081482
55.225910279 23.121251322
55.321098266 23.275092061
55.34321578 23.336276957
55.364093058 23.436012472
55.375255167 23.469343771
55.393962036 23.495181986
55.394168742 23.49528534
55.431479126 23.53293162
55.445328409 23.552258607
55.478297974 23.676359559
55.487393025 23.693257752
55.53410852 23.756768087
55.538345988 23.77004893
55.535142049 23.845884094
55.530594523 23.874667867
55.514574829 23.896604512
55.478297974 23.916577454
55.46155481 23.930555929
55.452769816 23.948565166
55.456800578 23.963163758
55.49979537 23.970605164
55.542273397 23.985436299
55.561703735 23.995228984
55.591055949 24.010008443
55.618341105 24.020137025
55.646866496 24.025020447
55.680042765 24.024271139
55.712598918 24.019232687
55.727998495 24.019594421
55.7444316 24.025278829
55.762414998 24.028146871
55.78845992 24.009569194
55.807063436 24.007476299
55.923542114 24.051142883
55.986794068 24.06537974
55.997852824 24.081270244
55.960749146 24.142429301
55.948966919 24.184829814
55.933153931 24.220719096
55.9031816 24.23224294
55.847164348 24.211417338
55.830317831 24.21227
55.767685995 24.224879049
55.755697062 24.230330912
55.75414677 24.245472107
55.76210494 24.262964579
55.800965617 24.326268209
55.807373495 24.340789287
55.810887492 24.389235941
55.808613729 24.397633362
55.801068969 24.406470032
55.781018514 24.418872376
55.774610637 24.425900371
55.771406698 24.441093242
55.773680461 24.495250143
55.773680461 24.495301819
55.761174764 24.537443949
55.759831177 24.558527934
55.769959758 24.572403056
55.784015747 24.586329855
55.790216919 24.619867859
55.818225546 24.643380636
55.814918254 24.66273346
55.799981385 24.693258293
55.794764445 24.703919577
55.792697388 24.722290548
55.797038208 24.759549255
55.797038208 24.778359477
55.788666626 24.855202332
55.799105265 24.886104838
55.829387655 24.921167298
55.857825701 24.944850718
55.862150513 24.948452454
55.896980428 24.968606262
55.935427694 24.977727152
55.975872913 24.972112462
55.978422486 24.971758525
56.005604289 24.95617808
56.016973104 24.926619162
56.025252234 24.882562365
56.029272095 24.861170959
56.00529423 24.876983948
55.992375122 24.883004252
55.978422486 24.886104838
55.960852498 24.881247254
55.957648559 24.868664042
55.964779907 24.853858744
56.002090291 24.823007914
56.031545858 24.754149068
56.062138306 24.731773173
56.076269522 24.729972135
56.077951294 24.729757792
56.099138632 24.7305071
56.118258912 24.735416362
56.12725061 24.745699972
56.133348429 24.762830709
56.154845825 24.786705221
56.171175577 24.823989766
56.171366267 24.824068785
56.186265096 24.830242615
56.223678833 24.834480083
56.241662232 24.842438253
56.274682806 24.871949287
56.280316203 24.876983948
56.308324829 24.895174052
56.313595826 24.905070089
56.314277597 24.911962176
56.316053243 24.929912347
56.319280233 24.962534282
56.324450859 24.967938686
56.328995402 24.972688701
56.383311394 24.978216864
56.405446811 24.897284247
56.469574415 24.775336005
56.480316602 24.765122789
56.486827019 24.741848049
56.349122903 25.294024581
56.344375419 25.266527936
56.316425744 25.253354775
56.293149743 25.245846388
56.281763143 25.236910299
56.252204224 25.21763499
56.235771118 25.211175435
56.21995813 25.215257874
56.207624581 25.22083516
56.206122903 25.230596063
56.208375419 25.255373742
56.235126258 25.267475933
56.244887162 25.277987676
56.238880452 25.286246902
56.235667765 25.296286519
56.233624581 25.312526258
56.260624581 25.331075419
56.290688325 25.327543033
56.309368709 25.301327936
56.349122903 25.294024581
56.259578304 25.275981892
56.263026258 25.249222903
56.282978993 25.255476134
56.288327936 25.271926258
56.273811713 25.281289265
56.265075419 25.281175419
56.259578304 25.275981892
56.36996504 26.385972398
56.383636915 26.358710028
56.399099155 26.367905992
56.404144727 26.372300523
56.411631707 26.364935614
56.406911655 26.357367255
56.406504754 26.354803778
56.408702019 26.352362372
56.411631707 26.345038153
56.421071811 26.352118231
56.426931186 26.349595445
56.431895379 26.342962958
56.438975457 26.337591864
56.462168816 26.331854559
56.474375847 26.330796617
56.4873153 26.331366278
56.485199415 26.33588288
56.481781446 26.347357489
56.479828321 26.351874091
56.500987175 26.358710028
56.511078321 26.333482164
56.508962436 26.323716539
56.49496504 26.322739976
56.469574415 26.323919989
56.452810092 26.318345445
56.422862175 26.294623114
56.406260613 26.284898179
56.407481316 26.284857489
56.407237175 26.279120184
56.398610873 26.268703518
56.42090905 26.247626044
56.43230228 26.239447333
56.445811394 26.235174872
56.454925977 26.239325262
56.465342644 26.247259833
56.476247592 26.249172268
56.4873153 26.235174872
56.468760613 26.205511786
56.45964603 26.202093817
56.453298373 26.221502997
56.443044467 26.220445054
56.431976759 26.221502997
56.435801629 26.211615302
56.436859571 26.205267645
56.435394727 26.200140692
56.431976759 26.194240627
56.444590691 26.182359117
56.45972741 26.174261786
56.472911004 26.16400788
56.479828321 26.145819403
56.468109571 26.145982164
56.457367384 26.14842357
56.447764519 26.153143622
56.438975457 26.16010163
56.42457116 26.153794664
56.412445509 26.158433335
56.40495853 26.170599677
56.404144727 26.186753648
56.398285352 26.183417059
56.383148634 26.176988023
56.377452019 26.173732815
56.376963738 26.184393622
56.378916863 26.192531643
56.383636915 26.198065497
56.391123894 26.201076565
56.368418816 26.204535223
56.343597852 26.19139232
56.328786655 26.172837632
56.335948113 26.16010163
56.33090254 26.149318752
56.329763217 26.137111721
56.331716342 26.124212958
56.335948113 26.111639716
56.344737175 26.131822007
56.353037957 26.142645575
56.363780144 26.145819403
56.3701278 26.139471747
56.371104363 26.127834377
56.368337436 26.114894924
56.363780144 26.104885158
56.383311394 26.097479559
56.472992384 26.098618882
56.464366082 26.085353908
56.449229363 26.073553778
56.418304884 26.057074286
56.389170769 26.04710521
56.380137566 26.038234768
56.383636915 26.022284247
56.40886478 26.034369208
56.422862175 26.023138739
56.423350457 26.004624742
56.400401238 25.990464585
56.40503991 25.98045482
56.418304884 25.963934637
56.422129754 25.956610419
56.431162957 25.952704169
56.453298373 25.947170315
56.445485873 25.942450262
56.442637566 25.939276434
56.438975457 25.926092841
56.424164259 25.933172919
56.407888217 25.93740469
56.39332116 25.935858466
56.383636915 25.926092841
56.399424675 25.90232982
56.392588738 25.880438544
56.376149936 25.85927969
56.363780144 25.837958075
56.362640821 25.830633856
56.363780144 25.806870835
56.344004754 25.789536851
56.327403191 25.762396552
56.316254102 25.749579169
56.301768425 25.741766669
56.301768425 25.762884833
56.28793379 25.741603908
56.273773634 25.709133205
56.266612175 25.672593492
56.273773634 25.639308986
56.2790552346 25.6274456978
56.237528117 25.616577047
56.221508423 25.613838196
56.205798787 25.617765604
56.198770792 25.625258687
56.188848918 25.645412496
56.179857219 25.652078756
56.156396118 25.655902812
56.152496059 25.657961177
56.150815064 25.658848369
56.145130656 25.670837301
56.140376424 25.715537415
56.141203248 25.732693991
56.151951945 25.743132629
56.164871053 25.752176005
56.172002401 25.765250143
56.167351522 25.777704163
56.144097127 25.805919495
56.139652954 25.822972717
56.144510539 25.837907206
56.163837524 25.862453512
56.170555461 25.87681956
56.174689575 25.966529846
56.181304159 25.996243795
56.183474569 26.014537252
56.178410278 26.035001119
56.162700643 26.073551737
56.151331828 26.074791972
56.100585571 26.062854716
56.0773966725 26.0610481754
56.077403191 26.061061916
56.077484571 26.061346747
56.082041863 26.070705471
56.091481967 26.106512762
56.157725457 26.201076565
56.181813998 26.24599844
56.191905144 26.255072333
56.208262566 26.263088283
56.209157748 26.257554429
56.208262566 26.244045315
56.219899936 26.227728583
56.216807488 26.222113348
56.212412957 26.207831122
56.219899936 26.207831122
56.2295028 26.216782945
56.255544467 26.218085028
56.2607528 26.224595445
56.266856316 26.227484442
56.27995853 26.223089911
56.29184004 26.211859442
56.294932488 26.194240627
56.301931186 26.205308335
56.308848504 26.204738674
56.317393425 26.200628973
56.329112175 26.201076565
56.356293165 26.219142971
56.366953972 26.221502997
56.39747155 26.213853257
56.404144727 26.21474844
56.406911655 26.223130601
56.402354363 26.232082424
56.394541863 26.239162502
56.387380405 26.242010809
56.367849155 26.244086005
56.355723504 26.243394273
56.346853061 26.238592841
56.341156446 26.232326565
56.331309441 26.223456122
56.319590691 26.217922268
56.308441602 26.221502997
56.308278842 26.232611395
56.315928582 26.274644273
56.315928582 26.290432033
56.345225457 26.269232489
56.35840905 26.264960028
56.363780144 26.279527085
56.359060092 26.287339585
56.347829623 26.297430731
56.333994988 26.306138414
56.322276238 26.309637762
56.326508009 26.318915106
56.332041863 26.320746161
56.338145379 26.320705471
56.344004754 26.323919989
56.356293165 26.337591864
56.361827019 26.349514065
56.360524936 26.37128327
56.363780144 26.385972398
56.36996504 26.385972398
