13.184910523 -16.964183045
13.198139689 -16.957361755
13.205477743 -16.963046163
13.212092325 -16.972761332
13.222841023 -16.977928975
13.245268595 -16.98133962
13.257154175 -16.981649678
13.267489461 -16.977928975
13.267489461 -16.985370381
13.293017619 -16.973794861
13.308417195 -16.970177511
13.315238485 -16.974414978
13.321543009 -16.974931743
13.345946539 -16.968711235
13.363710978 -16.964183045
13.382004435 -16.970384216
13.417247762 -16.993741963
13.435127807 -16.99901296
13.458898966 -17.001803487
13.479776245 -17.010278422
13.494659058 -17.024024353
13.507784872 -17.063505147
13.522254273 -17.076941019
13.530935913 -17.093270772
13.521324097 -17.121899516
13.606486857 -17.167374776
13.694130086 -17.236621196
13.790403279 -17.288090922
13.884351033 -17.33852712
13.89685673 -17.349069112
13.942745402 -17.408186951
13.957318156 -17.419142354
13.98057255 -17.423586528
13.992974894 -17.421312764
14.008891236 -17.411494242
14.017882934 -17.409220479
14.029148396 -17.410460714
14.047441854 -17.416041769
14.069145956 -17.41862559
14.085372355 -17.423586528
14.097257935 -17.423586528
14.108213338 -17.420485941
14.123922973 -17.411597595
14.130744263 -17.409220479
14.174979288 -17.416248474
14.197096802 -17.412941182
14.206501913 -17.393097433
14.207432088 -17.388033142
14.218800903 -17.388136495
14.219111804 -17.388136495
14.287427206 -17.388136495
14.543949015 -17.388239847
14.800574178 -17.388343201
15.057199341 -17.388343201
15.313721151 -17.388446554
15.559114346 -17.388545423
15.570242961 -17.388549907
15.82676477 -17.388653259
16.083389933 -17.388653259
16.33980839 -17.388653259
16.5963302 -17.388756612
16.85285201 -17.388756612
17.109477173 -17.388859965
17.278972034 -17.388928227
17.366102336 -17.388963318
17.622624146 -17.388963318
17.879145955 -17.38906667
18.000482986 -17.389115557
18.135667765 -17.389170023
18.392292928 -17.389273376
18.445726359 -17.389273376
18.453581177 -17.389893494
18.455028117 -17.395991313
18.458645467 -17.405293071
18.465156697 -17.409220479
18.471667928 -17.41428477
18.488101033 -17.452111918
18.489858032 -17.462447204
18.492751912 -17.464514262
18.516626424 -17.47133555
18.550939575 -17.535310974
18.554143514 -17.546369731
18.567476033 -17.553294372
18.61966923 -17.594842224
18.622873169 -17.602180277
18.627937459 -17.619853618
18.633311808 -17.628948669
18.642820272 -17.638043722
18.661320434 -17.646725362
18.670932251 -17.65313324
18.728293091 -17.710907491
18.748240194 -17.736332295
18.761986124 -17.747701111
18.800846802 -17.756589457
18.890040324 -17.79927419
19.020574992 -17.822321879
19.105117635 -17.818187764
19.139327433 -17.805268656
19.160824829 -17.800927836
19.172090292 -17.801237895
19.201855916 -17.807129008
19.246607706 -17.804028422
19.262420695 -17.813950297
19.421274048 -17.859425557
19.592839803 -17.857255147
19.649787232 -17.844956156
19.672628215 -17.842682393
19.693195435 -17.847746684
19.702187134 -17.865730082
19.711282186 -17.872964782
19.732056112 -17.882059835
19.755207153 -17.88908783
19.771020141 -17.890328064
19.775981079 -17.885057068
19.787659953 -17.866453552
19.793964477 -17.862319438
19.951991007 -17.862319438
19.989508097 -17.882783305
20.024544719 -17.894565531
20.034259888 -17.895909119
20.092550903 -17.890328064
20.119939413 -17.890741475
20.132961873 -17.888777771
20.147121216 -17.882783305
20.154562622 -17.890328064
20.169238729 -17.878132426
20.19311324 -17.87213796
20.219881633 -17.873378194
20.243446085 -17.882783305
20.278172648 -17.854878031
20.288921346 -17.861595967
20.30277063 -17.860769144
20.336153605 -17.854878031
20.347729126 -17.858908793
20.386796509 -17.890328064
20.412634725 -17.884126892
20.437542765 -17.894462178
20.46007369 -17.913685811
20.479504028 -17.934356384
20.489529256 -17.942107849
20.52394576 -17.958540954
20.552884562 -17.979108175
20.565493611 -17.985205994
20.59071171 -17.978798116
20.630089152 -17.976937765
20.666262655 -17.980245056
20.682178996 -17.988616638
20.689620402 -17.99698822
20.70615686 -18.003809509
20.722486613 -18.006496683
20.72992802 -18.002362569
20.737472778 -17.993474222
20.754422648 -17.997918396
20.784601685 -18.012594502
20.806202433 -18.031404724
20.831937296 -18.029337667
20.861599569 -18.018795674
20.89446578 -18.012594502
20.908315063 -17.986136169
20.986454526 -17.965770963
21.000712524 -17.962054952
21.093109986 -17.938077087
21.109439738 -17.945001729
21.126079549 -17.94107432
21.143132772 -17.933736267
21.161322876 -17.930635681
21.175792277 -17.933219502
21.216616658 -17.930635681
21.232739706 -17.934459737
21.278111613 -17.958540954
21.335059041 -17.977971293
21.364824666 -17.992027282
21.381154419 -18.012594502
21.386838826 -18.014454854
21.405545695 -18.009287211
21.477582642 -17.996058045
21.728523397 -17.949859314
21.979464152 -17.903763936
22.23050826 -17.857565206
22.481449015 -17.811366475
22.685674275 -17.772815856
22.889796183 -17.734058532
23.093918091 -17.695404561
23.298039998 -17.656853943
23.381652466 -17.641144307
23.422373494 -17.633496195
23.457410115 -17.626778259
23.476220337 -17.626364848
23.505985962 -17.620473734
23.548774048 -17.6119988
23.59176884 -17.603523865
23.634556925 -17.59504893
23.677241659 -17.586677348
23.720029744 -17.578202413
23.762817831 -17.569727478
23.805605916 -17.561355896
23.848497355 -17.552880961
23.891388794 -17.544406026
23.93417688 -17.536034444
23.976964965 -17.527559509
24.019649699 -17.519084574
24.062541137 -17.510712992
24.105329224 -17.502238057
24.148117309 -17.493763122
24.190905396 -17.485288188
24.220464314 -17.479500427
24.238757771 -17.47815684
24.257361287 -17.480844014
24.310277954 -17.482601013
24.321336711 -17.488698832
24.329398234 -17.485081482
24.371256144 -17.473712666
24.388929484 -17.47133555
24.407016235 -17.47453949
24.449287557 -17.489112243
24.479259888 -17.494486593
24.498173462 -17.503478292
24.523598267 -17.507819112
24.53165979 -17.513400166
24.537860962 -17.520324809
24.546542603 -17.52652598
24.562458944 -17.532210388
24.571243937 -17.533450623
24.580752401 -17.532830505
24.591294393 -17.528386332
24.606487264 -17.515157166
24.617442668 -17.509162699
24.622817017 -17.50234141
24.629741659 -17.495520121
24.639456828 -17.492419535
24.684415324 -17.492419535
24.76978479 -17.505441996
24.775055786 -17.507612406
24.780016723 -17.512263285
24.786838013 -17.516914164
24.797380005 -17.519084574
24.829522745 -17.517740987
24.8982524 -17.531073507
24.924917439 -17.542959086
24.937629842 -17.560735779
24.957990356 -17.551744079
24.96998733 -17.559962479
24.97111617 -17.560735779
24.982588338 -17.576548767
24.99850468 -17.588020935
25.008013142 -17.5885377
25.026720011 -17.582749939
25.036951945 -17.581199646
25.040569295 -17.584506937
25.033851359 -17.60156016
25.033851359 -17.608484802
25.040052531 -17.616132914
25.045323527 -17.61995697
25.052558227 -17.62140391
25.064237101 -17.621507263
25.067027628 -17.625331319
25.085217732 -17.640937602
25.088525024 -17.642694601
25.096896606 -17.672150167
25.098756958 -17.676801046
25.107955363 -17.678868103
25.11508671 -17.684242452
25.120047648 -17.691063741
25.122631469 -17.69788503
25.131416463 -17.686516215
25.138547811 -17.686102804
25.153327271 -17.700985616
25.156427856 -17.706670024
25.155290975 -17.719382426
25.156841268 -17.725170186
25.161182088 -17.729407653
25.172447551 -17.735092061
25.177821899 -17.738812764
25.190741007 -17.755349223
25.198182414 -17.758449809
25.215132283 -17.759276631
25.228878215 -17.762480571
25.24241744 -17.770335388
25.253476196 -17.781497498
25.259780721 -17.794106547
25.194151652 -17.78232432
25.153947387 -17.781807556
25.120874471 -17.813536885
25.087904907 -17.826766052
25.057002401 -17.827696228
25.047493937 -17.807129008
25.019692016 -17.823768819
25.007082967 -17.825732523
24.99850468 -17.813950297
24.983311808 -17.820461527
24.975146932 -17.816327413
24.968635702 -17.807645772
24.958093709 -17.800927836
24.964294881 -17.786665141
24.953339477 -17.788422139
24.948585246 -17.793279724
24.945174601 -17.79999766
24.937629842 -17.807129008
24.931118612 -17.810539653
24.85742802 -17.833587341
24.838101033 -17.835034281
24.820841105 -17.839271749
24.797380005 -17.85808197
24.776916138 -17.862319438
24.770714966 -17.865523376
24.764513793 -17.879682719
24.756038859 -17.882783305
24.746840454 -17.884230245
24.738158814 -17.88764089
24.730717407 -17.891878357
24.725343058 -17.895909119
24.698471314 -17.928878683
24.664054809 -17.949859314
24.649171997 -17.962778422
24.598632446 -18.020759379
24.595015096 -18.022826436
24.591811157 -18.028407491
24.577755168 -18.044427185
24.574551229 -18.050421651
24.564422648 -18.052798767
24.518430623 -18.057346293
24.505614868 -18.060343526
24.471508422 -18.029957784
24.469751424 -18.014454854
24.465100545 -18.008667094
24.458485962 -18.005773214
24.451044556 -17.998951925
24.43388798 -17.967222595
24.421588989 -17.956473897
24.399471476 -17.952339782
24.365261678 -17.95078949
24.350585571 -17.956060485
24.334255819 -17.971563415
24.305833781 -18.019415792
24.29642867 -18.026237081
24.287436971 -18.024480082
24.270073689 -18.015798442
24.259221639 -18.012594502
24.238241007 -18.009907328
24.218293904 -18.012594502
24.183050578 -18.029441019
24.135094848 -18.085458272
24.101608521 -18.10881602
24.065124959 -18.115223897
24.056960083 -18.119047954
24.028124634 -18.145816345
24.020269816 -18.151604106
23.991744426 -18.163386332
23.979652141 -18.171861267
23.974897909 -18.177028911
23.971177206 -18.183850199
23.966733032 -18.180646261
23.9619788 -18.177855733
23.956604451 -18.176615499
23.950816691 -18.177649027
23.915986776 -18.201213481
23.91288619 -18.235733337
23.896969849 -18.250202738
23.867514283 -18.269426371
23.855215291 -18.280071716
23.837231892 -18.305806579
23.825553019 -18.317072042
23.809843384 -18.321722921
23.715792277 -18.419081319
23.700909464 -18.427969666
23.680135539 -18.431483663
23.656467733 -18.458252055
23.649853149 -18.463419698
23.645408976 -18.466003519
23.609855591 -18.477682393
23.592182251 -18.478199157
23.57915979 -18.467863871
23.571304972 -18.426005961
23.555491984 -18.383114523
23.546603637 -18.369471944
23.56076298 -18.348491313
23.551461222 -18.327510681
23.518801717 -18.293714294
23.527276652 -18.2776946
23.521695597 -18.268186137
23.511256958 -18.260331319
23.505675904 -18.249375916
23.501541789 -18.237490336
23.491309855 -18.233149516
23.47777063 -18.230875752
23.464128052 -18.225501404
23.458753703 -18.217646586
23.444284302 -18.200696716
23.429401489 -18.188501078
23.418859497 -18.198422953
23.410281209 -18.197389425
23.40128951 -18.194288839
23.395811808 -18.191394959
23.394468221 -18.186227315
23.396328573 -18.169380798
23.395811808 -18.163386332
23.389713989 -18.153257751
23.359534952 -18.119151306
23.348062785 -18.094449971
23.336590617 -18.079360454
23.33380009 -18.073986104
23.332559855 -18.067061462
23.33380009 -18.043290304
23.33059615 -18.039983012
23.323258097 -18.039156189
23.315920044 -18.037089132
23.312716105 -18.029957784
23.312819458 -18.016521912
23.31147587 -18.009803975
23.305688111 -18.005463155
23.292769002 -17.998951925
23.254941854 -17.997401632
23.185798787 -18.003086039
23.099602499 -18.010217387
22.981366822 -18.020035909
22.89403365 -18.036158956
22.809697713 -18.051868591
22.725258423 -18.067474874
22.640922485 -18.083184509
22.556483195 -18.098790792
22.472147257 -18.114500427
22.38781132 -18.130210063
22.303475383 -18.145816345
22.219036092 -18.161525981
22.134596801 -18.177235616
22.050260865 -18.192841899
21.96602828 -18.208551534
21.881485637 -18.224157817
21.797149699 -18.239867452
21.712710409 -18.255577088
21.628477824 -18.27118337
21.544038534 -18.286789653
21.526985311 -18.289993591
21.509828735 -18.29319753
21.492878865 -18.296401469
21.47572229 -18.299502055
21.456808715 -18.300225525
21.437895142 -18.301052348
21.390869588 -18.302912699
21.343947388 -18.304773051
21.296818482 -18.306633402
21.249896281 -18.308493754
21.193465617 -18.310767517
21.1369316 -18.312937927
21.080604288 -18.31521169
21.024173625 -18.3173821
20.993436476 -18.318611586
20.975081014 -18.319345805
20.975081014 -18.347767842
20.975081014 -18.388592224
20.975081014 -18.429313253
20.975081014 -18.470137634
20.975081014 -18.511065369
20.975081014 -18.551993103
20.975081014 -18.592714131
20.975081014 -18.633538513
20.975081014 -18.674362895
20.975081014 -18.715187276
20.975081014 -18.756011658
20.975081014 -18.796836039
20.975081014 -18.837660421
20.975081014 -18.878381449
20.975081014 -18.919205831
20.975081014 -18.960030212
20.975081014 -19.000957947
20.975494425 -19.12591156
20.975609052 -19.17210601
20.975804484 -19.250865173
20.976321248 -19.375818787
20.97673466 -19.500875753
20.977044718 -19.625829366
20.977561483 -19.750782979
20.977974894 -19.875839945
20.978284953 -20.000793559
20.978698364 -20.125850525
20.979111775 -20.250804138
20.97936047 -20.351028107
20.979421834 -20.375757751
20.979835246 -20.500711365
20.980248657 -20.62576833
20.980662068 -20.750721944
20.98107548 -20.87577891
20.981486329 -20.999958184
20.981488891 -21.000732523
20.981592244 -21.058403422
20.981902303 -21.11607432
20.982109009 -21.173641866
20.982212362 -21.231209412
20.982419067 -21.28888031
20.982625773 -21.346447855
20.982832479 -21.404118754
20.983039184 -21.461789653
20.983142538 -21.519357198
20.983452596 -21.577028096
20.983659302 -21.634698995
20.983866007 -21.692369893
20.984072713 -21.750040792
20.984279418 -21.807608338
20.984486125 -21.865175883
20.984692831 -21.922846781
20.984796183 -21.963981221
20.971980428 -22.000671489
20.914722941 -22.000671489
20.680628703 -22.000671489
20.446534465 -22.000671489
20.212440226 -22.000671489
19.978345988 -22.000671489
19.97844934 -22.086764425
19.978656046 -22.237246196
19.978862753 -22.387624614
19.978966105 -22.538106384
19.979172811 -22.688588155
19.979276164 -22.860670675
19.979586222 -23.032546488
19.979792928 -23.204525655
19.979855443 -23.308551121
19.979896281 -23.376504822
19.980102987 -23.548587341
19.980309692 -23.720566508
19.980482728 -23.864488702
19.980516398 -23.892493998
19.980723104 -24.064473165
19.980826456 -24.236555684
19.981136516 -24.408431498
19.981343221 -24.580410665
19.981446574 -24.752493184
19.981756632 -24.764998881
19.981756632 -24.821016133
19.981756632 -24.877136739
19.981756632 -24.933257344
19.981859985 -24.989274597
19.981963338 -25.045395202
19.981963338 -25.101412456
19.981963338 -25.157429708
19.981963338 -25.213550314
19.981963338 -25.269670919
19.981963338 -25.325688172
19.981963338 -25.381705424
19.982066691 -25.43782603
19.982066691 -25.493843282
19.982066691 -25.549963888
19.982066691 -25.606084493
19.982066691 -25.618988072
19.982066691 -25.662101746
19.982066691 -25.718118998
19.982066691 -25.774136251
19.982066691 -25.830256856
19.982170044 -25.886274109
19.982273396 -25.942394714
19.982273396 -25.99851532
19.982273396 -26.054532572
19.982273396 -26.110549825
19.982273396 -26.16667043
19.98237675 -26.222687683
19.98237675 -26.278808288
19.98237675 -26.334825542
19.98237675 -26.390946147
19.98237675 -26.4469634
19.98237675 -26.503084005
19.982480103 -26.559101258
19.982583456 -26.61511851
19.982583456 -26.671239116
19.982583456 -26.727256368
19.982583456 -26.783376974
19.982583456 -26.839394226
19.982686808 -26.895514832
19.982686808 -26.951532084
19.982686808 -27.00765269
19.982686808 -27.063669942
19.982686808 -27.119687194
19.982686808 -27.1758078
19.982790161 -27.231928406
19.982893514 -27.287945658
19.982893514 -27.344066263
19.982893514 -27.400186869
19.982893514 -27.456100769
19.982893514 -27.512118022
19.982893514 -27.568238627
19.982893514 -27.624359233
19.982996867 -27.680376485
19.982996867 -27.736497091
19.982996867 -27.792617696
19.982996867 -27.848531596
19.982996867 -27.904652201
19.982996867 -27.960772807
19.982996867 -28.016790059
19.982996867 -28.072910665
19.983100219 -28.12903127
19.983203572 -28.185048523
19.983203572 -28.241065775
19.983203572 -28.297186381
19.983203572 -28.353203633
19.983203572 -28.392684428
19.98165328 -28.4223467
19.950544067 -28.429271341
19.940208781 -28.430201517
19.907859334 -28.426480814
19.896697225 -28.427721049
19.870342245 -28.440846863
19.825590454 -28.476710307
19.796341593 -28.484151713
19.748075805 -28.487148946
19.725338175 -28.494176941
19.705597778 -28.508026225
19.68833785 -28.515984395
19.587982219 -28.522702332
19.579197225 -28.5251828
19.568758586 -28.531177266
19.562350708 -28.538101909
19.556459594 -28.546163431
19.547571248 -28.555878601
19.5421969 -28.564043477
19.533721965 -28.582440287
19.527417439 -28.585954284
19.517805623 -28.589364929
19.511707804 -28.598046569
19.482872355 -28.678248393
19.472433716 -28.692717794
19.455070434 -28.70522349
19.434606567 -28.713491719
19.353474569 -28.731888529
19.339005168 -28.737469584
19.328359822 -28.735815939
19.30448531 -28.718659362
19.290015909 -28.719692891
19.277303508 -28.72940806
19.265934692 -28.742637227
19.248571411 -28.771576029
19.244954061 -28.792453308
19.251568645 -28.814260763
19.288879028 -28.871001485
19.288362264 -28.88309377
19.276580037 -28.889501648
19.243713826 -28.891878764
19.237616007 -28.895599467
19.226660604 -28.911515808
19.218495727 -28.918853861
19.161548299 -28.945415548
19.120207154 -28.957507833
19.081656535 -28.959368184
19.064706665 -28.939834493
19.060055786 -28.935700378
19.04899703 -28.932393087
19.013960408 -28.928465677
19.006932414 -28.926295268
18.996390422 -28.91554657
18.971172323 -28.880509949
18.954532511 -28.866660665
18.745656372 -28.839892273
18.553936808 -28.864696961
18.517659953 -28.882266947
18.496162557 -28.888261413
18.491615031 -28.886297709
18.479419393 -28.876272481
18.474975219 -28.873998718
18.469394165 -28.874928894
18.460712525 -28.879889831
18.455234822 -28.881440124
18.435701131 -28.884230652
18.424745728 -28.887227885
18.416994262 -28.891672058
18.397563924 -28.898906759
18.373069295 -28.895186056
18.331004679 -28.881440124
18.308680461 -28.879993184
18.220727173 -28.891258647
18.185070434 -28.902214051
18.166466919 -28.901903991
18.08244104 -28.875962423
18.044097127 -28.858392435
17.983325643 -28.813743998
17.949529256 -28.794727071
17.913252401 -28.781291198
17.746337524 -28.748631693
17.71409143 -28.751112162
17.703239379 -28.755556335
17.68339563 -28.767545268
17.673783813 -28.771576029
17.660968058 -28.7722995
17.628721965 -28.764134623
17.607121216 -28.755659688
17.60257369 -28.735402527
17.603400513 -28.710804545
17.598026163 -28.689617207
17.582936646 -28.680212098
17.565986776 -28.683519389
17.546969849 -28.691374207
17.526609334 -28.69581838
17.485164836 -28.7001592
17.44092981 -28.709564311
17.403619425 -28.704293315
17.401759073 -28.674217631
17.414264771 -28.632669779
17.420569295 -28.593395691
17.409613892 -28.57138153
17.373026978 -28.559392598
17.365275512 -28.542546081
17.359487752 -28.519808452
17.332409302 -28.488595886
17.324244425 -28.470509135
17.328171834 -28.456143087
17.341194295 -28.442810567
17.358557577 -28.432785339
17.375404094 -28.428961283
17.391320435 -28.418832703
17.399692017 -28.395268249
17.402069133 -28.367776387
17.400002075 -28.346382345
17.394834432 -28.335116882
17.37891809 -28.316306661
17.371993449 -28.306074727
17.36806604 -28.293775736
17.367032512 -28.283543803
17.364138631 -28.273311869
17.355043579 -28.261012878
17.351219523 -28.251401062
17.349772583 -28.238688659
17.345741821 -28.227629903
17.334476359 -28.222875671
17.308638143 -28.224115905
17.245179484 -28.237448425
17.213140096 -28.232074076
17.191952758 -28.208819682
17.187095174 -28.162000834
17.189782349 -28.139366557
17.189989054 -28.116835632
17.180894002 -28.099472351
17.155779256 -28.092547709
17.136348917 -28.084692892
17.123223103 -28.066502788
17.111750936 -28.04603892
17.097798299 -28.031156107
17.086532837 -28.027021993
17.076404256 -28.026815287
17.056663859 -28.031156107
17.045398397 -28.036323751
17.012015421 -28.058337911
16.985350382 -28.052240092
16.973774862 -28.055030619
16.959512167 -28.068569844
16.947523234 -28.072703959
16.937498006 -28.071050313
16.927472778 -28.060198262
16.919617961 -28.058337911
16.913520142 -28.062678731
16.896466919 -28.07993866
16.892952921 -28.082625834
16.885511515 -28.162000834
16.878173462 -28.172026062
16.873832642 -28.171509298
16.868664998 -28.167891948
16.852025188 -28.168305359
16.84778772 -28.165411479
16.843756958 -28.163861185
16.837659139 -28.168202006
16.835695434 -28.174196472
16.838382609 -28.179467468
16.855952596 -28.199414571
16.856366007 -28.206649272
16.841069783 -28.209853211
16.819779094 -28.209749857
16.814301391 -28.213470561
16.81027063 -28.222875671
16.813267863 -28.229903666
16.820812622 -28.240032247
16.826600382 -28.251917826
16.824636678 -28.264526876
16.815231567 -28.2708314
16.805102987 -28.267730815
16.795181111 -28.261219584
16.786499471 -28.257602234
16.768722778 -28.265353699
16.764381958 -28.283233744
16.768412719 -28.303697611
16.775544067 -28.319097188
16.796834758 -28.347829285
16.803862753 -28.366122742
16.793217407 -28.374287618
16.778541301 -28.382969259
16.773373657 -28.402916362
16.772133423 -28.425757345
16.769342895 -28.442603862
16.758387492 -28.459657084
16.740404093 -28.480947774
16.72045699 -28.496037293
16.70381718 -28.494487
16.699683065 -28.485185242
16.696789185 -28.472472839
16.692345011 -28.461104024
16.683456665 -28.45624644
16.673121378 -28.459760437
16.597363728 -28.526216329
16.559123169 -28.53706838
16.531527954 -28.549677429
16.505379679 -28.565387064
16.48707116 -28.5729305965
16.468516472 -28.585137628
16.458506707 -28.600518488
16.445811394 -28.610528253
16.419444207 -28.607028904
16.407888217 -28.600518488
16.346853061 -28.556084894
16.315928582 -28.524346613
16.301036004 -28.504489842
16.193369988 -28.408786717
16.175791863 -28.40211354
16.167979363 -28.395765883
16.107676629 -28.323337498
16.043630405 -28.257094008
15.911143425 -28.171319269
15.884287957 -28.147637628
15.833181186 -28.089288019
15.761485222 -28.038344008
15.747813347 -28.024590753
15.716807488 -27.9804013
15.684255405 -27.949883722
15.678884311 -27.942803644
15.677989129 -27.931247654
15.684580925 -27.910821222
15.685801629 -27.901299738
15.673024936 -27.869886977
15.646006707 -27.836602472
15.546234571 -27.747816665
15.533539259 -27.730157159
15.528656446 -27.706149998
15.529063347 -27.654229425
15.526866082 -27.646172784
15.520681186 -27.633721613
15.425059441 -27.496514581
15.40894616 -27.464532159
15.396820509 -27.448663019
15.380381707 -27.441989842
15.371755405 -27.433038019
15.34245853 -27.380547784
15.301605665 -27.333103123
15.295258009 -27.322442316
15.281748894 -27.243340753
15.27621504 -27.233575128
15.269541863 -27.22633229
15.263682488 -27.218357029
15.261241082 -27.205743097
15.268077019 -27.164808852
15.254161004 -27.100192967
15.261241082 -27.085625909
15.24122155 -27.048760675
15.235362175 -27.029473566
15.23324629 -27.006931248
15.234222852 -26.965427342
15.228526238 -26.945570571
15.212738477 -26.927992446
15.20573978 -26.92555104
15.187510613 -26.924248956
15.17855879 -26.921156508
15.176605665 -26.916761977
15.169688347 -26.90618255
15.162364129 -26.897067967
15.15886478 -26.897067967
15.155935092 -26.87509531
15.148936394 -26.856377863
15.116872592 -26.796156508
15.111664259 -26.779229425
15.11622155 -26.752048435
15.105723504 -26.732354425
15.091563347 -26.712172133
15.083018425 -26.69524505
15.08082116 -26.672133071
15.083506707 -26.65211354
15.091807488 -26.637953383
15.106618686 -26.63258229
15.116953972 -26.630303644
15.127126498 -26.626722915
15.134613477 -26.627129816
15.137705925 -26.6366513
15.137705925 -26.674899998
15.144541863 -26.674899998
15.148448113 -26.655043227
15.168142123 -26.602797133
15.168711785 -26.592217706
15.162282748 -26.579034113
15.141937696 -26.517998956
15.128754102 -26.457614842
15.105642123 -26.420586847
15.072520379 -26.389743748
15.034678582 -26.366306248
14.97527103 -26.344170831
14.966319207 -26.335219008
14.958832227 -26.257012628
14.962657097 -26.181329034
14.942556186 -26.153903904
14.939138217 -26.147149347
14.943125847 -26.135349217
14.949066602 -26.135023696
14.956879102 -26.137627863
14.966319207 -26.133558852
14.979828321 -26.10165781
14.979014519 -26.058770441
14.968272332 -26.015801691
14.952647332 -25.982679946
14.907725457 -25.915297133
14.902110222 -25.882500909
14.918630405 -25.845472915
14.911143425 -25.845472915
14.859873894 -25.790297133
14.84278405 -25.763604425
14.840342644 -25.751722915
14.840342644 -25.743340753
14.84278405 -25.729424738
14.84278405 -25.650323175
14.846934441 -25.629815363
14.876963738 -25.57805755
14.879730665 -25.561455988
14.879567905 -25.538669529
14.875336134 -25.518487238
14.853282097 -25.498711847
14.847015821 -25.473321222
14.84278405 -25.427829685
14.818044467 -25.36695729
14.812510613 -25.32008229
14.802419467 -25.282891534
14.801280144 -25.262790623
14.832286004 -25.188164972
14.829356316 -25.176446222
14.849619988 -25.105075779
14.853282097 -25.064222915
14.843272332 -25.026055597
14.829437696 -25.00009531
14.808767123 -24.961114191
14.796153191 -24.92197031
14.792979363 -24.841892185
14.780772332 -24.803399347
14.723480665 -24.703545831
14.699473504 -24.673028253
14.650157097 -24.6288388
14.636078321 -24.598890883
14.601898634 -24.56243255
14.595876498 -24.537204685
14.599619988 -24.526543878
14.613780144 -24.5116513
14.616953972 -24.505791925
14.616953972 -24.4647763
14.6123153 -24.445733331
14.590098504 -24.408379816
14.568125847 -24.357679946
14.513926629 -24.26148854
14.493174675 -24.192315363
14.473643425 -24.159112238
14.466807488 -24.1132138
14.459239129 -24.098321222
14.464203321 -24.07822031
14.464121941 -24.044691665
14.45964603 -24.010430597
14.45191491 -23.988457941
14.459239129 -23.974541925
14.465830925 -23.947198175
14.472911004 -23.933851821
14.47917728 -23.931084894
14.488291863 -23.92962005
14.496592644 -23.925957941
14.500254754 -23.916436456
14.513926629 -23.892266534
14.506032748 -23.880059503
14.507090691 -23.823907159
14.489512566 -23.776055597
14.486582879 -23.758477472
14.500254754 -23.614434503
14.495290561 -23.578545831
14.484060092 -23.551039321
14.446950717 -23.460381769
14.434336785 -23.415215753
14.435069207 -23.405531508
14.443125847 -23.396661066
14.46745853 -23.356052342
14.479746941 -23.344821873
14.4795028 -23.365817967
14.484385613 -23.37493255
14.490407748 -23.369724217
14.493418816 -23.347832941
14.491953972 -23.309177342
14.473480665 -23.192803644
14.462738477 -23.157403253
14.445567254 -23.131280206
14.431325717 -23.103285415
14.42066491 -23.070977472
14.413828972 -23.036228123
14.410166863 -22.970798435
14.411387566 -22.961195571
14.416026238 -22.951592706
14.429047071 -22.932549738
14.431895379 -22.923028253
14.431895379 -22.881768488
14.435069207 -22.879815363
14.440928582 -22.879815363
14.443858269 -22.883477472
14.438161655 -22.892266534
14.442718946 -22.89853281
14.44809004 -22.908135675
14.45191491 -22.912204685
14.445974155 -22.932386977
14.44434655 -22.952813409
14.451670769 -22.963311456
14.472911004 -22.953789972
14.47144616 -22.965101821
14.459239129 -22.995293878
14.474294467 -22.982191665
14.496836785 -22.941827081
14.51050866 -22.933282159
14.521983269 -22.923435154
14.529307488 -22.900160415
14.534353061 -22.854180597
14.527517123 -22.67945729
14.508555535 -22.548028253
14.485118035 -22.512383722
14.474294467 -22.467868748
14.438161655 -22.398858331
14.418711785 -22.3397763
14.386485222 -22.276462498
14.380381707 -22.268487238
14.31519616 -22.200290623
14.294281446 -22.167413019
14.293467644 -22.143324477
14.291351759 -22.134454034
14.137217644 -21.946384373
14.062022332 -21.880954685
14.054209832 -21.864678644
13.9716903 -21.79273854
13.952321811 -21.783949477
13.95215905 -21.77337005
13.956390821 -21.762953383
13.958994988 -21.758396092
13.965179884 -21.733168227
13.965830925 -21.726739191
13.962657097 -21.714043878
13.958262566 -21.704847915
13.8779403 -21.592217706
13.862803582 -21.528008722
13.831716342 -21.456475519
13.72925866 -21.330254816
13.66684004 -21.232354425
13.628103061 -21.18759531
13.602712436 -21.158135675
13.513356967 -21.00790781
13.471934441 -20.955010675
13.459157748 -20.91806406
13.444834832 -20.904066665
13.417735222 -20.883884373
13.397634311 -20.849297784
13.387217644 -20.816094659
13.376719597 -20.733575128
13.349457227 -20.6444638
13.262705925 -20.485121352
13.239024285 -20.397149347
13.233571811 -20.354668878
13.213063998 -20.27337005
13.177744988 -20.189222915
13.154633009 -20.154229425
13.114425265 -20.142572716
13.070880462 -20.114228534
13.037345391 -20.059464635
13.005381707 -19.935479425
12.927744988 -19.794691665
12.918467644 -19.76555755
12.875987175 -19.712009373
12.802500847 -19.584730727
12.793955925 -19.561700128
12.783050977 -19.54697031
12.757578972 -19.496840102
12.749278191 -19.486016534
12.704600457 -19.410821222
12.691091342 -19.37900156
12.686045769 -19.359795831
12.679698113 -19.314060154
12.668304884 -19.292413019
12.636241082 -19.252618097
12.615733269 -19.217543227
12.567393425 -19.102308852
12.546722852 -19.071465753
12.516449415 -19.037530206
12.480316602 -19.011000258
12.470388217 -18.997653904
12.458669467 -18.92555104
12.450043165 -18.904554946
12.286875847 -18.697686456
12.174730934 -18.627938924
12.125743035 -18.574802342
12.119639519 -18.569512628
12.102061394 -18.545993748
12.091644727 -18.540704034
12.082041863 -18.534356378
12.031889371 -18.505350001
12.015961134 -18.45289479
12.012461785 -18.434502863
11.999522332 -18.403497003
11.998220248 -18.391859633
11.998545769 -18.381768488
11.997569207 -18.372002863
11.999522332 -18.361911717
11.976084832 -18.329766534
11.937347852 -18.232110284
11.931162957 -18.225355727
11.849081614 -18.143183242
11.833639844 -18.098044691
11.826524356 -18.039220164
11.808498804 -17.991541786
11.796911021 -17.956088843
11.784036598 -17.859645118
11.760941181 -17.786424402
11.74555201 -17.683948362
11.734030611 -17.632720662
11.726735873 -17.599867446
11.71762129 -17.546319269
11.7216903 -17.467868748
11.755137566 -17.266696873
11.766123894 -17.252699477
11.766183862 -17.252750746
11.779518269 -17.254914652
11.796881551 -17.263802999
11.807630249 -17.265870056
11.822409709 -17.264423116
11.827473999 -17.260082295
11.829644409 -17.253467713
11.835535523 -17.245406189
11.853932332 -17.233417257
11.894963419 -17.214607036
11.942092326 -17.18050059
11.98302006 -17.161897074
12.028908732 -17.148977966
12.075210816 -17.1429835
12.08223881 -17.141329854
12.088129923 -17.139159444
12.095261271 -17.139676208
12.105596558 -17.146084086
12.139909708 -17.156005961
12.151278524 -17.153628845
12.156652873 -17.149081319
12.161510457 -17.146290792
12.170708862 -17.149184672
12.17711674 -17.154765727
12.179493856 -17.161587016
12.181147501 -17.169235128
12.185074911 -17.177089945
12.190655965 -17.182567647
12.200474487 -17.189285584
12.21173995 -17.195176696
12.222281942 -17.197657165
12.231790405 -17.201894633
12.236544637 -17.211299744
12.239335165 -17.220704855
12.242642456 -17.224838969
12.314679402 -17.218121032
12.379481649 -17.220394795
12.39395105 -17.214710388
12.407593628 -17.204065043
12.417928914 -17.203444926
12.441700073 -17.216984151
12.460510294 -17.223081971
12.519214722 -17.227836201
12.554561401 -17.235587667
12.567170451 -17.234554138
12.591458374 -17.222565206
12.636210164 -17.185151469
12.660704793 -17.177089945
12.685922892 -17.173575948
12.704733114 -17.16427419
12.739873088 -17.135542094
12.78431482 -17.115078227
12.818317912 -17.104846293
12.824932495 -17.096371358
12.833097371 -17.081798604
12.842295777 -17.074047139
12.849943888 -17.0708432
12.867720581 -17.065572205
12.876402222 -17.059784444
12.880536336 -17.050792745
12.882293335 -17.039527282
12.88715092 -17.029812113
12.911025431 -17.023507589
12.93045577 -17.014205831
12.961668335 -17.007384542
13.014274943 -16.977928975
13.121761922 -16.959842224
13.144499552 -16.952400818
13.166307006 -16.951057231
13.184910523 -16.964183045
