-8.752561808 27.661439311
-8.682385213 27.661439311
-8.682385213 27.567414042
-8.682385213 27.473466288
-8.682385213 27.379466858
-8.682385213 27.285415751
-8.682281861 27.271669821
-8.682230184 27.23270579
-8.682230184 27.172141012
-8.682075155 27.093696188
-8.681920125 27.000833638
-8.681816773 26.897170715
-8.681661743 26.786324768
-8.68155839 26.671913147
-8.681455037 26.55744985
-8.681300009 26.446603902
-8.681144979 26.342992656
-8.681041626 26.250181783
-8.680938273 26.171633606
-8.680860758 26.111120504
-8.680860758 26.07220815
-8.680809082 26.058410543
-8.680809082 26.013141989
-8.687656209 26.000016175
-8.707215739 25.99500356
-8.792042603 25.99500356
-8.892863322 25.994951884
-8.993580689 25.994951884
-9.094246379 25.994951884
-9.195015422 25.994951884
-9.295732788 25.994951884
-9.396450155 25.994951884
-9.497167521 25.994951884
-9.597884888 25.994951884
-9.698653931 25.994951884
-9.799371298 25.994951884
-9.900036987 25.994951884
-10.000806031 25.994951884
-10.101523397 25.994951884
-10.20229244 25.994951884
-10.30295813 25.994951884
-10.403675497 25.994951884
-10.50444454 25.994951884
-10.605161906 25.994951884
-10.705879273 25.994951884
-10.80659664 25.994951884
-10.907314006 25.994951884
-11.008083048 25.994951884
-11.108748739 25.994951884
-11.209517782 25.994951884
-11.310235148 25.994951884
-11.410952515 25.994951884
-11.511721558 25.994951884
-11.612438924 25.994951884
-11.713207967 25.994951884
-11.813821981 25.994951884
-11.914591024 25.994951884
-12.01530839 25.994900208
-12.01530839 25.91924591
-12.01530839 25.843694967
-12.01530839 25.768092347
-12.01530839 25.692489726
-12.01530839 25.616938782
-12.01530839 25.541336162
-12.01530839 25.465733541
-12.01530839 25.390182597
-12.01530839 25.314579977
-12.01530839 25.23892568
-12.01530839 25.16332306
-12.01530839 25.087797954
-12.01530839 25.012247009
-12.01530839 24.936618551
-12.01530839 24.861015931
-12.01530839 24.785464986
-12.01530839 24.709862366
-12.01530839 24.634259746
-12.01530839 24.558631287
-12.01530839 24.483080343
-12.01530839 24.407477722
-12.01530839 24.331900941
-12.01530839 24.256298319
-12.01530839 24.180695699
-12.01530839 24.105093079
-12.01530839 24.029542135
-12.01530839 23.953939514
-12.01530839 23.878311056
-12.01530839 23.802734274
-12.01530839 23.727105815
-12.01530839 23.651477356
-12.01530839 23.575926412
-12.01530839 23.495181986
-12.019339152 23.460998027
-12.032723348 23.444978333
-12.134577596 23.419346822
-12.353892375 23.32247935
-12.389910848 23.312531637
-12.558376018 23.290284933
-12.619431722 23.270828756
-12.682218587 23.230753683
-12.78993811 23.161868998
-12.915098429 23.082054749
-13.015247355 23.018001811
-13.034341797 22.995212504
-13.034341797 22.995160828
-13.119892131 22.883539734
-13.152293254 22.82000356
-13.165496582 22.752695008
-13.154980428 22.688797099
-13.106352905 22.560226135
-13.093330445 22.495475566
-13.0768327435 22.2454391485
-13.060335042 21.995402731
-13.032092884 21.581939241
-13.026176921 21.495329896
-13.015247355 21.333427633
-13.161724203 21.333427633
-13.203091187 21.333375956
-13.319854086 21.333375956
-13.50141923 21.333375956
-13.736908732 21.33332428
-14.015496379 21.333272603
-14.295597565 21.333226059
-14.326485149 21.333220927
-14.658971313 21.333169251
-15.002257854 21.333169251
-15.345544393 21.333065898
-15.678082235 21.333065898
-15.989019328 21.333014222
-16.267710327 21.332910868
-16.503148153 21.332910868
-16.684635783 21.332910868
-16.80142452 21.332859192
-16.842817343 21.332859192
-16.958830933 21.332859192
-16.968339396 21.324590963
-16.985702678 21.237826233
-17.00492631 21.141914775
-17.0473785 21.027399801
-17.054018921 20.995463766
-17.077428345 20.904513245
-17.081174886 20.87474762
-17.0568741525 20.766913153
-17.068348762 20.792466539
-17.100209114 20.837591864
-17.104644335 20.862494208
-17.101389127 20.876166083
-17.092274543 20.899888414
-17.090402799 20.91400788
-17.090402799 20.961818752
-17.086293098 20.979315497
-17.067860481 21.030910549
-17.026763476 21.328924872
-17.017445442 21.365057684
-17.015248176 21.379828192
-17.0137433253 21.4199710976
-16.950149292 21.429752503
-16.729956014 21.469801737
-16.580042684 21.480550435
-16.189885621 21.480550435
-16.040023966 21.500084127
-15.919876261 21.500084127
-15.749964152 21.490317281
-15.609817668 21.469801737
-15.459930176 21.450268046
-15.289992228 21.450268046
-15.149871582 21.440501201
-14.970166789 21.440501201
-14.839812989 21.450268046
-14.749973511 21.500084127
-14.669875041 21.599664612
-14.640109416 21.679763082
-14.609827026 21.750068868
-14.620084798 21.820374654
-14.629851644 21.860423889
-14.580035564 21.91023997
-14.519987549 21.99033844
-14.459913696 22.040102844
-14.439914917 22.080152079
-14.379841065 22.120201315
-14.310052043 22.190507101
-14.270002807 22.240297343
-14.220186727 22.309647115
-14.209954794 22.370186055
-14.189904338 22.450258687
-14.189904338 22.589914246
-14.169905559 22.759852193
-14.140088257 22.870181376
-14.120089478 22.960046692
-14.100064861 23.099676412
-14.039991008 23.339920146
-14.019992228 23.410251771
-13.979942993 23.519599101
-13.930126913 23.620187277
-13.890129354 23.690493063
-13.839796509 23.750075989
-13.769981649 23.790125224
-13.660117554 23.830122782
-13.580044922 23.870197856
-13.479947672 23.910221253
-13.390108195 23.940503642
-13.310009725 23.980552877
-13.279753174 24.019594421
-13.229962932 24.089900207
-13.160122234 24.219814758
-13.120098837 24.299861552
-13.060024984 24.400475566
-12.990184286 24.4697995
-12.946880248 24.496748253
-12.946879435 24.496748759
-12.910137492 24.519589742
-12.81978125 24.570387675
-12.709942993 24.629970602
-12.629844524 24.679760844
-12.560029663 24.730532939
-12.499981649 24.769600322
-12.43014095 24.830165101
-12.3998844 24.879955343
-12.359835164 24.969794821
-12.310019084 25.11043223
-12.269969849 25.259802958
-12.229946452 25.419999899
-12.200154989 25.519580384
-12.1698726 25.639728088
-12.129849203 25.730549419
-12.100057739 25.830155742
-12.08005896 25.870204976
-12.08005896 25.919969381
-12.060008505 25.990301005
-12.05582333 25.99582957
-12.055822714 25.995830384
-12.029751953 26.030350241
-11.959911255 26.049883932
-11.879864461 26.070399475
-11.75387732 26.086005758
-11.717238729 26.103575745
-11.698221802 26.162176819
-11.683545695 26.212974752
-11.636210084 26.29498525
-11.582983357 26.360407614
-11.552210043 26.400456849
-11.510688029 26.46980662
-11.469708619 26.519596863
-11.398911906 26.58308136
-11.336900187 26.632897441
-11.315867879 26.683643697
-11.315867879 26.744208476
-11.360309611 26.793042705
-11.391573853 26.882908021
-11.262641154 26.910219015
-11.149366414 26.940501404
-11.045858521 26.969801941
-10.921835083 27.009825338
-10.829075887 27.009825338
-10.756780558 27.019592184
-10.653272665 27.000058492
-10.550281535 26.990291647
-10.477986207 26.960035095
-10.353962769 26.900478007
-10.250454874 26.860428773
-10.188443156 26.860428773
-10.12203894 26.879962464
-10.065866658 26.908281148
-10.031708537 26.910219015
-9.979928752 26.889729309
-9.899365194 26.849680075
-9.81686377 26.849680075
-9.734362346 26.860428773
-9.672350626 26.910219015
-9.568842733 26.990291647
-9.48631547 27.049874573
-9.412056437 27.087960104
-9.352008423 27.097726949
-9.284622355 27.097726949
-9.207469442 27.099690654
-9.083446004 27.089923808
-9.000918742 27.089923808
-8.88810909 27.103566386
-8.793902954 27.120180359
-8.752871867 27.150462749
-8.752871867 27.190486146
-8.773387411 27.250069072
-8.79584082 27.307688294
-8.801706095 27.360424092
-8.788011841 27.416053772
-8.773387411 27.460030416
-8.783619344 27.53036204
-8.812919881 27.613354391
-8.818449259 27.659398092
-8.81703478 27.661464011
-8.81703387 27.66146534
-8.816537231 27.661465149
-8.752561808 27.661439311
