-80.115101692 -2.997979425
-80.13103312 -3.020920852
-80.166818814 -3.017347915
-80.186756965 -3.028985284
-80.203724739 -3.034112238
-80.228098111 -3.032159113
-80.251576301 -3.026055597
-80.265939908 -3.018487238
-80.271853782 -2.996405235
-80.26579826 -2.960953253
-80.26220379 -2.840848015
-80.258656379 -2.827325128
-80.224964973 -2.765313409
-80.210682746 -2.724867446
-80.19640052 -2.71461354
-80.135568814 -2.696954034
-80.080881314 -2.669854425
-80.05988522 -2.662774347
-80.014515754 -2.664239191
-79.945790168 -2.706638279
-79.902821418 -2.717461847
-79.904408332 -2.725192967
-79.90721595 -2.732354425
-79.91124427 -2.738864842
-79.916493293 -2.744805597
-79.927642382 -2.754164321
-79.977935351 -2.775811456
-79.981109179 -2.784600519
-79.995187955 -2.798028253
-79.998402473 -2.803399347
-80.004465299 -2.818780206
-80.0126847 -2.834161066
-80.020985481 -2.842868748
-80.023101366 -2.843031508
-80.033709215 -2.861226875
-80.045715538 -2.885232937
-80.058323984 -2.908038895
-80.064929185 -2.924243593
-80.081152581 -2.93085166
-80.094371609 -2.945861656
-80.093763256 -2.969266839
-80.108998176 -2.983575128
-80.115101692 -2.997979425
-79.83323668 -2.636017325
-79.857510887 -2.651186079
-79.877239381 -2.649677723
-79.881801127 -2.626939804
-79.868158744 -2.589033274
-79.846935547 -2.534443062
-79.819639716 -2.485910852
-79.80900673 -2.511684665
-79.78472091 -2.520767104
-79.772570695 -2.541987348
-79.793805423 -2.573840451
-79.82870194 -2.592050638
-79.83323668 -2.636017325
-89.66128496 -1.340101821
-89.634673632 -1.348809503
-89.61457272 -1.370049738
-89.613270637 -1.391696873
-89.643299934 -1.401625258
-89.676096158 -1.397556248
-89.756906705 -1.360609633
-89.736398892 -1.340101821
-89.720692512 -1.343194269
-89.673695442 -1.342543227
-89.66128496 -1.340101821
-90.471913215 -1.216729425
-90.462554491 -1.230889581
-90.44269772 -1.225681248
-90.41535397 -1.231133722
-90.391102668 -1.242445571
-90.380686002 -1.254489842
-90.378529426 -1.257256769
-90.373850064 -1.260430597
-90.369007942 -1.264906508
-90.366363085 -1.271905206
-90.367054817 -1.278741144
-90.369496223 -1.282647394
-90.371978319 -1.285414321
-90.373199023 -1.288669529
-90.375884569 -1.292413019
-90.388986783 -1.296156508
-90.393706835 -1.298516534
-90.394764778 -1.302911066
-90.392893033 -1.315036717
-90.393706835 -1.319594008
-90.399322069 -1.325860284
-90.432118293 -1.345961196
-90.43862871 -1.34742604
-90.475209114 -1.342054946
-90.48949134 -1.331638279
-90.503163215 -1.318291925
-90.524037239 -1.305922133
-90.514800585 -1.295586847
-90.506214973 -1.282403253
-90.499867317 -1.268161717
-90.49323483 -1.237969659
-90.483469205 -1.222263279
-90.471913215 -1.216729425
-89.308094856 -0.685642185
-89.295643684 -0.693454685
-89.282582161 -0.693291925
-89.269439257 -0.688246352
-89.257191536 -0.681573175
-89.254790819 -0.719170831
-89.273182746 -0.759942316
-89.302113411 -0.795993748
-89.331695116 -0.819431248
-89.367298957 -0.829766534
-89.372670051 -0.836114191
-89.374582486 -0.845472915
-89.386341926 -0.874607029
-89.406605598 -0.905043227
-89.420033332 -0.919366144
-89.43472246 -0.929294529
-89.45030677 -0.934258722
-89.465565559 -0.935967706
-89.499623176 -0.935479425
-89.509999153 -0.938734633
-89.530751106 -0.953301691
-89.544585741 -0.956638279
-89.554310676 -0.953708592
-89.575917121 -0.940036717
-89.585560676 -0.935479425
-89.621205207 -0.930271092
-89.62995358 -0.92587656
-89.631418424 -0.916680597
-89.625111457 -0.905938409
-89.612904426 -0.891045831
-89.604603645 -0.883070571
-89.564808723 -0.864190363
-89.551421679 -0.853610935
-89.540882942 -0.819431248
-89.530506965 -0.818291925
-89.488921679 -0.808200779
-89.477202929 -0.79680755
-89.46202552 -0.764743748
-89.453033007 -0.753187758
-89.426625129 -0.728285415
-89.421050585 -0.719821873
-89.413238085 -0.713474217
-89.377186653 -0.700290623
-89.366444465 -0.689629816
-89.351185676 -0.688897394
-89.320220507 -0.680759373
-89.308094856 -0.685642185
-90.240630663 -0.507012628
-90.241566536 -0.518487238
-90.240589973 -0.528008722
-90.232980924 -0.531996352
-90.222767707 -0.532891534
-90.203114387 -0.537286066
-90.191965299 -0.538262628
-90.180531379 -0.548516534
-90.182972786 -0.572035415
-90.195708788 -0.613946222
-90.195220507 -0.625746352
-90.189605273 -0.640313409
-90.188221809 -0.651543878
-90.190581835 -0.654392185
-90.199208137 -0.676364842
-90.198801236 -0.681573175
-90.215565559 -0.688246352
-90.22765052 -0.703871352
-90.238189257 -0.722263279
-90.250355598 -0.736911717
-90.259510871 -0.743340753
-90.264759895 -0.745049738
-90.31362871 -0.743829034
-90.318592903 -0.747165623
-90.323841926 -0.766859633
-90.33706621 -0.776950779
-90.354807095 -0.779880467
-90.373199023 -0.778415623
-90.40729733 -0.766696873
-90.428863085 -0.762465102
-90.435536262 -0.75758229
-90.440297004 -0.752699477
-90.445546028 -0.750583592
-90.453033007 -0.743829034
-90.474354621 -0.712579034
-90.483062304 -0.702732029
-90.497670051 -0.704359633
-90.516346809 -0.699965102
-90.533802864 -0.691827081
-90.544545051 -0.681573175
-90.546254036 -0.668877863
-90.544545051 -0.620212498
-90.538685676 -0.594170831
-90.527577278 -0.569919529
-90.513091601 -0.548760675
-90.49738522 -0.531996352
-90.487700976 -0.525485935
-90.460560676 -0.513848566
-90.448963996 -0.510918878
-90.438059049 -0.511325779
-90.415516731 -0.516778253
-90.407948371 -0.517754816
-90.398508267 -0.515069269
-90.387115038 -0.507500909
-90.380686002 -0.504652602
-90.285878059 -0.493910415
-90.263986783 -0.483005467
-90.258452929 -0.485121352
-90.252512174 -0.488539321
-90.246978319 -0.492771092
-90.242827929 -0.497247003
-90.240630663 -0.507012628
-91.455677864 -0.25758229
-91.420887825 -0.29306406
-91.411610481 -0.298597915
-91.39952552 -0.307875258
-91.396839973 -0.329034113
-91.401112434 -0.366875909
-91.401112434 -0.45289479
-91.410878059 -0.458428644
-91.480051236 -0.486260675
-91.497425911 -0.489922784
-91.507557746 -0.490411066
-91.516957161 -0.487237238
-91.538197395 -0.473077081
-91.556711392 -0.468357029
-91.586659309 -0.456312758
-91.591379361 -0.455661717
-91.601877408 -0.4569638
-91.60651608 -0.456312758
-91.611398892 -0.452813409
-91.611561653 -0.449639581
-91.610829231 -0.446221613
-91.613352017 -0.441989842
-91.630523241 -0.424004816
-91.643666145 -0.403578383
-91.651966926 -0.381117446
-91.658680793 -0.335219008
-91.671376106 -0.297539972
-91.668568489 -0.28492604
-91.580962694 -0.287204685
-91.543812629 -0.268243097
-91.49730384 -0.25758229
-91.474191861 -0.249281508
-91.467396614 -0.250420831
-91.455677864 -0.25758229
-90.777251757 -0.147719008
-90.757557746 -0.161797784
-90.689320442 -0.184828383
-90.664947069 -0.188734633
-90.632476366 -0.201267185
-90.580433723 -0.259698175
-90.55199134 -0.278090102
-90.556263801 -0.279066665
-90.558908658 -0.280450128
-90.565012174 -0.28492604
-90.551503059 -0.29273854
-90.558176236 -0.310804946
-90.57925371 -0.343031508
-90.586781379 -0.363702081
-90.604888476 -0.369805597
-90.627512174 -0.366875909
-90.670277473 -0.353936456
-90.740061002 -0.353936456
-90.759388801 -0.347832941
-90.777170377 -0.336683852
-90.795887825 -0.330661717
-90.818226692 -0.33961354
-90.832102017 -0.322686456
-90.838612434 -0.297051691
-90.84894772 -0.275648696
-90.874134895 -0.271254165
-90.831654426 -0.212660415
-90.82909095 -0.19931406
-90.835072395 -0.181573175
-90.826812304 -0.16415781
-90.810373502 -0.151299738
-90.791574674 -0.147719008
-90.784331835 -0.153008722
-90.781361457 -0.152601821
-90.777251757 -0.147719008
-91.339670377 0.153794664
-91.323638476 0.139308986
-91.316029426 0.116278387
-91.312408007 0.0949160830001
-91.308583137 0.0855980490001
-91.295318163 0.075913804
-91.283518033 0.0331891950001
-91.274769661 0.0235049500001
-91.268544075 0.019273179
-91.254383918 0.000433661000088
-91.247425911 -0.00383879999993
-91.225982226 -0.00473398199992
-91.21597246 -0.00684986799992
-91.209299283 -0.0106747379998
-91.202219205 -0.0282528629999
-91.200672981 -0.0527889949999
-91.203033007 -0.0993791649999
-91.1845597 -0.21103281
-91.173573371 -0.228448175
-91.131947395 -0.266208592
-91.128041145 -0.270765883
-91.127186653 -0.276543878
-91.127349413 -0.288181248
-91.124134895 -0.299574477
-91.117095507 -0.304294529
-91.110096809 -0.305922133
-91.106841601 -0.308851821
-91.00503496 -0.373142185
-90.997629361 -0.384209894
-90.995269335 -0.393487238
-90.98957272 -0.401625258
-90.976470507 -0.415297133
-90.971994595 -0.418145441
-90.956044075 -0.422133071
-90.955718554 -0.427992446
-90.95824134 -0.434014581
-90.961089648 -0.439060154
-90.962269661 -0.441989842
-90.953358528 -0.480075779
-90.949208137 -0.521416925
-90.955067512 -0.540297133
-90.982045051 -0.563409113
-90.990142382 -0.579196873
-90.967844205 -0.564548435
-90.961252408 -0.573174738
-90.960560676 -0.591892185
-90.956044075 -0.607110284
-90.913726366 -0.614922784
-90.892974413 -0.625746352
-90.894602017 -0.648125909
-90.880604621 -0.649997654
-90.869007942 -0.655368748
-90.859730598 -0.66415781
-90.853016731 -0.676039321
-90.859852668 -0.689629816
-90.846424934 -0.69524505
-90.811431444 -0.730645441
-90.802113411 -0.735528253
-90.795969205 -0.735528253
-90.792591926 -0.738946222
-90.791574674 -0.75400156
-90.796538866 -0.759942316
-90.820668098 -0.769789321
-90.82909095 -0.774672133
-90.86046302 -0.872653904
-90.85655677 -0.897149347
-90.858631965 -0.915459894
-90.880279101 -0.908786717
-90.89191647 -0.925469659
-90.917551236 -0.954196873
-90.928700325 -0.970310154
-90.945627408 -0.962497654
-90.96214759 -0.96087005
-90.993885871 -0.963474217
-91.013050911 -0.96868255
-91.045155403 -0.99228281
-91.159779426 -1.030205988
-91.181996223 -1.024834894
-91.197417773 -1.029554946
-91.287261523 -1.016859633
-91.39972897 -1.018487238
-91.420806444 -1.01181406
-91.435861783 -0.997491144
-91.440174934 -0.986993097
-91.441965299 -0.976250909
-91.442005989 -0.952813409
-91.445790168 -0.94150156
-91.454986132 -0.938653253
-91.466542121 -0.938571873
-91.477406379 -0.935479425
-91.502308723 -0.896254165
-91.49323483 -0.850681248
-91.46589108 -0.807875258
-91.435861783 -0.778415623
-91.319162564 -0.702732029
-91.313872851 -0.694594008
-91.313872851 -0.687920831
-91.310454882 -0.683282159
-91.294911262 -0.681573175
-91.269520637 -0.671075128
-91.234771288 -0.661879165
-91.222971158 -0.661716404
-91.21198483 -0.664727472
-91.205677864 -0.669040623
-91.201324023 -0.673028253
-91.196197069 -0.676039321
-91.178863085 -0.681898696
-91.168080207 -0.682712498
-91.157785611 -0.678806248
-91.152658658 -0.672784113
-91.143055793 -0.657891534
-91.137562629 -0.654880467
-91.137318489 -0.64430104
-91.128325976 -0.623467706
-91.11436927 -0.608005467
-91.099436002 -0.613946222
-91.087513801 -0.59742604
-91.086781379 -0.582452081
-91.094227668 -0.569431248
-91.106841601 -0.55868906
-91.120187955 -0.552422784
-91.14964759 -0.543633722
-91.161488411 -0.538262628
-91.185170051 -0.516534113
-91.208892382 -0.484633071
-91.227894661 -0.448825779
-91.237212694 -0.415297133
-91.235707161 -0.386407159
-91.238677538 -0.376153253
-91.250843879 -0.366875909
-91.25877845 -0.364353123
-91.271880663 -0.362969659
-91.278187629 -0.360039972
-91.281727668 -0.355726821
-91.291249153 -0.33961354
-91.351958788 -0.307224217
-91.374989387 -0.281914972
-91.373768684 -0.250176691
-91.393706835 -0.23837656
-91.406483528 -0.216403904
-91.404530403 -0.195896092
-91.380604621 -0.188734633
-91.398793098 -0.162855727
-91.405751106 -0.148044529
-91.408518033 -0.130791925
-91.408518033 -0.0962867169999
-91.409535286 -0.087497654
-91.413726366 -0.0713436829999
-91.414702929 -0.0618221979999
-91.423329231 -0.0285783829999
-91.445546028 -0.0120582009999
-91.476429817 -0.0110816389999
-91.510975715 -0.0242652319999
-91.545521614 -0.0479468729999
-91.563099739 -0.0517717429999
-91.582915819 -0.0413143859999
-91.603382942 -0.0142147769999
-91.60651608 -0.00725676899992
-91.604359504 0.00145091400015
-91.59874427 0.00580475500006
-91.59113522 0.00885651200014
-91.523548957 0.0463727890001
-91.504465299 0.0661481790001
-91.49730384 0.106105861
-91.472564257 0.0982119810001
-91.452748176 0.103745835
-91.433745898 0.113714911
-91.401112434 0.122503973
-91.394276496 0.130560614
-91.388335741 0.139878648
-91.380604621 0.147040106
-91.368763801 0.150620835
-91.350209114 0.149888414
-91.339670377 0.153794664
-90.454579231 0.267401434
-90.475656705 0.263088283
-90.487660286 0.267075914
-90.500803189 0.280666408
-90.513783332 0.283514716
-90.523508267 0.287095445
-90.533111132 0.295314846
-90.540842252 0.304429429
-90.544545051 0.310858466
-90.542307095 0.333563544
-90.526478645 0.350287177
-90.504465299 0.361029364
-90.483062304 0.365464585
-90.460438606 0.358221747
-90.436431444 0.346625067
-90.416981575 0.330877997
-90.407948371 0.310858466
-90.414540168 0.296291408
-90.432118293 0.280096747
-90.454579231 0.267401434
-90.744496223 0.585394598
-90.760568814 0.553697007
-90.805246549 0.571600653
-90.79816647 0.592759507
-90.804921028 0.635565497
-90.797759569 0.653509833
-90.756988085 0.630601304
-90.744496223 0.585394598
-78.899281379 1.271429755
-78.912505663 1.245266018
-78.936390754 1.256822007
-78.945952929 1.245591539
-78.956898567 1.236314195
-78.977162239 1.251776434
-78.992095507 1.268296617
-78.995432095 1.286810614
-78.980783658 1.308335679
-78.901682095 1.374172268
-78.901519335 1.364650783
-78.900135871 1.357977606
-78.895415819 1.346177476
-78.894439257 1.31264883
-78.899281379 1.271429755
-91.812733528 1.372381903
-91.817738411 1.368068752
-91.822621223 1.37103913
-91.82530677 1.377020575
-91.82534746 1.38271719
-91.819162564 1.386419989
-91.814564582 1.384711005
-91.810943163 1.377183335
-91.812733528 1.372381903
-91.81753496 1.39476146
-91.820464648 1.391343492
-91.822010871 1.39447663
-91.81753496 1.39476146
-78.684288087 1.281886698
-78.66467688 1.266642151
-78.641267456 1.25940745
-78.625557821 1.261991272
-78.611527669 1.266435445
-78.602148397 1.263644918
-78.600443075 1.244421285
-78.596619019 1.234085998
-78.575690064 1.211968486
-78.570057333 1.195845439
-78.55561377 1.204113668
-78.540601767 1.205353902
-78.485204631 1.1926415
-78.478122651 1.187119956
-78.466911174 1.178378805
-78.372808391 1.073785705
-78.3492181 1.055802307
-78.330071981 1.04650055
-78.270618246 1.030480855
-78.250154379 1.019628804
-78.120007284 0.921236878
-78.077942668 0.900773011
-78.007042603 0.898189189
-77.939036418 0.872557678
-77.928184367 0.872350972
-77.923068401 0.875038147
-77.918262492 0.87441803
-77.908547323 0.864186096
-77.904981649 0.85400584
-77.905291708 0.842895406
-77.90322465 0.832095032
-77.892630982 0.823051656
-77.869324911 0.814059957
-77.847982544 0.809254048
-77.827725383 0.808892314
-77.807623251 0.813026428
-77.727886515 0.843308818
-77.703185181 0.843102112
-77.673316203 0.819641012
-77.666804973 0.747707418
-77.64556596 0.716288147
-77.579833537 0.670916239
-77.543349976 0.656446838
-77.514137795 0.660531216
-77.509346884 0.66120107
-77.468057414 0.650865784
-77.454569865 0.60239329
-77.448161988 0.497283427
-77.439118612 0.463693746
-77.434726116 0.433824769
-77.424390829 0.40829661
-77.397467407 0.387626038
-77.362534139 0.374810283
-77.256132366 0.353209534
-77.237270467 0.346388245
-77.222542685 0.338843486
-77.206936402 0.334192607
-77.185180624 0.335432841
-77.134796102 0.354346416
-77.117432821 0.357550354
-77.10385608 0.354140948
-77.082861288 0.348868713
-77.044620728 0.305667216
-77.01490678 0.295641988
-76.97490922 0.294918518
-76.962455201 0.292851461
-76.945867066 0.287063701
-76.935686808 0.279829
-76.913879354 0.25781484
-76.896826132 0.245309143
-76.882460083 0.2401415
-76.867318889 0.239521382
-76.797865764 0.249960022
-76.785256714 0.248719788
-76.749599976 0.232700094
-76.734355428 0.233113505
-76.736887574 0.272904358
-76.724536906 0.277555237
-76.689965373 0.268150126
-76.641234497 0.262775778
-76.626868449 0.25853831
-76.611055461 0.247479553
-76.584338745 0.222571513
-76.565425172 0.216060283
-76.550800741 0.217920635
-76.524910848 0.231253154
-76.425692099 0.242725322
-76.408018758 0.254507548
-76.418354045 0.320860087
-76.415873577 0.395377503
-76.41639034 0.401888733
-76.406933554 0.400131735
-76.385332805 0.401475322
-76.37468746 0.403542378
-76.365385702 0.406953023
-76.340529338 0.436615296
-76.334948284 0.441679586
-76.329728964 0.444780172
-76.311590536 0.458526103
-76.300480103 0.461626689
-76.290506552 0.457182516
-76.262911337 0.428037008
-76.243687704 0.415427958
-76.223740601 0.406746318
-76.202088176 0.40178538
-76.177593547 0.400131735
-76.155837769 0.401268616
-76.14467566 0.400441793
-76.136304078 0.39672109
-76.130309611 0.386075745
-76.124676881 0.359617411
-76.119560914 0.351762594
-76.101319133 0.352692769
-76.075997681 0.360754293
-76.053466757 0.36354482
-76.04385494 0.348558655
-76.03951412 0.336673076
-75.972489787 0.251923727
-75.96752885 0.239314677
-75.962981324 0.220091044
-75.951974244 0.203967997
-75.927117879 0.181023662
-75.866346395 0.143506572
-75.857974813 0.12976064
-75.817873902 0.100098369
-75.789710246 0.0843887330001
-75.773225464 0.077774149
-75.753846802 0.073019918
-75.731625936 0.071159567
-75.708629924 0.0733299770001
-75.665505941 0.0831484990001
-75.646669881 0.0854222620001
-75.626774455 0.0789110310001
-75.610961467 0.0646483360001
-75.598249065 0.0503856410001
-75.587965455 0.0438744100001
-75.570137085 0.037983297
-75.523111532 -0.00397796599989
-75.464923869 -0.0397380569999
-75.440894329 -0.048109639
-75.421412313 -0.0621656289999
-75.365446737 -0.0728109739999
-75.30196224 -0.0960653689999
-75.283487915 -0.107020772
-75.295347656 -0.122316996
-75.317956096 -0.13833669
-75.330746013 -0.144641215
-75.344052694 -0.149085388
-75.360020712 -0.149912211
-75.39423051 -0.145054626
-75.402576254 -0.145778096
-75.429499675 -0.163658142
-75.455260377 -0.161177673
-75.52574703 -0.123247172
-75.539260418 -0.120043233
-75.553290568 -0.119836528
-75.571170614 -0.121696879
-75.586776896 -0.118699646
-75.605018677 -0.111361593
-75.623002076 -0.106607361
-75.637600668 -0.111464946
-75.643207561 -0.128828227
-75.638401652 -0.150945739
-75.628634807 -0.170479431
-75.619565593 -0.18091807
-75.610134644 -0.182985128
-75.588714763 -0.181331482
-75.578973755 -0.182675069
-75.566829794 -0.190013123
-75.545900839 -0.209753519
-75.533524333 -0.216058044
-75.512156128 -0.223086039
-75.496188111 -0.233111267
-75.48476762 -0.247684021
-75.452728231 -0.360648702
-75.434228069 -0.403023376
-75.405625163 -0.442400818
-75.38699581 -0.459970805
-75.375652833 -0.466998799
-75.365395061 -0.468755798
-75.353070232 -0.467722269
-75.347359986 -0.470926209
-75.343277547 -0.476817322
-75.304287679 -0.507099711
-75.300024374 -0.51175059
-75.294856731 -0.523222758
-75.290980998 -0.52797699
-75.285916708 -0.529010518
-75.276537436 -0.524152934
-75.272041585 -0.525703226
-75.260698609 -0.543479919
-75.257029582 -0.561980082
-75.260130168 -0.601254171
-75.259303345 -0.6095224
-75.256977906 -0.616757101
-75.255582642 -0.624301859
-75.2576497 -0.633190205
-75.266635392 -0.642692318
-75.266641398 -0.642698669
-75.278759522 -0.648899841
-75.289430706 -0.656031189
-75.293978231 -0.667916768
-75.292944703 -0.67773529
-75.288655558 -0.696132101
-75.288138794 -0.706260681
-75.290257528 -0.716492614
-75.296613729 -0.734476013
-75.29702714 -0.74698171
-75.252611247 -0.897876892
-75.252301189 -0.906868591
-75.253903158 -0.92412852
-75.252068645 -0.933430277
-75.244343018 -0.944799093
-75.23475704 -0.953170675
-75.227496501 -0.96309255
-75.227263958 -0.969810485
-75.23620398 -0.970430603
-75.283487915 -0.970430603
-75.325940105 -0.975494893
-75.348729411 -0.974978129
-75.35859961 -0.966916605
-75.364413208 -0.956891378
-75.378055787 -0.941181742
-75.40640031 -0.91513682
-75.412575643 -0.923921813
-75.425236369 -0.973324483
-75.455260377 -1.091146749
-75.485284384 -1.209072367
-75.51530839 -1.326997986
-75.545332398 -1.444820251
-75.560034343 -1.502594502
-75.573030966 -1.537321065
-75.580740097 -1.546639796
-75.596543742 -1.565743103
-75.65147579 -1.616696065
-75.691731731 -1.663618266
-75.741625326 -1.721702576
-75.79154476 -1.779890238
-75.841541707 -1.838077901
-75.891461142 -1.896265564
-75.941380575 -1.954453227
-75.991351685 -2.012640889
-76.041271119 -2.070725199
-76.091242229 -2.128912862
-76.150876832 -2.174594828
-76.210511434 -2.220276795
-76.27024939 -2.265855407
-76.329883993 -2.311537374
-76.389621949 -2.357322693
-76.449256551 -2.402901306
-76.50894283 -2.448583272
-76.56862911 -2.494265239
-76.62526648 -2.537673442
-76.669661558 -2.564588925
-76.684591025 -2.573640239
-76.776678427 -2.605782979
-76.902458862 -2.6498113
-77.028187622 -2.693736267
-77.154019735 -2.737661235
-77.279748495 -2.781689555
-77.405477254 -2.825614523
-77.531206014 -2.869642842
-77.656986451 -2.91356781
-77.78271521 -2.957492777
-77.810369412 -2.967149116
-77.849016073 -2.980643819
-77.867826294 -2.990255635
-77.94146521 -3.054541117
-78.042544312 -3.18993337
-78.090861776 -3.230034281
-78.104917766 -3.245433858
-78.135820273 -3.30465505
-78.148170939 -3.322431743
-78.184602824 -3.349510193
-78.196410889 -3.363669535
-78.196514242 -3.385580343
-78.184964559 -3.403770447
-78.169203247 -3.414932556
-78.156645874 -3.429298604
-78.154527141 -3.456790466
-78.163725546 -3.477254333
-78.179125123 -3.483765564
-78.196850139 -3.48758962
-78.212688966 -3.500508728
-78.226305705 -3.507019959
-78.235865846 -3.488829855
-78.249689291 -3.424544372
-78.257182373 -3.409558207
-78.26968807 -3.399532979
-78.313018759 -3.387440694
-78.333973552 -3.384546814
-78.350794231 -3.389611104
-78.361723796 -3.408524678
-78.36079362 -3.414932556
-78.354695801 -3.434569601
-78.35529008 -3.445525004
-78.362938192 -3.488726501
-78.375871848 -3.529348454
-78.377252564 -3.533684998
-78.395675212 -3.573785909
-78.402393148 -3.594353129
-78.404718588 -3.613783467
-78.4042535 -3.649750264
-78.400093547 -3.670110779
-78.400739502 -3.679825948
-78.408361776 -3.685613709
-78.421100017 -3.687784119
-78.425854249 -3.689437764
-78.426422689 -3.694605407
-78.426371013 -3.707214457
-78.413581095 -3.771809997
-78.419678915 -3.79103363
-78.444070191 -3.814804789
-78.452002524 -3.819869079
-78.464327353 -3.82565684
-78.470373495 -3.830204366
-78.480682943 -3.849531352
-78.487840129 -3.868651632
-78.497710327 -3.942652283
-78.497632813 -3.949576925
-78.501766927 -3.953711039
-78.515719564 -3.961359151
-78.528638673 -3.965389913
-78.540756795 -3.966320089
-78.551893067 -3.969213969
-78.562073324 -3.979755961
-78.56690507 -3.996189066
-78.565923218 -4.055720317
-78.57662024 -4.100058695
-78.637572592 -4.227389424
-78.647106894 -4.271107686
-78.655736857 -4.290641377
-78.674133668 -4.305937601
-78.682427735 -4.326918233
-78.681213339 -4.364435323
-78.673151815 -4.401539001
-78.660982016 -4.420659281
-78.637210856 -4.435128682
-78.639898031 -4.451251729
-78.655349285 -4.470165303
-78.669792847 -4.493419698
-78.672376669 -4.511816508
-78.671446493 -4.53176361
-78.672660889 -4.550987243
-78.681678427 -4.567110291
-78.708934776 -4.58510837
-78.71971228 -4.592225037
-78.811282918 -4.628708598
-78.853063315 -4.65227305
-78.898641928 -4.694234314
-78.917348796 -4.719969178
-78.928614258 -4.747461039
-78.927890788 -4.774849548
-78.905334025 -4.819808044
-78.900218059 -4.843682556
-78.910811727 -4.863526306
-78.933962769 -4.868693949
-78.960266073 -4.868900655
-78.980342367 -4.873964945
-78.99101355 -4.890398051
-79.002098145 -4.939128927
-79.009281169 -4.960109558
-79.035093547 -4.987498067
-79.063928996 -5.011372579
-79.082454997 -4.993079122
-79.093384563 -4.985120951
-79.104159098 -4.980056661
-79.114520224 -4.978816427
-79.130669109 -4.982847188
-79.140849366 -4.983260599
-79.158315999 -4.979333191
-79.191750652 -4.967654317
-79.209320638 -4.964760437
-79.233688694 -4.965647839
-79.28027238 -4.967344258
-79.303216716 -4.961246439
-79.317169353 -4.944399922
-79.327840536 -4.923264262
-79.341043864 -4.904247334
-79.349854696 -4.898459575
-79.369362549 -4.89112152
-79.378070028 -4.884816996
-79.383418539 -4.876238708
-79.389929769 -4.856498311
-79.395329957 -4.847609965
-79.412693238 -4.83479421
-79.433312135 -4.823942159
-79.450572063 -4.810196228
-79.457755086 -4.789008891
-79.460823144 -4.770455598
-79.46103654 -4.76916514
-79.487210653 -4.719969178
-79.498708659 -4.660644633
-79.527854167 -4.618063253
-79.527182373 -4.596565857
-79.504134685 -4.555638122
-79.501628377 -4.540962016
-79.507209432 -4.531556905
-79.527544108 -4.519671325
-79.551625326 -4.519878032
-79.557774822 -4.51657074
-79.572037516 -4.506028747
-79.579840658 -4.502308044
-79.630328533 -4.452491964
-79.657975423 -4.438746032
-79.694123088 -4.443603617
-79.728591269 -4.464067484
-79.795744792 -4.484738057
-79.832874309 -4.478950297
-79.857730673 -4.453318786
-79.878737142 -4.422002868
-79.904084432 -4.398645121
-79.93033606 -4.392030538
-79.956019247 -4.391720479
-79.982012493 -4.388619893
-80.009090943 -4.373840433
-80.02927059 -4.359681091
-80.061620036 -4.324437765
-80.079655111 -4.309038188
-80.096863363 -4.302837016
-80.117223878 -4.299116313
-80.133863688 -4.293948669
-80.140245728 -4.283096618
-80.143087932 -4.284130147
-80.183834798 -4.289401143
-80.194764364 -4.293121847
-80.205047974 -4.298186137
-80.213445394 -4.304904073
-80.221946167 -4.318960063
-80.232203939 -4.353996684
-80.239671183 -4.369809672
-80.255406657 -4.386759542
-80.332301189 -4.445670674
-80.373254761 -4.467581482
-80.382866578 -4.476263122
-80.390747234 -4.476986592
-80.408498088 -4.477503356
-80.425112061 -4.47150889
-80.469967204 -4.446084086
-80.483532268 -4.4339918
-80.492291423 -4.413011169
-80.488544882 -4.395957947
-80.356304892 -4.220568135
-80.345271973 -4.198450622
-80.391419027 -4.20413503
-80.434723878 -4.216950785
-80.469605469 -4.213230082
-80.490766968 -4.168995056
-80.490689454 -4.159693298
-80.486839559 -4.140676371
-80.487175456 -4.13127126
-80.492601482 -4.118455506
-80.509060425 -4.095821228
-80.514073039 -4.083418884
-80.512293856 -4.065033997
-80.512212687 -4.064195252
-80.503582724 -4.039080505
-80.491981364 -4.014895935
-80.481077637 -3.998772888
-80.466143148 -3.988127543
-80.447694662 -3.982753194
-80.427463339 -3.981306254
-80.407102824 -3.982443136
-80.38645809 -3.988954366
-80.344264283 -4.011588643
-80.325505738 -4.015412699
-80.304628459 -4.005180766
-80.287807781 -3.98440684
-80.273286703 -3.961255798
-80.259075684 -3.943685811
-80.181147624 -3.90792572
-80.165257122 -3.890045674
-80.165073794 -3.880695937
-80.165050416 -3.879503683
-80.171096558 -3.873612569
-80.180062419 -3.867824809
-80.188769898 -3.857696227
-80.191457072 -3.84911794
-80.191457072 -3.830617777
-80.192723145 -3.821626079
-80.201559815 -3.80147227
-80.221636109 -3.769432881
-80.226312826 -3.749279073
-80.224452474 -3.741630961
-80.220189169 -3.734706319
-80.216856039 -3.726954854
-80.217863729 -3.717136332
-80.223987386 -3.698429463
-80.224943401 -3.690677999
-80.224943401 -3.680652771
-80.223289754 -3.671867777
-80.216778524 -3.652437439
-80.215202393 -3.642515564
-80.216390951 -3.63156016
-80.222127035 -3.61243988
-80.222282064 -3.601277771
-80.224995077 -3.59187266
-80.233676717 -3.587841899
-80.243546916 -3.58463796
-80.249980632 -3.577713318
-80.249903117 -3.569961853
-80.242125815 -3.542986755
-80.240265463 -3.523866476
-80.240291301 -3.514047953
-80.242668417 -3.505159607
-80.249076294 -3.497924906
-80.265561076 -3.491103617
-80.271633057 -3.485522563
-80.273880982 -3.464645283
-80.267783163 -3.443871358
-80.265664429 -3.426404724
-80.279746257 -3.415552673
-80.317625082 -3.405527445
-80.333903158 -3.39705251
-80.3407286664 -3.39349765352
-80.340728319 -3.393487238
-80.342884895 -3.386325779
-80.344105598 -3.3788388
-80.34105384 -3.368584894
-80.327626106 -3.360528253
-80.32144121 -3.348728123
-80.316477017 -3.334730727
-80.306874153 -3.320733331
-80.317005989 -3.348809503
-80.320546028 -3.35556406
-80.314320442 -3.376071873
-80.302316861 -3.366794529
-80.296701627 -3.335381769
-80.28644772 -3.320733331
-80.25910397 -3.348077081
-80.245513476 -3.342380467
-80.17316647 -3.327569269
-80.160715299 -3.328789972
-80.152495898 -3.330824477
-80.145171679 -3.331231378
-80.135568814 -3.327569269
-80.112782356 -3.3007138
-80.108265754 -3.29680755
-80.070464648 -3.218194269
-80.05988522 -3.204034113
-80.037505663 -3.208265883
-80.032866991 -3.232110284
-80.039947069 -3.279880467
-80.029204882 -3.27353281
-80.022572395 -3.263848566
-80.01691647 -3.252699477
-80.00894121 -3.241875909
-79.999826627 -3.234633071
-79.968006965 -3.21461354
-79.953195767 -3.197442316
-79.943470832 -3.176527602
-79.937977668 -3.153985284
-79.933338996 -3.115411066
-79.917062955 -3.079278253
-79.883412239 -3.025485935
-79.874867317 -3.005466404
-79.884836392 -2.98805104
-79.881214973 -2.965427342
-79.868031379 -2.926364842
-79.865834114 -2.908786717
-79.834584114 -2.806817316
-79.81346595 -2.768975519
-79.811187304 -2.762383722
-79.801380989 -2.740980727
-79.797678189 -2.717705988
-79.776437955 -2.659437758
-79.764963345 -2.642266534
-79.734974739 -2.611586196
-79.726429817 -2.59384531
-79.725087043 -2.569756769
-79.73151608 -2.525079034
-79.745025194 -2.490166925
-79.748280403 -2.484633071
-79.770171679 -2.485935154
-79.781483528 -2.484958592
-79.789540168 -2.481052342
-79.801625129 -2.462579034
-79.820912239 -2.408949477
-79.833404101 -2.389255467
-79.839466926 -2.377048435
-79.841297981 -2.362888279
-79.840443489 -2.30462005
-79.847157356 -2.258070571
-79.847564257 -2.245049738
-79.841420051 -2.223077081
-79.839833137 -2.209567967
-79.844471809 -2.203545831
-79.846099413 -2.199476821
-79.858794726 -2.182386977
-79.861887174 -2.17962005
-79.863392707 -2.172784113
-79.866363085 -2.16773854
-79.868641731 -2.160902602
-79.868031379 -2.148858331
-79.863026496 -2.137872003
-79.8564347 -2.129327081
-79.854115364 -2.120293878
-79.861887174 -2.108005467
-79.846424934 -2.091729425
-79.830637174 -2.087090753
-79.818348762 -2.079847915
-79.81346595 -2.056410415
-79.80589759 -2.045179946
-79.789377408 -2.037692967
-79.772857226 -2.026625258
-79.765614387 -2.004978123
-79.824940559 -2.038669529
-79.831369595 -2.043552342
-79.833973762 -2.052341404
-79.834584114 -2.070000909
-79.841908332 -2.073174738
-79.874338345 -2.075372003
-79.881703254 -2.083754165
-79.883412239 -2.091566665
-79.891957161 -2.115899347
-79.900461392 -2.155938409
-79.901844856 -2.184828383
-79.89574134 -2.213799738
-79.865305142 -2.266778253
-79.863026496 -2.297133071
-79.878570116 -2.491875909
-79.889149543 -2.532484633
-79.896107551 -2.543389581
-79.923491991 -2.573907159
-79.933216926 -2.580254816
-79.949330207 -2.585137628
-79.983998176 -2.605157159
-79.998402473 -2.608168227
-80.008452929 -2.603204034
-80.014312304 -2.5897763
-80.022287564 -2.587090753
-80.043690559 -2.589450779
-80.050852017 -2.587009373
-80.06358802 -2.577243748
-80.068918424 -2.560804946
-80.055531379 -2.545179946
-80.025705533 -2.525079034
-80.01659095 -2.504082941
-80.012115038 -2.489027602
-80.001779752 -2.480157159
-79.974842903 -2.477227472
-79.968495246 -2.481377863
-79.962513801 -2.489922784
-79.954945442 -2.497653904
-79.943755663 -2.498304946
-79.934193489 -2.492608331
-79.929676887 -2.48414479
-79.930409309 -2.473890883
-79.936350064 -2.462985935
-79.940825976 -2.483982029
-79.95433509 -2.479587498
-79.977935351 -2.456719659
-79.999867317 -2.459242446
-80.019846158 -2.469414972
-80.034331835 -2.473890883
-80.039947069 -2.459893488
-80.035755989 -2.437920831
-80.016957161 -2.395196222
-80.0126847 -2.37118906
-80.00894121 -2.358819269
-79.999908007 -2.353936456
-79.988514778 -2.351739191
-79.977935351 -2.34742604
-79.970366991 -2.33961354
-79.950021939 -2.307224217
-79.959217903 -2.309665623
-79.964344856 -2.312758071
-79.974842903 -2.323663019
-79.983143684 -2.327080988
-80.003407356 -2.325453383
-80.0126847 -2.326429946
-80.023996549 -2.334161066
-80.032866991 -2.346368097
-80.076039192 -2.457696222
-80.144276496 -2.553317967
-80.175119595 -2.586683852
-80.207590299 -2.600762628
-80.215077278 -2.613864842
-80.222564257 -2.623223566
-80.231800911 -2.62867604
-80.241363085 -2.628513279
-80.246571418 -2.624444269
-80.250314908 -2.618259373
-80.255360481 -2.611586196
-80.270008918 -2.605075779
-80.279611783 -2.612562758
-80.283111132 -2.629082941
-80.279611783 -2.649183852
-80.275786913 -2.65211354
-80.248524543 -2.679864191
-80.245025194 -2.688164972
-80.244252082 -2.699476821
-80.245432095 -2.721123956
-80.255482551 -2.73023854
-80.27843177 -2.727146092
-80.320546028 -2.710625909
-80.362782356 -2.674737238
-80.377512174 -2.666436456
-80.390451627 -2.653741144
-80.396311002 -2.649183852
-80.402577278 -2.647393488
-80.420399543 -2.644952081
-80.429798957 -2.642347915
-80.467884895 -2.617933852
-80.574086067 -2.492852472
-80.656646288 -2.415785415
-80.688864112 -2.405296029
-80.71805256 -2.391256954
-80.750515395 -2.392357753
-80.803456184 -2.37476979
-80.821888801 -2.366387628
-80.863921679 -2.329278253
-80.885975715 -2.320896092
-80.901722786 -2.321058852
-80.913644986 -2.318780206
-80.921213345 -2.309747003
-80.927113411 -2.275974217
-80.93480384 -2.260918878
-80.951161262 -2.237562758
-80.964995898 -2.223321222
-81.002064582 -2.193617446
-81.006174283 -2.187188409
-81.010894335 -2.176690363
-81.01301022 -2.166924738
-81.009185351 -2.162530206
-81.00121009 -2.164483331
-80.997547981 -2.168715102
-80.995432095 -2.173435154
-80.992095507 -2.176202081
-80.966664192 -2.182305597
-80.954660611 -2.183038019
-80.949330207 -2.186211847
-80.944295306 -2.203276791
-80.931286319 -2.217333016
-80.906342923 -2.216258381
-80.87057255 -2.203300896
-80.819661529 -2.162267919
-80.780702357 -2.142843413
-80.74497919 -2.102914608
-80.737446657 -2.043497174
-80.751552309 -2.013202028
-80.759510871 -1.982028904
-80.762521939 -1.973890883
-80.758076805 -1.963458464
-80.747258872 -1.961306622
-80.733185044 -1.953769677
-80.730213996 -1.929375909
-80.733021614 -1.903985284
-80.760572274 -1.797547837
-80.775624153 -1.755466404
-80.782134569 -1.736993097
-80.790923632 -1.721612238
-80.800363736 -1.710137628
-80.812245246 -1.691582941
-80.835764127 -1.633558852
-80.849517382 -1.615817967
-80.854074674 -1.602959894
-80.855580207 -1.588311456
-80.851551887 -1.576918227
-80.816489556 -1.552254753
-80.820790168 -1.528903904
-80.820546028 -1.49993255
-80.811520795 -1.491621346
-80.799624499 -1.480804759
-80.787369717 -1.477706596
-80.770861665 -1.477829953
-80.766534146 -1.464880203
-80.767042841 -1.450601602
-80.764906875 -1.431131262
-80.759782462 -1.413859531
-80.76429016 -1.390887026
-80.760016037 -1.376596629
-80.742662937 -1.368161968
-80.744256336 -1.343773382
-80.77404089 -1.302542717
-80.833589112 -1.231234577
-80.882150845 -1.145765883
-80.903248577 -1.094778515
-80.916180218 -1.065524768
-80.909610915 -1.044915052
-80.897538886 -1.032872909
-80.883512898 -1.021009454
-80.870511838 -1.00693659
-80.862871215 -0.997150888
-80.855290914 -0.987413463
-80.842359657 -0.973397791
-80.830445742 -0.959330923
-80.827186376 -0.95067319
-80.816365199 -0.946343557
-80.802279272 -0.950636334
-80.788204426 -0.950615023
-80.774138102 -0.9419561
-80.761166861 -0.936550726
-80.746022396 -0.939774389
-80.734137423 -0.935453457
-80.722245177 -0.931125514
-80.724374669 -0.939885311
-80.706001965 -0.948515146
-80.690874931 -0.949588743
-80.678962376 -0.939261473
-80.671400055 -0.936020514
-80.66384167 -0.926304457
-80.65304172 -0.923064663
-80.643321843 -0.937097955
-80.634680616 -0.939254298
-80.616320399 -0.941408097
-80.591484708 -0.931688218
-80.569883135 -0.912242571
-80.547211962 -0.888489751
-80.532826301 -0.826267185
-80.529042121 -0.806735935
-80.515911914 -0.742090067
-80.497561626 -0.692437545
-80.474899483 -0.647113445
-80.462473111 -0.617933852
-80.457609869 -0.612543678
-80.448969097 -0.606060153
-80.434930998 -0.603898059
-80.421991647 -0.599599733
-80.419838693 -0.625512979
-80.405824603 -0.646034025
-80.378798063 -0.65788542
-80.352871631 -0.661117856
-80.29900695 -0.662228621
-80.29899605 -0.650355189
-80.326949533 -0.642759214
-80.357175565 -0.636277968
-80.377700898 -0.636283701
-80.391737229 -0.625486673
-80.40253841 -0.597418193
-80.415559641 -0.57375347
-80.429582997 -0.568350741
-80.43712542 -0.557538115
-80.43821882 -0.533825281
-80.448976572 -0.505675045
-80.452056444 -0.476739191
-80.46623891 -0.44517071
-80.484596509 -0.423590784
-80.496463548 -0.381374053
-80.485650432 -0.367220491
-80.465156151 -0.365253927
-80.43272474 -0.339187024
-80.401469465 -0.29191957
-80.391346809 -0.274346613
-80.388783332 -0.260837498
-80.37988295 -0.239015818
-80.371232335 -0.222830503
-80.349658207 -0.215264483
-80.336695247 -0.194756032
-80.323695252 -0.173172608
-80.305350456 -0.189366936
-80.283722679 -0.178574947
-80.259943256 -0.160218462
-80.23184786 -0.139698741
-80.172334612 -0.0748765029999
-80.124826627 -0.0136044249999
-80.107899543 0.00706614800015
-80.100819465 0.0269229190001
-80.09878496 0.0392113300001
-80.093820767 0.0434431010001
-80.087269661 0.045599677
-80.066458957 0.0522097790001
-80.051349092 0.0899924610001
-80.042720477 0.123460201
-80.036976692 0.17597077
-80.038400845 0.200018622
-80.046213345 0.242621161
-80.048491991 0.318304755
-80.039377408 0.344712632
-80.039051887 0.353338934
-80.036529101 0.357082424
-80.025705533 0.351874091
-80.021107551 0.346909898
-80.017323371 0.339544989
-80.0126847 0.324530341
-80.005238411 0.324530341
-80.003732877 0.337062893
-79.99347897 0.356634833
-79.990956184 0.365464585
-79.99331621 0.378119208
-79.999134895 0.38690827
-80.0126847 0.400213934
-80.03644772 0.439154364
-80.043568489 0.458929755
-80.046213345 0.479071356
-80.043365038 0.501206773
-80.03644772 0.512681382
-80.027577278 0.522121486
-80.018910286 0.538031317
-80.016957161 0.558905341
-80.022368944 0.579169012
-80.029530403 0.596625067
-80.03636634 0.62523021
-80.045399543 0.637152411
-80.059437629 0.64468008
-80.077504036 0.647284247
-80.090321418 0.652167059
-80.099191861 0.66421133
-80.104969856 0.67967357
-80.108265754 0.695054429
-80.108631965 0.738104559
-80.097279426 0.780340887
-80.075835741 0.816148179
-80.046213345 0.839667059
-80.029123502 0.831040757
-80.014475064 0.829291083
-79.981312629 0.83222077
-79.966420051 0.836493231
-79.946766731 0.854803778
-79.933216926 0.858954169
-79.9189347 0.861232815
-79.893869595 0.87103913
-79.862172004 0.876410223
-79.843332486 0.89057038
-79.830799934 0.893744208
-79.823394335 0.897447007
-79.792958137 0.921616929
-79.785755989 0.929185289
-79.772938606 0.947821356
-79.765614387 0.955145575
-79.741810676 0.965969143
-79.681955533 0.984930731
-79.655751106 1.003607489
-79.650380012 0.993353583
-79.649973111 0.984198309
-79.670074023 0.921616929
-79.665435351 0.906683661
-79.657134569 0.897935289
-79.646636523 0.89069245
-79.635324674 0.880072333
-79.621896939 0.852932033
-79.614857551 0.845282294
-79.631214973 0.890122789
-79.644113736 0.901068427
-79.648304817 0.907416083
-79.648264127 0.912990627
-79.643137174 0.922186591
-79.642160611 0.927883205
-79.643666145 0.952948309
-79.641428189 0.971991278
-79.632679817 0.986029364
-79.614857551 0.99607982
-79.571766731 0.983710028
-79.52448483 1.010443427
-79.456532356 1.072455145
-79.435047981 1.07802969
-79.364654101 1.072455145
-79.355946418 1.074530341
-79.33315996 1.083482164
-79.323394335 1.085516669
-79.296050585 1.085028387
-79.283436653 1.087103583
-79.272206184 1.092962958
-79.248158332 1.080267645
-79.21983802 1.084214585
-79.191151496 1.094142971
-79.165760871 1.099798895
-79.147328254 1.10956452
-79.071848111 1.209540106
-79.057240364 1.217515367
-79.032582161 1.209051825
-79.013050911 1.192775783
-79.000477668 1.172308661
-78.993763801 1.147894598
-78.991688606 1.119696356
-78.972564257 1.129828192
-78.96214759 1.14468008
-78.957753059 1.163397528
-78.954579231 1.207342841
-78.948394335 1.21881745
-78.939523892 1.227972723
-78.928944465 1.243150132
-78.925648567 1.23460521
-78.919789192 1.23065827
-78.911691861 1.231268622
-78.901682095 1.236314195
-78.892648892 1.244777736
-78.891224739 1.251857815
-78.89167233 1.259711005
-78.88801022 1.270453192
-78.871693489 1.28896719
-78.855051236 1.291652736
-78.812855598 1.27728913
-78.820139127 1.291734117
-78.838042773 1.296454169
-78.858957486 1.298570054
-78.874989387 1.305243231
-78.881947395 1.319281317
-78.878488736 1.332464911
-78.869699674 1.344142971
-78.832346158 1.381333726
-78.826568163 1.3945987
-78.827015754 1.409735419
-78.830555793 1.423325914
-78.828684049 1.434312242
-78.8286544484 1.43432624323
-78.769967611 1.394102072
-78.748986979 1.36485321
-78.719479736 1.341056214
-78.709196126 1.32415802
-78.699351766 1.302040507
-78.684288087 1.281886698
-91.999826627 1.651190497
-92.006662564 1.649603583
-92.011586067 1.658636786
-92.006092903 1.664374091
-91.999826627 1.659979559
-91.999826627 1.651190497
