-9.722115031 8.435636088
-9.718187622 8.438271586
-9.717980917 8.45268931
-9.715500448 8.473334046
-9.703253133 8.487260844
-9.683512736 8.487054138
-9.663513957 8.477855734
-9.650543172 8.464807434
-9.645117147 8.443413392
-9.653385376 8.431450297
-9.66651119 8.422381084
-9.675916301 8.409642843
-9.677259888 8.391530254
-9.668371542 8.388739726
-9.653385376 8.392098694
-9.636125448 8.392563782
-9.628063924 8.391633607
-9.619537313 8.392718811
-9.612147583 8.396336161
-9.607341675 8.402924907
-9.600158651 8.410883077
-9.592045451 8.405095317
-9.57917802 8.387292786
-9.52905188 8.366312155
-9.511481893 8.353780619
-9.504350546 8.346158346
-9.499131226 8.343471172
-9.511481893 8.336133118
-9.515616008 8.334376119
-9.522282267 8.330681254
-9.528483439 8.325720317
-9.539387167 8.314584045
-9.530188762 8.305979919
-9.525124471 8.295437928
-9.521248739 8.284405009
-9.515616008 8.27440562
-9.510758423 8.270064799
-9.509156454 8.265594788
-9.5108101 8.261047262
-9.515616008 8.256603088
-9.52543453 8.2407901
-9.531894084 8.212316386
-9.530137086 8.185496318
-9.515616008 8.174876811
-9.491328085 8.16996755
-9.48140621 8.164696554
-9.478098918 8.152785137
-9.478047241 8.14128713
-9.459805461 8.068785096
-9.461872518 8.05842397
-9.472776245 8.040363058
-9.474223185 8.028813375
-9.462182577 8.043463644
-9.451537232 8.051757711
-9.440943563 8.050569153
-9.429264689 8.036900737
-9.424148722 8.026177877
-9.422340047 8.015790914
-9.424562134 8.005817363
-9.431745158 7.996567281
-9.433092533 7.993468319
-9.446007854 7.950058492
-9.448436645 7.907838847
-9.4386698 7.866239319
-9.415673788 7.824433085
-9.389680542 7.791463522
-9.380998902 7.774410299
-9.355470744 7.741905823
-9.366374471 7.71617096
-9.37624467 7.680565898
-9.374694377 7.64692454
-9.35350704 7.622429911
-9.364410767 7.614265035
-9.372989055 7.601345927
-9.378776815 7.586256409
-9.383660238 7.559539694
-9.390817424 7.548222555
-9.408697469 7.527448629
-9.40492509 7.513599345
-9.413400024 7.492256979
-9.436085979 7.458563945
-9.456704875 7.443061015
-9.466213338 7.433449199
-9.4702441 7.420995178
-9.470864217 7.4073526
-9.473499716 7.395570374
-9.479700887 7.385390116
-9.490707967 7.376036682
-9.487098761 7.37320414
-9.486625529 7.372832743
-9.4783573 7.376915182
-9.449263469 7.405078837
-9.438101359 7.421563619
-9.418722697 7.387767232
-9.407353882 7.378052063
-9.392264364 7.399859518
-9.386476603 7.401668193
-9.381412313 7.404975485
-9.379241902 7.415827535
-9.375159465 7.419289856
-9.36596106 7.421098531
-9.349217896 7.421563619
-9.335006877 7.419651591
-9.327772177 7.41706777
-9.319400594 7.411951803
-9.312424275 7.403321838
-9.305499634 7.383478089
-9.299505168 7.376605123
-9.283795533 7.374072978
-9.249714925 7.383064677
-9.234341186 7.381307678
-9.219871785 7.360998841
-9.206280884 7.298367005
-9.181476197 7.275681051
-9.175430054 7.274595846
-9.153079997 7.275474345
-9.147473104 7.271391907
-9.146904664 7.254080302
-9.139153198 7.247879131
-9.119619507 7.237957255
-9.116053834 7.224676412
-9.125407268 7.190208232
-9.113935099 7.200388489
-9.106085324 7.202975005
-9.100447551 7.204832662
-9.086391561 7.207209778
-9.073110718 7.211343893
-9.059261434 7.22136912
-9.046652385 7.232737936
-9.032854778 7.240282695
-9.015698201 7.238887431
-9.007636678 7.243486633
-8.985467489 7.25004954
-8.981023315 7.250566305
-8.977716024 7.266224263
-8.973116821 7.267671203
-8.962574829 7.262968648
-8.95720048 7.286481425
-8.944384725 7.278678284
-8.925419474 7.2486026
-8.912190308 7.250152893
-8.868885457 7.266637675
-8.857826701 7.273045553
-8.851367147 7.292889302
-8.855914673 7.311854554
-8.863304403 7.329889628
-8.86537146 7.346891175
-8.860617228 7.357639873
-8.851625529 7.371489156
-8.833409587 7.393865051
-8.824030314 7.399807842
-8.807700561 7.404510397
-8.799225626 7.412210185
-8.795453247 7.421098531
-8.793954631 7.441510722
-8.790388957 7.45081248
-8.784394491 7.455721741
-8.756489217 7.472413228
-8.739539347 7.490551656
-8.729617472 7.508690084
-8.72574174 7.528533834
-8.726826945 7.551839905
-8.72951412 7.556387431
-8.734009969 7.557679342
-8.738040731 7.559488017
-8.739177613 7.565689189
-8.737368938 7.571425272
-8.731477824 7.581760559
-8.730030884 7.587444967
-8.727576253 7.6220165
-8.72067745 7.64273875
-8.694477499 7.674416402
-8.686571004 7.694363505
-8.567405151 7.68821401
-8.572779501 7.650748597
-8.566526652 7.623411763
-8.547819783 7.600777487
-8.515625366 7.577161357
-8.48544633 7.5579894
-8.443640096 7.537112122
-8.425605022 7.501920471
-8.405141155 7.431278788
-8.393048869 7.334333802
-8.38767452 7.314955139
-8.381059937 7.303017884
-8.364006714 7.278884989
-8.35754716 7.2657075
-8.349692342 7.23470164
-8.344989787 7.226795146
-8.333000855 7.211860657
-8.328970093 7.204005839
-8.328453329 7.197391256
-8.330572062 7.18473053
-8.32974524 7.178322652
-8.326231242 7.172069804
-8.311503459 7.157290344
-8.305353963 7.146903382
-8.302615113 7.137601624
-8.301219849 7.113210348
-8.28411495 7.01786733
-8.286647095 6.993786112
-8.294140178 6.984381002
-8.314552368 6.968568013
-8.319978394 6.959989726
-8.321218628 6.94226471
-8.319978394 6.925831604
-8.32090857 6.910173645
-8.333672648 6.88257843
-8.328763387 6.875085347
-8.320598511 6.869659322
-8.315715088 6.863819885
-8.31496578 6.85028066
-8.316619426 6.836276347
-8.324991008 6.80625234
-8.337496704 6.777261862
-8.3517594 6.755351054
-8.441645674 6.655310175
-8.461313436 6.633420512
-8.533557089 6.576343892
-8.54714799 6.560039978
-8.54947343 6.560143331
-8.566113241 6.550919088
-8.567198446 6.550609029
-8.566113241 6.549058737
-8.570609091 6.535131938
-8.572727824 6.530842794
-8.577327026 6.528026429
-8.589367635 6.526062724
-8.594121867 6.523892314
-8.618719849 6.492834778
-8.601847493 6.491749572
-8.592106487 6.489682516
-8.568076945 6.490405985
-8.556501425 6.487021179
-8.545339315 6.477202657
-8.515625366 6.437592672
-8.497228557 6.431365662
-8.484774536 6.441571757
-8.476919719 6.460149435
-8.472372193 6.478649597
-8.467514608 6.487072856
-8.461210084 6.482887065
-8.449634562 6.467926737
-8.418266968 6.451209412
-8.405089478 6.436326599
-8.406484742 6.430538839
-8.413874471 6.424182638
-8.419042115 6.407646179
-8.41723344 6.398189392
-8.40824174 6.379921774
-8.405967977 6.372247824
-8.410980591 6.36317861
-8.420153158 6.358088481
-8.423692993 6.351990662
-8.411807414 6.340027568
-8.401058716 6.350440369
-8.388811402 6.355091247
-8.376564087 6.354729513
-8.365970418 6.350078634
-8.352947957 6.361059876
-8.342612671 6.356951599
-8.332949178 6.345970357
-8.32235551 6.336461894
-8.317497925 6.336978659
-8.314190633 6.341526184
-8.310004842 6.34462677
-8.302718466 6.340647685
-8.297705851 6.332586161
-8.29656897 6.324395447
-8.29656897 6.317496643
-8.295070353 6.313362529
-8.285975302 6.310055237
-8.208486491 6.292536927
-8.196575074 6.28814443
-8.185723023 6.281839905
-8.179056763 6.27685313
-8.170581828 6.274010926
-8.154355428 6.274217631
-8.140609498 6.277576599
-8.118285278 6.289901428
-8.106606404 6.294681499
-8.060097616 6.301141053
-8.033019165 6.301761169
-8.015707561 6.297782084
-7.999377808 6.286697489
-7.934885621 6.271427104
-7.929511271 6.27075531
-7.925222127 6.272512309
-7.92054541 6.273804219
-7.914370077 6.271737163
-7.912664754 6.268429871
-7.910029256 6.256776835
-7.906566935 6.251996765
-7.862125203 6.216391703
-7.846622274 6.19747813
-7.844141805 6.183964742
-7.857370972 6.145388286
-7.862021851 6.124381815
-7.864502319 6.101695862
-7.861815145 6.081490377
-7.850911417 6.067563578
-7.850498006 6.072240296
-7.84088619 6.077356262
-7.828380494 6.080715231
-7.819388794 6.080095113
-7.809673625 6.071206767
-7.805694539 6.0620342
-7.802438924 6.039244893
-7.799234986 6.03567922
-7.793860636 6.03407725
-7.788744669 6.031493429
-7.786470906 6.02511139
-7.788589641 6.019788717
-7.797736369 6.014750265
-7.799958455 6.010151062
-7.800681926 5.981729024
-7.799648397 5.974468486
-7.786625936 5.958164572
-7.747145141 5.937597352
-7.734949504 5.925634258
-7.717172811 5.900752055
-7.703220174 5.907883403
-7.6915413 5.927727153
-7.680482544 5.940930481
-7.67402299 5.935737
-7.663119263 5.923102112
-7.648339803 5.911294047
-7.630614787 5.908606873
-7.62911617 5.904937846
-7.608497274 5.893698222
-7.605758423 5.893129781
-7.584157674 5.883698832
-7.579093384 5.877187602
-7.587206584 5.866774801
-7.579506795 5.860341085
-7.566277628 5.843727112
-7.559146281 5.839851379
-7.54757076 5.845432434
-7.535194254 5.855845235
-7.527778687 5.858842468
-7.531085979 5.84202179
-7.515583049 5.839231263
-7.508813436 5.826182963
-7.503904175 5.812101136
-7.494395711 5.806184184
-7.486644247 5.813806458
-7.481683309 5.830213725
-7.478582723 5.859875997
-7.446543336 5.845949198
-7.442047485 5.811274312
-7.448558716 5.769054668
-7.449488892 5.7323644
-7.431040406 5.653971253
-7.417962621 5.627756685
-7.396675578 5.585086568
-7.384118205 5.568963522
-7.405098836 5.572400004
-7.411920126 5.560359396
-7.407114217 5.541394145
-7.393626669 5.523979187
-7.413470418 5.522816468
-7.419981649 5.523126526
-7.40985186 5.51341697
-7.408147746 5.51178355
-7.413470418 5.503489482
-7.425149292 5.494161885
-7.432383993 5.479563294
-7.431712199 5.441917013
-7.436208049 5.431323344
-7.450212362 5.438713074
-7.449953979 5.422770895
-7.446026571 5.404916687
-7.439101929 5.387811788
-7.429696819 5.374298401
-7.414865682 5.365978495
-7.404375367 5.367993877
-7.39693396 5.366443583
-7.391456258 5.347685038
-7.38882076 5.328383891
-7.389750936 5.317144267
-7.395590373 5.306783142
-7.407682658 5.289859111
-7.41011145 5.283167013
-7.413780477 5.266708069
-7.418793091 5.260455221
-7.42850826 5.256140239
-7.4308337 5.259990133
-7.430885376 5.267534892
-7.434089315 5.27407196
-7.43517452 5.27929128
-7.43011023 5.284252217
-7.42850826 5.288153789
-7.439928752 5.290169169
-7.44240922 5.287378642
-7.468247437 5.273451844
-7.475688843 5.2642276
-7.47992631 5.255158387
-7.490468303 5.222188822
-7.48225175 5.175059916
-7.483026896 5.158239238
-7.48891801 5.140669251
-7.515841431 5.091809184
-7.529923259 5.097390238
-7.54684729 5.097700298
-7.563228719 5.090155538
-7.575786092 5.072068786
-7.578163208 5.054731344
-7.570360067 4.996879578
-7.570205038 4.996879578
-7.571600301 4.975382182
-7.564623983 4.961584575
-7.555322225 4.948432922
-7.549586141 4.929054261
-7.549534464 4.913887228
-7.553461874 4.914248963
-7.561781779 4.920165914
-7.57495927 4.921561178
-7.60550004 4.897428284
-7.605965128 4.887997335
-7.598833781 4.857094828
-7.600229045 4.845803528
-7.605861776 4.825132955
-7.605996507 4.817363425
-7.606016805 4.816192932
-7.601004191 4.80464325
-7.593407755 4.797434387
-7.585552938 4.791543274
-7.579558472 4.784282735
-7.576871298 4.775291036
-7.572478801 4.723356222
-7.576871298 4.509338277
-7.575424357 4.500346578
-7.572737183 4.491122335
-7.570928507 4.480709534
-7.572840535 4.455388082
-7.565709188 4.435208435
-7.564313925 4.425829163
-7.56741451 4.415933126
-7.57785315 4.397277934
-7.579196737 4.387149353
-7.573770711 4.375392965
-7.54066612414 4.35284458156
-7.541005012 4.352769273
-7.593251106 4.347235419
-7.608225064 4.349432684
-7.631662564 4.35927969
-7.644439257 4.361517645
-7.712717252 4.361517645
-7.721018033 4.364691473
-7.725412564 4.371771552
-7.728627082 4.37881094
-7.733225064 4.382025458
-7.749501106 4.383246161
-7.788726366 4.398911851
-7.801014778 4.40631745
-7.812326627 4.416083075
-7.818267382 4.427191473
-7.823801236 4.440741278
-7.832875129 4.452215887
-7.862904426 4.461371161
-7.886830207 4.480169989
-7.898019986 4.48444245
-7.914540168 4.486517645
-7.924427864 4.491685289
-7.932199674 4.498358466
-7.942005989 4.504868882
-7.959868944 4.512030341
-8.003163215 4.52350495
-8.037505663 4.528753973
-8.100331184 4.553290106
-8.222035286 4.568060614
-8.257313606 4.579982815
-8.300200976 4.627264716
-8.316029426 4.635199286
-8.335357226 4.638820705
-8.43854733 4.676174221
-8.549956835 4.754868882
-8.607533332 4.786932684
-8.7470597 4.837713934
-8.778146939 4.854315497
-8.848296679 4.913560289
-8.874338345 4.930121161
-8.905100064 4.944322007
-8.915516731 4.946275132
-8.936105924 4.955389716
-8.966786262 4.960109768
-8.991322395 4.967515367
-9.014800585 4.978461005
-9.031971809 4.991441148
-9.028716601 4.993638414
-9.028065559 4.994289455
-9.027821418 4.995428778
-9.025786913 4.998928127
-9.069650845 5.010972398
-9.104969856 5.031561591
-9.162261523 5.080877997
-9.178089973 5.091009833
-9.212757942 5.107407945
-9.243967252 5.130560614
-9.261952278 5.137274481
-9.278716601 5.145738023
-9.291981575 5.163478908
-9.278960741 5.163478908
-9.292144335 5.181626695
-9.312245246 5.192613023
-9.334462043 5.200995184
-9.354074674 5.21116771
-9.470814582 5.32046133
-9.477935351 5.335353908
-9.488514778 5.371649481
-9.497466601 5.389390367
-9.508046028 5.399603583
-9.524281379 5.410793361
-9.541818814 5.419826565
-9.556507942 5.423488674
-9.559396939 5.425034898
-9.587635871 5.430731512
-9.593658007 5.430324611
-9.59496009 5.440008856
-9.58307858 5.454901434
-9.580718554 5.464504299
-9.596994595 5.4883487
-9.696766731 5.546372789
-9.842111783 5.685451565
-9.979644335 5.798081773
-10.015207486 5.838120835
-10.022613085 5.844224351
-10.039947069 5.854315497
-10.046213345 5.861721096
-10.049061653 5.871771552
-10.044789192 5.884466864
-10.046213345 5.896429755
-10.055531379 5.911769924
-10.07127845 5.924790757
-10.089100715 5.933986721
-10.104237434 5.93744538
-10.114979621 5.943304755
-10.185699023 5.999090887
-10.226551887 6.043605861
-10.279896614 6.076971747
-10.29816647 6.084906317
-10.336008267 6.092230536
-10.353667773 6.102362372
-10.364125129 6.115668036
-10.361480273 6.129217841
-10.352284309 6.123521226
-10.344471809 6.122707424
-10.338124153 6.126776434
-10.333566861 6.136053778
-10.353627082 6.14061107
-10.367990689 6.151800848
-10.380604621 6.165350653
-10.39561927 6.176988023
-10.428130663 6.197007554
-10.444691536 6.203843492
-10.463937955 6.204982815
-10.463937955 6.197495835
-10.412180142 6.171047268
-10.389393684 6.152167059
-10.381947395 6.129217841
-10.397124804 6.147853908
-10.424875455 6.164618231
-10.456695116 6.177476304
-10.659413215 6.227484442
-10.788319465 6.29295482
-10.807850715 6.310858466
-10.800363736 6.327826239
-10.795562304 6.319647528
-10.79035397 6.313910223
-10.783070442 6.310003973
-10.772368944 6.307359117
-10.789051887 6.334947007
-10.792347786 6.359035549
-10.78233802 6.381415106
-10.759388801 6.404201565
-10.773671028 6.404201565
-10.784087694 6.401271877
-10.792347786 6.396226304
-10.800363736 6.389878648
-10.824330207 6.43773021
-10.857329882 6.47284577
-10.895904101 6.499009507
-11.053618944 6.584173895
-11.233062304 6.648098049
-11.353179491 6.701157945
-11.374867317 6.726874091
-11.375721809 6.766669012
-11.369943814 6.788885809
-11.368641731 6.798244533
-11.36827552 6.811346747
-11.381947395 6.836818752
-11.385609504 6.841782945
-11.404408332 6.847072658
-11.424224413 6.85932038
-11.441070116 6.873277085
-11.450795051 6.883368231
-11.476185676 6.919419664
-11.44449052 6.933944804
-11.436739054 6.938544007
-11.438857788 6.963865458
-11.434671997 6.980815328
-11.407283488 6.996369934
-11.397723348 7.01280304
-11.391522176 7.03176829
-11.38930009 7.046702779
-11.39291744 7.066856588
-11.389713501 7.073522848
-11.367906047 7.07595164
-11.360464641 7.078638815
-11.355141968 7.08406484
-11.353126587 7.092798157
-11.356433879 7.10535553
-11.370593221 7.128403218
-11.373228719 7.138841858
-11.370128133 7.142614238
-11.352041382 7.159254049
-11.317211467 7.213565979
-11.30020992 7.217079977
-11.217889364 7.254080302
-11.2092594 7.262193502
-11.144213026 7.345193486
-11.126318726 7.368026836
-10.977904012 7.484918925
-10.937027954 7.507759909
-10.8989941 7.516493225
-10.885713257 7.522177633
-10.874602824 7.530859273
-10.864025143 7.543683809
-10.730580607 7.705473939
-10.692598429 7.737565003
-10.645417846 7.763041483
-10.63813147 7.765521952
-10.615187134 7.76903595
-10.617667603 8.0107783
-10.616220663 8.02250885
-10.612138225 8.031862284
-10.603146525 8.039226176
-10.577825073 8.053152975
-10.567179729 8.063204041
-10.54397701 8.106069642
-10.529249227 8.124285584
-10.50573645 8.135835266
-10.485737671 8.138858338
-10.405070761 8.139271749
-10.384555217 8.142113953
-10.364918173 8.148211772
-10.34553951 8.159348043
-10.320941529 8.183119202
-10.318151002 8.201645203
-10.326005819 8.221540629
-10.333292196 8.249755962
-10.331276815 8.272286885
-10.313655151 8.310346578
-10.282907674 8.432948914
-10.28223588 8.484625346
-10.271332154 8.484108582
-10.260841838 8.485917257
-10.240274617 8.493746236
-10.2324198 8.477054749
-10.21562496 8.486589051
-10.181828572 8.519584453
-10.164878703 8.524648743
-10.14798051 8.524287008
-10.091084757 8.510101828
-10.076098592 8.501497701
-10.069277303 8.486873271
-10.079354208 8.43995107
-10.075013387 8.426644389
-10.061680867 8.422174377
-10.040390178 8.425662537
-10.000185913 8.449304504
-9.96111853 8.479561056
-9.944168661 8.488346049
-9.928148967 8.493436178
-9.911354126 8.495658264
-9.891872112 8.495916646
-9.886911173 8.496640117
-9.872803507 8.50036082
-9.868152628 8.498087057
-9.86350175 8.493539531
-9.858644165 8.487054138
-9.849704143 8.489689636
-9.831617392 8.499017233
-9.806812704 8.506251933
-9.805469117 8.512789002
-9.808828084 8.520462952
-9.808853923 8.528472799
-9.802006796 8.537180278
-9.794823771 8.544544169
-9.790017864 8.55307078
-9.790586304 8.565395609
-9.773584758 8.563018493
-9.763042765 8.549970195
-9.757306682 8.532710267
-9.750898804 8.48586558
-9.746299601 8.468063049
-9.735912638 8.450493063
-9.722115031 8.435636088
