0
24
53
72
119
140
272
452
481
564
577
624
636
655
670
698
714
732
798
812
925
960
973
980
2012
2036
2068
2079
2088
2135
2190
2283
2488
2578
2600
2615
2707
2716
2731
2744
2764
2795
2816
2829
2844
2863
2903
2909
2931
2948
2967
3015
3046
3058
3074
3164
3176
3200
3215
3233
3241
3251
3271
3283
3293
3304
3315
3325
4638
4654
4679
4690
4715
4828
4904
4923
4960
4979
4994
5046
5228
5259
5285
5304
5342
5369
5395
5417
5449
5467
5580
5598
5656
5693
5777
5811
5836
5851
5911
5949
5968
5985
6013
6978
7078
7091
7105
7144
7162
7236
7267
7291
7316
7333
7374
7421
7441
7458
7514
7529
7562
7590
7616
7668
7679
7773
7941
7957
7968
8035
8050
8070
8097
8109
8128
8142
8649
8685
8764
8781
8822
8836
8843
8905
8936
8956
8979
9005
9030
9054
10196
10210
10223
10267
10277
10292
10302
10338
10365
10378
33301
33337
33354
33388
33397
33760
33777
33795
33808
33843
33865
33888
33907
33969
34005
34041
34050
34477
34489
34518
34555
34598
34649
34703
34728
34757
34841
34857
34893
34929
35051
35147
35174
35211
35479
35501
35518
35545
35592
35657
35694
35760
35773
35799
35817
36097
36111
36187
36210
36257
36270
36290
36317
