-73.033929863 21.15673149
-73.097594233 21.081400047
-73.129821466 20.993662571
-73.151193814 20.982123114
-73.225564308 20.952463097
-73.268910286 20.958726304
-73.281605598 20.955064195
-73.291086392 20.950588283
-73.310454882 20.93764883
-73.317290819 20.93764883
-73.317290819 20.945054429
-73.310658332 20.950506903
-73.325434938 20.96133777
-73.346921556 20.96382728
-73.398957482 20.935761355
-73.433420377 20.93764883
-73.492614251 20.924457277
-73.536810588 20.941235914
-73.600819465 20.946519273
-73.615223762 20.944566148
-73.631420893 20.936681229
-73.635617997 20.929263247
-73.641449934 20.920330965
-73.645110125 20.912398909
-73.65161213 20.913781123
-73.663355894 20.921082134
-73.676141036 20.935162282
-73.678970421 20.945994936
-73.681433843 20.963241811
-73.682261183 20.985784991
-73.699956469 21.014327847
-73.703208512 21.019765722
-73.699909922 21.026871362
-73.670093656 21.029793419
-73.653335258 21.03988604
-73.647070818 21.061555161
-73.645173483 21.080532573
-73.656930802 21.09398319
-73.667861067 21.104998324
-73.667833141 21.1152231
-73.633444906 21.099701976
-73.613086697 21.106896778
-73.595860635 21.112644247
-73.584097065 21.121340698
-73.552887395 21.130204283
-73.545793575 21.149742968
-73.523698483 21.168271383
-73.514604336 21.186866653
-73.492625557 21.182085917
-73.472767707 21.192694403
-73.443592903 21.192938544
-73.433338996 21.193264065
-73.423207161 21.197902736
-73.412912564 21.205145575
-73.398182746 21.224839585
-73.389881965 21.233303127
-73.386219856 21.228989976
-73.379790819 21.208197333
-73.363880989 21.190252997
-73.343834196 21.165413185
-73.317943502 21.154067681
-73.255152397 21.135060132
-73.233080777 21.147964784
-73.211023691 21.15807359
-73.160961196 21.169862973
-73.137734704 21.197670598
-73.117384044 21.236701323
-73.068186002 21.309881903
-73.053049283 21.329291083
-73.033762174 21.340399481
-73.012196418 21.33201732
-73.004628059 21.314439195
-73.005726692 21.291449286
-73.025542773 21.184556382
-73.033929863 21.15673149
-73.043724982 21.42606686
-73.053045752 21.42490354
-73.054948074 21.435439992
-73.052174324 21.447796365
-73.059309251 21.467041444
-73.072430818 21.486336651
-73.076234368 21.506795732
-73.066184129 21.514148289
-73.042817681 21.521400826
-73.024037239 21.532171942
-73.006562242 21.552084944
-72.991525845 21.561997789
-72.982167121 21.556545315
-72.970026738 21.541885567
-72.959457332 21.533127982
-72.939571552 21.523055712
-72.919748502 21.514797268
-72.910438317 21.504850291
-72.914649798 21.4850622
-72.933428997 21.473451972
-72.970766391 21.469428091
-72.988229838 21.454092202
-72.999572145 21.451707711
-73.033663268 21.435888338
-73.043724982 21.42606686
-75.722075976 22.202582098
-75.718169726 22.195786851
-75.714711067 22.182928778
-75.721913215 22.175360419
-75.734364387 22.175034898
-75.742665168 22.183254299
-75.748524543 22.196682033
-75.749745246 22.204535223
-75.745025194 22.205755927
-75.739125129 22.203924872
-75.733021614 22.199774481
-75.733998176 22.205959377
-75.73949134 22.22284577
-75.736236132 22.224798895
-75.7314347 22.218207098
-75.722075976 22.202582098
-75.745961067 22.236029364
-75.749663866 22.234849351
-75.753407356 22.237372137
-75.751861132 22.263251044
-75.747547981 22.261460679
-75.744862434 22.244696356
-75.745961067 22.236029364
-75.802642382 22.353176174
-75.805490689 22.34760163
-75.813140429 22.356268622
-75.820179817 22.37132396
-75.823638476 22.385728257
-75.819569465 22.388413804
-75.81362871 22.377875067
-75.811675585 22.371568101
-75.807850715 22.365668036
-75.802642382 22.353176174
-73.106068489 22.43349844
-73.0908097 22.431586005
-73.09089108 22.4336612
-73.085113085 22.438177802
-73.077056444 22.442857164
-73.070220507 22.44525788
-73.063140429 22.444728908
-73.048247851 22.440130927
-73.039906379 22.439032294
-73.015207486 22.430487372
-72.963734504 22.397650458
-72.939930793 22.396877346
-72.944813606 22.40249258
-72.953602668 22.418605861
-72.920277473 22.402899481
-72.90363522 22.399074611
-72.892811653 22.404282945
-72.877105273 22.393011786
-72.861683723 22.38686758
-72.843739387 22.384344794
-72.820464648 22.383775132
-72.81379147 22.381008205
-72.80597897 22.374253648
-72.792836067 22.35960521
-72.783314582 22.353216864
-72.763661262 22.353216864
-72.75499427 22.349676825
-72.746164517 22.331284898
-72.750884569 22.311224677
-72.763824023 22.294867255
-72.779449023 22.288234768
-72.797230598 22.293646552
-72.843739387 22.33600495
-72.864003059 22.349920966
-72.87999427 22.358221747
-72.897572395 22.362250067
-72.92292233 22.3633487
-72.934193489 22.362127997
-72.949126757 22.357001044
-72.957020637 22.355902411
-72.968820767 22.358099677
-72.975331184 22.362982489
-72.980458137 22.367865302
-72.988352017 22.370184637
-73.009917773 22.365952867
-73.049549934 22.346625067
-73.073719856 22.342230536
-73.084299283 22.344387111
-73.09097246 22.349066473
-73.095936653 22.353705145
-73.101307746 22.355902411
-73.139149543 22.3633487
-73.156402148 22.367661851
-73.166005012 22.374212958
-73.163726366 22.383693752
-73.145375129 22.396877346
-73.151112434 22.403957424
-73.151519335 22.408596096
-73.145375129 22.418605861
-73.140695767 22.431545315
-73.142445442 22.442287502
-73.142241991 22.451361395
-73.131703254 22.459540106
-73.11457272 22.438544012
-73.106068489 22.43349844
-73.607618013 22.577255263
-73.625498004 22.574257902
-73.618177067 22.601249625
-73.605983409 22.609493955
-73.593794462 22.601993096
-73.607618013 22.577255263
-73.468736253 22.587662293
-73.475232945 22.586170179
-73.517439367 22.598202018
-73.536114698 22.603462445
-73.556418573 22.606473875
-73.558853314 22.611722827
-73.540980375 22.613960339
-73.523921268 22.616196299
-73.501185995 22.610929788
-73.478461994 22.601163606
-73.468736253 22.587662293
-74.354725715 22.563299872
-74.385568814 22.541449286
-74.376698371 22.584377346
-74.347645637 22.612941799
-74.312001106 22.638332424
-74.283762174 22.67182038
-74.288929817 22.643744208
-74.31753496 22.602484442
-74.354725715 22.563299872
-73.84487871 22.720200914
-73.86847897 22.681463934
-73.879709439 22.67182038
-73.88019772 22.681870835
-73.883697069 22.689846096
-73.890248176 22.69546133
-73.89952552 22.698472398
-73.896066861 22.684881903
-73.88780677 22.67182038
-73.876942512 22.665472723
-73.865386523 22.67182038
-73.858631965 22.657171942
-73.849476692 22.582464911
-73.843983528 22.567124742
-73.831206835 22.541449286
-73.848378059 22.537583726
-73.855580207 22.520656643
-73.859120246 22.498724677
-73.865386523 22.480047919
-73.875152148 22.468491929
-73.889556444 22.455023505
-73.904774543 22.443752346
-73.916900194 22.439032294
-73.928374804 22.430121161
-73.961577929 22.370184637
-74.013783332 22.330064195
-74.023019986 22.325751044
-74.033599413 22.325018622
-74.094390429 22.301906643
-74.119374153 22.29686107
-74.134673632 22.283880927
-74.159657356 22.246649481
-74.167713996 22.23843008
-74.194162564 22.216864325
-74.20425371 22.212469794
-74.226918098 22.209214585
-74.244740364 22.200384833
-74.276966926 22.171535549
-74.278228319 22.180568752
-74.276966926 22.215887762
-74.272450325 22.225734768
-74.261952278 22.228501695
-74.222523567 22.225531317
-74.214100715 22.229193427
-74.183908658 22.25409577
-74.183094856 22.260484117
-74.193714973 22.267767645
-74.193714973 22.273911851
-74.174143033 22.285549221
-74.167062955 22.288234768
-74.17292233 22.289862372
-74.177479621 22.291693427
-74.180490689 22.295314846
-74.181304491 22.301906643
-74.16120358 22.309230861
-74.131825325 22.325913804
-74.108713345 22.329169012
-74.103342252 22.332424221
-74.092396614 22.346502997
-74.07917233 22.355169989
-74.080230273 22.367743231
-74.084055142 22.381537177
-74.083851692 22.39061107
-74.065419075 22.397528387
-74.038075325 22.400213934
-74.013335741 22.405829169
-74.002552864 22.421698309
-73.998402473 22.445868231
-73.986927864 22.457505601
-73.969349739 22.462225653
-73.947336392 22.465765692
-73.907704231 22.479437567
-73.88019772 22.502915757
-73.870838996 22.53530508
-73.885894335 22.575588283
-73.913441536 22.594468492
-73.984527148 22.595607815
-74.016224739 22.610337632
-74.031239387 22.623683986
-74.029530403 22.627427476
-74.017445442 22.645493882
-74.010853645 22.651271877
-74.003570116 22.655096747
-73.995716926 22.657538153
-74.002105273 22.66404857
-74.016224739 22.684881903
-73.983143684 22.67597077
-73.975249804 22.67182038
-73.971913215 22.682928778
-73.964507616 22.6914737
-73.955555793 22.69537995
-73.947336392 22.692287502
-73.941273567 22.696478583
-73.93854733 22.697902736
-73.934315559 22.698472398
-73.934315559 22.705959377
-73.94249427 22.708075262
-73.945871549 22.710191148
-73.948557095 22.713771877
-73.954741991 22.720200914
-73.903146939 22.719671942
-73.878488736 22.723334052
-73.851714648 22.733303127
-73.850656705 22.729437567
-73.850209114 22.726223049
-73.84878496 22.723130601
-73.84487871 22.720200914
-74.193714973 22.761175848
-74.190174934 22.760239976
-74.177967903 22.76170482
-74.173898892 22.761175848
-74.171783007 22.758246161
-74.167062955 22.746893622
-74.147531705 22.740668036
-74.111643033 22.7383487
-74.090687629 22.733303127
-74.098133918 22.746893622
-74.075917121 22.741888739
-74.016224739 22.720200914
-74.090687629 22.657538153
-74.094105598 22.665676174
-74.094593879 22.66787344
-74.104969856 22.67182038
-74.104074674 22.688299872
-74.122425911 22.685207424
-74.148426887 22.677801825
-74.222279426 22.695624091
-74.232574023 22.703517971
-74.248931444 22.720200914
-74.254465299 22.708482164
-74.266428189 22.698553778
-74.2783097 22.693182684
-74.283762174 22.69537995
-74.277984179 22.717027085
-74.278146939 22.728420315
-74.286854621 22.733303127
-74.351958788 22.822658596
-74.348215299 22.825873114
-74.346587694 22.829169012
-74.345855273 22.832586981
-74.344553189 22.836249091
-74.333566861 22.836859442
-74.316883918 22.842230536
-74.310414192 22.843166408
-74.298451301 22.83999258
-74.270090299 22.822658596
-74.260080533 22.82021719
-74.238352017 22.818426825
-74.228505012 22.815822658
-74.200550911 22.794663804
-74.197499153 22.786118882
-74.19635983 22.768500067
-74.193714973 22.761175848
-73.816965299 23.103827216
-73.741851366 23.096991278
-73.685699023 23.102484442
-73.666167773 23.096991278
-73.666167773 23.089544989
-73.755238411 23.072984117
-73.797352668 23.073797919
-73.816965299 23.103827216
-75.539784309 23.427679755
-75.523833788 23.404852606
-75.55980384 23.415594794
-75.601877408 23.423407294
-75.637318489 23.435492255
-75.65355384 23.459458726
-75.619984504 23.4570987
-75.576975064 23.445868231
-75.539784309 23.427679755
-79.514027473 23.495672919
-79.517567512 23.494045315
-79.536610481 23.506496486
-79.538400845 23.510239976
-79.514027473 23.495672919
-79.552886523 23.533758856
-79.554554817 23.533148505
-79.594349739 23.574652411
-79.588693814 23.571356512
-79.563343879 23.546698309
-79.552886523 23.533758856
-75.977040168 23.677435614
-75.968251106 23.664943752
-75.957183398 23.654852606
-75.944976366 23.648830471
-75.929310676 23.645819403
-75.908070442 23.645005601
-75.91144772 23.64077383
-75.913238085 23.637518622
-75.915882942 23.634670315
-75.921742317 23.631415106
-75.856312629 23.567287502
-75.808949348 23.541978257
-75.798207161 23.538641669
-75.78254147 23.507554429
-75.744943814 23.482733466
-75.661040819 23.452622789
-75.675363736 23.438544012
-75.698231575 23.444281317
-75.742990689 23.466945705
-75.793771939 23.470526434
-75.812733528 23.479559637
-75.804432746 23.500433661
-75.822987434 23.512396552
-75.841908332 23.528509833
-75.859242317 23.537543036
-75.873361783 23.528387762
-75.908070442 23.56240469
-75.945464648 23.588039455
-75.987700976 23.600816148
-76.037180142 23.596625067
-76.037180142 23.603461005
-76.007679817 23.611761786
-76.003041145 23.613999742
-76.00495358 23.622951565
-76.011586067 23.632025458
-76.010568814 23.637600002
-76.021148241 23.644110419
-76.029449023 23.655666408
-76.031483528 23.668524481
-76.023548957 23.679185289
-76.011219856 23.676947333
-76.002593554 23.680161851
-75.996083137 23.684556382
-75.989979621 23.685980536
-75.982248502 23.682684637
-75.977040168 23.677435614
-75.311594205 23.672349351
-75.252919075 23.582953192
-75.23932858 23.575100002
-75.221302864 23.556057033
-75.204579231 23.533351955
-75.194894986 23.514105536
-75.182728645 23.446437893
-75.170725064 23.429103908
-75.153228319 23.411200262
-75.094064908 23.305324611
-75.095570442 23.294989325
-75.087717252 23.285793361
-75.085113085 23.264064846
-75.085031705 23.219875393
-75.076893684 23.171698309
-75.059966601 23.141669012
-75.031605598 23.123358466
-74.94635983 23.09373607
-74.909657356 23.067328192
-74.84483802 23.00014883
-74.849110481 22.995021877
-74.854603645 22.985256252
-74.859120246 22.980292059
-74.847035286 22.970119533
-74.838449674 22.944403387
-74.833404101 22.91412995
-74.832020637 22.87494538
-74.833973762 22.864325262
-74.839955207 22.859930731
-74.852284309 22.863592841
-74.858062304 22.870550848
-74.865345832 22.904527085
-74.869048632 22.902167059
-74.878977017 22.897772528
-74.885487434 22.923814195
-74.914051887 22.970851955
-74.924427864 23.01170482
-74.933908658 23.025702216
-74.967640754 23.063869533
-74.978016731 23.072943427
-74.990549283 23.078558661
-75.104888476 23.099554755
-75.129750129 23.113999742
-75.142567512 23.123683986
-75.213978645 23.165472723
-75.229644335 23.171454169
-75.226714648 23.181219794
-75.222035286 23.190090236
-75.2158097 23.198228257
-75.207915819 23.206244208
-75.201730924 23.206244208
-75.191721158 23.191799221
-75.163563606 23.179022528
-75.1533097 23.165228583
-75.179066536 23.168605861
-75.187408007 23.171454169
-75.180572069 23.159857489
-75.170277473 23.149969794
-75.158314582 23.144191799
-75.146473762 23.14476146
-75.134266731 23.137274481
-75.115223762 23.122381903
-75.106109179 23.117499091
-75.09483802 23.114976304
-75.078684049 23.113674221
-75.068470832 23.116644598
-75.075103319 23.127386786
-75.132191536 23.185980536
-75.139637825 23.202826239
-75.135853645 23.229803778
-75.127430793 23.249253648
-75.11831621 23.265122789
-75.112945116 23.28131745
-75.113758918 23.305080471
-75.120350715 23.33193594
-75.131662564 23.355780341
-75.146473762 23.370754299
-75.150054491 23.366156317
-75.160755989 23.357001044
-75.159047004 23.380601304
-75.196888801 23.41014232
-75.194894986 23.432114976
-75.208363411 23.435248114
-75.220570442 23.439764716
-75.226877408 23.447251695
-75.222238736 23.459458726
-75.242502408 23.474310614
-75.250070767 23.490179755
-75.256337043 23.53514232
-75.276844856 23.582953192
-75.286488411 23.587632554
-75.293039517 23.585435289
-75.300160286 23.580471096
-75.311594205 23.576808986
-75.304758267 23.62494538
-75.310454882 23.639390367
-75.331410286 23.623968817
-75.322010871 23.637193101
-75.317860481 23.641546942
-75.311594205 23.645005601
-75.324126757 23.64866771
-75.332346158 23.641506252
-75.340321418 23.630804755
-75.35260983 23.623968817
-75.35260983 23.631415106
-75.342396614 23.641424872
-75.334584114 23.653143622
-75.330433723 23.667669989
-75.331410286 23.685980536
-75.32534746 23.684515692
-75.320301887 23.681626695
-75.315825976 23.677476304
-75.311594205 23.672349351
-74.787261523 23.684068101
-74.793690559 23.671332098
-74.803781705 23.66404857
-74.824940559 23.664943752
-74.824940559 23.658677476
-74.818714973 23.651068427
-74.836740689 23.650824286
-74.860747851 23.657904364
-74.872792121 23.672349351
-74.890858528 23.664740302
-74.923898892 23.664455471
-74.941639778 23.658677476
-74.945383267 23.681586005
-74.93862871 23.694322007
-74.92308509 23.701239325
-74.900054491 23.706488348
-74.849720832 23.720119533
-74.812367317 23.719671942
-74.799631314 23.714544989
-74.777211067 23.699652411
-74.787261523 23.684068101
-75.110707161 23.818670966
-75.117421028 23.815130927
-75.123646614 23.831000067
-75.117298957 23.845445054
-75.109038866 23.846909898
-75.106068489 23.842352606
-75.105783658 23.831447658
-75.110707161 23.818670966
-76.318959114 23.980210679
-76.3251847 23.974025783
-76.340199348 23.98818594
-76.358631965 24.02366771
-76.374989387 24.046576239
-76.387277799 24.076402085
-76.397613085 24.092515367
-76.401478645 24.102932033
-76.401478645 24.11737702
-76.376779752 24.101385809
-76.318959114 23.980210679
-74.4345597 24.045396226
-74.475493944 23.980210679
-74.478505012 23.991685289
-74.476714648 24.001613674
-74.468658007 24.021795966
-74.476918098 24.009995835
-74.491281705 23.969183661
-74.492298957 23.960394598
-74.558094856 23.953558661
-74.558094856 23.960394598
-74.541086392 23.980047919
-74.529652473 24.011053778
-74.525461392 24.045721747
-74.530140754 24.076402085
-74.529693163 24.100409247
-74.518706835 24.114935614
-74.50129147 24.123846747
-74.48176022 24.131048895
-74.476226366 24.135199286
-74.470773892 24.14069245
-74.464833137 24.143947658
-74.45815996 24.141302802
-74.443186002 24.116685289
-74.440785286 24.114243882
-74.43879147 24.103827216
-74.429676887 24.08978913
-74.427113411 24.083238023
-74.427723762 24.07416413
-74.433216926 24.054429429
-74.4345597 24.045396226
-77.802398241 24.244452216
-77.808420377 24.239447333
-77.825998502 24.234686591
-77.834217903 24.23456452
-77.838531054 24.237941799
-77.843576627 24.239691473
-77.853911913 24.234686591
-77.860829231 24.225246486
-77.870472786 24.197902736
-77.880686002 24.186265367
-77.893666145 24.177639065
-77.944569465 24.154242255
-77.962554491 24.152167059
-77.969064908 24.159572658
-77.974191861 24.172837632
-77.976226366 24.186835028
-77.973378059 24.196193752
-77.964222786 24.197170315
-77.951730924 24.193996486
-77.940581835 24.193589585
-77.935861783 24.20307038
-77.925933398 24.206447658
-77.871001757 24.240912177
-77.866281705 24.242743231
-77.850005663 24.251450914
-77.839670377 24.254584052
-77.798695442 24.254584052
-77.802398241 24.244452216
-77.941883918 24.240464585
-77.935861783 24.227240302
-77.95026608 24.2305362
-77.975575325 24.227118231
-77.990467903 24.227240302
-78.001332161 24.231431382
-78.01292884 24.239650783
-78.01691647 24.248439846
-78.004750129 24.254584052
-77.978749153 24.259222723
-77.952870246 24.270453192
-77.932199674 24.275702216
-77.921620246 24.262030341
-77.936390754 24.261542059
-77.94261634 24.253119208
-77.941883918 24.240464585
-76.471669075 24.227606512
-76.463002082 24.213609117
-76.481800911 24.213771877
-76.49315345 24.21881745
-76.535267707 24.268377997
-76.544585741 24.283026434
-76.544911262 24.295558986
-76.529530403 24.287420966
-76.520415819 24.274969794
-76.513417121 24.260891018
-76.503895637 24.247748114
-76.492054817 24.239203192
-76.481312629 24.23432038
-76.471669075 24.227606512
-77.748117642 24.131781317
-77.723540819 24.11737702
-77.707671679 24.123724677
-77.702259895 24.112738348
-77.704823371 24.094671942
-77.721262174 24.066229559
-77.724598762 24.053290106
-77.729847786 24.042629299
-77.744048632 24.035467841
-77.725453254 24.030666408
-77.709584114 24.043687242
-77.678537564 24.10175202
-77.657704231 24.123480536
-77.647857226 24.137884833
-77.643869595 24.157538153
-77.642730273 24.182806708
-77.639149543 24.206488348
-77.627349413 24.221096096
-77.607533332 24.218247789
-77.592600064 24.198228257
-77.580474413 24.173163153
-77.569325325 24.155259507
-77.556630012 24.141058661
-77.549468554 24.125921942
-77.546213345 24.108303127
-77.544300911 24.075262762
-77.539173957 24.054144598
-77.537993944 24.045396226
-77.539173957 24.033921617
-77.544300911 24.014715887
-77.545480924 24.004380601
-77.542225715 23.998846747
-77.528187629 23.979885158
-77.524973111 23.970363674
-77.528187629 23.958563544
-77.535227017 23.950588283
-77.542225715 23.945624091
-77.545480924 23.942694403
-77.55577552 23.938299872
-77.577544726 23.937811591
-77.597075976 23.930365302
-77.600697395 23.905096747
-77.565744595 23.927964585
-77.545033332 23.936590887
-77.524973111 23.933050848
-77.516509569 23.918850002
-77.522613085 23.881008205
-77.517486132 23.864162502
-77.534575976 23.828558661
-77.54792233 23.822251695
-77.572743293 23.829413153
-77.569447395 23.816839911
-77.551340299 23.803127346
-77.545480924 23.788397528
-77.546945767 23.774969794
-77.552601692 23.760239976
-77.55980384 23.747707424
-77.565907356 23.740668036
-77.597320116 23.73061758
-77.621205207 23.740057684
-77.642974413 23.754868882
-77.668324348 23.761135158
-77.651112434 23.741929429
-77.651437955 23.733140367
-77.660878059 23.720160223
-77.668324348 23.720160223
-77.684925911 23.741441148
-77.714588996 23.748724677
-77.778187629 23.746812242
-77.744048632 23.761135158
-77.749094205 23.778265692
-77.72769121 23.777736721
-77.675160286 23.761135158
-77.66905677 23.779242255
-77.658924934 23.792059637
-77.645008918 23.801459052
-77.591297981 23.824896552
-77.576161262 23.83584219
-77.576161262 23.847113348
-77.594064908 23.853461005
-77.611643033 23.844142971
-77.628570116 23.830267645
-77.644764778 23.823187567
-77.703114387 23.788397528
-77.699208137 23.785630601
-77.69627845 23.782212632
-77.720204231 23.784816799
-77.744292773 23.81639232
-77.764556444 23.823187567
-77.698841926 23.845119533
-77.665598111 23.86347077
-77.660878059 23.884670315
-77.675200976 23.870510158
-77.694813606 23.864691473
-77.747792121 23.864162502
-77.762074348 23.861558335
-77.774240689 23.856756903
-77.785878059 23.853705145
-77.798695442 23.856675523
-77.806792773 23.864691473
-77.812855598 23.876654364
-77.827463345 23.943915106
-77.828765429 23.969183661
-77.822580533 23.980210679
-77.83722897 23.984808661
-77.837757942 23.995917059
-77.833485481 24.009588934
-77.833485481 24.021795966
-77.84483802 24.033392645
-77.858631965 24.040961005
-77.866525845 24.047552802
-77.860096809 24.055975653
-77.860096809 24.06273021
-77.879628059 24.073960679
-77.942046679 24.096869208
-77.936105924 24.104478257
-77.929066536 24.111232815
-77.914702929 24.102525132
-77.909087694 24.105292059
-77.908273892 24.112616278
-77.908558723 24.11737702
-77.907948371 24.126776434
-77.910796679 24.131333726
-77.911000129 24.135809637
-77.902333137 24.14472077
-77.892160611 24.149644273
-77.865101692 24.157945054
-77.853911913 24.165838934
-77.849924283 24.174302476
-77.843413866 24.198879299
-77.839670377 24.206732489
-77.805409309 24.208929755
-77.792469856 24.213609117
-77.78237871 24.221584377
-77.778879361 24.227850653
-77.776722786 24.235581773
-77.77074134 24.247748114
-77.755726692 24.259263414
-77.714426236 24.275091864
-77.703114387 24.288723049
-77.675160286 24.302964585
-77.665842252 24.289496161
-77.658518033 24.27350495
-77.650217252 24.260158596
-77.63792884 24.254584052
-77.631214973 24.249090887
-77.640736457 24.237290757
-77.702463345 24.190252997
-77.726958788 24.177801825
-77.757720507 24.172593492
-77.757720507 24.165838934
-77.739979621 24.164496161
-77.732533332 24.157049872
-77.736927864 24.14862702
-77.754628059 24.14472077
-77.758534309 24.14077383
-77.748117642 24.131781317
-77.8486222 24.327582098
-77.867298957 24.319484768
-77.883697069 24.327337958
-77.883615689 24.341131903
-77.869211392 24.346828518
-77.839751757 24.350083726
-77.832834439 24.349554755
-77.83702552 24.342189846
-77.8486222 24.327582098
-77.682443814 24.352769273
-77.682606575 24.34393952
-77.690337694 24.338446356
-77.700591601 24.341498114
-77.711252408 24.347479559
-77.71983802 24.350775458
-77.737538215 24.349676825
-77.748036262 24.345933335
-77.767689582 24.326605536
-77.786854621 24.314601955
-77.799794075 24.317287502
-77.804432746 24.327215887
-77.798695442 24.337103583
-77.776682095 24.347154039
-77.758046028 24.35936107
-77.7392472 24.36713288
-77.719227668 24.371730861
-77.703114387 24.370591539
-77.696156379 24.36709219
-77.688099739 24.360785223
-77.682443814 24.352769273
-76.772572395 24.519110419
-76.778920051 24.514349677
-76.789296028 24.518500067
-76.795074023 24.53143952
-76.792388476 24.549139716
-76.784657356 24.552964585
-76.777495898 24.543850002
-76.774322069 24.538641669
-76.773060676 24.531724351
-76.772572395 24.519110419
-75.314686653 24.217352606
-75.306996223 24.202541408
-75.290435351 24.14472077
-75.335804817 24.158514716
-75.3564347 24.16014232
-75.3798722 24.158392645
-75.425119595 24.149969794
-75.440907356 24.142035223
-75.458404101 24.127915757
-75.483143684 24.125718492
-75.509917773 24.142075914
-75.521311002 24.162583726
-75.499623176 24.172593492
-75.484934049 24.176214911
-75.463612434 24.185614325
-75.443918424 24.198716539
-75.433908658 24.213609117
-75.414662239 24.213120835
-75.405751106 24.240301825
-75.410064257 24.272894598
-75.43073483 24.288723049
-75.459950325 24.294582424
-75.480580207 24.309393622
-75.534006314 24.389227606
-75.541900194 24.417466539
-75.561105924 24.443426825
-75.565500455 24.45693594
-75.57152259 24.488755601
-75.588490364 24.512640692
-75.61436927 24.526597398
-75.647368944 24.528957424
-75.643462694 24.539455471
-75.642648892 24.551499742
-75.644154426 24.564154364
-75.647368944 24.576117255
-75.652740038 24.588364976
-75.657826301 24.592922268
-75.664702929 24.596014716
-75.708851692 24.631333726
-75.741078254 24.646144924
-75.749826627 24.651800848
-75.756581184 24.66030508
-75.757557746 24.66791413
-75.753000455 24.67601146
-75.732167121 24.698635158
-75.72386634 24.701849677
-75.708851692 24.700181382
-75.702219205 24.695746161
-75.675363736 24.672308661
-75.649322069 24.663072007
-75.637318489 24.656968492
-75.626332161 24.645005601
-75.618560351 24.581244208
-75.612619595 24.56244538
-75.60285397 24.551906643
-75.586822069 24.538519598
-75.572010871 24.522691148
-75.559966601 24.491441148
-75.53221595 24.444891669
-75.476063606 24.370591539
-75.45811927 24.357326565
-75.41901608 24.337836005
-75.400380012 24.323472398
-75.375599739 24.275946356
-75.369618293 24.268255927
-75.358509895 24.261419989
-75.314686653 24.217352606
-77.326079882 25.079331773
-77.30207272 25.066107489
-77.263824023 25.058091539
-77.27472897 25.046087958
-77.379505989 25.001532294
-77.403675911 25.002142645
-77.435617642 25.014878648
-77.441395637 25.006537177
-77.452870246 24.994614976
-77.466786262 24.987005927
-77.479969856 24.991359768
-77.495106575 24.999335028
-77.514475064 25.001166083
-77.532948371 25.000718492
-77.545480924 25.001898505
-77.561879036 25.018866278
-77.551014778 25.038031317
-77.527170377 25.054388739
-77.504505989 25.063299872
-77.489857551 25.065619208
-77.456044075 25.076971747
-77.440825976 25.078517971
-77.398060676 25.076971747
-77.355620898 25.084051825
-77.339995898 25.083807684
-77.326079882 25.079331773
-78.107045051 25.163072007
-78.090443489 25.159491278
-78.0751847 25.165350653
-78.060454882 25.176336981
-78.045155403 25.183091539
-78.027984179 25.176255601
-78.015248176 25.167792059
-78.00121009 25.160956122
-77.987660286 25.15224844
-77.976877408 25.138413804
-77.991769986 25.122788804
-77.994292773 25.105169989
-77.986398892 25.088771877
-77.96996009 25.076971747
-77.982533332 25.037502346
-77.986561653 25.012884833
-77.980580207 25.001898505
-77.962269661 24.999335028
-77.947255012 24.991156317
-77.934193489 24.976223049
-77.873361783 24.838568427
-77.82917233 24.778225002
-77.812570767 24.76190827
-77.795562304 24.754828192
-77.783518033 24.748236395
-77.746490038 24.714504299
-77.737212694 24.700181382
-77.736154752 24.682196356
-77.737782356 24.657700914
-77.741810676 24.634711005
-77.747792121 24.62107982
-77.753570116 24.602036851
-77.745472786 24.577582098
-77.723540819 24.53510163
-77.718739387 24.499823309
-77.727894661 24.474188544
-77.75108802 24.458482164
-77.788726366 24.45319245
-77.804107226 24.448797919
-77.814564582 24.438706773
-77.823312955 24.427313544
-77.833485481 24.419094143
-77.863840299 24.415432033
-77.871693489 24.406805731
-77.860096809 24.384914455
-77.8720597 24.373765367
-77.908558723 24.350775458
-77.926625129 24.345770575
-77.961415168 24.345526434
-77.973378059 24.340521552
-78.01276608 24.314154364
-78.017811653 24.306097723
-78.015777148 24.297349351
-78.012440559 24.28925202
-78.011708137 24.281887111
-78.017811653 24.275051174
-78.027455207 24.272853908
-78.036976692 24.275946356
-78.045521614 24.281968492
-78.05190996 24.288723049
-78.063303189 24.316229559
-78.069691536 24.350409247
-78.080148892 24.379461981
-78.103423632 24.391750393
-78.134144661 24.403957424
-78.140858528 24.43349844
-78.134429491 24.501613674
-78.152455207 24.488755601
-78.164784309 24.475409247
-78.180043098 24.4649112
-78.206450976 24.460638739
-78.226429817 24.465480861
-78.351633267 24.530462958
-78.411488411 24.581040757
-78.430531379 24.60179271
-78.442982551 24.624497789
-78.429595507 24.627508856
-78.408843554 24.636175848
-78.389800585 24.646714585
-78.381499804 24.655503648
-78.378407356 24.669419664
-78.371083137 24.66815827
-78.361805793 24.661444403
-78.353586392 24.659247137
-78.342844205 24.665350653
-78.335072395 24.672837632
-78.33332272 24.682114976
-78.340565559 24.693426825
-78.327463345 24.710638739
-78.311431444 24.710109768
-78.29792233 24.696844794
-78.292144335 24.67601146
-78.293324348 24.658840236
-78.297027148 24.643784898
-78.303456184 24.630316473
-78.312611457 24.617661851
-78.330148892 24.606431382
-78.33311927 24.603989976
-78.331125455 24.594142971
-78.326324023 24.585394598
-78.318999804 24.581732489
-78.292062955 24.597357489
-78.277251757 24.601263739
-78.269113736 24.609198309
-78.271636523 24.631333726
-78.252186653 24.622788804
-78.252023892 24.604803778
-78.257232226 24.583807684
-78.254261848 24.566148179
-78.237700976 24.556870835
-78.228260871 24.569484768
-78.225941536 24.591538804
-78.230702278 24.610825914
-78.221099413 24.606919664
-78.210682746 24.601263739
-78.201730924 24.598781643
-78.19652259 24.603989976
-78.197132942 24.618353583
-78.204497851 24.628322658
-78.214588996 24.636297919
-78.223255989 24.645005601
-78.224517382 24.650946356
-78.222238736 24.666083075
-78.223255989 24.672308661
-78.229359504 24.67975495
-78.244984504 24.692857164
-78.25112871 24.700181382
-78.25511634 24.714178778
-78.257883267 24.729925848
-78.264027473 24.739325262
-78.27847246 24.73436107
-78.267893033 24.726060289
-78.264149543 24.710516669
-78.264800585 24.672308661
-78.274240689 24.682928778
-78.280629036 24.69920482
-78.288441536 24.714178778
-78.302357551 24.720689195
-78.304066536 24.728216864
-78.301136848 24.745347398
-78.292144335 24.775336005
-78.276844856 24.789984442
-78.25495358 24.806463934
-78.239613411 24.826361395
-78.243723111 24.851019598
-78.234242317 24.857123114
-78.20811927 24.861802476
-78.202748176 24.867824611
-78.199696418 24.880438544
-78.186024543 24.904771226
-78.182932095 24.918687242
-78.173939582 24.919623114
-78.177479621 24.927435614
-78.185536262 24.937892971
-78.189686653 24.946682033
-78.187611457 24.954575914
-78.182240364 24.968491929
-78.174549934 24.981675523
-78.165516731 24.987616278
-78.157704231 25.00018952
-78.159901496 25.028306382
-78.16926022 25.073228257
-78.180043098 25.104925848
-78.200917121 25.146429755
-78.214344856 25.184637762
-78.202748176 25.206732489
-78.185902473 25.205877997
-78.14956621 25.199530341
-78.134429491 25.193670966
-78.12218177 25.183172919
-78.115345832 25.17202383
-78.107045051 25.163072007
-77.842152473 25.423244533
-77.852040168 25.412746486
-77.864125129 25.407904364
-77.879505989 25.407863674
-77.888417121 25.408758856
-77.906727668 25.409084377
-77.905873176 25.410956122
-77.900013801 25.415472723
-77.892404752 25.418687242
-77.886301236 25.419175523
-77.874826627 25.418280341
-77.859120246 25.419256903
-77.847279426 25.4258487
-77.839588996 25.434963283
-77.836822069 25.434515692
-77.842152473 25.423244533
-79.266509569 25.537827867
-79.262115038 25.528062242
-79.264312304 25.528794664
-79.268706835 25.538560289
-79.266509569 25.537827867
-79.279408332 25.551662502
-79.279896614 25.547796942
-79.288929817 25.559149481
-79.288441536 25.562974351
-79.279408332 25.551662502
-76.702300585 25.563950914
-76.686756965 25.562079169
-76.675200976 25.556789455
-76.686146614 25.541327216
-76.690988736 25.525946356
-76.691314257 25.508856512
-76.688872851 25.487860419
-76.67316647 25.506659247
-76.661976692 25.497259833
-76.652984179 25.477972723
-76.643910286 25.467352606
-76.624582486 25.462469794
-76.497629361 25.373480536
-76.460926887 25.354559637
-76.414540168 25.344468492
-76.36827552 25.342718817
-76.351633267 25.338609117
-76.335764127 25.327093817
-76.284169075 25.26190827
-76.22370358 25.208075262
-76.16128496 25.165716864
-76.131255663 25.147772528
-76.11827552 25.133937893
-76.112904426 25.114894924
-76.121327278 25.030096747
-76.125599739 25.014064846
-76.126576301 25.005316473
-76.130604621 24.994859117
-76.139759895 24.98847077
-76.149281379 24.98452383
-76.154449023 24.981390692
-76.157948371 24.962144273
-76.15355384 24.944322007
-76.140858528 24.918687242
-76.136952278 24.902167059
-76.140858528 24.854437567
-76.146148241 24.834214585
-76.169667121 24.799790757
-76.174956835 24.785874742
-76.177479621 24.715806382
-76.173980273 24.677313544
-76.16128496 24.645005601
-76.194488085 24.658392645
-76.211781379 24.690252997
-76.222645637 24.726955471
-76.236439582 24.754828192
-76.253000455 24.76577383
-76.296701627 24.782049872
-76.315256314 24.792669989
-76.336333788 24.814927476
-76.333729621 24.82416413
-76.31745358 24.825262762
-76.219349739 24.810044664
-76.212757942 24.81273021
-76.20811927 24.819159247
-76.203968879 24.826890367
-76.198841926 24.833685614
-76.182443814 24.848781643
-76.177642382 24.857652085
-76.174956835 24.871527411
-76.175770637 24.89451732
-76.183949348 24.889308986
-76.195423957 24.873277085
-76.205962694 24.864081122
-76.21202552 24.875392971
-76.210926887 24.901027736
-76.202259895 24.946682033
-76.19660397 24.963446356
-76.193837043 24.967433986
-76.187977668 24.973944403
-76.159250455 24.998195705
-76.154449023 25.005316473
-76.146717903 25.06244538
-76.147043424 25.083807684
-76.164947069 25.129828192
-76.19635983 25.154282945
-76.232289192 25.170965887
-76.263742642 25.193670966
-76.346262174 25.303534247
-76.371571418 25.322495835
-76.409535286 25.335191148
-76.489613411 25.351304429
-76.530832486 25.370428778
-76.591216601 25.422552802
-76.630523241 25.433254299
-76.652333137 25.435370184
-76.693674283 25.444769598
-76.712757942 25.446926174
-76.734283007 25.441839911
-76.769398567 25.424058335
-76.784494595 25.426418361
-76.759510871 25.450018622
-76.745513476 25.489243882
-76.729847786 25.563625393
-76.736683723 25.563625393
-76.702300585 25.563950914
-79.246083137 25.763861395
-79.24323483 25.742905992
-79.245920377 25.73456452
-79.248036262 25.738959052
-79.254628059 25.736029364
-79.266957161 25.732489325
-79.268706835 25.741603908
-79.261708137 25.756659247
-79.265533007 25.76162344
-79.279042121 25.74998607
-79.28624427 25.741522528
-79.291574674 25.733832098
-79.293853319 25.720689195
-79.283314582 25.712795315
-79.268137174 25.7070987
-79.258046028 25.699042059
-79.261830207 25.693752346
-79.289173957 25.697658596
-79.300648567 25.697943427
-79.304269986 25.702337958
-79.301258918 25.716864325
-79.293812629 25.736029364
-79.280344205 25.757228908
-79.261057095 25.771918036
-79.250070767 25.774725653
-79.246083137 25.763861395
-77.820871549 25.716620184
-77.819203254 25.707586981
-77.831450976 25.708685614
-77.844064908 25.722072658
-77.860096809 25.748521226
-77.880482551 25.768988348
-77.887318489 25.78143952
-77.880686002 25.789536851
-77.868031379 25.787420966
-77.858265754 25.77728913
-77.820871549 25.716620184
-77.542307095 26.298976955
-77.572743293 26.268703518
-77.567046679 26.291001695
-77.572173632 26.30487702
-77.57933509 26.318019924
-77.579579231 26.337591864
-77.570383267 26.332709052
-77.543568489 26.31248607
-77.537993944 26.306586005
-77.542307095 26.298976955
-77.237619595 26.474066473
-77.236073371 26.470363674
-77.236561653 26.469387111
-77.238433398 26.470160223
-77.242095507 26.470607815
-77.242990689 26.469061591
-77.240712043 26.467352606
-77.240467903 26.466620184
-77.242502408 26.466213283
-77.243519661 26.454413153
-77.241037564 26.442816473
-77.246652799 26.438666083
-77.250559049 26.438218492
-77.254546679 26.438137111
-77.263295051 26.442206122
-77.267445442 26.45327383
-77.272328254 26.460679429
-77.278228319 26.465806382
-77.276682095 26.469956773
-77.272368944 26.469468492
-77.267567512 26.47256094
-77.261830207 26.477850653
-77.253773567 26.480047919
-77.244252082 26.478461005
-77.237619595 26.474066473
-77.847075976 26.594875393
-77.847157356 26.590521552
-77.851877408 26.583319403
-77.855580207 26.572739976
-77.861927864 26.564113674
-77.86839759 26.563869533
-77.870513476 26.566717841
-77.872873502 26.57054271
-77.886586067 26.585598049
-77.891102668 26.594061591
-77.893137174 26.602606512
-77.88780677 26.606594143
-77.857574023 26.611761786
-77.853098111 26.607001044
-77.862416145 26.596625067
-77.86449134 26.59365469
-77.857085741 26.59784577
-77.853830533 26.600775458
-77.848459439 26.6055362
-77.837513801 26.61351146
-77.834624804 26.610541083
-77.843617317 26.600734768
-77.847075976 26.594875393
-78.520257296 26.728995355
-78.437816484 26.699821105
-78.417059093 26.704749029
-78.370961067 26.694525458
-78.31998378 26.686527445
-78.28708192 26.685492059
-78.273615188 26.703582975
-78.25292969 26.712942463
-78.221684848 26.700293688
-78.202641299 26.69715868
-78.167050983 26.710400108
-78.118948208 26.704328287
-78.08722897 26.713120835
-78.055409309 26.726019598
-78.035145637 26.728583075
-77.971669075 26.729559637
-77.956288215 26.735419012
-77.946848111 26.746568101
-77.940052864 26.759466864
-77.931141731 26.770493882
-77.915394661 26.776434637
-77.913075325 26.75787995
-77.918080207 26.737494208
-77.920806444 26.716945705
-77.902943489 26.681586005
-77.902170377 26.662420966
-77.910552538 26.646307684
-77.929066536 26.639227606
-77.936268684 26.641791083
-77.953195767 26.654852606
-77.962554491 26.659735419
-77.975412564 26.661769924
-78.040760871 26.658433335
-78.100331184 26.646063544
-78.237706201 26.62132547
-78.293385787 26.621300259
-78.503407356 26.573065497
-78.521473762 26.57037995
-78.54015052 26.565008856
-78.570464648 26.541571356
-78.590077278 26.536200262
-78.607618928 26.52573445
-78.628965775 26.516102117
-78.646440495 26.504853429
-78.655770035 26.49778847
-78.676717366 26.496131503
-78.68613185 26.491910953
-78.726968366 26.495445692
-78.766839347 26.508104203
-78.791088645 26.529699767
-78.834557127 26.553651171
-78.939599614 26.650787787
-78.987294075 26.686224677
-78.997873502 26.701320705
-78.987131314 26.701483466
-78.978382942 26.69940827
-78.970936653 26.694891669
-78.964344856 26.68768952
-78.835804817 26.614569403
-78.806060351 26.577826239
-78.786222456 26.581143507
-78.770375124 26.583324784
-78.738155093 26.570808546
-78.714288779 26.570519948
-78.691722871 26.579970039
-78.671252348 26.592918201
-78.657512822 26.598588549
-78.645787278 26.605096792
-78.637978751 26.609730986
-78.634251479 26.61781943
-78.621611135 26.627013544
-78.619011363 26.639517576
-78.604434651 26.65053474
-78.592192525 26.673048306
-78.57363327 26.684159293
-78.575942235 26.694769508
-78.600005663 26.708197333
-78.64159095 26.71499258
-78.634673632 26.727972723
-78.607411262 26.755926825
-78.601551887 26.768255927
-78.593820767 26.810532945
-78.574777799 26.798285223
-78.557199674 26.778550523
-78.54426022 26.757025458
-78.539173957 26.739203192
-78.520257296 26.728995355
-77.77448483 26.927232164
-77.682362434 26.908433335
-77.629790819 26.904201565
-77.606841601 26.920396226
-77.553578254 26.898016669
-77.511301236 26.869533596
-77.327951627 26.709133205
-77.307118293 26.696437893
-77.283680793 26.689683335
-77.250599739 26.68768952
-77.259144661 26.676703192
-77.272613085 26.673000393
-77.305246549 26.674017645
-77.290598111 26.646958726
-77.269886848 26.62506745
-77.243885871 26.610500393
-77.182769335 26.600287177
-77.155262825 26.588080145
-77.107248502 26.556708075
-77.070546028 26.538519598
-77.058827278 26.529364325
-77.049794075 26.516343492
-77.042307095 26.498032945
-77.042144335 26.481838283
-77.055409309 26.474798895
-77.058583137 26.467840887
-77.058827278 26.423244533
-77.055409309 26.406927802
-77.046254036 26.396307684
-77.032948371 26.389878648
-77.017201301 26.385972398
-77.030018684 26.362738348
-77.031564908 26.355292059
-77.029286262 26.344427802
-77.02440345 26.337591864
-77.019439257 26.332709052
-77.017201301 26.327622789
-77.016102668 26.319525458
-77.014759895 26.315659898
-77.016509569 26.311712958
-77.02472897 26.303452867
-77.032704231 26.297430731
-77.041005012 26.293768622
-77.058827278 26.290432033
-77.056752082 26.294663804
-77.05199134 26.309637762
-77.084462043 26.306138414
-77.115305142 26.290432033
-77.142648892 26.268255927
-77.164947069 26.245428778
-77.174387174 26.220689195
-77.183216926 26.144273179
-77.181711392 26.125311591
-77.192209439 26.068996486
-77.187163866 25.98847077
-77.190744595 25.916327216
-77.226673957 25.885077216
-77.253041145 25.897609768
-77.276234504 25.92601146
-77.292713996 25.95726146
-77.298980273 25.977932033
-77.315052864 25.990952867
-77.388172981 26.005438544
-77.408273892 26.029730536
-77.392079231 26.029852606
-77.373931444 26.035467841
-77.359120246 26.045884507
-77.347889778 26.070624091
-77.335601366 26.073675848
-77.321034309 26.075181382
-77.308949348 26.080633856
-77.272368944 26.118312893
-77.248931444 26.136053778
-77.223296679 26.145819403
-77.229807095 26.153998114
-77.233794726 26.162258205
-77.235829231 26.171698309
-77.236317512 26.1836612
-77.240345832 26.190578518
-77.248768684 26.196519273
-77.256418424 26.203924872
-77.258046028 26.21474844
-77.251820442 26.226019598
-77.242502408 26.23452383
-77.233876106 26.244045315
-77.230132616 26.258734442
-77.230580207 26.28510163
-77.233387825 26.298000393
-77.250355598 26.313055731
-77.218617317 26.355292059
-77.21987871 26.364935614
-77.228627082 26.376939195
-77.230132616 26.447455145
-77.215443489 26.447699286
-77.204579231 26.45331452
-77.196197069 26.462876695
-77.189198371 26.474798895
-77.188099739 26.479803778
-77.189198371 26.498968817
-77.186431444 26.505926825
-77.180165168 26.510077216
-77.17300371 26.512844143
-77.168080207 26.51577383
-77.157948371 26.53143952
-77.15355384 26.549465236
-77.160715299 26.564195054
-77.196156379 26.572658596
-77.219553189 26.582424221
-77.312163866 26.594671942
-77.329741991 26.604559637
-77.34097246 26.621527411
-77.353016731 26.646063544
-77.348459439 26.652167059
-77.347320116 26.66030508
-77.350087043 26.669012762
-77.361439582 26.682318427
-77.366566536 26.693019924
-77.370106575 26.697902736
-77.375355598 26.699530341
-77.38003496 26.695705471
-77.384917773 26.690334377
-77.390858528 26.68768952
-77.41124427 26.689398505
-77.42699134 26.695135809
-77.433990038 26.705511786
-77.428130663 26.721177476
-77.444691536 26.755072333
-77.490223762 26.823309637
-77.517486132 26.852199611
-77.534413215 26.86318594
-77.556223111 26.870550848
-77.578480598 26.8711612
-77.596994595 26.862046617
-77.61432858 26.856512762
-77.638050911 26.859930731
-77.696848111 26.877346096
-77.714955207 26.879380601
-77.754628059 26.879461981
-77.766428189 26.88279857
-77.794667121 26.899725653
-77.812367317 26.906805731
-77.830677864 26.909409898
-77.909779426 26.904038804
-77.941477017 26.893540757
-77.962554491 26.893052476
-77.959624804 26.896958726
-77.956654426 26.89842357
-77.949452278 26.899888414
-77.913441536 26.920965887
-77.86815345 26.928412177
-77.77448483 26.927232164
