174.62777754 -21.702569269
174.61589603 -21.711114191
174.596853061 -21.698418878
174.5888778 -21.681573175
174.594004754 -21.668715102
174.614105665 -21.668226821
174.626638217 -21.676527602
174.631195509 -21.689629816
174.62777754 -21.702569269
-178.715280728 -20.666192316
-178.70811927 -20.671319269
-178.711008267 -20.67180755
-178.719024218 -20.670993748
-178.719064908 -20.670993748
-178.727243619 -20.664727472
-178.731027799 -20.657647394
-178.730295377 -20.650079034
-178.724964973 -20.642347915
-178.724232551 -20.650974217
-178.720814582 -20.659274998
-178.715280728 -20.666192316
-178.22004147 -19.82789479
-178.226796028 -19.840020441
-178.230539517 -19.835219008
-178.228952603 -19.829034113
-178.2236222 -19.822198175
-178.21613522 -19.815199477
-178.217600064 -19.821872654
-178.22004147 -19.82789479
-178.409372525 -19.17180755
-178.418812629 -19.178643488
-178.421701627 -19.176202081
-178.421986457 -19.173760675
-178.419789192 -19.167413019
-178.401112434 -19.133477472
-178.392933723 -19.127536717
-178.389271614 -19.146416925
-178.391957161 -19.165785415
-178.3996069 -19.170993748
-178.409372525 -19.17180755
179.797536655 -19.168389581
179.802012566 -19.184258722
179.77214603 -19.1913388
179.76042728 -19.192315363
179.745941602 -19.190118097
179.741872592 -19.186211847
179.740000847 -19.177422784
179.747243686 -19.173923435
179.74903405 -19.173272394
179.749522332 -19.171482029
179.7529403 -19.16383229
179.757985873 -19.165704034
179.769216342 -19.168552342
179.774099155 -19.170668227
179.767832879 -19.155450128
179.757823113 -19.139906508
179.75660241 -19.127699477
179.777517123 -19.122816665
179.788584832 -19.130466404
179.794118686 -19.148044529
179.797536655 -19.168389581
-178.55968177 -19.118829034
-178.566354947 -19.12086354
-178.57542884 -19.120538019
-178.588531054 -19.122816665
-178.588571744 -19.122816665
-178.581979947 -19.137302342
-178.566354947 -19.151055597
-178.5480444 -19.159274998
-178.533314582 -19.156996352
-178.536976692 -19.177178644
-178.5558569 -19.174981378
-178.591664192 -19.156996352
-178.600331184 -19.147719008
-178.597116666 -19.128513279
-178.581654426 -19.111504816
-178.553822395 -19.10914479
-178.55968177 -19.118829034
-178.93097897 -18.971368097
-178.944447395 -18.987237238
-178.961537239 -18.986748956
-178.972157356 -18.965101821
-178.969064908 -18.942640883
-178.957875129 -18.927911066
-178.943592903 -18.926364842
-178.931223111 -18.944105727
-178.93097897 -18.971368097
178.382578972 -18.924899998
178.389821811 -18.938164972
178.422699415 -18.939711196
178.430349155 -18.955254816
178.438161655 -18.954685154
178.474619988 -18.960625909
178.485606316 -18.965101821
178.493174675 -18.978204034
178.498383009 -18.996758722
178.496592644 -19.013278904
178.47559655 -19.02320729
178.460948113 -19.032647394
178.453868035 -19.026788019
178.443858269 -19.023858331
178.424082879 -19.020440363
178.42855879 -19.029392185
178.428965691 -19.036797784
178.425140821 -19.04306406
178.41667728 -19.047784113
178.40503991 -19.044528904
178.382578972 -19.0429013
178.35840905 -19.043715102
178.341481967 -19.047784113
178.343923373 -19.041110935
178.34636478 -19.0272763
178.348317905 -19.020440363
178.339366082 -19.024590753
178.332855665 -19.025648696
178.32715905 -19.024183852
178.320485873 -19.020440363
178.325205925 -19.015883071
178.330088738 -19.009535415
178.333994988 -19.006768488
178.30730228 -18.997165623
178.281504754 -19.007419529
178.238536004 -19.040948175
178.222992384 -19.044854425
178.207286004 -19.045098566
178.195078972 -19.047458592
178.19011478 -19.057712498
178.1904403 -19.078708592
178.188731316 -19.083591404
178.183848504 -19.068942967
178.174327019 -19.075860284
178.17090905 -19.087172133
178.173106316 -19.09775156
178.180186394 -19.102308852
178.194997592 -19.10556406
178.199473504 -19.114027602
178.197520379 -19.139336847
178.194672071 -19.146579685
178.187836134 -19.153252863
178.178965691 -19.157484633
178.170176629 -19.156996352
178.161631707 -19.150567316
178.160166863 -19.141859633
178.16285241 -19.115980727
178.148203972 -19.127536717
178.142914259 -19.129652602
178.128672722 -19.129652602
178.119151238 -19.139580988
178.113780144 -19.14837005
178.106618686 -19.154554946
178.091644727 -19.156996352
178.076019727 -19.154717706
178.050140821 -19.144952081
178.037119988 -19.142754816
178.015391472 -19.155938409
178.003672722 -19.157484633
177.99887129 -19.142754816
177.992035352 -19.142754816
177.984141472 -19.147067967
177.973968946 -19.144789321
177.962657097 -19.138116144
177.951182488 -19.129652602
177.981455925 -19.101250909
177.999522332 -19.094821873
178.019379102 -19.102308852
178.029795769 -19.09384531
178.033457879 -19.072035415
178.041188998 -19.061455988
178.051768425 -19.056735935
178.063243035 -19.056410415
178.119476759 -19.07040781
178.128672722 -19.068942967
178.134938998 -19.061455988
178.136485222 -19.051690363
178.13941491 -19.041924738
178.149750196 -19.034112238
178.163259311 -19.044040623
178.172129754 -19.035332941
178.176442905 -19.017347915
178.176442905 -18.999281508
178.190684441 -18.977227472
178.226084832 -18.964125258
178.265879754 -18.962090753
178.293711785 -18.9725888
178.301931186 -18.944024347
178.308848504 -18.939548435
178.324066602 -18.938571873
178.328623894 -18.936293227
178.332204623 -18.931735935
178.336761915 -18.927015883
178.344981316 -18.924899998
178.354991082 -18.926690363
178.363454623 -18.92978281
178.371918165 -18.930352472
178.382578972 -18.924899998
-179.812692838 -18.927341404
-179.787180142 -18.955336196
-179.808216926 -18.986423435
-179.816761848 -18.952243748
-179.837757942 -18.948825779
-179.855213996 -18.963148696
-179.852894661 -18.982598566
-179.844349739 -19.002129816
-179.858265754 -19.005954685
-179.871937629 -18.993747654
-179.863067187 -18.965834243
-179.862863736 -18.965101821
-179.849680142 -18.923435154
-179.812692838 -18.927341404
178.537608269 -18.900485935
178.53394616 -18.910577081
178.520518425 -18.90618255
178.513682488 -18.915948175
178.508311394 -18.926446222
178.499278191 -18.924899998
178.471934441 -18.907159113
178.474131707 -18.895277602
178.48340905 -18.880303644
178.485606316 -18.873142185
178.495860222 -18.862969659
178.516368035 -18.857354425
178.531586134 -18.860446873
178.526540561 -18.876560154
178.534841342 -18.884535415
178.538259311 -18.892266534
178.537608269 -18.900485935
-178.914865689 -18.884047133
-178.922596809 -18.884372654
-178.930612759 -18.882094008
-178.919504361 -18.872653904
-178.90729733 -18.864027602
-178.893991666 -18.857598566
-178.8798722 -18.854261977
-178.88385983 -18.860772394
-178.888539192 -18.866794529
-178.893788215 -18.872247003
-178.89964759 -18.877129816
-178.90721595 -18.881524347
-178.914865689 -18.884047133
-178.490305142 -18.660739842
-178.498117642 -18.665948175
-178.507110155 -18.665215753
-178.507150845 -18.665215753
-178.516306119 -18.649997654
-178.511097786 -18.637953383
-178.499216275 -18.633721613
-178.487985806 -18.641371352
-178.486073371 -18.651788019
-178.490305142 -18.660739842
179.891831038 -18.60964383
179.898840325 -18.617466327
179.912778482 -18.611465751
179.917443754 -18.611500798
179.92101882 -18.622642641
179.90186897 -18.638146869
179.900791329 -18.658595161
179.882753992 -18.662524018
179.872213611 -18.645926432
179.871565962 -18.628824152
179.860502733 -18.62103016
179.852933661 -18.611049102
179.833073671 -18.600249414
179.8306657 -18.589302245
179.850446164 -18.580904286
179.888188699 -18.5669285
179.927670675 -18.557988536
179.943426594 -18.55634555
179.948116753 -18.56350224
179.952403191 -18.568536066
179.944700181 -18.580617085
179.920786699 -18.586044317
179.909770473 -18.595909351
179.891831038 -18.60964383
177.656260613 -18.540704034
177.66309655 -18.588474217
177.648773634 -18.579278253
177.636485222 -18.562758071
177.626963738 -18.543715102
177.621592644 -18.527032159
177.618988477 -18.511895441
177.620778842 -18.504082941
177.635101759 -18.486016534
177.638438347 -18.489678644
177.641774936 -18.490980727
177.645030144 -18.491631769
177.648773634 -18.492852472
177.654063347 -18.504082941
177.655935092 -18.517022394
177.656260613 -18.540704034
178.142344597 -18.411879165
178.126963738 -18.415459894
178.108734571 -18.403497003
178.118174675 -18.401543878
178.121836785 -18.399183852
178.120860222 -18.395684503
178.11622155 -18.389825128
178.120371941 -18.384942316
178.121429884 -18.380466404
178.121592644 -18.375420831
178.122325066 -18.369317316
178.12761478 -18.35165781
178.138926629 -18.348728123
178.150075717 -18.357842706
178.156016472 -18.376153253
178.152598504 -18.397393488
178.142344597 -18.411879165
-178.763295051 -18.24586354
-178.797434049 -18.24586354
-178.806589322 -18.243747654
-178.814198371 -18.238946222
-178.820261197 -18.23430755
-178.824777799 -18.232110284
-178.845407681 -18.217380467
-178.824899869 -18.189141534
-178.789784309 -18.172133071
-178.76671302 -18.19117604
-178.76671302 -18.19125742
-178.749134895 -18.20322031
-178.745676236 -18.221612238
-178.751820442 -18.238457941
-178.763295051 -18.24586354
-179.027865494 -18.003014069
-179.046215403 -18.007515361
-179.059122138 -18.000656671
-179.069335767 -17.989318811
-179.07870403 -17.966642213
-179.059511371 -17.952518248
-179.050293939 -17.955952365
-179.031830523 -17.966328506
-179.027968973 -17.989899608
-179.027865494 -18.003014069
179.312510613 -17.947442316
179.336761915 -17.989353123
179.345469597 -17.998793227
179.360850457 -18.025974217
179.362966342 -18.079766534
179.35027103 -18.118829034
179.320974155 -18.101820571
179.310883009 -18.0897763
179.303233269 -18.062188409
179.297373894 -18.050388279
179.278330925 -18.027601821
179.271739129 -18.01572031
179.266937696 -17.998793227
179.263031446 -18.009535415
179.265798373 -18.029880467
179.262950066 -18.036716404
179.254079623 -18.03915781
179.249522332 -18.032159113
179.245371941 -18.003594659
179.246429884 -17.974867446
179.244395379 -17.970147394
179.235118035 -17.954685154
179.232758009 -17.944756769
179.243418816 -17.950941665
179.250336134 -17.951267185
179.27214603 -17.934502863
179.277517123 -17.934014581
179.28394616 -17.936293227
179.297373894 -17.937920831
179.312510613 -17.947442316
-178.271229621 -17.961683852
-178.298288541 -17.963311456
-178.321034309 -17.958428644
-178.352284309 -17.945733331
-178.357777473 -17.914320571
-178.337880012 -17.886000258
-178.293161588 -17.88274505
-178.281076627 -17.888767185
-178.26292884 -17.901299738
-178.246408658 -17.917575779
-178.239125129 -17.934258722
-178.248646614 -17.952569269
-178.271229621 -17.961683852
179.430837436 -17.841078383
179.422618035 -17.850518488
179.41684004 -17.845472915
179.410411004 -17.82805755
179.402679884 -17.818617446
179.395030144 -17.806410415
179.391774936 -17.79306406
179.396739129 -17.780368748
179.413747592 -17.78899505
179.430837436 -17.794040623
179.430837436 -17.798516534
179.429453972 -17.801364842
179.424082879 -17.807061456
179.427256707 -17.813653253
179.430511915 -17.822930597
179.43230228 -17.832777602
179.430837436 -17.841078383
-179.280751106 -17.760186456
-179.296457486 -17.774183852
-179.322580533 -17.770196222
-179.336130338 -17.758477472
-179.334217903 -17.740004165
-179.320301887 -17.724867446
-179.29808509 -17.723239842
-179.279733853 -17.739434503
-179.280751106 -17.760186456
178.779551629 -17.766045831
178.777110222 -17.77320729
178.775645379 -17.776462498
178.772715691 -17.780368748
178.765879754 -17.772881769
178.759125196 -17.777520441
178.75261478 -17.776136977
178.747813347 -17.769952081
178.734685428 -17.767566006
178.719454614 -17.729840683
178.71318927 -17.710978442
178.725761917 -17.72470999
178.741914957 -17.749584106
178.762705925 -17.761976821
178.779551629 -17.766045831
178.785113825 -17.740221473
178.768077019 -17.747165623
178.758189567 -17.729916033
178.75261478 -17.712985935
178.739354729 -17.673330456
178.751093883 -17.643363148
178.7763778 -17.6288388
178.782617333 -17.622901234
178.797886674 -17.618605408
178.816757672 -17.628951369
178.825718187 -17.652098361
178.830188329 -17.665774288
178.831963471 -17.679450256
178.835543667 -17.693159092
178.832828625 -17.707721613
178.829217798 -17.718855851
178.822909173 -17.729130089
178.797713764 -17.735953936
178.785113825 -17.740221473
179.040782097 -17.65618255
179.033376498 -17.65618255
179.028981967 -17.64430104
179.023203972 -17.635430597
179.015635613 -17.628187758
179.005381707 -17.621351821
178.997406446 -17.608005467
178.998545769 -17.597100519
179.00684655 -17.593194269
179.019704623 -17.600844008
179.02605228 -17.610609633
179.03809655 -17.642022394
179.040782097 -17.65618255
-179.137074348 -17.468926691
-179.156605598 -17.471368097
-179.172800259 -17.457940363
-179.175485806 -17.439711196
-179.166005012 -17.42555104
-179.14557858 -17.424248956
-179.134714322 -17.435316665
-179.130808072 -17.453708592
-179.137074348 -17.468926691
178.272715691 -17.351739191
178.275563998 -17.363702081
178.286468946 -17.383721613
178.286306186 -17.396661066
178.279551629 -17.407403253
178.254405144 -17.431817316
178.245371941 -17.443942967
178.256032748 -17.449639581
178.258067254 -17.457452081
178.253754102 -17.465508722
178.245371941 -17.471286717
178.258636915 -17.468926691
178.285980665 -17.438083592
178.30372155 -17.430271092
178.327484571 -17.432793878
178.348317905 -17.440118097
178.364593946 -17.45289479
178.375743035 -17.471286717
178.377207879 -17.479750258
178.374278191 -17.491387628
178.375743035 -17.498467706
178.379405144 -17.500258071
178.39747155 -17.515313409
178.399912957 -17.518975519
178.403575066 -17.522393488
178.445485873 -17.549899998
178.455577019 -17.551202081
178.466075066 -17.550957941
178.478770379 -17.553155206
178.496267123 -17.565118097
178.522959832 -17.600844008
178.53028405 -17.608330988
178.551931186 -17.610772394
178.57300866 -17.617933852
178.590830925 -17.630954685
178.602305535 -17.649997654
178.603282097 -17.674574477
178.592946811 -17.693454685
178.580577019 -17.710056248
178.574229363 -17.728204034
178.572520379 -17.737725519
178.56934655 -17.746514581
178.567718946 -17.754978123
178.571136915 -17.762627863
178.578949415 -17.769219659
178.597504102 -17.781833592
178.602305535 -17.786553644
178.603037957 -17.798435154
178.599619988 -17.809340102
178.598887566 -17.819431248
178.60840905 -17.82805755
178.620616082 -17.823500258
178.627207879 -17.826836847
178.626312696 -17.834079685
178.61589603 -17.841078383
178.6279403 -17.845798435
178.635020379 -17.853448175
178.635996941 -17.863702081
178.629567905 -17.875909113
178.625824415 -17.873630467
178.61589603 -17.869073175
178.617930535 -17.873793227
178.622731967 -17.890232029
178.591075066 -17.897556248
178.594899936 -17.926039321
178.613129102 -17.9569638
178.626149936 -17.971449477
178.645762566 -17.973239842
178.654307488 -17.978448175
178.659678582 -17.986993097
178.670420769 -17.998793227
178.674164259 -18.004327081
178.67457116 -18.008721613
178.677012566 -18.011407159
178.687673373 -18.012383722
178.693858269 -18.009942316
178.699229363 -18.0038388
178.703298373 -17.997002863
178.705332879 -17.99195729
178.711436394 -17.99195729
178.708994988 -17.999200128
178.700694207 -18.012872003
178.698415561 -18.01930104
178.69792728 -18.033786717
178.698415561 -18.043145441
178.694509311 -18.056898696
178.684580925 -18.07040781
178.673106316 -18.081475519
178.663584832 -18.088148696
178.612966342 -18.112399998
178.58863366 -18.136000258
178.58863366 -18.115492446
178.559743686 -18.127048435
178.547618035 -18.129082941
178.559336785 -18.112725519
178.560557488 -18.108656508
178.555023634 -18.099216404
178.550791863 -18.09775156
178.54566491 -18.097263279
178.536957227 -18.091241144
178.527110222 -18.090020441
178.498383009 -18.104424738
178.485606316 -18.108656508
178.487803582 -18.129082941
178.470225457 -18.141859633
178.448415561 -18.147556248
178.437754754 -18.146579685
178.438812696 -18.131605727
178.439952019 -18.126071873
178.438161655 -18.122979425
178.421641472 -18.108005467
178.41309655 -18.103448175
178.403086785 -18.10133229
178.389903191 -18.101820571
178.392588738 -18.106215102
178.39340254 -18.106622003
178.396169467 -18.108656508
178.391286655 -18.118096613
178.3857528 -18.123793227
178.378428582 -18.127211196
178.368907097 -18.129082941
178.369395379 -18.126641534
178.36605879 -18.122002863
178.360850457 -18.117445571
178.355235222 -18.115492446
178.348399285 -18.116875909
178.336436394 -18.121270441
178.33090254 -18.122247003
178.32292728 -18.125583592
178.316905144 -18.13290781
178.309336785 -18.140232029
178.296885613 -18.143487238
178.2841903 -18.144138279
178.277028842 -18.146254165
178.271820509 -18.150323175
178.265879754 -18.156426691
178.261892123 -18.162774347
178.25660241 -18.177666925
178.252207879 -18.183770441
178.243500196 -18.188653253
178.222911004 -18.196058852
178.214203321 -18.201104425
178.185394727 -18.233819269
178.168304884 -18.248467706
178.149750196 -18.252699477
178.141368035 -18.252699477
178.13550866 -18.259454034
178.113047722 -18.239434503
178.038910352 -18.264906508
178.006358269 -18.259454034
177.991465691 -18.258884373
177.985199415 -18.257419529
177.978363477 -18.252699477
177.971934441 -18.258721613
177.95980879 -18.26572031
177.945811394 -18.268731378
177.934092644 -18.262872003
177.921071811 -18.260674738
177.906097852 -18.26930104
177.894053582 -18.273125909
177.889008009 -18.256036066
177.8857528 -18.251641534
177.878428582 -18.25367604
177.870453321 -18.258558852
177.865407748 -18.262872003
177.859385613 -18.265801691
177.853688998 -18.263116144
177.834483269 -18.246677342
177.831390821 -18.239922784
177.82715905 -18.23447031
177.783376498 -18.223158461
177.698578321 -18.201348566
177.673024936 -18.198011977
177.645030144 -18.191094659
177.591644727 -18.166680597
177.567637566 -18.170098566
177.536875847 -18.156833592
177.524912957 -18.155368748
177.474457227 -18.157810154
177.465098504 -18.156426691
177.454274936 -18.151950779
177.447601759 -18.146091404
177.442556186 -18.140232029
177.437185092 -18.136000258
177.366709832 -18.119073175
177.335948113 -18.10556406
177.313649936 -18.073907159
177.306813998 -18.081312758
177.302256707 -18.070896092
177.301605665 -18.051039321
177.300059441 -18.039727472
177.296641472 -18.034274998
177.29184004 -18.029473566
177.287608269 -18.022149347
177.285817905 -18.008965753
177.281097852 -18.00367604
177.262950066 -17.993829034
177.262461785 -17.988539321
177.266449415 -17.979424738
177.262054884 -17.971368097
177.255137566 -17.962823175
177.251638217 -17.952243748
177.254567905 -17.944594008
177.267914259 -17.927178644
177.27214603 -17.916924738
177.271494988 -17.904229425
177.266774936 -17.896416925
177.261566602 -17.889336847
177.259043816 -17.879327081
177.265635613 -17.859551691
177.282074415 -17.851739191
177.327321811 -17.848565363
177.35417728 -17.838636977
177.361501498 -17.834893488
177.371429884 -17.823418878
177.372894727 -17.815199477
177.370616082 -17.807793878
177.368907097 -17.797458592
177.368907097 -17.762627863
177.370290561 -17.749688409
177.374278191 -17.747491144
177.380869988 -17.750176691
177.416026238 -17.759860935
177.423513217 -17.759209894
177.434336785 -17.750176691
177.435313347 -17.743259373
177.431976759 -17.736504816
177.429698113 -17.728204034
177.42872155 -17.717054946
177.42448978 -17.697523696
177.423513217 -17.68759531
177.42058353 -17.678317967
177.413259311 -17.674086196
177.403981967 -17.670586847
177.395681186 -17.663018488
177.388926629 -17.64055755
177.402110222 -17.630547784
177.420420769 -17.622328383
177.429698113 -17.604668878
177.434336785 -17.597914321
177.456553582 -17.592705988
177.465098504 -17.587985935
177.469004754 -17.576348566
177.467133009 -17.565362238
177.46745853 -17.555352472
177.478200717 -17.546319269
177.489593946 -17.558851821
177.499522332 -17.555759373
177.503916863 -17.544528904
177.499278191 -17.532647394
177.506358269 -17.517836196
177.515147332 -17.505059503
177.524424675 -17.500746352
177.533376498 -17.512139581
177.539561394 -17.512139581
177.581309441 -17.478122654
177.622080925 -17.454685154
177.625010613 -17.450778904
177.628184441 -17.448500258
177.628916863 -17.443942967
177.631114129 -17.439222915
177.638926629 -17.437107029
177.645355665 -17.438164972
177.652598504 -17.440524998
177.656260613 -17.442803644
177.652598504 -17.443942967
177.646820509 -17.451755467
177.650075717 -17.469414972
177.657237175 -17.487969659
177.66309655 -17.498467706
177.669281446 -17.492364191
177.66309655 -17.479668878
177.6591903 -17.468031508
177.65894616 -17.456638279
177.66309655 -17.443942967
177.67058353 -17.438409113
177.704112175 -17.420342706
177.710134311 -17.4179013
177.74878991 -17.430271092
177.753916863 -17.424899998
177.756195509 -17.413262628
177.760915561 -17.401543878
177.765472852 -17.396661066
177.773610873 -17.392754816
177.78028405 -17.388278904
177.787282748 -17.384535415
177.8076278 -17.380954685
177.81153405 -17.376153253
177.814138217 -17.371270441
177.825450066 -17.366631769
177.829925977 -17.364027602
177.833262566 -17.366469008
177.834483269 -17.379327081
177.833669467 -17.390232029
177.8310653 -17.399834894
177.826670769 -17.408786717
177.820160352 -17.417168878
177.836273634 -17.421319269
177.849864129 -17.413181248
177.8623153 -17.400079034
177.875987175 -17.389336847
177.89730879 -17.402927342
177.926605665 -17.405938409
177.956228061 -17.402520441
177.978363477 -17.396661066
178.007172071 -17.383477472
178.019379102 -17.375176691
178.03003991 -17.365411066
178.042246941 -17.356866144
178.065928582 -17.355889581
178.081390821 -17.348321222
178.113780144 -17.353204034
178.15105228 -17.346856378
178.180837436 -17.329278253
178.19011478 -17.30055104
178.211680535 -17.307712498
178.239105665 -17.32008229
178.262705925 -17.335625909
178.272715691 -17.351739191
-179.130808072 -17.277032159
-179.139271614 -17.283298435
-179.14948483 -17.282159113
-179.15729733 -17.272719008
-179.156686978 -17.254082941
-179.146473762 -17.247979425
-179.134388801 -17.252129816
-179.127878384 -17.264906508
-179.130808072 -17.277032159
177.149180535 -17.245293878
177.16285241 -17.265801691
177.156016472 -17.267022394
177.153086785 -17.270684503
177.151866082 -17.275160415
177.137705925 -17.294854425
177.124522332 -17.306817316
177.111827019 -17.310316665
177.101328972 -17.30055104
177.099457227 -17.283949477
177.104014519 -17.270277602
177.105235222 -17.259698175
177.093923373 -17.252699477
177.093923373 -17.245293878
177.1201278 -17.255466404
177.132578972 -17.254489842
177.149180535 -17.245293878
179.417816602 -17.375664972
179.390879754 -17.396254165
179.383474155 -17.39055755
179.383474155 -17.331231378
179.381358269 -17.315199477
179.376312696 -17.30055104
179.368825717 -17.286797784
179.372080925 -17.27337005
179.371348504 -17.259860935
179.378672722 -17.249444269
179.419688347 -17.243747654
179.429209832 -17.241143488
179.437836134 -17.241794529
179.4482528 -17.249118748
179.44809004 -17.255140883
179.45191491 -17.290297133
179.449880405 -17.316094659
179.443369988 -17.338636977
179.432871941 -17.358330988
179.417816602 -17.375664972
-178.980946418 -17.295017185
-178.985829231 -17.313571873
-179.000681119 -17.302504165
-178.997670051 -17.283135675
-178.98534095 -17.263767185
-178.972157356 -17.252699477
-178.975778775 -17.239841404
-178.970651822 -17.233819269
-178.962839322 -17.23023854
-178.958485481 -17.224786066
-178.95832272 -17.211358331
-178.960275845 -17.205498956
-178.972157356 -17.197442316
-178.982045051 -17.192559503
-179.003773567 -17.188653253
-179.013132291 -17.183851821
-179.017079231 -17.176527602
-179.018544075 -17.156914972
-179.019968228 -17.149102472
-179.006052213 -17.154717706
-178.996896939 -17.166110935
-178.98542233 -17.17587656
-178.964711067 -17.176934503
-178.932932095 -17.19150156
-178.917347786 -17.201267185
-178.910715299 -17.214532159
-178.925974088 -17.247247003
-178.927479621 -17.252699477
-178.94627845 -17.259209894
-178.96593177 -17.275079034
-178.980946418 -17.295017185
177.292653842 -17.072360935
177.28785241 -17.085219008
177.279551629 -17.094414972
177.271739129 -17.112725519
177.241709832 -17.13274505
177.238047722 -17.149102472
177.233653191 -17.145684503
177.230316602 -17.143812758
177.227386915 -17.141208592
177.224294467 -17.135430597
177.214610222 -17.141289972
177.207530144 -17.14820729
177.203786655 -17.157321873
177.203786655 -17.169610284
177.175954623 -17.163344008
177.175954623 -17.155938409
177.186778191 -17.15634531
177.19019616 -17.155938409
177.18637129 -17.146254165
177.184418165 -17.13258229
177.186045769 -17.120293878
177.193614129 -17.114922784
177.202484571 -17.111016534
177.206228061 -17.10149505
177.207774285 -17.090264581
177.211192254 -17.080824477
177.218272332 -17.073825779
177.240570509 -17.056817316
177.248545769 -17.053480727
177.249685092 -17.057712498
177.261403842 -17.075941665
177.265879754 -17.080824477
177.27214603 -17.080824477
177.275889519 -17.0741513
177.285817905 -17.04664479
177.292246941 -17.0585263
177.292653842 -17.072360935
177.402598504 -16.931084894
177.395355665 -16.936781508
177.392588738 -16.931329034
177.38559004 -16.922458592
177.373057488 -16.902927342
177.378916863 -16.893649998
177.402842644 -16.881524347
177.395762566 -16.866143488
177.408213738 -16.861097915
177.428233269 -16.862888279
177.443695509 -16.867852472
177.41293379 -16.891289972
177.403656446 -16.902601821
177.416514519 -16.909437758
177.413259311 -16.917250258
177.408457879 -16.924493097
177.402598504 -16.931084894
178.294688347 -16.792087498
178.306407097 -16.793877863
178.333994988 -16.793389581
178.330088738 -16.814060154
178.335622592 -16.825127863
178.333669467 -16.828871352
178.30738366 -16.827569269
178.290212436 -16.834405206
178.282969597 -16.822360935
178.28003991 -16.786716404
178.286306186 -16.786716404
178.294688347 -16.792087498
179.941091342 -17.001885675
179.92872155 -17.002129816
179.917491082 -16.998793227
179.912445509 -16.983005467
179.894216342 -16.967461847
179.890147332 -16.953871352
179.895274285 -16.939141534
179.907237175 -16.927015883
179.931162957 -16.909437758
179.967295769 -16.858330988
179.972992384 -16.844821873
179.977549675 -16.82822031
179.999209281 -16.78684803
180.0 -16.785348847
180.0 -16.962782393
179.998981908 -16.964612234
179.992198113 -16.975030206
179.981211785 -16.98430755
179.966807488 -16.993340753
179.953949415 -16.998793227
179.941091342 -17.001885675
-179.871571418 -16.863864842
-179.875314908 -16.865492446
-179.881459114 -16.864515883
-179.890126106 -16.867852472
-179.951161262 -16.905938409
-179.982899543 -16.932386977
-179.999989387 -16.964125258
-180.0 -16.964143906
-180.0 -16.786732946
-179.999985751 -16.786710825
-179.989857551 -16.771172784
-179.915882942 -16.694512628
-179.897653775 -16.6835263
-179.877145963 -16.677829685
-179.864084439 -16.681329034
-179.855702278 -16.693047784
-179.846506314 -16.721286717
-179.842884895 -16.7382138
-179.842396614 -16.748711847
-179.830026822 -16.756117446
-179.820912239 -16.763441665
-179.815663215 -16.772230727
-179.820993619 -16.779961847
-179.85663815 -16.813897394
-179.866525845 -16.831638279
-179.869333463 -16.840590102
-179.871571418 -16.863864842
177.493418816 -16.802666925
177.47925866 -16.817071222
177.47136478 -16.834405206
177.461436394 -16.830173435
177.457774285 -16.827569269
177.453135613 -16.833184503
177.445567254 -16.838555597
177.437185092 -16.840020441
177.429698113 -16.834405206
177.430349155 -16.82822031
177.43637129 -16.803643488
177.437185092 -16.793389581
177.44402103 -16.793389581
177.456553582 -16.805596613
177.47535241 -16.79664479
177.512950066 -16.758721613
177.558604363 -16.721449477
177.572520379 -16.699476821
177.560720248 -16.676853123
177.579925977 -16.678155206
177.591156446 -16.686211847
177.594004754 -16.699965102
177.587412957 -16.717705988
177.580332879 -16.728448175
177.563975457 -16.739922784
177.560720248 -16.748711847
177.556488477 -16.7538388
177.493418816 -16.802666925
179.917491082 -16.655531508
179.883311394 -16.655531508
179.900075717 -16.650160415
179.907237175 -16.649509373
179.910899285 -16.646254165
179.910166863 -16.632094008
179.914073113 -16.62900156
179.923350457 -16.628187758
179.934580925 -16.62509531
179.944997592 -16.618747654
179.951670769 -16.607842706
179.952647332 -16.628350519
179.947438998 -16.6444638
179.935801629 -16.654066665
179.917491082 -16.655531508
178.622569207 -16.573011977
178.615733269 -16.583754165
178.606130405 -16.591729425
178.59245853 -16.595635675
178.573985222 -16.594170831
178.566742384 -16.592461847
178.563649936 -16.590915623
178.560394727 -16.587334894
178.588226759 -16.573011977
178.5966903 -16.578383071
178.605153842 -16.580010675
178.613780144 -16.57805755
178.622569207 -16.573011977
179.999215514 -16.541452314
179.992523634 -16.543145441
179.987478061 -16.542413019
179.984548373 -16.538262628
179.984385613 -16.530205988
179.98715254 -16.518324477
179.999150238 -16.491329658
180.0 -16.489518922
180.0 -16.516561428
180.0 -16.541274867
179.999215514 -16.541452314
-179.999980365 -16.541107537
-180.0 -16.541114828
-180.0 -16.48993885
-179.999989387 -16.489922784
-179.999983133 -16.489912469
-179.991403775 -16.475762628
-179.964711067 -16.457452081
-179.959055142 -16.446872654
-179.950998502 -16.443047784
-179.911813931 -16.431573175
-179.897653775 -16.42978281
-179.897653775 -16.436455988
-179.907053189 -16.438246352
-179.91120358 -16.44117604
-179.910023567 -16.44508229
-179.903797981 -16.450290623
-179.903797981 -16.457696222
-179.909901496 -16.459567967
-179.914296028 -16.461602472
-179.919626431 -16.463148696
-179.928334114 -16.463799738
-179.933298306 -16.468031508
-179.937448697 -16.477471613
-179.937001106 -16.486911717
-179.928334114 -16.491143488
-179.921986457 -16.497491144
-179.93480384 -16.510837498
-179.952015754 -16.523044529
-179.999980365 -16.541107537
179.377452019 -16.339043878
179.361175977 -16.340752863
179.343760613 -16.338962498
179.328135613 -16.333591404
179.328135613 -16.326592706
179.3623153 -16.326592706
179.376638217 -16.328871352
179.38965905 -16.333591404
179.377452019 -16.339043878
179.903819207 -16.231133722
179.895681186 -16.238702081
179.886485222 -16.254489842
179.879649285 -16.262139581
179.865407748 -16.274509373
179.85824629 -16.282647394
179.859141472 -16.286309503
179.851247592 -16.290948175
179.838145379 -16.314060154
179.798106316 -16.369561456
179.780935092 -16.381280206
179.781016472 -16.403008722
179.763438347 -16.432793878
179.738454623 -16.459242446
179.715830925 -16.470635675
179.693858269 -16.477308852
179.597911004 -16.539808852
179.591807488 -16.545342706
179.587657097 -16.552911066
179.582286004 -16.566989842
179.58073978 -16.579278253
179.5810653 -16.594984633
179.579112175 -16.611423435
179.571462436 -16.625583592
179.560069207 -16.634535415
179.534434441 -16.650485935
179.523610873 -16.658949477
179.518728061 -16.665134373
179.50660241 -16.6835263
179.500661655 -16.687188409
179.484222852 -16.693129165
179.478688998 -16.697198175
179.488780144 -16.707614842
179.492198113 -16.725030206
179.488780144 -16.743829034
179.478688998 -16.758721613
179.486094597 -16.766045831
179.501963738 -16.754652602
179.520274285 -16.749607029
179.537119988 -16.752618097
179.548106316 -16.766045831
179.562510613 -16.754815363
179.585215691 -16.729424738
179.599375847 -16.724541925
179.609548373 -16.72275156
179.622080925 -16.717868748
179.632578972 -16.710219008
179.636973504 -16.700616144
179.640879754 -16.68726979
179.650563998 -16.682224217
179.661875847 -16.680271092
179.671071811 -16.676853123
179.672699415 -16.672946873
179.676117384 -16.659356378
179.677907748 -16.655531508
179.682139519 -16.654066665
179.694509311 -16.651462498
179.698415561 -16.649509373
179.70582116 -16.638116144
179.716156446 -16.613457941
179.722666863 -16.604424738
179.732106967 -16.599216404
179.742035352 -16.596368097
179.749766472 -16.592461847
179.7529403 -16.583916925
179.75668379 -16.576755467
179.765391472 -16.571954034
179.780935092 -16.566989842
179.814138217 -16.546319269
179.833262566 -16.530368748
179.841807488 -16.515069269
179.851084832 -16.508558852
179.903819207 -16.48430755
179.90894616 -16.478773696
179.912608269 -16.472344659
179.917165561 -16.466892185
179.924327019 -16.463799738
179.939463738 -16.463311456
179.942393425 -16.467461847
179.942393425 -16.475844008
179.953461134 -16.499607029
179.949066602 -16.509047133
179.941742384 -16.516534113
179.93620853 -16.524672133
179.924327019 -16.553155206
179.890147332 -16.614678644
179.88941491 -16.619398696
179.891123894 -16.631280206
179.890147332 -16.635837498
179.886241082 -16.63681406
179.87370853 -16.634860935
179.869639519 -16.635837498
179.848643425 -16.662367446
179.875010613 -16.664320571
179.891937696 -16.675957941
179.90113366 -16.694756769
179.903819207 -16.717705988
179.917491082 -16.716566665
179.935557488 -16.720391534
179.949717644 -16.730075779
179.951670769 -16.745700779
179.941905144 -16.752618097
179.926524285 -16.749607029
179.896332227 -16.7382138
179.899912957 -16.744235935
179.907074415 -16.760023696
179.910655144 -16.766045831
179.895762566 -16.76181406
179.890147332 -16.758721613
179.875743035 -16.7694638
179.863617384 -16.764825128
179.857920769 -16.751885675
179.86215254 -16.7382138
179.826345248 -16.737074477
179.812022332 -16.731215102
179.802012566 -16.717705988
179.780772332 -16.725030206
179.759287957 -16.723728123
179.740244988 -16.719333592
179.726328972 -16.717705988
179.716481967 -16.721937758
179.699880405 -16.735284113
179.688324415 -16.7382138
179.676036004 -16.738457941
179.666270379 -16.740655206
179.659841342 -16.746758722
179.656748894 -16.758721613
179.651866082 -16.749281508
179.650563998 -16.745700779
179.643809441 -16.745700779
179.633311394 -16.765883071
179.596853061 -16.788750909
179.582286004 -16.807061456
179.56511478 -16.791680597
179.544932488 -16.790785415
179.503184441 -16.800225519
179.47144616 -16.801202081
179.453949415 -16.805108331
179.438243035 -16.813897394
179.403819207 -16.802341404
179.375743035 -16.801039321
179.296885613 -16.806817316
179.297862175 -16.80445729
179.307953321 -16.797458592
179.314219597 -16.783298435
179.323415561 -16.771172784
179.341481967 -16.765069269
179.354746941 -16.758477472
179.348887566 -16.745700779
179.351410352 -16.731377863
179.339610222 -16.724379165
179.307953321 -16.717705988
179.282969597 -16.698907159
179.266368035 -16.689873956
179.258962436 -16.693780206
179.248220248 -16.694105727
179.172048373 -16.7225888
179.152842644 -16.73447031
179.122894727 -16.758721613
179.129405144 -16.775811456
179.123383009 -16.789646092
179.110199415 -16.799981378
179.095713738 -16.807061456
179.0654403 -16.798923435
179.044444207 -16.823825779
179.019867384 -16.895196222
179.045420769 -16.880140883
179.056651238 -16.878024998
179.075205925 -16.881524347
179.065603061 -16.893487238
179.037282748 -16.912692967
179.026866082 -16.923109633
179.019867384 -16.923109633
179.00684655 -16.91773854
178.96745853 -16.90634531
178.954437696 -16.899021092
178.950205925 -16.89072031
178.948903842 -16.882989191
178.945323113 -16.877536717
178.925954623 -16.873142185
178.920258009 -16.86695729
178.917246941 -16.858330988
178.9170028 -16.848077081
178.910004102 -16.848077081
178.910004102 -16.867852472
178.894541863 -16.85930755
178.883799675 -16.857679946
178.87403405 -16.861097915
178.861664259 -16.867852472
178.821299675 -16.902601821
178.817067905 -16.912041925
178.807139519 -16.950453383
178.79948978 -16.957207941
178.790212436 -16.962009373
178.78777103 -16.967868748
178.800954623 -16.977715753
178.765472852 -17.001153253
178.762705925 -17.005059503
178.733897332 -17.007012628
178.720876498 -17.005547784
178.705332879 -16.998793227
178.691905144 -16.985772394
178.680674675 -16.958265883
178.673187696 -16.926039321
178.670420769 -16.899021092
178.660411004 -16.879489842
178.640635613 -16.860528253
178.627452019 -16.837660415
178.636403842 -16.807061456
178.615000847 -16.799737238
178.606211785 -16.7929013
178.602305535 -16.779717706
178.540700717 -16.809177342
178.511566602 -16.814222915
178.485606316 -16.793389581
178.490244988 -16.791192316
178.490407748 -16.790215753
178.492442254 -16.786716404
178.481211785 -16.7772763
178.479014519 -16.765883071
178.483571811 -16.759942316
178.492442254 -16.766045831
178.499278191 -16.766045831
178.496592644 -16.747165623
178.50652103 -16.7304013
178.540212436 -16.704034113
178.540212436 -16.724541925
178.548513217 -16.716241144
178.552500847 -16.704847915
178.557139519 -16.698337498
178.568044467 -16.704034113
178.57292728 -16.688897394
178.585622592 -16.665134373
178.58863366 -16.649509373
178.567067905 -16.6600888
178.552744988 -16.658949477
178.542816602 -16.647881769
178.53394616 -16.62900156
178.571787957 -16.615492446
178.581797722 -16.614678644
178.589203321 -16.619398696
178.600759311 -16.635511977
178.60840905 -16.642022394
178.618825717 -16.645196222
178.650075717 -16.649509373
178.680918816 -16.66806406
178.691091342 -16.669854425
178.704274936 -16.667087498
178.708994988 -16.663018488
178.711436394 -16.657321873
178.71762129 -16.649509373
178.773285352 -16.603285415
178.788340691 -16.596937758
178.797699415 -16.606622003
178.800954623 -16.635837498
178.813975457 -16.629978123
178.817393425 -16.622735284
178.813975457 -16.5975888
178.818369988 -16.586846613
178.848643425 -16.546319269
178.85035241 -16.551446222
178.854665561 -16.560316665
178.855479363 -16.566989842
178.863454623 -16.562188409
178.867930535 -16.557061456
178.869639519 -16.550062758
178.869151238 -16.539646092
178.875987175 -16.539646092
178.886241082 -16.552341404
178.897634311 -16.54306406
178.909434441 -16.526543878
178.920420769 -16.517836196
178.930918816 -16.512627863
178.927907748 -16.49993255
178.920420769 -16.48447031
178.9170028 -16.470635675
178.921234571 -16.47275156
178.932871941 -16.476169529
178.937347852 -16.478122654
178.942718946 -16.460381769
178.95215905 -16.459649347
178.961110873 -16.466403904
178.965098504 -16.470635675
178.980153842 -16.468194269
179.007823113 -16.459567967
179.054209832 -16.454034113
179.106618686 -16.436130467
179.136729363 -16.42978281
179.167491082 -16.431329034
179.177582227 -16.42978281
179.180186394 -16.426364842
179.187836134 -16.412204685
179.191254102 -16.407972915
179.198985222 -16.405368748
179.216319207 -16.40243906
179.222341342 -16.399021092
179.240407748 -16.398125909
179.269786004 -16.405694269
179.298350457 -16.409112238
179.314219597 -16.395603123
179.329274936 -16.407972915
179.338226759 -16.403985284
179.346202019 -16.393812758
179.358734571 -16.388116144
179.365733269 -16.391289972
179.372080925 -16.404880467
179.379649285 -16.407972915
179.388031446 -16.407159113
179.392425977 -16.40601979
179.396494988 -16.405694269
179.403575066 -16.407972915
179.402028842 -16.392998956
179.395762566 -16.3788388
179.386485222 -16.367445571
179.376149936 -16.360772394
179.386485222 -16.35133229
179.397715691 -16.347832941
179.408539259 -16.349053644
179.417816602 -16.353936456
179.422618035 -16.336846613
179.431407097 -16.319024347
179.443207227 -16.310235284
179.458181186 -16.319919529
179.465098504 -16.302666925
179.466807488 -16.286879165
179.471202019 -16.274021092
179.486094597 -16.265232029
179.521657748 -16.267998956
179.535655144 -16.262465102
179.520274285 -16.244805597
179.533457879 -16.244886977
179.542491082 -16.250746352
179.549001498 -16.260511977
179.554372592 -16.272637628
179.563161655 -16.237399998
179.568044467 -16.224297784
179.57292728 -16.236423435
179.581879102 -16.24195729
179.592946811 -16.245700779
179.602793816 -16.252129816
179.611501498 -16.243340753
179.618907097 -16.242608331
179.624847852 -16.248304946
179.630137566 -16.258965753
179.630137566 -16.243422133
179.634043816 -16.237888279
179.640147332 -16.237562758
179.64714603 -16.238539321
179.653330925 -16.235284113
179.656016472 -16.227959894
179.656504754 -16.220635675
179.656423373 -16.217461847
179.663340691 -16.218194269
179.667491082 -16.220635675
179.67066491 -16.223077081
179.67448978 -16.224297784
179.693532748 -16.225762628
179.70183353 -16.223077081
179.705251498 -16.214043878
179.710297071 -16.207777602
179.734711134 -16.197930597
179.76441491 -16.181410415
179.770681186 -16.196547133
179.772715691 -16.219414972
179.780935092 -16.231133722
179.792979363 -16.22649505
179.814463738 -16.207696222
179.828786655 -16.204359633
179.839610222 -16.207696222
179.841319207 -16.213474217
179.836599155 -16.219496352
179.828786655 -16.224297784
179.839610222 -16.228122654
179.850840691 -16.227959894
179.855967644 -16.231133722
179.868174675 -16.215997003
179.903330925 -16.188653253
179.910655144 -16.179864191
179.98316491 -16.149102472
179.998817314 -16.149102472
180.0 -16.149111725
180.0 -16.16895107
179.998978496 -16.169877741
179.937998894 -16.224297784
179.929942254 -16.227146092
179.912119988 -16.227959894
179.903819207 -16.231133722
-179.999987763 -16.169609758
-180.0 -16.16961374
-180.0 -16.149111042
-179.999989387 -16.149102472
-179.999986922 -16.149100297
-179.987538215 -16.138116144
-179.973011848 -16.131036066
-179.93858802 -16.121270441
-179.948475715 -16.142185154
-179.961781379 -16.154717706
-179.978871223 -16.162774347
-179.999987763 -16.169609758
177.059743686 -12.475274347
177.075205925 -12.480645441
177.111175977 -12.480645441
177.124766472 -12.486097915
177.129079623 -12.501641534
177.113617384 -12.511407159
177.091075066 -12.516371352
177.073415561 -12.516859633
177.059580925 -12.511976821
177.043630405 -12.508477472
177.027110222 -12.507256769
177.011485222 -12.509454034
177.00660241 -12.494724217
177.005869988 -12.489515883
177.020843946 -12.493584894
177.032969597 -12.491387628
177.059743686 -12.475274347
