111.412445509 2.387355861
111.413340691 2.378241278
111.410492384 2.372219143
111.400889519 2.377834377
111.390961134 2.382147528
111.38184655 2.377875067
111.374359571 2.369086005
111.36988366 2.359808661
111.359141472 2.373114325
111.34262129 2.413885809
111.332041863 2.422430731
111.312673373 2.431341864
111.308116082 2.452134507
111.315684441 2.49624258
111.317637566 2.536769924
111.299001498 2.702704169
111.300954623 2.752630927
111.3154403 2.784491278
111.349945509 2.771307684
111.370290561 2.739732164
111.381032748 2.697902736
111.38184655 2.52334219
111.390391472 2.44916413
111.411387566 2.391099351
111.412445509 2.387355861
104.192067905 2.709051825
104.172129754 2.707749742
104.157481316 2.713283596
104.138438347 2.733628648
104.130625847 2.745794989
104.130137566 2.754543361
104.130707227 2.760077216
104.125824415 2.777044989
104.126963738 2.785589911
104.13160241 2.791083075
104.144216342 2.797593492
104.150645379 2.802394924
104.160329623 2.817857164
104.160329623 2.832668361
104.156260613 2.8477237
104.153819207 2.864081122
104.156016472 2.874579169
104.161875847 2.884833075
104.17066491 2.891099351
104.181407097 2.889797268
104.18620853 2.885321356
104.187754754 2.879706122
104.188975457 2.867580471
104.191661004 2.860296942
104.204356316 2.840887762
104.210622592 2.827866929
104.222666863 2.785589911
104.225108269 2.735907294
104.222666863 2.724107164
104.210785352 2.71507396
104.192067905 2.709051825
101.259613477 3.030218817
101.243825717 3.026190497
101.23698978 3.03506094
101.244395379 3.049017645
101.262868686 3.056341864
101.271169467 3.046454169
101.267344597 3.03530508
101.259613477 3.030218817
101.275645379 2.967718817
101.268077019 2.965155341
101.266368035 2.971502997
101.268077019 2.982123114
101.292328321 3.04291413
101.305918816 3.063950914
101.323496941 3.071112372
101.336192254 3.065008856
101.337657097 3.051825262
101.336436394 3.044745184
101.337901238 3.031927802
101.335297071 3.009019273
101.321462436 2.9961612
101.302256707 2.988674221
101.287282748 2.978216864
101.281423373 2.972479559
101.275645379 2.967718817
117.900726759 4.171291408
117.907039028 4.15668301495
117.852557309 4.157241908
117.783572247 4.157241908
117.738071462 4.157241908
117.703607904 4.16341454199
117.697113477 4.169053453
117.644053582 4.215236721
117.640147332 4.227443752
117.647634311 4.240627346
117.665537957 4.253119208
117.686045769 4.262844143
117.701670769 4.267523505
117.720225457 4.266424872
117.756358269 4.254584052
117.774424675 4.251654364
117.785411004 4.246649481
117.794932488 4.235256252
117.808278842 4.214056708
117.817718946 4.204738674
117.826345248 4.19940827
117.836192254 4.196966864
117.849864129 4.196356512
117.896250847 4.181341864
117.900645379 4.171454169
117.900726759 4.171291408
118.681651238 4.437079169
118.6748153 4.436590887
118.669200066 4.439846096
118.669200066 4.443060614
118.667979363 4.463934637
118.663259311 4.469224351
118.65121504 4.479071356
118.64747155 4.48444245
118.644053582 4.495306708
118.647634311 4.498032945
118.658050977 4.498195705
118.660655144 4.498195705
118.675140821 4.498358466
118.726247592 4.491888739
118.74878991 4.485500393
118.760020379 4.471380927
118.756114129 4.45722077
118.73308353 4.450873114
118.695811394 4.450873114
118.681651238 4.437079169
118.493174675 4.661851304
118.510264519 4.648871161
118.523773634 4.665716864
118.54948978 4.665187893
118.577810092 4.655096747
118.599619988 4.642645575
118.599619988 4.635199286
118.58480879 4.634019273
118.575368686 4.627386786
118.571055535 4.616034247
118.572276238 4.601141669
118.552989129 4.618801174
118.548106316 4.621568101
118.542979363 4.616929429
118.539561394 4.607855536
118.535166863 4.601304429
118.527354363 4.604559637
118.511973504 4.616359768
118.495616082 4.623928127
118.479991082 4.627875067
118.466563347 4.62905508
118.462657097 4.630804755
118.453623894 4.639471747
118.448903842 4.642645575
118.414724155 4.648871161
118.34644616 4.669907945
118.34644616 4.676214911
118.425303582 4.676214911
118.43628991 4.679266669
118.443207227 4.686102606
118.448985222 4.693182684
118.456309441 4.697251695
118.476084832 4.693793036
118.485118035 4.679429429
118.493174675 4.661851304
115.259287957 5.291205145
115.241709832 5.272691148
115.231944207 5.273138739
115.212250196 5.284979559
115.204112175 5.283596096
115.184255405 5.267035223
115.1591903 5.252183335
115.160899285 5.266994533
115.189138217 5.344794012
115.197276238 5.354641018
115.226084832 5.381048895
115.241709832 5.387396552
115.248545769 5.365464585
115.259776238 5.315375067
115.259287957 5.291205145
100.309825066 5.450751044
100.318532748 5.435288804
100.333994988 5.426947333
100.343435092 5.417629299
100.325205925 5.383286851
100.320811394 5.344549872
100.316661004 5.326646226
100.292246941 5.280462958
100.288747592 5.262681382
100.234711134 5.272691148
100.194997592 5.272284247
100.193614129 5.270086981
100.192718946 5.267645575
100.189707879 5.266506252
100.184336785 5.268540757
100.180023634 5.27334219
100.178965691 5.277980861
100.192718946 5.285956122
100.196136915 5.299994208
100.191172722 5.352525132
100.193125847 5.399318752
100.190928582 5.408433335
100.18628991 5.416205145
100.181651238 5.422349351
100.179453972 5.426906643
100.181651238 5.436590887
100.185231967 5.444281317
100.185883009 5.451117255
100.179453972 5.458197333
100.192067905 5.462958075
100.197113477 5.45726146
100.201182488 5.448472398
100.210622592 5.443996486
100.218597852 5.446722723
100.224457227 5.452948309
100.22934004 5.459906317
100.234711134 5.464504299
100.253754102 5.469061591
100.274099155 5.468491929
100.293304884 5.462591864
100.309825066 5.450751044
118.195485873 5.82025788
118.189219597 5.819728908
118.181895379 5.82025788
118.172536655 5.822821356
118.165537957 5.827541408
118.163828972 5.834418036
118.169932488 5.84369538
118.181000196 5.851263739
118.193125847 5.854681708
118.219493035 5.8555362
118.23308353 5.851141669
118.236094597 5.841498114
118.230804884 5.83193594
118.219493035 5.827582098
118.213145379 5.826605536
118.195485873 5.82025788
99.816952887 6.176527626
99.805596483 6.171792982
99.789522699 6.185875956
99.784059046 6.201118998
99.774710423 6.204017199
99.767234416 6.223804251
99.786291611 6.241822148
99.800442449 6.272811332
99.823921786 6.282135856
99.836978494 6.294227056
99.83978225 6.277297115
99.832317974 6.26891456
99.824858773 6.257720434
99.824961785 6.245591539
99.8232528 6.239081122
99.823812004 6.222867477
99.830233166 6.205753451
99.826427831 6.190674611
99.816952887 6.176527626
99.866465691 6.42967357
99.878265821 6.419745184
99.898936394 6.41034577
99.89759415 6.402046953
99.904795769 6.397772528
99.913340691 6.390204169
99.909030441 6.378067794
99.900616598 6.364303784
99.910865261 6.348726301
99.914476638 6.339711457
99.916270379 6.331529039
99.906102986 6.326067391
99.891694284 6.321944661
99.88316172 6.312731168
99.870508056 6.304923615
99.86569178 6.290526604
99.849417945 6.300711598
99.844585942 6.324685901
99.82533255 6.32409867
99.807306924 6.317532434
99.791770219 6.298457169
99.778031861 6.282972726
99.761664222 6.282842796
99.748949293 6.270182652
99.736672666 6.264571008
99.728734603 6.2614758
99.715457796 6.310057516
99.722132227 6.327483499
99.719043692 6.353230673
99.70280726 6.358625424
99.676838252 6.36397376
99.658702019 6.362616278
99.650075717 6.376695054
99.646006707 6.394191799
99.64522806 6.435840878
99.66944363 6.426886127
99.688751213 6.435305316
99.721371404 6.434151632
99.73647816 6.423983516
99.770926672 6.419841624
99.785996241 6.422854432
99.802248843 6.436050476
99.814291611 6.45403666
99.823950703 6.454645857
99.839203321 6.454820054
99.834483269 6.463283596
99.832774285 6.470851955
99.842029096 6.469639039
99.851084832 6.465643622
99.858897332 6.443793036
99.866465691 6.42967357
100.212363322 6.689179383
100.227504517 6.688869324
100.227504517 6.690833028
100.242645712 6.700263977
100.251740764 6.701090801
100.263316284 6.700005595
100.27396163 6.696259053
100.280782919 6.688921
100.317886597 6.576705628
100.329203735 6.557766215
100.348789103 6.540609639
100.37765899 6.526754413
100.387391399 6.522083639
100.40966394 6.515262349
100.426510457 6.513892925
100.452348674 6.516864319
100.467231486 6.513221131
100.499167522 6.490302633
100.517409302 6.481905213
100.578439168 6.464257711
100.612648967 6.449168193
100.630684041 6.444775696
100.648409057 6.447152812
100.712849569 6.493041484
100.729954468 6.493196513
100.731504761 6.487021179
100.731194702 6.464722799
100.733881877 6.456377055
100.742305135 6.450124207
100.751606894 6.448806457
100.761890504 6.448961487
100.773259318 6.447307841
100.796307007 6.433949484
100.805608765 6.414803365
100.808450969 6.367261048
100.810724732 6.355763041
100.815168905 6.344833476
100.827106161 6.324550477
100.829018189 6.316256409
100.826899455 6.307058004
100.823732218 6.298604273
100.823385458 6.297678731
100.821525106 6.288764547
100.822145224 6.259877422
100.824574015 6.251480001
100.832997274 6.236674703
100.837338094 6.237191467
100.842815796 6.243935242
100.855114787 6.247914328
100.868447307 6.246157328
100.910098511 6.235796204
100.928908732 6.24062795
100.95516036 6.268636576
100.97428064 6.272615662
101.006475057 6.246364034
101.023063192 6.240989685
101.068951864 6.250859883
101.081664266 6.246467387
101.088278849 6.233522441
101.0910177 6.213161926
101.089157349 6.188848165
101.08001062 6.180347392
101.066884807 6.174327088
101.053448934 6.157609761
101.052518759 6.134562073
101.068538452 6.119550069
101.087141968 6.105597433
101.094273315 6.085753683
101.08900232 6.046608785
101.087452027 5.989687195
101.080424032 5.95702769
101.078770386 5.938165792
101.071122274 5.919846497
101.05293217 5.913102722
101.031848185 5.908916931
101.015311727 5.898349101
100.97428064 5.815305075
100.967717733 5.804117126
100.96528894 5.792412415
100.967200968 5.781017762
100.972426655 5.772852627
100.980016724 5.760993144
100.991747274 5.737480367
100.998620239 5.729548035
101.008387085 5.725672302
101.027404012 5.726550802
101.037325887 5.724587097
101.059805135 5.709575094
101.078770386 5.68776764
101.093963257 5.662652893
101.105435426 5.6376415
101.122178589 5.629890035
101.149980509 5.63864919
101.196851034 5.666812846
101.212302287 5.681514791
101.22501469 5.699213969
101.233592977 5.719419454
101.236641887 5.741666158
101.248992554 5.786986389
101.279688355 5.803031921
101.318962444 5.810085755
101.357564738 5.82840505
101.392653036 5.851091004
101.500201425 5.892693601
101.534659871 5.906023051
101.557914266 5.911345724
101.57930831 5.906333109
101.595121298 5.885352478
101.599772176 5.874061178
101.605146525 5.866103007
101.61289799 5.861348775
101.624576864 5.859410909
101.634085327 5.855586853
101.634395386 5.847344462
101.6312948 5.837370911
101.630778036 5.82840505
101.650363404 5.782645569
101.665918009 5.765592346
101.686691936 5.761199849
101.696613811 5.76626414
101.6975667 5.7671383
101.714752238 5.782903951
101.726792847 5.786469625
101.740022014 5.782361349
101.747876831 5.772387797
101.754181356 5.760269674
101.762862997 5.749546814
101.784153686 5.738100484
101.800483439 5.739909159
101.812265666 5.752544047
101.820223836 5.773731384
101.825494833 5.779829203
101.854743693 5.797657573
101.860841512 5.806494242
101.864252157 5.815408427
101.869213094 5.823857524
101.880323528 5.831040548
101.912931356 5.859307556
101.919287557 5.897573955
101.919752645 5.940258687
101.93473881 5.981729024
101.959388469 6.011598002
102.033440796 6.068390402
102.060002482 6.094797058
102.071267944 6.126655579
102.066655834 6.204748336
102.073113755 6.25749663254
102.098643425 6.239081122
102.152110222 6.20319245
102.163584832 6.197495835
102.187022332 6.203436591
102.191661004 6.21507396
102.183116082 6.223049221
102.16684004 6.217962958
102.178070509 6.233628648
102.199554884 6.232814846
102.315684441 6.190375067
102.338145379 6.176988023
102.379893425 6.13296133
102.499847852 5.897406317
102.520762566 5.871730861
102.5420028 5.854763088
102.550466342 5.848049221
102.603282097 5.815375067
102.626312696 5.797186591
102.646006707 5.772935289
102.65902754 5.740545966
102.669200066 5.725002346
102.696462436 5.712876695
102.875661655 5.571437893
102.918142123 5.550441799
102.959483269 5.542059637
102.97559655 5.53131745
103.027598504 5.485500393
103.120290561 5.381333726
103.222422722 5.221136786
103.257334832 5.136175848
103.356618686 4.970404364
103.415293816 4.8633487
103.421234571 4.844142971
103.425059441 4.837144273
103.442637566 4.81659577
103.44800866 4.806545315
103.448578321 4.795070705
103.441172722 4.76557038
103.442637566 4.742824611
103.452484571 4.701076565
103.469411655 4.550034898
103.468109571 4.527085679
103.458262566 4.508286851
103.451426629 4.48847077
103.46371504 4.443752346
103.461680535 4.429144598
103.494151238 4.336615302
103.496429884 4.306219794
103.493907097 4.295314846
103.480316602 4.260239976
103.472341342 4.248236395
103.465830925 4.24209219
103.451670769 4.225165106
103.44800866 4.217474677
103.448415561 4.208807684
103.454844597 4.182766018
103.448578321 4.172430731
103.442800326 4.168972072
103.440928582 4.16787344
103.432790561 4.164862372
103.42465254 4.159165757
103.403981967 4.131822007
103.395192905 4.116278387
103.394053582 4.098618882
103.400889519 4.067328192
103.437998894 3.975043036
103.434336785 3.950018622
103.411631707 3.963934637
103.394704623 3.935003973
103.384043816 3.890326239
103.380381707 3.857489325
103.381358269 3.82050202
103.378428582 3.802435614
103.361013217 3.801988023
103.351084832 3.78921133
103.34278405 3.771918036
103.33871504 3.758205471
103.339610222 3.7383487
103.344981316 3.721584377
103.383555535 3.637274481
103.387217644 3.624741929
103.404551629 3.600043036
103.438731316 3.567816473
103.462168816 3.534125067
103.44800866 3.504950262
103.482188347 3.5117862
103.433360222 3.408392645
103.428070509 3.36717357
103.444509311 3.243557033
103.451426629 3.223781643
103.4560653 3.203762111
103.434580925 2.961818752
103.441172722 2.92210521
103.473643425 2.851019598
103.520192905 2.78900788
103.638438347 2.67210521
103.640310092 2.671291408
103.652110222 2.666001695
103.667491082 2.662909247
103.685069207 2.662054755
103.6904403 2.659125067
103.705414259 2.645453192
103.716156446 2.641546942
103.725840691 2.643052476
103.749685092 2.654608466
103.765147332 2.648911851
103.766774936 2.641750393
103.764170769 2.633246161
103.767100457 2.623846747
103.801768425 2.596869208
103.813975457 2.581488348
103.839691602 2.524847723
103.8310653 2.501695054
103.830332879 2.482367255
103.837657097 2.463812567
103.911387566 2.370672919
103.920095248 2.362616278
103.942067905 2.346502997
103.948985222 2.3399112
103.953379754 2.329413153
103.953623894 2.309475002
103.95582116 2.298285223
103.962412957 2.287298895
103.979991082 2.26557038
103.983653191 2.253648179
103.981455925 2.244330145
103.9716903 2.224595445
103.969411655 2.212713934
103.976410352 2.192368882
104.023285352 2.134466864
104.048838738 2.071763414
104.067230665 2.04682038
104.078868035 2.021795966
104.085459832 2.010972398
104.106455925 1.986883856
104.112803582 1.976141669
104.120860222 1.954046942
104.122325066 1.934637762
104.119639519 1.891180731
104.124278191 1.870550848
104.13542728 1.848944403
104.149180535 1.837469794
104.161143425 1.847072658
104.167491082 1.847072658
104.195323113 1.798732815
104.204274936 1.752875067
104.222911004 1.726874091
104.228037957 1.712103583
104.2295028 1.678290106
104.235362175 1.664374091
104.247243686 1.650539455
104.255218946 1.637762762
104.249847852 1.627346096
104.25652103 1.613836981
104.263682488 1.572170315
104.28402754 1.517482815
104.293711785 1.471584377
104.294688347 1.446519273
104.28785241 1.435532945
104.279551629 1.426459052
104.282399936 1.382635809
104.277354363 1.36733633
104.239593946 1.36733633
104.234629754 1.363999742
104.224131707 1.349514065
104.219248894 1.346177476
104.174082879 1.348211981
104.154470248 1.352280992
104.114024285 1.368475653
104.106211785 1.37518952
104.105235222 1.385402736
104.105967644 1.404486395
104.10059655 1.418850002
104.08863366 1.429429429
104.074880405 1.438706773
104.064952019 1.448635158
104.059418165 1.485337632
104.086273634 1.502875067
104.123220248 1.517523505
104.147634311 1.545396226
104.128916863 1.549709377
104.111175977 1.545070705
104.094493035 1.5352237
104.060801629 1.510077216
104.05339603 1.506293036
104.0498153 1.513088283
104.043955925 1.53119538
104.012217644 1.596869208
103.988536004 1.632391669
103.965993686 1.647853908
103.960215691 1.635809637
103.970388217 1.608628648
104.008311394 1.548732815
104.008636915 1.534857489
104.003428582 1.506903387
104.005707227 1.493841864
104.010020379 1.479478257
104.012461785 1.464260158
104.009776238 1.448635158
103.974457227 1.419826565
103.926524285 1.431708075
103.839691602 1.47654857
103.814300977 1.474514065
103.774099155 1.453680731
103.753103061 1.448635158
103.712657097 1.452093817
103.697601759 1.450628973
103.681407097 1.441799221
103.630056186 1.377427476
103.600108269 1.353461005
103.564707879 1.359849351
103.562754754 1.364406643
103.555511915 1.374741929
103.547862175 1.382066148
103.544200066 1.377183335
103.545258009 1.365952867
103.550059441 1.351060289
103.551036004 1.342840887
103.548513217 1.331691799
103.530528191 1.305243231
103.516368035 1.270453192
103.504079623 1.289943752
103.469004754 1.319973049
103.454844597 1.339422919
103.446299675 1.35932038
103.413910352 1.467840887
103.395355665 1.506415106
103.367360873 1.538397528
103.325043165 1.565334377
103.2060653 1.610419012
103.037119988 1.715521552
102.996348504 1.734930731
102.974131707 1.741156317
102.951182488 1.743394273
102.934580925 1.747544664
102.923187696 1.75787995
102.906748894 1.784369208
102.887461785 1.807114976
102.863617384 1.827785549
102.835622592 1.845648505
102.804453972 1.860093492
102.788422071 1.854193427
102.738780144 1.846625067
102.721853061 1.847072658
102.699392123 1.85944245
102.68620853 1.87905508
102.667165561 1.921576239
102.650645379 1.940904039
102.568858269 2.006415106
102.5576278 2.018744208
102.550466342 2.03143952
102.559092644 2.033189195
102.560313347 2.036444403
102.558278842 2.040594794
102.55730228 2.045111395
102.544688347 2.057684637
102.526866082 2.070868231
102.489024285 2.092922268
102.348643425 2.149969794
102.187998894 2.216376044
102.154307488 2.235663153
102.126963738 2.257310289
102.051280144 2.340887762
102.040293816 2.346136786
102.018728061 2.350409247
101.99903405 2.361639716
101.98707116 2.377142645
101.988780144 2.39451732
101.972178582 2.39858633
101.956228061 2.404771226
101.926768425 2.422430731
101.9091903 2.410793361
101.877452019 2.408840236
101.865244988 2.39451732
101.85816491 2.419419664
101.856211785 2.451361395
101.851084832 2.478949286
101.834239129 2.490708726
101.827403191 2.494126695
101.817718946 2.502183335
101.803233269 2.518011786
101.783050977 2.575873114
101.774424675 2.586574611
101.760996941 2.592108466
101.713389519 2.596584377
101.700938347 2.604152736
101.690928582 2.614894924
101.673513217 2.627264716
101.618337436 2.63690827
101.597911004 2.646307684
101.564219597 2.652004299
101.542328321 2.661281643
101.50277754 2.689398505
101.479665561 2.716986395
101.430186394 2.792466539
101.399180535 2.819077867
101.355153842 2.829250393
101.310557488 2.833563544
101.286387566 2.849676825
101.30347741 2.894842841
101.281016472 2.897853908
101.283050977 2.911200262
101.332774285 2.972357489
101.347178582 2.985500393
101.361582879 2.991034247
101.372813347 3.002346096
101.372813347 3.028306382
101.365000847 3.076361395
101.358571811 3.089260158
101.329844597 3.111761786
101.323415561 3.124457098
101.30347741 3.254828192
101.297618035 3.274603583
101.283213738 3.290838934
101.24887129 3.319973049
101.24488366 3.327582098
101.241465691 3.336615302
101.235687696 3.344142971
101.215586785 3.349188544
101.20573978 3.353827216
101.197601759 3.35932038
101.19418379 3.364081122
101.187185092 3.380194403
101.13965905 3.442857164
101.10840905 3.473944403
101.102224155 3.482896226
101.094004754 3.505804755
101.074229363 3.534409898
101.064463738 3.579046942
101.057139519 3.600531317
101.040537957 3.621975002
100.967946811 3.67206452
100.943369988 3.682603257
100.933604363 3.689276434
100.927989129 3.696600653
100.912445509 3.724066473
100.886485222 3.756333726
100.869639519 3.768011786
100.82292728 3.776068427
100.812266472 3.786566473
100.813243035 3.803778387
100.823741082 3.827093817
100.841563347 3.84373607
100.845388217 3.851263739
100.833994988 3.854396877
100.811778191 3.851223049
100.800547722 3.84780508
100.79590905 3.84381745
100.784841342 3.839341539
100.760101759 3.847154039
100.734629754 3.85944245
100.720713738 3.868068752
100.709483269 3.88304271
100.703379754 3.898871161
100.700694207 3.917222398
100.701182488 3.967230536
100.706309441 3.983587958
100.718760613 3.990871486
100.781748894 3.988023179
100.801524285 3.991115627
100.817393425 4.010809637
100.83464603 4.018540757
100.854991082 4.022162177
100.871429884 4.018866278
100.861501498 4.040350653
100.838145379 4.037990627
100.814300977 4.026068427
100.803233269 4.018866278
100.777598504 4.021389065
100.772959832 4.037014065
100.776703321 4.060532945
100.77605228 4.086493231
100.765879754 4.099839585
100.7138778 4.134955145
100.697520379 4.150864976
100.677744988 4.165187893
100.655528191 4.169501044
100.632578972 4.155462958
100.622569207 4.1758487
100.613047722 4.208400783
100.608897332 4.23843008
100.615244988 4.251654364
100.60027103 4.256537177
100.595713738 4.268744208
100.594981316 4.284409898
100.590993686 4.300034898
100.579600457 4.311224677
100.569672071 4.313381252
100.5654403 4.319159247
100.570567254 4.341009833
100.579844597 4.366441148
100.583018425 4.380072333
100.584239129 4.399074611
100.58855228 4.412258205
100.607676629 4.426214911
100.61207116 4.440008856
100.614756707 4.467759507
100.632578972 4.532904364
100.645518425 4.560044664
100.630218946 4.553941148
100.6123153 4.55874258
100.597341342 4.571926174
100.590993686 4.590806382
100.594411655 4.610907294
100.603770379 4.629461981
100.616953972 4.638251044
100.632578972 4.62905508
100.63949629 4.643133856
100.64730879 4.654730536
100.656097852 4.663723049
100.666188998 4.669907945
100.642344597 4.674302476
100.620371941 4.666205145
100.60417728 4.665838934
100.597829623 4.693548895
100.594493035 4.743068752
100.603851759 4.756048895
100.632578972 4.758124091
100.632578972 4.76557038
100.626800977 4.766587632
100.61207116 4.772365627
100.61980228 4.786444403
100.617360873 4.79291413
100.597829623 4.799709377
100.587657097 4.80097077
100.581228061 4.797919012
100.576182488 4.799261786
100.570567254 4.813381252
100.569509311 4.827134507
100.577403191 4.84398021
100.577403191 4.854315497
100.571543816 4.857733466
100.561778191 4.858303127
100.553070509 4.862046617
100.550059441 4.875433661
100.539886915 4.870021877
100.529144727 4.867865302
100.505381707 4.867987372
100.494395379 4.872259833
100.499278191 4.881048895
100.509613477 4.888617255
100.515310092 4.889064846
100.51465905 4.90249258
100.510996941 4.906927802
100.503428582 4.91014232
100.491709832 4.919826565
100.481700066 4.924709377
100.470713738 4.922308661
100.460703972 4.916001695
100.453868035 4.908921617
100.441579623 4.922837632
100.435801629 4.936102606
100.43238366 4.949652411
100.426524285 4.964178778
100.401866082 4.99233633
100.395681186 5.013373114
100.380707227 5.047349351
100.372325066 5.061428127
100.364512566 5.084295966
100.36589603 5.092515367
100.369476759 5.093247789
100.374196811 5.091945705
100.378672722 5.094549872
100.388845248 5.10565827
100.400075717 5.114894924
100.40902754 5.126654364
100.416270379 5.159613348
100.430918816 5.190619208
100.433278842 5.21116771
100.430674675 5.222357489
100.421153191 5.24241771
100.418955925 5.248480536
100.421234571 5.260646877
100.431162957 5.278957424
100.433278842 5.290025132
100.430023634 5.302883205
100.406016472 5.348374742
100.385264519 5.376939195
100.380218946 5.39069245
100.378672722 5.413275458
100.384938998 5.499253648
100.378428582 5.522772528
100.355723504 5.56268952
100.350840691 5.584214585
100.344004754 5.669256903
100.353200717 5.665350653
100.364919467 5.662665106
100.376312696 5.663316148
100.384938998 5.669256903
100.386403842 5.679103908
100.378754102 5.685207424
100.369151238 5.689601955
100.364512566 5.694077867
100.375743035 5.810939846
100.349131707 6.012681382
100.340586785 6.029933986
100.325938347 6.049058335
100.313975457 6.070624091
100.296153191 6.115545966
100.260020379 6.180894273
100.247894727 6.220770575
100.232595248 6.236232815
100.199961785 6.258978583
100.17457116 6.290961005
100.152842644 6.333929755
100.137461785 6.380519924
100.131114129 6.423407294
100.127289259 6.442287502
100.135572144 6.457720643
100.144357137 6.479579773
100.148491252 6.504487814
100.148077841 6.513221131
100.144822225 6.530584412
100.145700725 6.539524435
100.152418661 6.549988912
100.161203654 6.557456156
100.16719812 6.566137797
100.165182739 6.580322978
100.157172892 6.603525696
100.156087688 6.620578919
100.162753947 6.66111908
100.164045858 6.683727519
100.166836386 6.695122172
100.173295939 6.70341624
100.187558634 6.707963766
100.196653687 6.702486064
100.199200202 6.699413639
100.203785035 6.693881938
100.212363322 6.689179383
117.443044467 6.635728257
117.412364129 6.634914455
117.38168379 6.639349677
117.356211785 6.647894598
117.346934441 6.654974677
117.343435092 6.663519598
117.345957879 6.672308661
117.354991082 6.67963288
117.365570509 6.683050848
117.416270379 6.685288804
117.432139519 6.689357815
117.443858269 6.698553778
117.4482528 6.715155341
117.439300977 6.723944403
117.403575066 6.725816148
117.399912957 6.739325262
117.411631707 6.751369533
117.452484571 6.756740627
117.468760613 6.766669012
117.493907097 6.735419012
117.5107528 6.704291083
117.50660241 6.673488674
117.468760613 6.643133856
117.443044467 6.635728257
116.838145379 6.962144273
116.851817254 6.890204169
116.833262566 6.900824286
116.822520379 6.904120184
116.817637566 6.900091864
116.81120853 6.868841864
116.810801629 6.862860419
116.822276238 6.852850653
116.838145379 6.847398179
116.852386915 6.838527736
116.858653191 6.817857164
116.854665561 6.778509833
116.843923373 6.752264716
116.810801629 6.704575914
116.792735222 6.669745184
116.778493686 6.626532294
116.78394616 6.591620184
116.824473504 6.581732489
116.845469597 6.592027085
116.861013217 6.610541083
116.873057488 6.628363348
116.883067254 6.636297919
116.896739129 6.642075914
116.941172722 6.684759833
116.973806186 6.708075262
116.980235222 6.720363674
116.984141472 6.754950262
116.989024285 6.759182033
116.995616082 6.761135158
117.00261478 6.766669012
117.016286655 6.793931382
117.052500847 6.830755927
117.057871941 6.845526434
117.051768425 6.866197007
117.029307488 6.909979559
117.030528191 6.931138414
117.038584832 6.942613023
117.046560092 6.943793036
117.055837436 6.940375067
117.068125847 6.937974351
117.076670769 6.94131094
117.083262566 6.948472398
117.085948113 6.955755927
117.082041863 6.959051825
117.074473504 6.963771877
117.072520379 6.974310614
117.074473504 6.985663153
117.078379754 6.992621161
117.0888778 6.994696356
117.100840691 6.991603908
117.11215254 6.987290757
117.11988366 6.985785223
117.128672722 6.990668036
117.143809441 7.003729559
117.150238477 7.003119208
117.158050977 6.998724677
117.183441602 6.987860419
117.191661004 6.985785223
117.194997592 6.981838283
117.246755405 6.950506903
117.252452019 6.945786851
117.25652103 6.937974351
117.257334832 6.920843817
117.250987175 6.872788804
117.246592644 6.862860419
117.232758009 6.85545482
117.228363477 6.838080145
117.230316602 6.817531643
117.236013217 6.80076732
117.271983269 6.753729559
117.277598504 6.735663153
117.28028405 6.673570054
117.284434441 6.657416083
117.29590905 6.636297919
117.308929884 6.62881094
117.349294467 6.630113023
117.364756707 6.62514883
117.378184441 6.61347077
117.399912957 6.588568427
117.4248153 6.565578518
117.442230665 6.553045966
117.458506707 6.547552802
117.474864129 6.551459052
117.485850457 6.56244538
117.509776238 6.602199611
117.525401238 6.62099844
117.533702019 6.62103913
117.536957227 6.60569896
117.537608269 6.57831452
117.54175866 6.577582098
117.564952019 6.554388739
117.561045769 6.555731512
117.558441602 6.551214911
117.55738366 6.544745184
117.558116082 6.540106512
117.561778191 6.538316148
117.574554884 6.534979559
117.578623894 6.533270575
117.593597852 6.5195987
117.603282097 6.514715887
117.61622155 6.512844143
117.630218946 6.519842841
117.640879754 6.521714585
117.650645379 6.516546942
117.67465254 6.488959052
117.685313347 6.473089911
117.695323113 6.451361395
117.70215905 6.451361395
117.70582116 6.460028387
117.710703972 6.463771877
117.716319207 6.462958075
117.722504102 6.458197333
117.727061394 6.451157945
117.728282097 6.443670966
117.728200717 6.434759833
117.7295028 6.423407294
117.732758009 6.41412995
117.741953972 6.396714585
117.743825717 6.389878648
117.740000847 6.380560614
117.73308353 6.371568101
117.728526238 6.362372137
117.738780144 6.335679429
117.7295028 6.26947663
117.722992384 6.254624742
117.708018425 6.252875067
117.6748153 6.258978583
117.656260613 6.252752997
117.638194207 6.240627346
117.609222852 6.21482982
117.60035241 6.197821356
117.605642123 6.181830145
117.627126498 6.15648021
117.64332116 6.117499091
117.657888217 6.111273505
117.661143425 6.10561758
117.662608269 6.095770575
117.665212436 6.088202216
117.665537957 6.079901434
117.661143425 6.067775783
117.652842644 6.059312242
117.6435653 6.056301174
117.636078321 6.051947333
117.633311394 6.039862372
117.639903191 6.02342357
117.654144727 6.01976146
117.668304884 6.013413804
117.6748153 5.988959052
117.668955925 5.97264232
117.654633009 5.958685614
117.619639519 5.93744538
117.492849155 5.89468008
117.468760613 5.868557033
117.486501498 5.871771552
117.543793165 5.896429755
117.56934655 5.902899481
117.640147332 5.903265692
117.707041863 5.911607164
117.75660241 5.90615469
117.774261915 5.908026434
117.78028405 5.919419664
117.771657748 5.944281317
117.782237175 5.950628973
117.792653842 5.950018622
117.804453972 5.946478583
117.818858269 5.944281317
117.836599155 5.94550202
117.884043816 5.954657294
117.893890821 5.961330471
117.900075717 5.973944403
117.913910352 5.986476955
117.941091342 6.005682684
117.973643425 6.047756252
117.991384311 6.056789455
117.995453321 6.061712958
118.00261478 6.064601955
118.016856316 6.060980536
118.050954623 6.026190497
118.053233269 6.016302802
118.052500847 6.005316473
118.05372155 5.99632396
118.070974155 5.987372137
118.073578321 5.975287177
118.072032097 5.954779364
118.07715905 5.931586005
118.118988477 5.875392971
118.124522332 5.870347398
118.125173373 5.863918361
118.095957879 5.82416413
118.0810653 5.815375067
118.058848504 5.808986721
118.035411004 5.807766018
118.016856316 5.814520575
118.000010613 5.808986721
117.937998894 5.814520575
117.921153191 5.809027411
117.910411004 5.79686107
117.908457879 5.784654039
117.917735222 5.779201565
117.922048373 5.771714585
117.95199629 5.694077867
117.960297071 5.687160549
117.964854363 5.686224677
117.970550977 5.688544012
117.982676629 5.691066799
117.998057488 5.695949611
118.03785241 5.714300848
118.054698113 5.718329169
118.062754754 5.716620184
118.069590691 5.707993882
118.078868035 5.704657294
118.086599155 5.706366278
118.096202019 5.710516669
118.106618686 5.712591864
118.116465691 5.708075262
118.126719597 5.693548895
118.134043816 5.689642645
118.143728061 5.694077867
118.151540561 5.705145575
118.151621941 5.714097398
118.14714603 5.724554755
118.153819207 5.74213288
118.158213738 5.749009507
118.164561394 5.756170966
118.167246941 5.764390367
118.159353061 5.782782294
118.160817905 5.793402411
118.176280144 5.805161851
118.220957879 5.809556382
118.262217644 5.827866929
118.283702019 5.823228257
118.335785352 5.795843817
118.340668165 5.794256903
118.345713738 5.798407294
118.356700066 5.810777085
118.365244988 5.813788153
118.375336134 5.809881903
118.384532097 5.803941148
118.390798373 5.80093008
118.410655144 5.796128648
118.513031446 5.736761786
118.548106316 5.708075262
118.561859571 5.699774481
118.579274936 5.691717841
118.594004754 5.682074286
118.599619988 5.669256903
118.595957879 5.659369208
118.58863366 5.653631903
118.581716342 5.649969794
118.578461134 5.646307684
118.568695509 5.589544989
118.562022332 5.568019924
118.558848504 5.54686107
118.5654403 5.525946356
118.572276238 5.525946356
118.582204623 5.551336981
118.588389519 5.56268952
118.595957879 5.571234442
118.60059655 5.581284898
118.598968946 5.607977606
118.603037957 5.618719794
118.629079623 5.63662344
118.65105228 5.636419989
118.670258009 5.623032945
118.717295769 5.565822658
118.736582879 5.547837632
118.753916863 5.540187893
118.78028405 5.53534577
118.800059441 5.522121486
118.812998894 5.502346096
118.81934655 5.478094794
118.82683353 5.483628648
118.8310653 5.488592841
118.832774285 5.495266018
118.832367384 5.505438544
118.879567905 5.469794012
118.897959832 5.464504299
118.918793165 5.454982815
118.935720248 5.433986721
118.939463738 5.412827867
118.921722852 5.403021552
118.9326278 5.394110419
118.9482528 5.388576565
118.964528842 5.388413804
118.976410352 5.395575262
118.97925866 5.409125067
118.973399285 5.419582424
118.970876498 5.428290106
118.983897332 5.436509507
119.008311394 5.435858466
119.055674675 5.410956122
119.085703972 5.409857489
119.163828972 5.446966864
119.189300977 5.450751044
119.204844597 5.443345445
119.219574415 5.427923895
119.243337436 5.395575262
119.264984571 5.374212958
119.274261915 5.361151434
119.278086785 5.344631252
119.275889519 5.322943427
119.266449415 5.289780992
119.26441491 5.272691148
119.269297722 5.226223049
119.267100457 5.201076565
119.244151238 5.181341864
119.195567254 5.128648179
119.155935092 5.106187242
118.973155144 5.039943752
118.786631707 4.986029364
118.750743035 4.964056708
118.727305535 4.953924872
118.702484571 4.946600653
118.681488477 4.944322007
118.665863477 4.947984117
118.634450717 4.961330471
118.605804884 4.965765692
118.58497155 4.971869208
118.572276238 4.971625067
118.560231967 4.967433986
118.530772332 4.944322007
118.509043816 4.931057033
118.499359571 4.931463934
118.486338738 4.940619208
118.480723504 4.947984117
118.462657097 4.978745835
118.42839603 5.018784898
118.396983269 5.034816799
118.376231316 5.041083075
118.366872592 5.035874742
118.357188347 5.038804429
118.335785352 5.025132554
118.304860873 4.998928127
118.296722852 5.004584052
118.29167728 5.000921942
118.289724155 4.990952867
118.291270379 4.977850653
118.25269616 4.987127997
118.216970248 4.965806382
118.160817905 4.902777411
118.143890821 4.890285549
118.136485222 4.882310289
118.133555535 4.871730861
118.134938998 4.85960521
118.139008009 4.85537344
118.145762566 4.853216864
118.171397332 4.836574611
118.177989129 4.830755927
118.183848504 4.821844794
118.194997592 4.79291413
118.219004754 4.756293036
118.246429884 4.723822333
118.277598504 4.695135809
118.312266472 4.669907945
118.325205925 4.657863674
118.333506707 4.651556708
118.34262129 4.648871161
118.351817254 4.64862702
118.372813347 4.645819403
118.380544467 4.642645575
118.385264519 4.63666413
118.39323978 4.618353583
118.397715691 4.611314195
118.404063347 4.605861721
118.411143425 4.60150788
118.42839603 4.594305731
118.430837436 4.611273505
118.444590691 4.614935614
118.462412957 4.610012111
118.476735873 4.601141669
118.487478061 4.587591864
118.489512566 4.575100002
118.484385613 4.56273021
118.473317905 4.549872137
118.469411655 4.537176825
118.478200717 4.526068427
118.490407748 4.516506252
118.496592644 4.508286851
118.504893425 4.502386786
118.523285352 4.51162344
118.551931186 4.532782294
118.563161655 4.52724844
118.587412957 4.523830471
118.599619988 4.519191799
118.594004754 4.505519924
118.605642123 4.486883856
118.645274285 4.444037177
118.645762566 4.436753648
118.637217644 4.42601146
118.626231316 4.419338283
118.617523634 4.420721747
118.607595248 4.425523179
118.592133009 4.429144598
118.597422722 4.412298895
118.59278405 4.397365627
118.582774285 4.384588934
118.572276238 4.374579169
118.556895379 4.36351146
118.542816602 4.360012111
118.503428582 4.361517645
118.486582879 4.35952383
118.454356316 4.350287177
118.435231967 4.347235419
118.391937696 4.346380927
118.368907097 4.350572007
118.353282097 4.361517645
118.340179884 4.344061591
118.332530144 4.339016018
118.242035352 4.313666083
118.160817905 4.306219794
118.137054884 4.298651434
118.004567905 4.231634833
117.982676629 4.231146552
117.921071811 4.249090887
117.904470248 4.251654364
117.892263217 4.256984768
117.853688998 4.292629299
117.839610222 4.3008487
117.831228061 4.30467357
117.822520379 4.306219794
117.818858269 4.310532945
117.812022332 4.329291083
117.808278842 4.333563544
117.794769727 4.334906317
117.763519727 4.347235419
117.738454623 4.35179271
117.7295028 4.354681708
117.707530144 4.369940497
117.696136915 4.387762762
117.687022332 4.407049872
117.671153191 4.42601146
117.656016472 4.424221096
117.634125196 4.41010163
117.614593946 4.393052476
117.605804884 4.382025458
117.609629754 4.373358466
117.628754102 4.361761786
117.633311394 4.350978908
117.633311394 4.309637762
117.636973504 4.299017645
117.652110222 4.284857489
117.653656446 4.272162177
117.649099155 4.260728257
117.640472852 4.251369533
117.619639519 4.237372137
117.613047722 4.230902411
117.60808353 4.222235419
117.602061394 4.215277411
117.598968946 4.20693594
117.602712436 4.201727606
117.620290561 4.184719143
117.627126498 4.176499742
117.617035352 4.177435614
117.60840905 4.176214911
117.567149285 4.159654039
117.558332968 4.167653707
117.54220992 4.17382904
117.514614705 4.171942851
117.498388306 4.172614644
117.464178508 4.177911479
117.43647994 4.185611267
117.412915487 4.200080668
117.356588176 4.259508566
117.27555953 4.300978903
117.238662558 4.326868795
117.230601034 4.337178243
117.224813273 4.346583354
117.217165162 4.353430481
117.202695761 4.356065979
117.190396769 4.353017069
117.174377075 4.338418477
117.164661906 4.333147481
116.980590454 4.32955597
116.924263143 4.344955547
116.883025351 4.34490387
116.804477173 4.330072733
116.766133261 4.338573507
116.729442993 4.364463399
116.7116663 4.366788838
116.680040324 4.339917094
116.66112675 4.334387716
116.641799765 4.333870952
116.615548137 4.344077047
116.590226685 4.331132101
116.576894166 4.3320106
116.533279257 4.395365906
116.5222205 4.396787008
116.515399211 4.38415212
116.494315226 4.363223165
116.486460409 4.348831278
116.486977173 4.338573507
116.49193811 4.33128713
116.494108521 4.324853414
116.485943644 4.316921082
116.468373658 4.312321879
116.457108195 4.316766052
116.446359497 4.317256979
116.421761516 4.291832174
116.411322876 4.288654074
116.400884237 4.289997661
116.391065715 4.294674377
116.365434204 4.337695008
116.361816854 4.350381572
116.358199504 4.355445862
116.351274862 4.357900492
116.344246867 4.35691864
116.337528931 4.357228699
116.310657186 4.383376974
116.285129029 4.378390198
116.257223756 4.364153341
116.228801717 4.356117656
116.215055787 4.357848816
116.17009729 4.369915263
116.146842896 4.371207173
116.136507609 4.373041687
116.125758912 4.378906962
116.117490683 4.357228699
116.109945923 4.345110575
116.099403931 4.336506449
116.081213827 4.325473531
116.033154745 4.277724507
116.020649048 4.270851542
116.004009237 4.27669098
115.993570598 4.288912455
115.987369426 4.30477712
115.983442017 4.321391093
115.977240845 4.328625794
115.964838501 4.335472921
115.940963989 4.344361267
115.898796021 4.347125956
115.878848918 4.35213857
115.869443807 4.366685486
115.864896281 4.382575989
115.856111288 4.390766703
115.844122355 4.38921641
115.830996542 4.376116435
115.82117802 4.344335429
115.82190149 4.311236674
115.817457317 4.28131602
115.779423462 4.248940735
115.775392701 4.236099142
115.770741821 4.225608825
115.756892538 4.222172343
115.747177369 4.227624207
115.740252727 4.236202495
115.732604615 4.239380595
115.689816529 4.199977315
115.682788534 4.19064972
115.675967245 4.184164327
115.655916789 4.178634949
115.646925089 4.169100647
115.639134331 4.145949698
115.633282512 4.128560486
115.622120402 4.040219625
115.609511352 3.996914774
115.59028772 3.958002421
115.580985962 3.946917827
115.545845989 3.927720032
115.538817994 3.920614522
115.538301229 3.897825216
115.554114217 3.88356252
115.574578084 3.872090353
115.588634074 3.857595113
115.589357545 3.824522197
115.550496867 3.708224385
115.544605754 3.668976136
115.544399048 3.629159445
115.548533163 3.605284933
115.57333785 3.545004374
115.574474731 3.534565735
115.572407675 3.514256897
115.572717733 3.504154155
115.576128378 3.491674296
115.592664836 3.461960348
115.600623006 3.44121226
115.601243124 3.430231019
115.595455363 3.420851746
115.585016724 3.416820984
115.576025025 3.419404805
115.567136678 3.423848979
115.557214803 3.425450948
115.53582076 3.403617656
115.517630656 3.357160543
115.482800741 3.206472066
115.483524211 3.189005432
115.499337199 3.1697818
115.514426718 3.164769186
115.517010539 3.157276103
115.482180624 3.11097402
115.475979452 3.093042297
115.472155396 3.050512594
115.464093873 3.030823873
115.447970825 3.024054261
115.406836385 3.019506734
115.341517375 2.991136373
115.309994751 2.985917053
115.281366008 2.999559631
115.25583785 3.037490133
115.24209192 3.041624247
115.225038697 3.015889384
115.207985474 2.980697734
115.196409953 2.967623596
115.139049113 2.92845286
115.122822714 2.912949931
115.109593547 2.892020976
115.105252726 2.880290425
115.102772258 2.869955139
115.099051555 2.859671529
115.091196737 2.848147685
115.077554159 2.836520488
115.069079224 2.832644755
115.066908813 2.828200582
115.071869752 2.81476471
115.098121379 2.781071676
115.10463261 2.761486308
115.093573853 2.737043356
115.082721802 2.729550273
115.07217981 2.727431539
115.06318811 2.723659159
115.056986939 2.711256816
115.057917115 2.70148997
115.068769165 2.681542868
115.071869752 2.671827698
115.067425578 2.651208801
115.058640585 2.628832906
115.056470175 2.608627422
115.07145634 2.594623108
115.082515096 2.594364726
115.104115845 2.604751689
115.114967896 2.607903951
115.126853475 2.60676707
115.139772583 2.602839661
115.151968221 2.5970519
115.161890096 2.590385641
115.176979615 2.574159241
115.192379192 2.551059876
115.203748007 2.527547099
115.206125122 2.509873759
115.19268925 2.490546773
115.171811971 2.483312073
115.126543417 2.479229634
115.105046021 2.465690409
115.067425578 2.423109029
115.052026001 2.414013977
115.034766073 2.406417541
114.992081339 2.369882304
114.97296106 2.35747996
114.934513795 2.360683899
114.922214803 2.353914287
114.915290162 2.332055155
114.916737102 2.311229554
114.919630981 2.295674947
114.913326457 2.28404775
114.886454712 2.275159404
114.809043417 2.264669088
114.778761027 2.247202454
114.763464804 2.208083395
114.752095988 2.153513082
114.753026164 2.134806213
114.756746867 2.126047059
114.76801233 2.110208232
114.770286092 2.100053813
114.769252564 2.066644999
114.770286092 2.058221741
114.780621379 2.036052552
114.7921969 2.034812317
114.808216594 2.041969502
114.831367635 2.04476003
114.841082805 2.038222962
114.845320272 2.024967957
114.845113567 2.009749248
114.842529744 1.997166036
114.833848104 1.976676331
114.829403931 1.959778138
114.829403931 1.9426474
114.833641398 1.92135671
114.831987753 1.90252065
114.819068645 1.890299174
114.763051392 1.868698425
114.708997844 1.86198049
114.699179321 1.85805308
114.68863733 1.850224101
114.679542277 1.840741476
114.674167929 1.831904806
114.671377401 1.82097524
114.672617635 1.814076436
114.675821574 1.806738383
114.67892216 1.794361878
114.680059042 1.763278504
114.669000285 1.694006246
114.650293417 1.641451315
114.624455201 1.59879242
114.609675741 1.581635844
114.574535767 1.553420512
114.563166952 1.536393128
114.563166952 1.512260233
114.567714477 1.490917867
114.568024537 1.469394633
114.561616658 1.450015971
114.545596965 1.434952291
114.522239218 1.429422913
114.500638469 1.436037496
114.421366822 1.49218394
114.39821578 1.503552754
114.374858033 1.506937562
114.355737753 1.501950786
114.207405887 1.439443127
114.204842571 1.438362935
114.183241822 1.423454285
114.173423299 1.420508728
114.160400839 1.424797872
114.150272258 1.434280497
114.141073853 1.445261739
114.130945272 1.454175924
114.094255005 1.46567393
114.053947388 1.465053813
113.909666789 1.442471212
113.891166626 1.434952291
113.86822229 1.415496114
113.808174276 1.339712626
113.649527629 1.233259176
113.624826295 1.227574768
113.596507609 1.241630758
113.546174764 1.301575419
113.524470662 1.313564351
113.503386679 1.314494527
113.482302694 1.308706767
113.442925253 1.292377015
113.397553345 1.293927307
113.323656047 1.3513915
113.276010376 1.368883973
113.217719361 1.380898742
113.172760865 1.383740946
113.158601522 1.388159281
113.125735312 1.413635763
113.089045044 1.43133494
113.050597778 1.434797262
113.011427043 1.427975973
112.973186483 1.415082703
112.958200318 1.415651143
112.955306437 1.423557638
112.961197551 1.43438385
112.991686645 1.456966452
113.007292928 1.473270365
113.018455038 1.492390645
113.024346151 1.514378968
113.023415975 1.537013244
113.014114217 1.550785014
112.997164348 1.560164287
112.973186483 1.569853618
112.956029908 1.572334086
112.907660767 1.570525411
112.888127076 1.574866232
112.871383912 1.580653991
112.854950806 1.582721049
112.836450643 1.576054789
112.826632121 1.567192281
112.820534302 1.557632141
112.813506308 1.549338073
112.801517375 1.543782858
112.794799439 1.544377136
112.76885787 1.552231954
112.47047815 1.567657369
112.445880168 1.562076315
112.429757121 1.550681662
112.415907837 1.53665151
112.398544556 1.523344828
112.380974569 1.517712097
112.319066203 1.511743469
112.295191692 1.503811137
112.1800566 1.449034119
112.161556437 1.43453888
112.154115031 1.409527486
112.159075969 1.400794169
112.181813599 1.400019022
112.188014771 1.391414896
112.187394653 1.379658508
112.183984009 1.369039001
112.152668091 1.306277975
112.100061483 1.154917705
112.092930135 1.143135478
112.079494263 1.137244365
112.054069458 1.133627014
111.973350871 1.134040426
111.910098918 1.114041646
111.823075806 1.008466695
111.762821086 0.993015442
111.734192343 1.0014387
111.682102498 1.023452861
111.655230754 1.030790914
111.637350708 1.032237854
111.622674601 1.03027415
111.538855429 0.997717997
111.515394328 0.964490051
111.50319869 0.958443909
111.492036581 0.98087148
111.488005819 0.997924703
111.482424764 1.012859192
111.472089478 1.022212627
111.454519491 1.022626038
111.415038697 1.010223694
111.395505005 1.006296285
111.374110962 1.007536519
111.351786743 1.013892721
111.217531372 1.073268942
111.19758427 1.075232646
110.973411907 1.017716776
110.910573365 1.015701396
110.880394329 1.010533753
110.852695761 0.997201233
110.796988566 0.949658915
110.787066691 0.934155986
110.786239868 0.91627594
110.783966106 0.90816274
110.776731405 0.903253479
110.771253703 0.904390361
110.761125123 0.912865296
110.758334595 0.914518941
110.745725546 0.908007711
110.74479537 0.905062154
110.724848267 0.897259013
110.720714152 0.897362366
110.70944869 0.901393127
110.704177694 0.901393127
110.693015585 0.894675192
110.674412069 0.877001851
110.661286255 0.872144267
110.64774703 0.873901266
110.638858683 0.880774231
110.632140748 0.888629049
110.624802694 0.893124898
110.613433879 0.893951721
110.609609823 0.890851136
110.605992473 0.883306376
110.596070598 0.871110738
110.553902629 0.851370341
110.506360311 0.857313131
110.460264933 0.879740703
110.422644491 0.909454651
110.380683228 0.966608785
110.364146769 0.981388245
110.351641073 0.986504211
110.300791464 0.997717997
110.286322063 0.995340881
110.272782838 0.991051737
110.263481079 0.994307353
110.26172408 1.014719544
110.256556437 1.039059144
110.206740357 1.111716207
110.185139608 1.154194234
110.170360149 1.174451396
110.152170045 1.183856507
110.093465617 1.191607971
110.074552043 1.198635966
110.051814412 1.215482483
110.030730428 1.253568014
110.012126912 1.270517883
109.976263469 1.287726136
109.963757772 1.298578186
109.951768839 1.31966217
109.932545207 1.378521627
109.920246216 1.394773865
109.902056112 1.403791402
109.882729126 1.403843079
109.862885377 1.401465963
109.84283492 1.403274638
109.82547164 1.417563171
109.807798299 1.459963684
109.800563599 1.466759135
109.781546672 1.456294658
109.775552205 1.457948303
109.77317509 1.485853577
109.766353801 1.496473084
109.677263632 1.57285085
109.658039999 1.59719045
109.646981242 1.617628479
109.641710246 1.637162171
109.640573364 1.683025004
109.647187948 1.76188324
109.641813599 1.78100352
109.624036907 1.787773132
109.580111939 1.787979838
109.566986125 1.792553203
109.55561731 1.802165019
109.54662561 1.814334818
109.539804322 1.826556295
109.534740032 1.838984477
109.53432662 1.846451721
109.534740032 1.853893127
109.528435506 1.889989116
109.529365682 1.905156149
109.53794397 1.917713522
109.574427531 1.94859019
109.585072876 1.960915019
109.600265747 1.983135885
109.626620728 2.02969635
109.645274285 2.083238023
109.645437045 2.082586981
109.649912957 2.065578518
109.652191602 2.043443101
109.662119988 2.002752997
109.663584832 1.983058986
109.660004102 1.967027085
109.65528405 1.95311107
109.654633009 1.936997789
109.663584832 1.914740302
109.693044467 1.873114325
109.711436394 1.854478257
109.731781446 1.839585679
109.793467644 1.813462632
109.828949415 1.790106512
109.869639519 1.772894598
109.886729363 1.760199286
109.898773634 1.743109442
109.915537957 1.708400783
109.927744988 1.692287502
109.941742384 1.689195054
109.99122155 1.690171617
110.003184441 1.692287502
110.01840254 1.700181382
110.040049675 1.702785549
110.167653842 1.701849677
110.180918816 1.698716539
110.200450066 1.685207424
110.211680535 1.682033596
110.216319207 1.684759833
110.231700066 1.697699286
110.239024285 1.701849677
110.248383009 1.705226955
110.254161004 1.706203518
110.260020379 1.702622789
110.28394616 1.676092841
110.290782097 1.673976955
110.29566491 1.69155508
110.305349155 1.70331452
110.307871941 1.709295966
110.307139519 1.715521552
110.302256707 1.725653387
110.301036004 1.729722398
110.29957116 1.761419989
110.301036004 1.770738023
110.313324415 1.792629299
110.329356316 1.802557684
110.343028191 1.797512111
110.350759311 1.768500067
110.359873894 1.756293036
110.363047722 1.75023021
110.363780144 1.743597723
110.36215254 1.729437567
110.363047722 1.722967841
110.366465691 1.715887762
110.370941602 1.710191148
110.376312696 1.705715236
110.382985873 1.701849677
110.390147332 1.699042059
110.398936394 1.697088934
110.421153191 1.695705471
110.431325717 1.699896552
110.443614129 1.71869538
110.473643425 1.728949286
110.491872592 1.738959052
110.507985873 1.740912177
110.520762566 1.722967841
110.508474155 1.707586981
110.499685092 1.693589585
110.494639519 1.678127346
110.492849155 1.658107815
110.489105665 1.650295315
110.47136478 1.631984768
110.465586785 1.620550848
110.492442254 1.631659247
110.506358269 1.63300202
110.520762566 1.627346096
110.53028405 1.616156317
110.532969597 1.60537344
110.536306186 1.596869208
110.547536655 1.592596747
110.556651238 1.594671942
110.577403191 1.605210679
110.589040561 1.606268622
110.602549675 1.60150788
110.6435653 1.579006252
110.701182488 1.561712958
110.726735873 1.547430731
110.739268425 1.52366771
110.73340905 1.498683986
110.715586785 1.48061758
110.677907748 1.456040757
110.677907748 1.448635158
110.704356316 1.44936758
110.725108269 1.45311107
110.743500196 1.462388414
110.763438347 1.479681708
110.773448113 1.498602606
110.77222741 1.518011786
110.767263217 1.536200262
110.766612175 1.551662502
110.793304884 1.572414455
110.839610222 1.565985419
110.9248153 1.53119538
110.967946811 1.503241278
111.043955925 1.426947333
111.082367384 1.401434637
111.141937696 1.371527411
111.154551629 1.36733633
111.17855879 1.370794989
111.211761915 1.388088283
111.232676629 1.3945987
111.265147332 1.381781317
111.301280144 1.351996161
111.340586785 1.333319403
111.383555535 1.353664455
111.366953972 1.354396877
111.339121941 1.364691473
111.325531446 1.36733633
111.321055535 1.373602606
111.311778191 1.401353257
111.304698113 1.407619533
111.288828972 1.41006094
111.260996941 1.419907945
111.246348504 1.421332098
111.234629754 1.41795482
111.198496941 1.401434637
111.176768425 1.400580145
111.157969597 1.40615469
111.141612175 1.416937567
111.127207879 1.431830145
111.109222852 1.445013739
111.064952019 1.462713934
111.048350457 1.47654857
111.03028405 1.524318752
111.011078321 1.54295482
111.00684655 1.555080471
111.005625847 1.584458726
111.00684655 1.592596747
111.020355665 1.627346096
111.028575066 1.66400788
111.03785241 1.676947333
111.095469597 1.687974351
111.117523634 1.688869533
111.137054884 1.682033596
111.150238477 1.66412995
111.163340691 1.64085521
111.179453972 1.627020575
111.202321811 1.637274481
111.215098504 1.639837958
111.229014519 1.630031643
111.245778842 1.62132396
111.267425977 1.627346096
111.247325066 1.633368231
111.237803582 1.637762762
111.219981316 1.651434637
111.211192254 1.65249258
111.202403191 1.651922919
111.1826278 1.657294012
111.176117384 1.656805731
111.172862175 1.659369208
111.171885613 1.671454169
111.160411004 1.687811591
111.158213738 1.692287502
111.154551629 1.695990302
111.136485222 1.699611721
111.130218946 1.701849677
111.126149936 1.706610419
111.103037957 1.74607982
111.097992384 1.759588934
111.096039259 1.774481512
111.100840691 1.780259507
111.123220248 1.785793361
111.130218946 1.791896877
111.128591342 1.797593492
111.113536004 1.807196356
111.109873894 1.815415757
111.113129102 1.835516669
111.121592644 1.853908596
111.143890821 1.888088283
111.175303582 1.95319245
111.203949415 2.045640367
111.20590254 2.068996486
111.211273634 2.073919989
111.223399285 2.072088934
111.243337436 2.065578518
111.267832879 2.067531643
111.241872592 2.089422919
111.240082227 2.1133487
111.253916863 2.126125393
111.271739129 2.124701239
111.291514519 2.117621161
111.327972852 2.110419012
111.336436394 2.112127997
111.349945509 2.120794989
111.356455925 2.128078518
111.375010613 2.153998114
111.3779403 2.161810614
111.368662957 2.169989325
111.356781446 2.166205145
111.346853061 2.155747789
111.33863366 2.130804755
111.329112175 2.128729559
111.318614129 2.13279857
111.291270379 2.150376695
111.270518425 2.153794664
111.198903842 2.143255927
111.184743686 2.145086981
111.179453972 2.155910549
111.17872155 2.178859768
111.184825066 2.194769598
111.200043165 2.21088288
111.219981316 2.220404364
111.240082227 2.216376044
111.2295028 2.235256252
111.210703972 2.24217357
111.192881707 2.245591539
111.184825066 2.253648179
111.18653405 2.271714585
111.198496941 2.318793036
111.208506707 2.388861395
111.220957879 2.416083075
111.246348504 2.436102606
111.254730665 2.419256903
111.267832879 2.411200262
111.301524285 2.400702216
111.312998894 2.39081452
111.338063998 2.360093492
111.34636478 2.353583075
111.352061394 2.350572007
111.35840905 2.344794012
111.365489129 2.340765692
111.37387129 2.343003648
111.40528405 2.364325262
111.414561394 2.36725495
111.4482528 2.372381903
111.455577019 2.370672919
111.473643425 2.357326565
111.493418816 2.346136786
111.485118035 2.364162502
111.465098504 2.384833075
111.43246504 2.414984442
111.424164259 2.427232164
111.412282748 2.469224351
111.404551629 2.483954169
111.435557488 2.482123114
111.463389519 2.474920966
111.4873153 2.473944403
111.507090691 2.490708726
111.512543165 2.48826732
111.514008009 2.486965236
111.515635613 2.487494208
111.521250847 2.490708726
111.499522332 2.498846747
111.461680535 2.50800202
111.445567254 2.518011786
111.432953321 2.528753973
111.422862175 2.539618231
111.417246941 2.555121161
111.417653842 2.579535223
111.435313347 2.640936591
111.44027754 2.680121161
111.447032097 2.694647528
111.457855665 2.705633856
111.529795769 2.760687567
111.638926629 2.82819245
111.669606967 2.843085028
111.860606316 2.880601304
112.013519727 2.885931708
112.297862175 2.96100495
112.574717644 3.033921617
112.727305535 3.066107489
112.788828972 3.090277411
112.800547722 3.09003327
112.974375847 3.144232489
113.007823113 3.161688544
113.06120853 3.21865469
113.082286004 3.256781317
113.06934655 3.278998114
113.07691491 3.287787177
113.103363477 3.305650132
113.1513778 3.3477237
113.162119988 3.353461005
113.166188998 3.362941799
113.199554884 3.415513414
113.277598504 3.484198309
113.29590905 3.5117862
113.299082879 3.5195987
113.301117384 3.527736721
113.302744988 3.549261786
113.308116082 3.559312242
113.331553582 3.577541408
113.336761915 3.583807684
113.343597852 3.594468492
113.391449415 3.64834219
113.414886915 3.688706773
113.423024936 3.711249091
113.426117384 3.73460521
113.434255405 3.753159898
113.453135613 3.768744208
113.494476759 3.792303778
113.736827019 4.001288153
113.946787957 4.273830471
113.96778405 4.322170315
113.960622592 4.361517645
113.981944207 4.39472077
113.992198113 4.437079169
113.991872592 4.48444245
113.969411655 4.578517971
113.975840691 4.594712632
113.99878991 4.601141669
114.064179322 4.570032247
114.11895634 4.561634827
114.140040324 4.550653585
114.17269983 4.52522878
114.197297811 4.51582367
114.209080038 4.508149719
114.216728149 4.487660014
114.222929322 4.484636943
114.238328898 4.484223532
114.245563599 4.481433004
114.247837362 4.474766744
114.248767538 4.466886088
114.25207483 4.46034902
114.262616821 4.448721823
114.268507935 4.437740581
114.2762594 4.409731954
114.2762594 4.381852519
114.289901978 4.361311137
114.296723267 4.3166627
114.293415975 4.307050883
114.279463338 4.294881084
114.2762594 4.289015808
114.278016398 4.274055481
114.282667277 4.264908753
114.316773722 4.262505799
114.360491985 4.253875834
114.401419719 4.261213887
114.419919882 4.260128683
114.432528931 4.246925354
114.453302857 4.183699239
114.463121379 4.164139709
114.477384075 4.144967753
114.540222616 4.08693512
114.561409953 4.072026469
114.569368124 4.064404195
114.574225708 4.054146423
114.581667115 4.029341736
114.586628052 4.021435242
114.627762492 4.01668101
114.674891398 4.044069519
114.766875448 4.131816101
114.77452356 4.14646637
114.780104615 4.187755839
114.787132609 4.207212016
114.809973592 4.241292623
114.817208293 4.259663595
114.813797649 4.277104391
114.782585084 4.264417826
114.781964966 4.28493337
114.787856079 4.294157613
114.79416325 4.300239528
114.818241821 4.323458151
114.828990519 4.340485535
114.836431925 4.357228699
114.845630331 4.395107524
114.847904094 4.423736268
114.840462688 4.428619691
114.825683227 4.426190898
114.806046183 4.433322246
114.788166138 4.46120168
114.782171672 4.497788595
114.777314087 4.614654847
114.773903442 4.636824036
114.768115683 4.657494609
114.748788697 4.694391581
114.74134729 4.71294342
114.741967408 4.72945404
114.743192034 4.730585208
114.75178593 4.738523255
114.788476197 4.753896993
114.805426067 4.764568177
114.83767216 4.795315654
114.855758911 4.80665863
114.878186483 4.812808126
114.89647994 4.811826274
114.91487675 4.808725688
114.932446737 4.809139099
114.948363078 4.818931783
114.954874309 4.834202169
114.955701131 4.850919495
114.95890507 4.866293234
114.981700066 4.889064846
114.992442254 4.894232489
115.001963738 4.900051174
115.009938998 4.907171942
115.015798373 4.916408596
115.022634311 4.895900783
115.023610873 4.857082424
115.029551629 4.820868231
115.029778352 4.820641508
115.022777141 4.741365458
115.026807902 4.660026754
115.035489543 4.621243592
115.068149048 4.543367208
115.079827922 4.503963928
115.091816854 4.405416972
115.099775025 4.391231791
115.113004192 4.382369284
115.16995162 4.36125946
115.190828898 4.356763611
115.220697876 4.359760844
115.229069458 4.356763611
115.244675741 4.343663635
115.255114381 4.3392453
115.274338013 4.340020447
115.283123007 4.336764832
115.301209758 4.324698385
115.3243608 4.314595642
115.346271607 4.31376882
115.360741008 4.32955597
115.358260539 4.350278219
115.343791138 4.371672261
115.308651164 4.404693502
115.285603475 4.435363465
115.272477662 4.474663391
115.266896606 4.516857198
115.267413371 4.556208802
115.275474894 4.595741272
115.277025188 4.613052877
115.272684367 4.636772359
115.207365357 4.825598043
115.182250611 4.861228943
115.169331502 4.869988098
115.155998983 4.876292623
115.146800578 4.885620219
115.146169467 4.908514716
115.16285241 4.908026434
115.178233269 4.91006094
115.189463738 4.917466539
115.198903842 4.950751044
115.210622592 4.959702867
115.224375847 4.958319403
115.235524936 4.944322007
115.238617384 4.937323309
115.243907097 4.935451565
115.265635613 4.936916408
115.275238477 4.935248114
115.285329623 4.931219794
115.293223504 4.92572663
115.303965691 4.90615469
115.321625196 4.900132554
115.342295769 4.899807033
115.35840905 4.902777411
115.370290561 4.910874742
115.403493686 4.944322007
115.407888217 4.950344143
115.447764519 4.985296942
115.479746941 5.026027736
115.492198113 5.032456773
115.512461785 5.035874742
115.531748894 5.044623114
115.547618035 5.055812893
115.556976759 5.067206122
115.562998894 5.083156643
115.569834832 5.123724677
115.571299675 5.16006094
115.573496941 5.169663804
115.584239129 5.190130927
115.59253991 5.198675848
115.601328972 5.204575914
115.605235222 5.212103583
115.598643425 5.225490627
115.560801629 5.207831122
115.523773634 5.208807684
115.489756707 5.222967841
115.400645379 5.299994208
115.398122592 5.309312242
115.400401238 5.317857164
115.399750196 5.32420482
115.389170769 5.326646226
115.384776238 5.32440827
115.365244988 5.307440497
115.359629754 5.319647528
115.362640821 5.333889065
115.368662957 5.349310614
115.375254754 5.381984768
115.382334832 5.395249742
115.38941491 5.405666408
115.392588738 5.413275458
115.404307488 5.423895575
115.456390821 5.454331773
115.468272332 5.474676825
115.4795028 5.489691473
115.550140821 5.540187893
115.585215691 5.616156317
115.604828321 5.635809637
115.618825717 5.612860419
115.584320509 5.548488674
115.604828321 5.51972077
115.610036655 5.530096747
115.614431186 5.557277736
115.619151238 5.568060614
115.653330925 5.538641669
115.674082879 5.529364325
115.762380405 5.523138739
115.791270379 5.524888414
115.817718946 5.533351955
115.848643425 5.560003973
115.874359571 5.599351304
115.894216342 5.643255927
115.906504754 5.68357982
115.914073113 5.727443752
115.919932488 5.746771552
115.930674675 5.763006903
115.945323113 5.774847723
116.035166863 5.824937242
116.050791863 5.842271226
116.05738366 5.865139065
116.060313347 5.911281643
116.066416863 5.930650132
116.12769616 6.029771226
116.141856316 6.073065497
116.126231316 6.102525132
116.103770379 6.094712632
116.095957879 6.107733466
116.105967644 6.126450914
116.136403842 6.136053778
116.154063347 6.147284247
116.201345248 6.217962958
116.222666863 6.237209377
116.235362175 6.243475653
116.252207879 6.245917059
116.264008009 6.241888739
116.278981967 6.234930731
116.291514519 6.232611395
116.296885613 6.242499091
116.292735222 6.275783596
116.280528191 6.278550523
116.261403842 6.269354559
116.236094597 6.266343492
116.236094597 6.272609768
116.263356967 6.286851304
116.279063347 6.303941148
116.283213738 6.307359117
116.290537957 6.30857982
116.310557488 6.307359117
116.319997592 6.313381252
116.322032097 6.316717841
116.321950717 6.322333075
116.330577019 6.354234117
116.333262566 6.360581773
116.338389519 6.368841864
116.347666863 6.379584052
116.43637129 6.446844794
116.451426629 6.461900132
116.469493035 6.475775458
116.488291863 6.48427969
116.503184441 6.495184637
116.509125196 6.516546942
116.509776238 6.534613348
116.513194207 6.553697007
116.520681186 6.568752346
116.53394616 6.574855861
116.551524285 6.588364976
116.613536004 6.671087958
116.628591342 6.685370184
116.639008009 6.6992862
116.645030144 6.716945705
116.646983269 6.74241771
116.645355665 6.776312567
116.646983269 6.786525783
116.65113366 6.794419664
116.663340691 6.811021226
116.667491082 6.821275132
116.665782097 6.85960521
116.669200066 6.876410223
116.697520379 6.889715887
116.70582116 6.905340887
116.715342644 6.944769598
116.716563347 6.966742255
116.718923373 6.975409247
116.726084832 6.978949286
116.730235222 6.982407945
116.74097741 6.998439846
116.746429884 7.010443427
116.755056186 7.018744208
116.765879754 7.025091864
116.777354363 7.026760158
116.780528191 7.022772528
116.790863477 7.00006745
116.832041863 6.973334052
116.838145379 6.962144273
117.022715691 7.318833726
117.020355665 7.294582424
117.010020379 7.279974677
116.991547071 7.297186591
116.976735873 7.290228583
116.97144616 7.271389065
116.982188347 7.253322658
116.886485222 7.229396877
116.891123894 7.219916083
116.899750196 7.214585679
116.90512129 7.208929755
116.900157097 7.198065497
116.890961134 7.193670966
116.876800977 7.192531643
116.8623153 7.194159247
116.851817254 7.198065497
116.900157097 7.287420966
116.914398634 7.293931382
116.94800866 7.301906643
116.961680535 7.307928778
117.00261478 7.35569896
117.016856316 7.342596747
117.022715691 7.318833726
117.262380405 7.201971747
117.247080925 7.183172919
117.229746941 7.191839911
117.210948113 7.184393622
117.152842644 7.173081773
117.140391472 7.167629299
117.134776238 7.161932684
117.10808353 7.149562893
117.098887566 7.143459377
117.092051629 7.131984768
117.087901238 7.120754299
117.082367384 7.110663153
117.071543816 7.102484442
117.064138217 7.126654364
117.056407097 7.202866929
117.06128991 7.219142971
117.06519616 7.226385809
117.064138217 7.270738023
117.067718946 7.280015367
117.0732528 7.284979559
117.089040561 7.290350653
117.098887566 7.295843817
117.122894727 7.320013739
117.145274285 7.335516669
117.157725457 7.340725002
117.171153191 7.342678127
117.246267123 7.355780341
117.270030144 7.348863023
117.281911655 7.332342841
117.283213738 7.30878327
117.273448113 7.231919664
117.262380405 7.201971747
