30.010653524 -15.646227315
30.05023767 -15.640129496
30.090028523 -15.629380798
30.130129435 -15.623696391
30.169920288 -15.632171325
30.195551798 -15.649121195
30.207230672 -15.653151957
30.223147013 -15.649741313
30.231001831 -15.644677023
30.246091349 -15.632067973
30.254876343 -15.628864034
30.280094442 -15.632274678
30.296196212 -15.639041586
30.328050171 -15.652428487
30.356678915 -15.651498311
30.396263061 -15.635995381
30.397710002 -15.716817321
30.399260295 -15.81200531
30.401327352 -15.931687928
30.402567587 -16.001244405
30.514808797 -16.000417583
30.586587362 -16.00000417
30.749729859 -15.998867289
30.857423543 -15.998143819
30.901865275 -16.007135518
30.942172892 -16.034524028
30.95829594 -16.051060486
30.973075399 -16.06201589
30.989766886 -16.064289653
31.012039429 -16.054884542
31.023718303 -16.045169373
31.042218465 -16.024912211
31.056894572 -16.017574158
31.065421183 -16.019641215
31.073327677 -16.025532328
31.080872436 -16.02594574
31.089037313 -16.01188975
31.114100382 -15.996903585
31.158490438 -16.000210876
31.259982951 -16.023465271
31.278896525 -16.03028656
31.29532963 -16.041655375
31.309592326 -16.059018656
31.328350871 -16.092815043
31.340908244 -16.106664327
31.360338582 -16.11689626
31.370260457 -16.12371755
31.374601278 -16.132915954
31.37775354 -16.142217712
31.384006389 -16.148832296
31.387727092 -16.149555765
31.395581909 -16.147695414
31.399612671 -16.147282002
31.404315226 -16.149865824
31.404056844 -16.154516703
31.402713257 -16.159374287
31.404573609 -16.162268168
31.4241073 -16.164748637
31.445708049 -16.164955343
31.465655151 -16.16774587
31.480641317 -16.177977804
31.519191935 -16.196477966
31.686106811 -16.207226664
31.710704794 -16.217872009
31.738196655 -16.239782816
31.798761434 -16.303654887
31.81808842 -16.319571228
31.860049682 -16.340758565
31.871935262 -16.350370382
31.880720256 -16.368043721
31.885629516 -16.406284281
31.894362834 -16.421477153
31.910279175 -16.428918559
32.014148804 -16.444938252
32.211759481 -16.440184021
32.290462687 -16.451759542
32.393660523 -16.4917571
32.552100464 -16.553355408
32.671783081 -16.599760844
32.683100219 -16.609889425
32.687906128 -16.624255473
32.688629598 -16.647303162
32.698654826 -16.686783956
32.725216512 -16.706421
32.730950339 -16.708656221
32.731314331 -16.708798116
32.739892619 -16.703217061
32.753845256 -16.697946065
32.769348185 -16.695465596
32.800664103 -16.697325948
32.862004028 -16.710451761
32.893371622 -16.712415466
32.909598023 -16.708074646
32.939570353 -16.689781189
32.956210164 -16.683063253
32.968509156 -16.681616312
32.961584513 -16.710348409
32.933369182 -16.815768331
32.916212606 -16.847911071
32.90050297 -16.867754822
32.828776083 -16.93514089
32.83011967 -16.941548767
32.88675704 -17.038183695
32.928511596 -17.109497172
32.954143107 -17.16716807
32.967785685 -17.22886973
32.969089675 -17.266114928
32.969439331 -17.27610199
32.973211711 -17.297909444
32.983598673 -17.317753194
32.992383667 -17.324677836
33.014656209 -17.336666769
33.021632528 -17.345555115
33.02245935 -17.361471456
33.016258178 -17.377181091
33.01165099 -17.383990616
32.997447958 -17.404983011
32.958173869 -17.478466898
32.951662639 -17.486218364
32.942980997 -17.491592712
32.93657312 -17.498310649
32.936676473 -17.509369405
32.947218465 -17.543165792
32.951662639 -17.551434021
32.969129272 -17.564559835
33.006646362 -17.58099294
33.020392294 -17.598562927
33.024526408 -17.6192335
33.020598999 -17.638457133
33.004062541 -17.675560811
33.000238485 -17.713904724
33.003184041 -17.757726339
32.999101603 -17.794313252
32.973573446 -17.810643005
32.957036987 -17.817981059
32.946081584 -17.834724223
32.939673706 -17.855498149
32.936883178 -17.87503184
32.938433472 -17.894565531
32.950267375 -17.922574158
32.952127727 -17.940247497
32.948148641 -17.953269958
32.940397176 -17.959987895
32.932439006 -17.964948832
32.927374716 -17.972907002
32.928976684 -17.982312113
32.941223999 -17.99626475
32.940293823 -18.004843038
32.934919474 -18.024583435
32.937089885 -18.04711436
32.972281535 -18.150260518
32.97553715 -18.183333435
32.974865356 -18.190774841
32.965925334 -18.212168884
32.958173869 -18.225398051
32.952282755 -18.233046163
32.950525757 -18.241314392
32.95496993 -18.256300557
32.970162801 -18.277487895
33.016878296 -18.313661397
33.034965047 -18.33288503
33.042768189 -18.35200531
33.038065633 -18.363064067
33.009230184 -18.383941345
32.988197876 -18.413190206
32.985355673 -18.412466736
32.986802612 -18.422285258
32.999515014 -18.436651306
33.003029012 -18.446883239
32.996414429 -18.467140401
32.97858606 -18.480059509
32.956623576 -18.489878031
32.937141561 -18.50104014
32.919313192 -18.51003184
32.900296265 -18.515302836
32.883139689 -18.522124125
32.870737346 -18.535766703
32.868256877 -18.55261322
32.871667521 -18.57318044
32.884483276 -18.609043884
32.91455896 -18.66588796
32.922310424 -18.693173116
32.920243368 -18.726246033
32.913267049 -18.753014424
32.902518351 -18.77451182
32.885206747 -18.78784434
32.858851766 -18.79001475
32.817924032 -18.787017517
32.787641643 -18.791254984
32.691420125 -18.834249776
32.689869833 -18.843241475
32.696794474 -18.897191671
32.703202352 -18.911867777
32.715759725 -18.919825948
32.705062703 -18.92747406
32.692246949 -18.934295349
32.682531779 -18.942666931
32.681084839 -18.954965922
32.688629598 -18.97729014
32.690283244 -18.988245544
32.688629598 -19.000957947
32.69105839 -19.014290466
32.698964884 -19.022248637
32.710282023 -19.02596934
32.723872925 -19.026589457
32.785987996 -19.017701111
32.803351278 -19.019561462
32.814203329 -19.02379893
32.819991088 -19.028346456
32.822988322 -19.035167745
32.825262085 -19.046846619
32.830223022 -19.059145609
32.838129517 -19.066897075
32.847482951 -19.073925069
32.85590621 -19.083743592
32.862262411 -19.118056742
32.833220255 -19.241976827
32.832186727 -19.266678161
32.82867273 -19.284558207
32.820714559 -19.301301371
32.806141805 -19.323418884
32.768831421 -19.363623149
32.766454305 -19.373441671
32.768521362 -19.402793884
32.762216838 -19.44341156
32.763353719 -19.46397878
32.773947388 -19.47586436
32.793119344 -19.476691182
32.811309448 -19.474520773
32.825365438 -19.479171652
32.832186727 -19.500875753
32.832496786 -19.519272563
32.825365438 -19.591619568
32.825675496 -19.600817972
32.828155965 -19.610636495
32.829602905 -19.623658955
32.825365438 -19.633270772
32.819474324 -19.641952413
32.816270385 -19.652080994
32.819629354 -19.674301859
32.831049846 -19.68515391
32.849136597 -19.689081319
32.872184286 -19.690218201
32.89471521 -19.684327088
32.924584188 -19.655284933
32.943187704 -19.649290467
32.960964396 -19.65879893
32.962411337 -19.679056091
32.954143107 -19.717813415
32.962411337 -19.735383402
32.979051147 -19.751403096
33.00060022 -19.764322205
33.022769409 -19.773107198
33.032794637 -19.784165954
33.029642375 -19.803389587
33.022872762 -19.826850688
33.021322469 -19.86808848
33.001995483 -19.926999613
32.998378133 -20.000896911
33.004372599 -20.024254659
33.00726648 -20.032006124
32.953729695 -20.030249125
32.940087117 -20.041514587
32.934299357 -20.072107035
32.926547892 -20.086473083
32.910683227 -20.091123962
32.894405151 -20.094017842
32.8853101 -20.103009542
32.877868693 -20.151688741
32.872907755 -20.167191671
32.859265177 -20.190859477
32.857094767 -20.200574646
32.858335001 -20.207499288
32.865052938 -20.220935161
32.865569702 -20.228893331
32.858438354 -20.259485779
32.852960653 -20.273851827
32.845209187 -20.286667582
32.800767456 -20.33855072
32.735861857 -20.414205017
32.704442587 -20.471772563
32.671783081 -20.531820577
32.64646163 -20.557968851
32.603673543 -20.564790141
32.556544637 -20.559312439
32.513136434 -20.564583435
32.48161381 -20.603030701
32.471071818 -20.645508728
32.469108113 -20.686849874
32.483474161 -20.7942335
32.497220093 -20.898103129
32.491018921 -20.936343689
32.467661173 -20.980165303
32.417121622 -21.040936788
32.33981368 -21.134057719
32.345343058 -21.142842712
32.359864136 -21.151421
32.368855835 -21.162996521
32.373351685 -21.163616638
32.377744182 -21.163409932
32.380638061 -21.16547699
32.380534709 -21.172194926
32.376865682 -21.178499451
32.37298995 -21.183977152
32.371749715 -21.187904562
32.444613485 -21.304693298
32.445849261 -21.3089938
32.447197306 -21.313684998
32.408543335 -21.290327251
32.37298995 -21.327947693
32.324517456 -21.378177185
32.272220906 -21.432540791
32.219717652 -21.486904399
32.167317749 -21.541268006
32.114814494 -21.595631612
32.062414591 -21.649995219
32.010014689 -21.704462178
31.957614786 -21.758825785
31.905214885 -21.813189392
31.852711629 -21.867552999
31.800311727 -21.922019958
31.747808471 -21.976383566
31.695511922 -22.030747172
31.643112019 -22.085214132
31.590712117 -22.139577739
31.538208862 -22.193941345
31.48580896 -22.248304952
31.433822469 -22.302048442
31.368710164 -22.345043233
31.288921753 -22.397339783
31.265615682 -22.3655071
31.25564213 -22.357962341
31.245720256 -22.35754893
31.229597209 -22.363956807
31.221535685 -22.364886983
31.213474162 -22.36188975
31.197867879 -22.352587992
31.190684855 -22.350624288
31.18365686 -22.345559998
31.163348023 -22.322615662
31.152599325 -22.316414489
31.137716512 -22.318481547
31.104540243 -22.33336436
31.097047967 -22.334922386
31.087642049 -22.336878356
31.070330444 -22.333674418
31.036120646 -22.319618428
30.927186727 -22.295743916
30.867087036 -22.289646097
30.837889852 -22.282308044
30.805282023 -22.294503682
30.693919311 -22.302771911
30.674282267 -22.308559672
30.647410523 -22.326439718
30.632424357 -22.330677185
30.625551391 -22.328610128
30.610306844 -22.318688252
30.601108439 -22.316414489
30.572169637 -22.316621196
30.507367391 -22.309593201
30.488453817 -22.310213317
30.469230184 -22.315070902
30.431713094 -22.33119395
30.412696167 -22.336878356
30.372078491 -22.34349294
30.334974813 -22.344733175
30.300765014 -22.33698171
30.269345744 -22.316414489
30.255289755 -22.304735616
30.240406942 -22.296157328
30.221700073 -22.290886332
30.196998738 -22.289129334
30.152660359 -22.294813741
30.135090373 -22.293573507
30.111112508 -22.282308044
30.082587117 -22.262877706
30.067911011 -22.257089945
30.038145385 -22.253782654
30.035871623 -22.250578715
30.034528035 -22.246134542
30.015511109 -22.227014261
30.005279175 -22.22226003
29.983781779 -22.217712504
29.973963257 -22.213991801
29.946678101 -22.198282166
29.932105347 -22.194354756
29.896035197 -22.191357524
29.871488892 -22.179265239
29.83733077 -22.172443949
29.77924646 -22.136373799
29.758885946 -22.130896098
29.691448201 -22.134100036
29.679614298 -22.138337504
29.661424194 -22.126451925
29.64106368 -22.129242452
29.603960001 -22.14505544
29.570163615 -22.141954854
29.551043335 -22.145985616
29.542516724 -22.162522074
29.531819703 -22.172443949
29.506911662 -22.170066833
29.456888875 -22.158801371
29.436114949 -22.163142191
29.399528036 -22.182159118
29.37803064 -22.192907816
29.36325118 -22.1922877
29.356946656 -22.190944112
29.350073689 -22.186706645
29.273644246 -22.125108337
29.267339721 -22.115806579
29.259588257 -22.096066183
29.254110555 -22.087074483
29.244395386 -22.075705668
29.239331095 -22.072605082
29.144866577 -22.075292257
29.107969604 -22.069194437
29.070762573 -22.051004333
29.040531861 -22.020928649
29.021566609 -21.982791443
29.013815145 -21.940416769
29.017949259 -21.898145447
29.028904663 -21.876648051
29.045441121 -21.852566834
29.057636759 -21.829209086
29.055259643 -21.809985454
29.038723186 -21.797893168
28.998725626 -21.786007589
28.980845581 -21.774845479
28.951906779 -21.768334249
28.891031942 -21.764923604
28.860852905 -21.757378845
28.71419519 -21.693506775
28.668409872 -21.67996755
28.629704224 -21.651338806
28.615699911 -21.647101338
28.585934285 -21.644414164
28.553998251 -21.636559347
28.542939493 -21.638316345
28.532500855 -21.643070577
28.497309204 -21.651545512
28.481392863 -21.657436625
28.464598023 -21.660330505
28.443100627 -21.65578298
28.361761922 -21.616302185
28.321919393 -21.60348643
28.284867391 -21.596871847
28.165701538 -21.5952182
28.090770711 -21.581265564
28.032893107 -21.577854919
28.016563355 -21.572893982
28.002559041 -21.564212342
27.990415079 -21.55191335
27.984730673 -21.542921651
27.975738973 -21.522561137
27.97057133 -21.51439626
27.963698365 -21.510468852
27.958065633 -21.51150238
27.953208048 -21.510468852
27.949280639 -21.500753682
27.954448282 -21.487834574
27.950417521 -21.482046814
27.94333785 -21.479876404
27.939875529 -21.478016052
27.941942586 -21.468507588
27.949642375 -21.456518656
27.953001343 -21.448663839
27.950210815 -21.438328552
27.920548543 -21.381174418
27.904218791 -21.364741312
27.897810913 -21.355439555
27.896157267 -21.347894795
27.896674032 -21.332391866
27.894400269 -21.324330343
27.884995158 -21.310171
27.849131714 -21.269656677
27.823603556 -21.231726176
27.793837931 -21.197413024
27.724384807 -21.149664001
27.709191935 -21.13447113
27.674775431 -21.090132752
27.666610555 -21.071219177
27.666817261 -21.053752543
27.678961222 -21.000732523
27.680356486 -20.979648539
27.672656697 -20.923527933
27.672605021 -20.913709411
27.67508549 -20.89128184
27.674775431 -20.879913025
27.676015666 -20.866683858
27.681803426 -20.857588806
27.689038126 -20.849010519
27.694412476 -20.837745056
27.709605346 -20.75671641
27.707331583 -20.716718852
27.682475219 -20.637343852
27.690381713 -20.601480407
27.702629028 -20.566133728
27.705574585 -20.526652933
27.698133179 -20.509082947
27.683767131 -20.496060486
27.665990438 -20.489135844
27.625786174 -20.48861908
27.590852905 -20.473322856
27.534112183 -20.483038025
27.453910359 -20.473322856
27.340738973 -20.473012797
27.306012411 -20.477353617
27.268391967 -20.495750428
27.28399825 -20.351469828
27.266014852 -20.234164327
27.214906861 -20.110450948
27.201781047 -20.092984314
27.183745971 -20.082338969
27.16292037 -20.076551208
27.141888062 -20.073347269
27.129692423 -20.072933858
27.119770548 -20.073864034
27.109641968 -20.073243917
27.097342977 -20.068903097
27.086490926 -20.060531515
27.069230997 -20.037380472
27.060135946 -20.02756195
27.026649617 -20.010095317
26.994300171 -20.006788025
26.961072225 -20.007201436
26.925053752 -20.000896911
26.811882365 -19.946429952
26.774468628 -19.939815369
26.750800822 -19.939608663
26.730957072 -19.935887959
26.71390385 -19.927413025
26.698607625 -19.912530212
26.684758341 -19.894546814
26.677169969 -19.886815265
26.673802937 -19.883384705
26.659436889 -19.875736592
26.614064982 -19.863437601
26.595564819 -19.855582784
26.581922241 -19.842146912
26.574790893 -19.819512634
26.566315958 -19.800805765
26.549262736 -19.784062601
26.508851766 -19.759257914
26.489731486 -19.751919861
26.450250692 -19.743341573
26.431853882 -19.736520284
26.412836955 -19.719570414
26.38524174 -19.679056091
26.362710815 -19.667583923
26.332325073 -19.66241628
26.324366903 -19.659108989
26.312171264 -19.651357523
26.312481323 -19.649600525
26.319095906 -19.646293233
26.326330607 -19.63389089
26.333461955 -19.613013611
26.330981486 -19.604952087
26.321059611 -19.592032979
26.313204793 -19.584178162
26.303489624 -19.57725352
26.292637573 -19.572499288
26.239100789 -19.571465759
26.194452352 -19.560200297
26.155488322 -19.537152609
26.130270223 -19.501082459
26.034358765 -19.243733825
26.011414429 -19.199808858
25.981132039 -19.161775004
25.956534058 -19.122087504
25.948575887 -19.103277283
25.944855184 -19.079196065
25.948059123 -19.058732198
25.964388875 -19.02162852
25.96779952 -19.000957947
25.967448582 -18.999925226
25.940721069 -18.921272888
25.815250691 -18.813992615
25.779490601 -18.738751729
25.773392782 -18.665577901
25.761920613 -18.630334575
25.73690922 -18.608733826
25.698255249 -18.590233663
25.669523153 -18.566049092
25.622084188 -18.501143493
25.60844161 -18.487707621
25.574438518 -18.465693461
25.50849939 -18.399134216
25.495580281 -18.378877055
25.490515991 -18.365544535
25.481162557 -18.323376566
25.473204386 -18.303429463
25.440854939 -18.253199972
25.408815552 -18.175995382
25.387524861 -18.138995056
25.357449178 -18.115844014
25.323446086 -18.096620382
25.296367635 -18.068611756
25.255026489 -18.001122335
25.226087687 -17.931875915
25.219369751 -17.908001404
25.219369751 -17.879786072
25.259780721 -17.794106547
25.266705363 -17.800927836
25.285412231 -17.809299418
25.315901327 -17.832140401
25.335538371 -17.841235453
25.34525354 -17.84257904
25.376466105 -17.841235453
25.409539021 -17.85301768
25.420287719 -17.854878031
25.495580281 -17.854878031
25.500747925 -17.856014912
25.510153035 -17.861182556
25.516457561 -17.862319438
25.522141967 -17.860149028
25.530926962 -17.850950622
25.536818074 -17.848676859
25.603997436 -17.836171163
25.657017456 -17.813950297
25.681408732 -17.811469828
25.694224487 -17.819427999
25.706420125 -17.829866638
25.743833862 -17.839375102
25.765951375 -17.849813741
25.786001831 -17.862216085
25.794683471 -17.872654724
25.804398641 -17.888157654
25.849667196 -17.906657816
25.863619832 -17.923814392
25.847496785 -17.929395446
25.846153198 -17.943658142
25.853491252 -17.959987895
25.863619832 -17.971563415
25.92449467 -17.998951925
25.966972697 -18.000502217
25.978548218 -17.998951925
26.033738648 -17.971563415
26.040559936 -17.978488057
26.046554402 -17.966292419
26.062470743 -17.962881775
26.081177612 -17.962365011
26.095233602 -17.958540954
26.096163777 -17.954613545
26.094200073 -17.941901144
26.095233602 -17.938077087
26.101228068 -17.935803325
26.118591349 -17.931565857
26.135437866 -17.922574158
26.158588908 -17.91833669
26.167477254 -17.913582458
26.20303064 -17.887227478
26.211918986 -17.882783305
26.221117391 -17.886297303
26.228248739 -17.894668884
26.233933146 -17.903970642
26.239204142 -17.910171814
26.248299194 -17.913375753
26.294291219 -17.918543396
26.303799683 -17.922780864
26.311964559 -17.928361918
26.318269084 -17.934356384
26.325503785 -17.93601003
26.362710815 -17.930635681
26.408599487 -17.939007263
26.485494018 -17.979314881
26.527145223 -17.992027282
26.553603557 -17.996471456
26.570243367 -18.002879333
26.583369181 -18.01321462
26.598872111 -18.029957784
26.612721395 -18.041223246
26.628844442 -18.049181417
26.685688517 -18.066751404
26.700002889 -18.069231872
26.711940145 -18.065821228
26.740568889 -18.040499776
26.75359135 -18.032955017
26.769714396 -18.029027608
26.794002319 -18.026237081
26.888260132 -17.984585876
26.912031291 -17.992027282
26.948669881 -17.968876241
26.959160197 -17.964742127
27.006289103 -17.962675069
27.021275269 -17.958540954
27.048457072 -17.94427826
27.07817102 -17.916993103
27.115429728 -17.882163187
27.149019409 -17.842475687
27.14653894 -17.818911235
27.145298706 -17.794106547
27.146952352 -17.783874614
27.157080932 -17.76930186
27.422077677 -17.504821879
27.524293661 -17.415111593
27.57731368 -17.363125102
27.604495483 -17.312792257
27.624855998 -17.233313904
27.641185751 -17.198483988
27.777301473 -17.00118337
27.81688562 -16.959635518
27.868562052 -16.929663187
28.022992543 -16.865393043
28.113921753 -16.827550558
28.212520385 -16.748588969
28.28011316 -16.706524353
28.643295126 -16.568754985
28.69073409 -16.56028005
28.718794393 -16.56028005
28.732850382 -16.558109639
28.741376994 -16.550668233
28.761117391 -16.532271424
28.769282267 -16.5152182
28.808866414 -16.486279398
28.822508992 -16.470776469
28.829123576 -16.434602967
28.833050985 -16.42643809
28.857235555 -16.38819753
28.857028849 -16.3654599
28.840492391 -16.32360199
28.836771688 -16.306342061
28.840285685 -16.284741312
28.864160197 -16.231204529
28.847106975 -16.202679138
28.852481323 -16.162784932
28.865400431 -16.121237081
28.870981486 -16.087233989
28.868501017 -16.082169698
28.863850139 -16.076588644
28.859302612 -16.069560649
28.857235555 -16.060465596
28.860336141 -16.04940684
28.874082072 -16.028942973
28.877182658 -16.02201833
28.89888676 -15.995456644
28.932373087 -15.963727315
28.946861599 -15.957235195
28.951286662 -15.95525238
28.972784058 -15.951428324
29.018052612 -15.950601501
29.042340536 -15.946260681
29.055052938 -15.934375102
29.076343628 -15.895411071
29.08616215 -15.88455902
29.102181844 -15.870916443
29.121715535 -15.859340922
29.141869344 -15.854483338
29.150964396 -15.84879893
29.186311076 -15.812832133
29.406969442 -15.7142335
29.42205896 -15.711029562
29.508461955 -15.703588155
29.526238647 -15.692839457
29.563445679 -15.662143656
29.587216838 -15.655735779
29.608559204 -15.658422953
29.627989543 -15.663590596
29.648505086 -15.66658783
29.672793009 -15.663280538
29.730050496 -15.644677023
29.773251994 -15.638062439
29.814283081 -15.619665629
29.83733077 -15.614808045
29.881772502 -15.618838806
29.967503702 -15.641473084
30.010653524 -15.646227315
