55.054372592 25.864610093
55.046478712 25.858384507
55.038259311 25.857733466
55.032644076 25.854641018
55.023041212 25.862860419
55.01840254 25.85960521
55.018972201 25.865749416
55.015635613 25.871852932
55.012054884 25.881618557
55.026459181 25.888739325
55.043711785 25.892889716
55.048675977 25.885768947
55.049896681 25.876084703
55.054372592 25.864610093
54.553233269 25.899847723
54.543223504 25.893052476
54.529633009 25.895982164
54.513682488 25.902655341
54.509776238 25.913763739
54.522797071 25.920111395
54.546560092 25.926499742
54.551605665 25.917710679
54.553233269 25.899847723
54.5263778 26.251939195
54.521006707 26.250962632
54.509287957 26.254217841
54.497569207 26.259711005
54.492198113 26.26557038
54.49089603 26.278713283
54.488536004 26.288723049
54.488129102 26.298041083
54.488129102 26.298081773
54.492198113 26.309637762
54.498383009 26.317368882
54.50684655 26.321234442
54.516449415 26.319403387
54.5263778 26.309637762
54.533213738 26.306789455
54.538910352 26.302720445
54.543711785 26.297349351
54.547373894 26.290432033
54.5263778 26.251939195
54.048024936 26.493841864
54.036875847 26.48843008
53.963063998 26.49217357
53.955414259 26.492580471
53.923106316 26.506537177
53.902842644 26.536200262
53.91285241 26.550197658
53.927582227 26.560126044
53.945485873 26.565090236
53.964854363 26.564113674
53.981700066 26.558905341
54.018809441 26.555568752
54.033050977 26.550482489
54.033050977 26.550441799
54.034922722 26.546128648
54.035817905 26.544012762
54.035817905 26.543890692
54.035411004 26.534857489
54.035411004 26.534816799
54.035573764 26.533718166
54.036468946 26.526760158
54.036631707 26.526678778
54.043711785 26.523179429
54.047943556 26.51976146
54.050466342 26.517767645
54.051361524 26.512030341
54.052419467 26.505804755
54.050140821 26.499823309
54.048024936 26.493841864
55.88965905 26.623765367
55.869313998 26.613023179
55.853200717 26.62103913
55.855479363 26.644110419
55.868337436 26.666449286
55.884532097 26.677679755
55.894297722 26.679429429
55.902028842 26.668850002
55.903981967 26.645249742
55.88965905 26.623765367
53.6591903 26.668850002
53.646250847 26.657171942
53.628672722 26.659328518
53.611175977 26.667303778
53.601247592 26.67959219
53.609222852 26.690497137
53.629161004 26.691107489
53.63941491 26.688788153
53.65121504 26.68382396
53.6591903 26.668850002
53.382009311 26.803127346
53.367523634 26.799627997
53.329112175 26.802557684
53.317149285 26.799994208
53.299082879 26.790716864
53.279795769 26.790676174
53.222829623 26.799546617
53.205251498 26.806219794
53.203135613 26.807440497
53.189789259 26.815171617
53.158457879 26.838568427
53.149424675 26.84788646
53.153330925 26.852199611
53.160492384 26.853705145
53.168467644 26.856350002
53.178070509 26.856878973
53.262461785 26.833644924
53.337412957 26.828680731
53.360687696 26.82050202
53.37378991 26.809800523
53.382009311 26.803127346
56.379161004 26.838690497
56.340993686 26.827622789
56.322276238 26.834418036
56.32683353 26.861070054
56.341156446 26.879339911
56.366547071 26.889797268
56.404144727 26.893052476
56.4091903 26.862250067
56.379161004 26.838690497
56.171397332 26.906805731
56.148692254 26.862005927
56.137217644 26.844671942
56.095876498 26.806870835
56.089366082 26.793524481
56.08082116 26.78534577
56.042816602 26.768133856
56.0341903 26.759019273
56.025645379 26.75409577
55.976410352 26.711574611
55.947032097 26.696275132
55.924001498 26.705023505
55.902191602 26.724839585
55.876638217 26.742905992
55.809825066 26.712062893
55.791270379 26.697902736
55.772715691 26.688381252
55.751312696 26.688544012
55.70582116 26.694525458
55.685557488 26.690497137
55.664235873 26.681545315
55.610362175 26.646918036
55.554453972 26.625637111
55.520518425 26.603257554
55.5029403 26.594875393
55.441172722 26.588609117
55.39730879 26.577826239
55.378754102 26.567287502
55.369558139 26.564113674
55.369476759 26.564113674
55.366547071 26.564601955
55.361094597 26.565619208
55.349782748 26.568996486
55.339610222 26.568996486
55.335297071 26.560451565
55.33073978 26.553615627
55.319834832 26.548285223
55.3076278 26.544907945
55.298431837 26.543646552
55.298350457 26.543646552
55.294118686 26.546291408
55.290537957 26.548488674
55.285411004 26.559963283
55.280609571 26.584662177
55.287364129 26.602280992
55.289235873 26.613592841
55.28402754 26.618801174
55.273773634 26.649807033
55.284678582 26.6602237
55.331879102 26.645331122
55.34278405 26.649807033
55.348968946 26.648220119
55.351898634 26.647447007
55.351980014 26.647487697
55.404795769 26.674017645
55.538422071 26.712958075
55.557871941 26.71499258
55.570485873 26.719387111
55.574066602 26.720648505
55.574229363 26.720689195
55.620453321 26.74607982
55.640391472 26.760565497
55.70582116 26.783270575
55.716075066 26.783921617
55.736827019 26.782416083
55.746836785 26.783270575
55.754161004 26.786078192
55.76449629 26.793890692
55.774180535 26.79694245
55.771169467 26.803656317
55.766774936 26.810532945
55.782074415 26.826157945
55.785655144 26.844956773
55.781016472 26.889634507
55.773203972 26.906724351
55.756114129 26.921332098
55.739431186 26.932928778
55.732595248 26.940904039
55.757985873 26.954046942
55.897715691 26.906805731
55.935557488 26.914780992
56.041026238 26.975653387
56.173187696 27.002346096
56.212412957 27.002997137
56.232106967 26.998765367
56.257660352 26.988714911
56.273610873 26.977769273
56.279470248 26.973822333
56.287445509 26.955145575
56.271332227 26.946966864
56.255218946 26.938788153
56.193532748 26.924546617
56.171397332 26.906805731
56.481781446 27.046332098
56.466156446 27.043931382
56.434580925 27.05483633
56.436859571 27.080023505
56.455414259 27.102769273
56.472992384 27.106024481
56.483571811 27.099758205
56.4951278 27.095770575
56.504649285 27.088934637
56.505137566 27.086981512
56.508474155 27.07436758
56.504730665 27.061672268
56.495290561 27.052313544
56.488129102 27.049139716
56.481781446 27.046332098
50.326426629 29.208929755
50.316530654 29.207572124
50.306629707 29.21544575
50.296748427 29.23747338
50.290466264 29.257137737
50.283267078 29.268939366
50.295000712 29.275218408
50.305817485 29.271275468
50.323841402 29.264176868
50.334650621 29.258660858
50.330111267 29.241368485
50.333018425 29.224025783
50.326426629 29.208929755
44.982504517 39.420178935
44.987723836 39.419352112
44.998575887 39.419610495
45.006379028 39.417956848
45.009944702 39.41402944
45.012115113 39.409481913
45.015629109 39.405967916
45.051699259 39.386847636
45.057176961 39.38173167
45.060484253 39.374600322
45.068649129 39.364213359
45.078726033 39.354756572
45.087976115 39.35072581
45.096037638 39.341113994
45.114349748 39.309349676
45.120377238 39.298894348
45.128903849 39.289282532
45.135828491 39.278482158
45.146267131 39.228666077
45.152726685 39.213524883
45.178926636 39.219829407
45.283106323 39.193061015
45.285690144 39.194921367
45.292614787 39.198616231
45.301709839 39.201380921
45.31111495 39.20052826
45.313905477 39.194249573
45.311321656 39.184844462
45.31111495 39.176292013
45.320933472 39.172597148
45.334886108 39.170426738
45.348218628 39.163915507
45.353903035 39.153192647
45.345273071 39.138439026
45.351939331 39.128310445
45.360620972 39.123220316
45.369922729 39.118957011
45.37932784 39.11115387
45.383461955 39.103247376
45.391316772 39.08174998
45.396381063 39.073326722
45.40583785 39.067874858
45.429712361 39.059477437
45.43451827 39.05278534
45.432296184 39.042475892
45.428213745 39.03410431
45.425268189 39.025629375
45.427076864 39.014880677
45.438600708 39.004235331
45.459839722 38.993124898
45.482577352 38.984391582
45.494529008 38.981916519
45.51027592 38.978655497
45.53084314 38.969276225
45.535564869 38.968452898
45.543142131 38.967131653
45.570840698 38.966382345
45.627788127 38.955504456
45.716878296 38.954780986
45.768074092 38.939129903
45.791085653 38.932095032
46.001822143 38.897471822
46.067967977 38.874114075
46.126052286 38.862667745
46.135870809 38.863701274
46.20248173 38.870548401
46.219948365 38.877162984
46.271934855 38.906566874
46.291313517 38.913930766
46.304542684 38.916256205
46.343351685 38.917470602
46.367587932 38.923620097
46.378233277 38.924705303
46.391875855 38.922354024
46.496055542 38.886077169
46.51403894 38.882175599
46.532074016 38.883002421
46.55372644 38.88982371
46.569849487 38.897730204
46.585352417 38.907703756
46.599201701 38.919692688
46.610673869 38.93400706
46.638837524 38.97948232
46.652170044 38.992944031
46.670411825 39.004907125
46.728392782 39.027954814
46.744825888 39.040253804
46.761620728 39.070587871
46.77376469 39.08536733
46.781516154 39.090379944
46.798052613 39.097382101
46.806010783 39.102394715
46.81169519 39.108518372
46.837378378 39.143244934
46.850969279 39.155492249
46.86616215 39.165362448
46.866391477 39.165444753
46.883008667 39.17140859
46.898718302 39.171744487
46.926623576 39.162055156
46.941609741 39.158902894
46.953753703 39.160659892
47.013627858 39.186956287
47.020467977 39.189960429
47.030906616 39.199598084
47.036074259 39.207013652
47.052920776 39.244944153
47.089094279 39.289850972
47.092504924 39.299824524
47.102220093 39.308402812
47.150072469 39.331140442
47.24970463 39.361267803
47.261319552 39.366383556
47.291355835 39.379612935
47.324417249 39.405876676
47.324532104 39.405967916
47.374244833 39.455577291
47.406904338 39.476816304
47.448762247 39.49469635
47.518732137 39.513196514
47.541159709 39.515160217
47.554078817 39.521981507
47.606995484 39.563581035
47.624980283 39.57141074
47.745281616 39.623784078
47.788212123 39.657650635
47.803779338 39.669931132
47.823106323 39.680318095
47.846877482 39.685279032
47.922945191 39.684142151
47.935244182 39.686519267
47.94568282 39.693960674
47.957258341 39.707344869
47.957708154 39.70725622
47.971417684 39.704554342
47.99074467 39.694270732
48.052032919 39.650087383
48.220084676 39.494024557
48.288607626 39.445035299
48.316719604 39.415166321
48.338940471 39.378941142
48.328405484 39.376329778
48.302456909 39.369897766
48.249850301 39.342354228
48.187218465 39.332587382
48.153525432 39.319048157
48.124586629 39.297602438
48.10618982 39.2691804
48.104329468 39.234841411
48.11776534 39.20804718
48.142156616 39.181201274
48.199104045 39.138232321
48.256258179 39.119783834
48.271296021 39.108311666
48.301475057 39.058030497
48.30679773 39.04539561
48.306280965 39.031468811
48.301590395 39.017945999
48.30142338 39.017464498
48.293671916 39.004597067
48.28462854 38.994003398
48.28447351 38.994003398
48.28447351 38.993951721
48.284370158 38.993796692
48.284370158 38.993770854
48.243184042 38.973875428
48.058544149 38.948373108
48.055133504 38.941913554
48.05534021 38.934368795
48.05244633 38.927909241
48.000046428 38.902587789
47.99074467 38.891218974
47.993121786 38.850084534
48.012965535 38.821559143
48.077974487 38.780941467
48.210369507 38.729755961
48.222978556 38.721461894
48.225634997 38.713193254
48.230316609 38.698620911
48.226182495 38.679087219
48.228042847 38.662189026
48.27651534 38.631777446
48.292224976 38.613561503
48.310311727 38.60015147
48.341059204 38.599583029
48.391753784 38.61810903
48.415266561 38.61810903
48.426738729 38.596456604
48.433715047 38.569972433
48.446634155 38.55640737
48.462653849 38.544935201
48.479086955 38.524755555
48.495933472 38.510311991
48.510816284 38.493775534
48.535641255 38.469154046
48.548643432 38.456258444
48.575928589 38.420369161
48.607864624 38.395977885
48.612962151 38.395646443
48.659127645 38.392644755
48.683208862 38.398019104
48.710287313 38.407114156
48.735608765 38.419568176
48.755349162 38.435226136
48.777725057 38.444812114
48.809712769 38.444631246
48.8742783681 38.4340627911
48.877207879 38.346177476
48.86589603 38.316880601
48.872894727 38.295558986
48.874847852 38.242743231
48.893728061 38.205796617
48.907725457 38.083482164
48.949066602 37.966864325
48.941172722 37.947739976
48.94019616 37.924994208
48.944509311 37.903387762
48.95215905 37.888006903
48.987478061 37.842474677
48.987803582 37.8320987
48.984711134 37.823187567
48.98316491 37.815985419
48.993662957 37.776760158
49.01449629 37.739162502
49.06519616 37.678859768
49.132497592 37.623358466
49.205577019 37.581691799
49.366872592 37.514960028
49.441742384 37.494859117
49.826182488 37.453558661
49.867442254 37.458563544
49.901540561 37.469712632
49.933767123 37.474432684
49.969493035 37.459702867
49.95997155 37.458482164
49.948903842 37.46092357
49.943125847 37.461615302
49.935313347 37.453558661
50.018728061 37.427720445
50.148773634 37.403876044
50.195648634 37.389349677
50.227305535 37.365423895
50.223317905 37.329331773
50.232106967 37.315415757
50.2451278 37.279282945
50.254242384 37.264837958
50.268728061 37.246893622
50.292246941 37.192816473
50.322276238 37.153265692
50.357188347 37.126532294
50.429453972 37.082953192
50.478851759 37.034979559
50.493988477 37.027736721
50.513438347 37.023260809
50.62403405 36.963283596
50.644786004 36.959418036
50.658702019 36.954331773
50.688243035 36.928697007
50.703135613 36.918443101
50.860850457 36.849554755
51.004730665 36.767645575
51.08863366 36.737005927
51.367849155 36.692572333
51.546071811 36.650946356
51.730967644 36.624253648
51.90902754 36.582709052
52.094086134 36.602525132
52.258555535 36.650946356
52.430511915 36.685126044
52.608653191 36.712388414
52.779307488 36.740383205
52.950531446 36.78131745
53.115733269 36.822251695
53.447601759 36.881903387
53.492360873 36.887884833
53.885915561 36.905829169
53.957774285 36.919623114
54.00652103 36.952622789
54.004242384 36.914618231
53.947601759 36.898749091
53.876475457 36.891669012
53.83073978 36.880275783
53.818207227 36.87523021
53.803884311 36.877020575
53.777110222 36.883734442
53.762054884 36.881822007
53.734385613 36.873236395
53.719004754 36.870672919
53.660411004 36.876898505
53.609141472 36.876898505
53.616953972 36.865668036
53.631032748 36.861965236
53.663828972 36.86322663
53.643890821 36.857814846
53.635996941 36.857001044
53.660166863 36.831203518
53.701019727 36.81659577
53.856455925 36.805487372
53.872080925 36.798407294
53.889170769 36.793605861
54.01433353 36.821112372
54.02621504 36.829087632
54.033050977 36.845770575
54.033539259 36.94912344
54.028086785 36.966213283
54.013356967 36.973089911
53.994395379 36.979152736
53.997243686 36.993719794
54.020030144 37.027736721
53.996267123 37.057318427
53.980316602 37.094061591
53.958018425 37.178534247
53.927744988 37.243801174
53.923187696 37.25800202
53.9137482503 37.3427535969
54.186593873 37.323743591
54.206437622 37.324596253
54.224524373 37.330745748
54.243024536 37.344956767
54.261524699 37.354826965
54.283332154 37.355653789
54.306379842 37.353224996
54.328497355 37.353276673
54.364154094 37.362681784
54.533342733 37.440816549
54.55597701 37.443607077
54.616851847 37.433013407
54.638969361 37.43327179
54.653955526 37.438904521
54.678553508 37.459988505
54.698293905 37.46629303
54.710799601 37.475698141
54.758341919 37.500554505
54.783663371 37.517452698
54.78831425 37.524635722
54.791414836 37.539931946
54.805057413 37.565046692
54.808158 37.57928355
54.809398234 37.603338929
54.808158 37.610341085
54.803610473 37.616929831
54.791828248 37.625353089
54.78831425 37.630804952
54.787280721 37.651863098
54.803713826 37.682920634
54.808158 37.702816061
54.813635702 37.718629049
54.826658162 37.73526886
54.856630493 37.761132915
55.006802206 37.843091736
55.053517701 37.884407043
55.061372518 37.894845683
55.066643514 37.908436585
55.078735799 37.913707581
55.092791789 37.915542094
55.103540487 37.918797709
55.110775187 37.926471659
55.121730591 37.94471344
55.130308878 37.952309876
55.149635864 37.957477519
55.207410115 37.96615916
55.219709106 37.969983215
55.228804159 37.985796204
55.25050826 37.99540802
55.296086874 38.007551982
55.307455688 38.008792216
55.328126261 38.022124736
55.348796834 38.030496318
55.423107544 38.075894063
55.447395467 38.083671367
55.510957479 38.085841776
55.708671509 38.118656311
55.738437134 38.118604635
55.8003455 38.10780426
55.839412882 38.089924215
55.854088989 38.085996806
55.905041952 38.085583395
55.921888469 38.08144928
55.949070272 38.070080465
55.963022909 38.066514791
55.978422486 38.065894674
56.12146285 38.086461894
56.16187382 38.082379456
56.166740625 38.08079215
56.197840617 38.070648906
56.214067017 38.068840231
56.299746541 38.080234884
56.315456177 38.089459127
56.325481404 38.105220439
56.328995402 38.123772278
56.32424117 38.141135559
56.297059367 38.165785217
56.303363892 38.179427796
56.366409139 38.225523174
56.400102173 38.244126689
56.436482381 38.255082092
56.528156372 38.257407532
56.545209595 38.25410024
56.559162231 38.247382304
56.571771281 38.239501648
56.585207154 38.234566549
56.6013302 38.23686615
56.681532023 38.264616394
56.729384399 38.27105011
56.738996216 38.26960317
56.778166952 38.244488424
56.81237675 38.228959656
56.827879679 38.224954733
56.97836145 38.202733866
57.01804895 38.189814759
57.038409465 38.187282613
57.056496216 38.195240784
57.070448852 38.205059306
57.102798299 38.222009176
57.114683879 38.232111918
57.134837688 38.259732971
57.137914239 38.262364232
57.146619913 38.269809876
57.163983195 38.276476136
57.174938599 38.27756134
57.185894002 38.276476136
57.207288046 38.270740052
57.218346802 38.265081482
57.221137329 38.25859609
57.221550741 38.251154684
57.225788208 38.242369691
57.248835897 38.211518861
57.266922648 38.176895651
57.278601522 38.162943014
57.31136438 38.135011902
57.322939901 38.105117086
57.344333943 38.081061707
57.349294881 38.063569234
57.346814412 38.046929424
57.327074015 37.99411611
57.352395467 37.967528585
57.496262654 37.922311707
57.512075643 37.924068705
57.527681925 37.927841085
57.544631795 37.929985657
57.561374959 37.928228659
57.612327922 37.916601461
57.661110474 37.917428284
57.676096639 37.920477193
57.691186157 37.920270488
57.70462203 37.913707581
57.717127727 37.905077616
57.729943481 37.8986439
57.73482715 37.898271669
57.738418416 37.897997945
57.754748169 37.901021016
57.763016399 37.899393209
57.770044393 37.893889669
57.779139445 37.878774312
57.785030559 37.872573141
57.800016723 37.867638042
57.816449829 37.868645732
57.833296346 37.871746318
57.849522746 37.87272817
57.884145955 37.86533844
58.040932251 37.805703838
58.106871379 37.793430685
58.140564413 37.791131083
58.156687459 37.788185527
58.173533976 37.78162262
58.181182088 37.774853007
58.181285441 37.767928366
58.179115031 37.760771179
58.179941854 37.753045553
58.195754842 37.729636129
58.199268839 37.722194723
58.201852662 37.703952942
58.201956014 37.690103658
58.206813599 37.678734843
58.223866822 37.667469381
58.240920044 37.662327576
58.318848104 37.653051656
58.331457153 37.648297425
58.357812134 37.63331126
58.37176477 37.630365703
58.46230188 37.637497051
58.479665161 37.644111634
58.493101034 37.660673931
58.502299439 37.677391256
58.514288371 37.691473084
58.5297913 37.700387268
58.549324992 37.701575827
58.565654744 37.69485789
58.615884237 37.659511211
58.659085734 37.645403545
58.681720011 37.64271637
58.704250936 37.644628397
58.712932576 37.648814189
58.719237102 37.654782817
58.726368449 37.659382019
58.737737264 37.659407858
58.759027955 37.656152243
58.769259888 37.656798198
58.77980188 37.659640402
58.7931344 37.67284373
58.795614868 37.687726542
58.80109257 37.694651184
58.861037231 37.668089498
58.938655233 37.653930156
58.978136027 37.639512431
58.992192017 37.631450908
59.005524536 37.628014425
59.034566691 37.624526265
59.045625447 37.619617005
59.078284953 37.592745259
59.211713501 37.516315817
59.233107544 37.514713847
59.289228149 37.535177715
59.312275838 37.530345967
59.332326294 37.515127259
59.35165328 37.493836568
59.356304159 37.48063324
59.353203572 37.458438213
59.359198039 37.447508647
59.361988567 37.43921458
59.357854451 37.430274557
59.35165328 37.420430197
59.348345988 37.409293925
59.350723104 37.38836497
59.370360149 37.319428609
59.382039022 37.305682679
59.444670858 37.264186503
59.463481079 37.247443339
59.469372193 37.240699565
59.468131958 37.235841981
59.464514608 37.232457174
59.463067667 37.229718323
59.461827433 37.223000387
59.4588302 37.214757996
59.46172408 37.20760081
59.478157186 37.204138489
59.484668416 37.19876414
59.49272994 37.193596496
59.501204875 37.19021169
59.509473104 37.189824117
59.541202433 37.199849345
59.555981893 37.197782288
59.572725057 37.183390402
59.579856404 37.167809958
59.584610636 37.148896383
59.591535278 37.132334086
59.604971151 37.12388499
59.614479614 37.125486959
59.621507609 37.131507264
59.633186483 37.146260885
59.642591593 37.15023997
59.653236938 37.149671529
59.797207479 37.112206116
59.862836548 37.067816061
59.899526815 37.050556132
59.981588989 37.038825583
60.019209432 37.025803121
60.048871704 36.994022115
60.086388794 36.930020854
60.132587525 36.873409322
60.238524211 36.769746399
60.259608195 36.742409567
60.28865035 36.681069641
60.30921757 36.65197581
60.342290487 36.637144674
60.501247192 36.639470113
60.641083618 36.641485495
60.85440393 36.644637757
60.972949667 36.646343079
61.075475708 36.647790019
61.125188436 36.640762024
61.165806112 36.636317851
61.173970988 36.602314759
61.182239217 36.586915181
61.18595992 36.5776651
61.187613567 36.565107727
61.186166626 36.552808736
61.182239217 36.541646627
61.176864869 36.532034811
61.170663697 36.524438375
61.166322876 36.513844707
61.167976522 36.501804098
61.173970988 36.486817933
61.152473592 36.406306051
61.146685832 36.357265117
61.160948528 36.328636373
61.157744588 36.324657288
61.156194296 36.321866761
61.153507121 36.314942118
61.163118937 36.311583151
61.171077108 36.306415508
61.17727828 36.300369365
61.181412394 36.294478251
61.185443156 36.283987936
61.187200154 36.273549296
61.187613567 36.250346579
61.190920858 36.240631409
61.205493611 36.221097717
61.220479777 36.158930969
61.223063599 36.12880361
61.224717244 36.123687643
61.22275354 36.117538148
61.212211548 36.106376038
61.207250611 36.099503072
61.204150024 36.090563049
61.202393026 36.080744527
61.201979615 36.071597799
61.198155558 36.060797424
61.189680623 36.055784811
61.180275513 36.052787577
61.173970988 36.048033345
61.171077108 36.03594106
61.174591105 36.015838928
61.173970988 36.006485494
61.16177535 35.995943502
61.141414835 35.9823526
61.129839315 35.970518697
61.143585246 35.965506083
61.168079874 35.962353821
61.188337036 35.953568828
61.205803671 35.94049469
61.221823364 35.924526673
61.232158651 35.910677389
61.241046997 35.893882548
61.247351522 35.876209208
61.251899048 35.840397441
61.255516398 35.825359599
61.256136515 35.8091332
61.249728638 35.786705628
61.256136515 35.779367574
61.256343221 35.769497375
61.249728638 35.745777893
61.249005168 35.740196839
61.249728638 35.722471822
61.246731405 35.715495504
61.233088826 35.704591777
61.229161418 35.698597311
61.231745239 35.671880595
61.245387818 35.649297995
61.269675741 35.61849884
61.277013794 35.609197082
61.287555787 35.568269349
61.290036255 35.548063863
61.283835083 35.527289938
61.270502563 35.50842804
61.247041463 35.485070293
61.235982707 35.46584666
61.227301067 35.434479065
61.221823364 35.424247132
61.200842733 35.401147766
61.195054973 35.39008901
61.190404094 35.369573466
61.195054973 35.31810374
61.187096802 35.300378723
61.167873169 35.291387024
61.143998657 35.288079732
61.122707967 35.287666321
61.108341919 35.277951152
61.102450806 35.256660462
61.101623983 35.235318095
61.102347453 35.225602926
61.107928508 35.221262105
61.112786093 35.211650289
61.112372681 35.202038472
61.102347453 35.197697653
61.096352987 35.193201802
61.10152063 35.183228252
61.137074016 35.143902487
61.139864543 35.139665019
61.137900838 35.128296204
61.135213664 35.119407857
61.136763956 35.111191305
61.147305949 35.102096252
61.123121379 35.074190979
61.115886678 35.059876608
61.109892212 35.018535462
61.095319458 34.981018372
61.092012166 34.96148468
61.088911581 34.951924541
61.074752238 34.933114319
61.071548299 34.920556946
61.072581828 34.910325013
61.077026001 34.891721496
61.077749472 34.883039856
61.073408651 34.847693177
61.06545048 34.814723613
61.03475468 34.806248678
61.029070272 34.78971222
61.009639933 34.760980123
60.978013957 34.740619609
60.959927206 34.723204651
60.958686971 34.699588521
60.961994263 34.673750306
60.957963501 34.649410706
60.947524862 34.637990214
60.935845988 34.635664775
60.922823527 34.636543274
60.90887089 34.634682922
60.895435018 34.628326722
60.888923788 34.621660462
60.883859497 34.613702291
60.83848759 34.570914205
60.818953898 34.559907125
60.794045858 34.554119365
60.73926884 34.548021546
60.714360799 34.537427877
60.699684692 34.516395569
60.710330038 34.515129497
60.718908325 34.511150411
60.725316203 34.504277446
60.73389449 34.480428772
60.742782837 34.473452454
60.767277466 34.464150696
60.779369751 34.455081482
60.78908492 34.443480123
60.804897908 34.417486878
60.879105266 34.33764679
60.89047408 34.318914083
60.815956665 34.315270895
60.714360799 34.310129089
60.64366744 34.30664093
60.650592082 34.285350241
60.634985799 34.271216736
60.587443482 34.250261943
60.552406861 34.220057068
60.520884237 34.18613149
60.492772257 34.139028422
60.486777791 34.094276632
60.48846068 34.08092732
60.499386841 33.994256898
60.528015585 33.841449687
60.525845174 33.80214976
60.494942668 33.744117126
60.486881145 33.711380107
60.511789185 33.638387146
60.574834432 33.587795919
60.655553019 33.559890645
60.73389449 33.554852194
60.807378377 33.558159486
60.846032348 33.55578237
60.87962203 33.548702698
60.895124959 33.541132101
60.911971476 33.528445536
60.920859822 33.514105326
60.919788293 33.512570519
60.912074829 33.501522116
60.89729537 33.497026265
60.849856405 33.49436493
60.832183065 33.484494731
60.829289184 33.470128682
60.832803182 33.453463034
60.834663534 33.436254781
60.829082479 33.416281841
60.81864384 33.404887187
60.785880981 33.387782288
60.757045533 33.366336568
60.719011678 33.323031719
60.670332479 33.267712098
60.615968873 33.206191305
60.567599731 33.151285096
60.561501912 33.137306621
60.562948853 33.058267518
60.577521607 32.99434377
60.60615035 32.91235911
60.64005009 32.815517477
60.674880005 32.715601095
60.711673625 32.610310364
60.752291301 32.494580994
60.796319621 32.355907288
60.830322713 32.248885397
60.828255656 32.167443339
60.814819783 32.087861633
60.808825317 32.071170146
60.782677043 32.042541402
60.774925578 32.027193502
60.778336222 32.021044006
60.786707804 32.016909892
60.792598918 32.011277161
60.78402063 31.989263
60.786087688 31.97897939
60.791048625 31.969160868
60.794976034 31.958463847
60.796733032 31.936759746
60.789291626 31.874954733
60.791462036 31.826533916
60.80531132 31.733981426
60.792598918 31.660084127
60.794976034 31.636674704
60.809962199 31.588357239
60.821744425 31.494667868
60.855024048 31.482730611
60.955999797 31.470069885
61.12353479 31.449089254
61.125148649 31.448887156
61.294790487 31.427643535
61.490850871 31.403097229
61.60625863 31.388741288
61.661176391 31.381909892
61.686911255 31.373176575
61.706548299 31.359844055
61.742308391 31.320880025
61.749233032 31.302379863
61.742308391 31.259436748
61.742721802 31.239541321
61.752436971 31.21912913
61.779205363 31.181095276
61.787680298 31.158616029
61.789333944 31.129315491
61.791814413 31.118928528
61.809281046 31.087147522
61.821476684 31.054488017
61.826334269 31.034592591
61.826437622 31.014955546
61.819306275 30.993923238
61.800185995 30.961418762
61.804526815 30.949739888
61.80835087 30.881423646
61.802356404 30.878529765
61.799875936 30.87150177
61.798428996 30.853466695
61.799772583 30.852381491
61.802253052 30.847058818
61.785199829 30.831400859
61.702620891 30.745514628
61.576220337 30.613894755
61.461705363 30.494573873
61.461705363 30.494522196
61.380366658 30.410289612
61.27215621 30.298306783
61.215622193 30.239705709
61.133043253 30.154284566
60.978427368 29.994397685
60.97811731 29.994139303
60.902152954 29.916883036
60.844378703 29.85817861
60.92509729 29.774979554
60.978013957 29.720615947
61.043332967 29.652428895
61.118677205 29.57398407
61.196915324 29.49228363
61.279184205 29.406629944
61.298717896 29.392651469
61.31980188 29.38539093
61.337371867 29.37438385
61.346570272 29.349062398
61.34470992 29.329528707
61.332824341 29.294492086
61.332824341 29.274906718
61.342332805 29.254520366
61.374165486 29.223850403
61.386981242 29.206642151
61.390081828 29.195428365
61.392769003 29.170468648
61.397936646 29.159073995
61.408581991 29.148557841
61.417677042 29.145663961
61.426875448 29.144630433
61.437727498 29.139617818
61.447959432 29.1254068
61.453230428 29.108379416
61.46087854 29.093884176
61.478035115 29.087476298
61.487750285 29.080655009
61.490644165 29.072025045
61.487233521 29.062929993
61.478035115 29.054325867
61.470800415 29.047866313
61.468009888 29.041742656
61.470283651 29.035903219
61.478035115 29.030658061
61.490954224 29.025490418
61.502116333 29.017713115
61.510901327 29.007377828
61.553172648 28.922137553
61.558960409 28.902733053
61.561337525 28.885938212
61.566505168 28.870977886
61.595340617 28.842685039
61.623969361 28.787649638
61.653011516 28.75633372
61.756157674 28.673961487
61.797705526 28.626574199
61.861164184 28.574768575
61.892790161 28.542599997
61.911290324 28.533737488
61.971131632 28.518983866
62.018828979 28.494695943
62.049111369 28.486324361
62.115567261 28.481363424
62.147503296 28.475265605
62.230702352 28.442451071
62.362787313 28.418886617
62.390537557 28.406122539
62.402164754 28.394107768
62.410743042 28.380697734
62.420974976 28.368553772
62.437201375 28.360440572
62.453841186 28.355686341
62.464279826 28.349821066
62.471204468 28.339692485
62.477715698 28.322303365
62.492288452 28.300702616
62.555437052 28.240318706
62.575642538 28.229027405
62.739301799 28.258327942
62.761522664 28.246442362
62.766380249 28.211483257
62.751704142 28.108724671
62.735684448 27.994984843
62.754184611 27.925841777
62.780281209 27.829723613
62.786379029 27.770269878
62.794698934 27.689473776
62.799711548 27.639270122
62.809323365 27.547053528
62.814697713 27.494963684
62.808599894 27.453364156
62.756044963 27.348099263
62.775682007 27.326911927
62.780642944 27.316059876
62.778782593 27.299833476
62.774131714 27.285519104
62.768085571 27.274356995
62.758215373 27.267690735
62.742350708 27.266812236
62.785603882 27.232499085
62.800641723 27.225161031
62.808548218 27.225367737
62.822294149 27.232499085
62.829322144 27.233635966
62.837383667 27.23125885
62.860844768 27.219631653
62.892419067 27.213482157
62.919600871 27.214877421
62.97784021 27.225161031
63.003781779 27.228778382
63.056181682 27.243196106
63.082743368 27.244384664
63.099434855 27.242834372
63.112302287 27.243196106
63.166975953 27.258699036
63.177104533 27.258440654
63.189558553 27.254461569
63.215448446 27.233222555
63.226817261 27.226969706
63.251518596 27.21895986
63.260613647 27.213792217
63.271258993 27.203405253
63.285573364 27.184646708
63.319628133 27.117312317
63.302419881 27.12335846
63.280560751 27.12320343
63.260923707 27.115606995
63.249968302 27.099535624
63.246247599 27.08945872
63.235602255 27.075867819
63.231364787 27.06584259
63.229917847 27.054060364
63.234982137 26.941147359
63.243973836 26.922440491
63.256479533 26.906162415
63.264851115 26.890039368
63.261647176 26.871745911
63.246661011 26.859550273
63.206043335 26.853710836
63.189558553 26.846011048
63.182272176 26.830249735
63.174314006 26.685038961
63.163772013 26.645093078
63.141344441 26.625404359
63.131267538 26.62581777
63.123464397 26.62943512
63.116229696 26.634034322
63.107599732 26.637599996
63.098039591 26.638375143
63.068894083 26.632535706
63.02941329 26.633517558
62.990449259 26.638891907
62.900015503 26.640907287
62.821674031 26.64261261
62.753564494 26.644162903
62.742712443 26.641320699
62.735064331 26.632225647
62.724729045 26.615120749
62.718011108 26.610521545
62.710569702 26.606904195
62.701939738 26.604010315
62.671037232 26.597705791
62.66251062 26.598274232
62.651348511 26.603183492
62.640599813 26.605147197
62.632021525 26.600392965
62.624115031 26.592951559
62.615795126 26.587112122
62.595331259 26.580704244
62.428002971 26.564787903
62.418494507 26.562307435
62.410639689 26.556829732
62.402474813 26.543807271
62.396687053 26.539053039
62.386351766 26.536624248
62.365267782 26.537502747
62.355862671 26.536624248
62.347594442 26.533316956
62.334675333 26.524842021
62.326510458 26.52065623
62.306976766 26.513679912
62.298295125 26.50877065
62.291990601 26.501225891
62.290130249 26.492440898
62.293127482 26.485877991
62.296951538 26.48024526
62.297881714 26.474044088
62.287546427 26.456629131
62.256127156 26.428930563
62.248995809 26.416528219
62.254473511 26.393583883
62.264240356 26.375187073
62.265118856 26.360976054
62.243414755 26.350640767
62.205897665 26.355343323
62.161455933 26.369502665
62.12383549 26.373998515
62.10688562 26.349710591
62.10326827 26.32511261
62.094173218 26.314829
62.052780395 26.308576151
62.032264852 26.302891745
62.013661336 26.294623515
61.977746216 26.273177795
61.857133423 26.242378642
61.832948853 26.225377095
61.818376099 26.198453675
61.809901164 26.167447815
61.800702759 26.106624655
61.792744588 26.052829489
61.783236125 25.990611064
61.770627075 25.907412008
61.760085083 25.837597148
61.754504029 25.819975485
61.739311157 25.803283997
61.721947876 25.799666646
61.702620891 25.800080058
61.681433553 25.795480855
61.660349569 25.769177552
61.665310506 25.732383932
61.676369263 25.692799785
61.673475383 25.658279928
61.667170858 25.650476786
61.652494751 25.637299297
61.646603638 25.62768748
61.643192993 25.613321432
61.639058879 25.554927063
61.633064412 25.469299215
61.626036418 25.369770406
61.620041951 25.285486145
61.588281408 25.202130453
61.588226759 25.202093817
61.581879102 25.216701565
61.579763217 25.233465887
61.562347852 25.244818427
61.559255405 25.250962632
61.554453972 25.25409577
61.544688347 25.248277085
61.54184004 25.242580471
61.540375196 25.22650788
61.537282748 25.220363674
61.542816602 25.215643622
61.552744988 25.205064195
61.558360222 25.200506903
61.536957227 25.202704169
61.520762566 25.208644924
61.504242384 25.208807684
61.482595248 25.193670966
61.506195509 25.186835028
61.515961134 25.181870835
61.524180535 25.173163153
61.518809441 25.163519598
61.503184441 25.145249742
61.498545769 25.134670315
61.498545769 25.129380601
61.497406446 25.125433661
61.489512566 25.118597723
61.475108269 25.111639716
61.42058353 25.096869208
61.435069207 25.087713934
61.411716503 25.059408165
61.243530015 25.111885812
61.185068238 25.123249171
61.185475634 25.1396075
61.170268609 25.164440118
61.030609571 25.209784247
60.866709832 25.23460521
60.727712436 25.264390367
60.633474155 25.274969794
60.616953972 25.283189195
60.632334832 25.296087958
60.60816491 25.327582098
60.604991082 25.341050523
60.604746941 25.397162177
60.601573113 25.405951239
60.56519616 25.438625393
60.54965254 25.446926174
60.532074415 25.448919989
60.514170769 25.447333075
60.445648634 25.428168036
60.42847741 25.419623114
60.418955925 25.405991929
60.403330925 25.388861395
60.395274285 25.377875067
60.395030144 25.37132396
60.398122592 25.364976304
60.402028842 25.344671942
60.406911655 25.341945705
60.413747592 25.341294664
60.4248153 25.336371161
60.433441602 25.336493231
60.437673373 25.333929755
60.441661004 25.327582098
60.452206694 25.317384611
60.441254102 25.318793036
60.441091342 25.31659577
60.470062851 25.303086656
60.467245869 25.290275906
60.455645076 25.292790076
60.423523484 25.304964792
60.382823113 25.32025788
60.362559441 25.330552476
60.319223345 25.329851431
60.290293816 25.351304429
60.29965254 25.36725495
60.303965691 25.3711612
60.289398634 25.377183335
60.271250847 25.379584052
60.235036655 25.377997137
60.207367384 25.373114325
60.201508009 25.3711612
60.192556186 25.362005927
60.192556186 25.356146552
60.195078972 25.351223049
60.21597377 25.338280241
60.20920955 25.319688555
60.181976759 25.319891669
60.161875847 25.33197663
60.150889519 25.335272528
60.116709832 25.33982982
60.108897332 25.345119533
60.097911004 25.358140367
60.082038193 25.365949817
60.045325343 25.363858323
59.994423416 25.356849768
59.940822838 25.354911352
59.903805956 25.329863349
59.861696244 25.343056803
59.819865493 25.379201443
59.774873026 25.389868583
59.659134493 25.383361229
59.613997043 25.38377666
59.537989833 25.399749989
59.490443371 25.443466614
59.453901756 25.461607493
59.397288103 25.451845653
59.279144727 25.434719143
59.251068556 25.430731512
59.195323113 25.422919012
59.138356967 25.39850495
59.117198113 25.394191799
59.108734571 25.395697333
59.101328972 25.40224844
59.094086134 25.40639883
59.085459832 25.404608466
59.076182488 25.400702216
59.066905144 25.39850495
59.043955925 25.399603583
59.024180535 25.403225002
59.007334832 25.409735419
58.994313998 25.419623114
58.94809004 25.486517645
58.923513217 25.513373114
58.884450717 25.529486395
58.849619988 25.528794664
58.840342644 25.532904364
58.834157748 25.542385158
58.830577019 25.552313544
58.825205925 25.560370184
58.813731316 25.563625393
58.728037957 25.563625393
58.546397332 25.59365469
58.484141472 25.584662177
58.430511915 25.587958075
58.411794467 25.596014716
58.418955925 25.612005927
58.38965905 25.610296942
58.357595248 25.604559637
58.344086134 25.598130601
58.321055535 25.580796617
58.305918816 25.577297268
58.299001498 25.579820054
58.29558353 25.583889065
58.290700717 25.583726304
58.278981967 25.573879299
58.271006707 25.568670966
58.2607528 25.565741278
58.251963738 25.566839911
58.248301629 25.573879299
58.242442254 25.571437893
58.207286004 25.549302476
58.170420769 25.544094143
58.137868686 25.549790757
58.106211785 25.558905341
58.07309004 25.563625393
58.046234571 25.574937242
58.024180535 25.601874091
57.994313998 25.659165757
57.963226759 25.693182684
57.925303582 25.701320705
57.884043816 25.69163646
57.843516472 25.672837632
57.809418165 25.647772528
57.787445509 25.635443427
57.771739129 25.635565497
57.775889519 25.67967357
57.779795769 25.691148179
57.782481316 25.696112372
57.783050977 25.699774481
57.781504754 25.707586981
57.771250847 25.73045482
57.755625847 25.742743231
57.734711134 25.747707424
57.70972741 25.748521226
57.687185092 25.746405341
57.63184655 25.734930731
57.619639519 25.737005927
57.598806186 25.746405341
57.587168816 25.748521226
57.575694207 25.747503973
57.555837436 25.742824611
57.54558353 25.741766669
57.520681186 25.743557033
57.452484571 25.762884833
57.45997155 25.769029039
57.326182488 25.777004299
57.31153405 25.784125067
57.304372592 25.799750067
57.298675977 25.848700262
57.274424675 25.899400132
57.261973504 25.939886786
57.253591342 25.958970445
57.243662957 25.967027085
57.242035352 25.970892645
57.219737175 25.995021877
57.215342644 25.995835679
57.202647332 25.993882554
57.198578321 25.995021877
57.196787957 25.999172268
57.19410241 26.010972398
57.180511915 26.04686107
57.176524285 26.063544012
57.16675866 26.082993882
57.164561394 26.094916083
57.17090905 26.115627346
57.20199629 26.146226304
57.212901238 26.166245835
57.199229363 26.198187567
57.133067254 26.263739325
57.138438347 26.290432033
57.131032748 26.296616929
57.125254754 26.341864325
57.118174675 26.364325262
57.107106967 26.382269598
57.087901238 26.398993231
57.083181186 26.40648021
57.080332879 26.415350653
57.076670769 26.438218492
57.076345248 26.447455145
57.093435092 26.572211005
57.090017123 26.618801174
57.024912957 26.850978908
57.011241082 26.868882554
56.977305535 26.895331122
56.965179884 26.911118882
56.966481967 26.927232164
56.935720248 26.94554271
56.925547722 26.955145575
56.94011478 26.954291083
56.951019727 26.958156643
56.961110873 26.963853257
56.973317905 26.96881745
56.964854363 26.975653387
56.96355228 26.985052802
56.967051629 26.994818427
56.973317905 27.002997137
56.942556186 26.991115627
56.93238366 26.989325262
56.923106316 26.991400458
56.917246941 26.99607982
56.91309655 27.000799872
56.908213738 27.002997137
56.903086785 27.006415106
56.897797071 27.013006903
56.890879754 27.017035223
56.871348504 27.008449611
56.865489129 27.01186758
56.862966342 27.020086981
56.863454623 27.030259507
56.85059655 27.027655341
56.843760613 27.032904364
56.844086134 27.040228583
56.853526238 27.043931382
56.85840905 27.047430731
56.875987175 27.064398505
56.884613477 27.070624091
56.884613477 27.07807038
56.855316602 27.081691799
56.831390821 27.096136786
56.81519616 27.117010809
56.808848504 27.139553127
56.797211134 27.129339911
56.784434441 27.125311591
56.757334832 27.12523021
56.742360873 27.129584052
56.73308353 27.139227606
56.72559655 27.148830471
56.716075066 27.153143622
56.6123153 27.154242255
56.589691602 27.160630601
56.582855665 27.153143622
56.558604363 27.165187893
56.528575066 27.170721747
56.466156446 27.173651434
56.43653405 27.178859768
56.384125196 27.197495835
56.353037957 27.201605536
56.291188998 27.198472398
56.259613477 27.191229559
56.236582879 27.177069403
56.215179884 27.16787344
56.150157097 27.165350653
56.12370853 27.160630601
56.115570509 27.155747789
56.098887566 27.141017971
56.095550977 27.136135158
56.093516472 27.125555731
56.088145379 27.122219143
56.080414259 27.120754299
56.071787957 27.115627346
56.054535352 27.102606512
55.9873153 27.06635163
55.963145379 27.048041083
55.962738477 27.043931382
55.957530144 27.040757554
55.939300977 27.026678778
55.92839603 27.02342357
55.883799675 27.018744208
55.84245853 27.009751695
55.831797722 27.008734442
55.798350457 27.009751695
55.787282748 27.00771719
55.77247155 26.998277085
55.763682488 26.9961612
55.726328972 26.9961612
55.694834832 27.002752997
55.684825066 27.002997137
55.665863477 26.995428778
55.632334832 26.967515367
55.619639519 26.961371161
55.608571811 26.953680731
55.554453972 26.899888414
55.568858269 26.904120184
55.575043165 26.907171942
55.582367384 26.913560289
55.586436394 26.889064846
55.580414259 26.859116929
55.568532748 26.830796617
55.554453972 26.810532945
55.521739129 26.784572658
55.484060092 26.767523505
55.442230665 26.759914455
55.39730879 26.762152411
55.316742384 26.787095445
55.270843946 26.792547919
55.232920769 26.776434637
55.221039259 26.757391669
55.215586785 26.739488023
55.20590254 26.726385809
55.181651238 26.721177476
55.162119988 26.719142971
55.118174675 26.707586981
55.103282097 26.701320705
55.03793379 26.648911851
55.026866082 26.642645575
54.930674675 26.572658596
54.822032097 26.51577383
54.81519616 26.510443427
54.808929884 26.50385163
54.801524285 26.498236395
54.791026238 26.495835679
54.778493686 26.497870184
54.761566602 26.506822007
54.749685092 26.508937893
54.663828972 26.502020575
54.61996504 26.508246161
54.602875196 26.530991929
54.590586785 26.559963283
54.56128991 26.584662177
54.516612175 26.592515367
54.425629102 26.589341539
54.38941491 26.605129299
54.371429884 26.630845445
54.356618686 26.662827867
54.337738477 26.693426825
54.308116082 26.71499258
54.286875847 26.71865469
54.266856316 26.715765692
54.247569207 26.71084219
54.171397332 26.706122137
54.150401238 26.708197333
54.081716342 26.726141669
54.064463738 26.728583075
54.05372155 26.731634833
54.034515821 26.745306708
54.02621504 26.749090887
54.015798373 26.749457098
53.9951278 26.745591539
53.929372592 26.718003648
53.883474155 26.712347723
53.84278405 26.702093817
53.820811394 26.701320705
53.77613366 26.714260158
53.751719597 26.716050523
53.728282097 26.704738674
53.716075066 26.708563544
53.663828972 26.749090887
53.58863366 26.788763739
53.491547071 26.854315497
53.477224155 26.870103257
53.47144616 26.889634507
53.469086134 26.937201239
53.461110873 26.9570987
53.44410241 26.975653387
53.412119988 26.993557033
53.072032097 27.096869208
53.050140821 27.098578192
53.028656446 27.104071356
53.015310092 27.11733633
53.004730665 27.133246161
52.992198113 27.146958726
52.9326278 27.16034577
52.923350457 27.170233466
52.914724155 27.191961981
52.894297722 27.20307038
52.848317905 27.215277411
52.767751498 27.279730536
52.732188347 27.301336981
52.678802931 27.322373765
52.601328972 27.352932033
52.58073978 27.372259833
52.579112175 27.392767645
52.58855228 27.405503648
52.605235222 27.412054755
52.626149936 27.413885809
52.644867384 27.413316148
52.666514519 27.415350653
52.678965691 27.425279039
52.670095248 27.448635158
52.654144727 27.46088288
52.613536004 27.474676825
52.598399285 27.485825914
52.590505405 27.497748114
52.574473504 27.530585028
52.567637566 27.540716864
52.492523634 27.60944245
52.45964603 27.632635809
52.423106316 27.646633205
52.24488366 27.681382554
52.207204623 27.698228257
52.089203321 27.795396226
52.052582227 27.817368882
52.011241082 27.832709052
51.96371504 27.838446356
51.894297722 27.830877997
51.878428582 27.835353908
51.859629754 27.845892645
51.823864455 27.843596727
51.785295437 27.835453504
51.722799463 27.825116598
51.683442878 27.830580873
51.596934441 27.846665757
51.585134311 27.849310614
51.580088738 27.855780341
51.578868035 27.865301825
51.575531446 27.872788804
51.570323113 27.877630927
51.539135154 27.881627359
51.496423785 27.893040839
51.475096211 27.913479593
51.452077252 27.947514573
51.428156011 27.961147005
51.420405207 27.933200948
51.399875502 27.931713147
51.380271138 27.991418381
51.360610419 28.016378363
51.345221635 28.05266855
51.307529834 28.107132148
51.290369265 28.121519294
51.269759278 28.140453578
51.264821811 28.160549221
51.286875847 28.214300848
51.285329623 28.240912177
51.264821811 28.270453192
51.229991082 28.298407294
51.21762129 28.311428127
51.18238366 28.359767971
51.149424675 28.39052969
51.141856316 28.400783596
51.08073978 28.533921617
51.072520379 28.565252997
51.071543816 28.692694403
51.058848504 28.735907294
51.036387566 28.772528387
51.010915561 28.799139716
50.978688998 28.81663646
50.93653405 28.825344143
50.896006707 28.827337958
50.876149936 28.83201732
50.867686394 28.842678127
50.860036655 28.862453518
50.812998894 28.914699611
50.804860873 28.93357982
50.798838738 28.96112702
50.802582227 28.985825914
50.8232528 28.996649481
50.84278405 28.990668036
50.862478061 28.976141669
50.878916863 28.957993882
50.888682488 28.94139232
50.899261915 28.94944896
50.897959832 28.956732489
50.89340254 28.96503327
50.894867384 28.976141669
50.902028842 28.983384507
50.922211134 28.999212958
50.928965691 29.009670315
50.93238366 29.03148021
50.929942254 29.05463288
50.920176629 29.069037177
50.901703321 29.064886786
50.89332116 29.09389883
50.886566602 29.104071356
50.874359571 29.11326732
50.868337436 29.112046617
50.859141472 29.107814846
50.850840691 29.10545482
50.847178582 29.109930731
50.845957879 29.126857815
50.844004754 29.135199286
50.840342644 29.14061107
50.816416863 29.144191799
50.738291863 29.140082098
50.720225457 29.137193101
50.693695509 29.123439846
50.665863477 29.126410223
50.643809441 29.143459377
50.634938998 29.171332098
50.633067254 29.19550202
50.6357528 29.207709052
50.644786004 29.219794012
50.651866082 29.233343817
50.658376498 29.24994538
50.667491082 29.257269598
50.6826278 29.243068752
50.687022332 29.283880927
50.689463738 29.290838934
50.679860873 29.293646552
50.673594597 29.299627997
50.661468946 29.318793036
50.668630405 29.343329169
50.668223504 29.382269598
50.66309655 29.42194245
50.65528405 29.44912344
50.642100457 29.469794012
50.622731967 29.493068752
50.607432488 29.499497789
50.606944207 29.469631252
50.601084832 29.48065827
50.572764519 29.518011786
50.520030144 29.555975653
50.511403842 29.568915106
50.504567905 29.58608633
50.488780144 29.60537344
50.4560653 29.634100653
50.396983269 29.654730536
50.387868686 29.665106512
50.38160241 29.685003973
50.367035352 29.704087632
50.340017123 29.730292059
50.313324415 29.763983466
50.267914259 29.836371161
50.243825717 29.866848049
50.225108269 29.881170966
50.183848504 29.903143622
50.144867384 29.938055731
50.141368035 29.942572333
50.138438347 29.954657294
50.137543165 29.972967841
50.133962436 29.983547268
50.149668816 29.985174872
50.153330925 29.991034247
50.14747155 29.998236395
50.133962436 30.00405508
50.144786004 30.037909247
50.121836785 30.094549872
50.12769616 30.120672919
50.113617384 30.130316473
50.097911004 30.14850495
50.08472741 30.168890692
50.079356316 30.185248114
50.073415561 30.195746161
50.058848504 30.204575914
50.050629102 30.207342841
50.024099155 30.216253973
49.988291863 30.219916083
49.951019727 30.21503327
49.914561394 30.203924872
49.600759311 30.030096747
49.564463738 30.016831773
49.532237175 30.022935289
49.504079623 30.0586612
49.501638217 30.074896552
49.501231316 30.120062567
49.493418816 30.137437242
49.486175977 30.146389065
49.483653191 30.151800848
49.479828321 30.156073309
49.469086134 30.161688544
49.459320509 30.165187893
49.449880405 30.167181708
49.428233269 30.168524481
49.417653842 30.167466539
49.396006707 30.162787177
49.383962436 30.161688544
49.372813347 30.163763739
49.35840905 30.173163153
49.349945509 30.175279039
49.329274936 30.172267971
49.29184004 30.158514716
49.271250847 30.154852606
49.2451278 30.15648021
49.235687696 30.165106512
49.23707116 30.206366278
49.234060092 30.209418036
49.220225457 30.217922268
49.215993686 30.223781643
49.215505405 30.229193427
49.215993686 30.244208075
49.21753991 30.251776434
49.2216903 30.258205471
49.221202019 30.264553127
49.209157748 30.271470445
49.203379754 30.254461981
49.192881707 30.237738348
49.17847741 30.225897528
49.161387566 30.223781643
49.14332116 30.233547268
49.134776238 30.24632396
49.12403405 30.256415106
49.106700066 30.25779857
49.083506707 30.264837958
49.017344597 30.298285223
49.003672722 30.309393622
48.997080925 30.341620184
48.9795028 30.361761786
48.953298373 30.373521226
48.921153191 30.380764065
48.931813998 30.397162177
48.948578321 30.401068427
48.989431186 30.395005601
49.0107528 30.395941473
49.043711785 30.405666408
49.062022332 30.408107815
49.082367384 30.403794664
49.123383009 30.385077216
49.137461785 30.380764065
49.159678582 30.37885163
49.176442905 30.372748114
49.189952019 30.362209377
49.202891472 30.346625067
49.208750847 30.360093492
49.227712436 30.389227606
49.257172071 30.42186107
49.262868686 30.432562567
49.263845248 30.449652411
49.243174675 30.446030992
49.228282097 30.454413153
49.219004754 30.469794012
49.211192254 30.506333726
49.199392123 30.501613674
49.183848504 30.487046617
49.168223504 30.476996161
49.169688347 30.489732164
49.171153191 30.493109442
49.175059441 30.497463283
49.16675866 30.508775132
49.158213738 30.506984768
49.147959832 30.500392971
49.134043816 30.497463283
49.128103061 30.501125393
49.116953972 30.514878648
49.110118035 30.517971096
49.103770379 30.516831773
49.094411655 30.512193101
49.089366082 30.511135158
49.06934655 30.513820705
49.051280144 30.518377997
49.034353061 30.519273179
49.017344597 30.511135158
48.981455925 30.51561107
48.952972852 30.50018952
48.945648634 30.479722398
48.972666863 30.469468492
49.004405144 30.464016018
49.029470248 30.450262762
49.037282748 30.432521877
49.017344597 30.414943752
49.000498894 30.415187893
48.946462436 30.421576239
48.934825066 30.418646552
48.880137566 30.374579169
48.876149936 30.370103257
48.867360873 30.358099677
48.8623153 30.345607815
48.87370853 30.336655992
48.869639519 30.329494533
48.863047722 30.321519273
48.859629754 30.316229559
48.867035352 30.294745184
48.884532097 30.279364325
48.904795769 30.266017971
48.921153191 30.250433661
48.929535352 30.232652085
48.936045769 30.210109768
48.941661004 30.165106512
48.939707879 30.15253327
48.930837436 30.131984768
48.927989129 30.120672919
48.92855879 30.110052802
48.934255405 30.091009833
48.934825066 30.079738674
48.92855879 30.060003973
48.915293816 30.042181708
48.89722741 30.029445705
48.876719597 30.024481512
48.808848504 30.03143952
48.791351759 30.024481512
48.771983269 30.032375393
48.70199629 30.031927802
48.659515821 30.052232164
48.64332116 30.055405992
48.640635613 30.038072007
48.645518425 30.026109117
48.65894616 30.007269598
48.661631707 29.993475653
48.658702019 29.983628648
48.6513778 29.975002346
48.642344597 29.967962958
48.633799675 29.963039455
48.610850457 29.95701732
48.537445509 29.963039455
48.537445509 29.969875393
48.532074415 29.963812567
48.5310252987 29.9613511794
48.523993775 29.964115295
48.493039591 29.971763408
48.478156779 29.979618225
48.464307496 29.989126689
48.457796265 29.994862772
48.453145386 30.001425679
48.44425704 30.020907695
48.442189982 30.033930156
48.423948202 30.083642884
48.421209351 30.085348206
48.415524943 30.095631816
48.395577841 30.115217184
48.383072143 30.138419901
48.38110844 30.145344544
48.383278849 30.156454977
48.391133667 30.164774882
48.400745484 30.172267965
48.40803186 30.180897929
48.410615682 30.191543275
48.408703654 30.202343649
48.403587688 30.212523906
48.397024781 30.220998841
48.358164103 30.251797995
48.326021362 30.283475647
48.305712525 30.312827861
48.29635909 30.319752502
48.284266805 30.323318177
48.271657756 30.323834941
48.235070841 30.318512268
48.222978556 30.318098857
48.21119633 30.31964915
48.200085897 30.323938293
48.19207605 30.331276347
48.187683553 30.340836487
48.179467 30.384864807
48.170475301 30.406672261
48.157659546 30.426309306
48.140916382 30.441915589
48.130581096 30.447496643
48.119418986 30.450803935
48.013585653 30.463878072
48.012035359 30.494522196
48.012035359 30.494573873
48.015446004 30.976249899
48.012242066 30.989065653
48.001545044 30.994646708
47.672934611 30.994698385
47.676443174 31.236517019
47.678929077 31.407851461
47.831322876 31.761835022
47.837265666 31.7844693
47.834475138 31.805708313
47.820780884 31.823588359
47.781351766 31.848858134
47.765280395 31.864102682
47.761714722 31.871647441
47.756547079 31.889165751
47.750966024 31.898209127
47.743317912 31.904255269
47.725231161 31.914332174
47.718409872 31.922342021
47.68264978 31.976912334
47.677947225 31.994533997
47.677947225 31.994689026
47.668077026 32.012414043
47.633143758 32.02693512
47.617795858 32.041869609
47.595006552 32.085432842
47.580232356 32.103495196
47.578056682 32.10615509
47.558729696 32.11297638
47.543640177 32.114578349
47.534751831 32.123156637
47.526690308 32.13338857
47.513822876 32.140313212
47.498164917 32.144137268
47.491343628 32.148633118
47.490413452 32.156539612
47.49248051 32.170492249
47.496407918 32.181344299
47.502350708 32.190129294
47.50767338 32.199844463
47.509223673 32.213797099
47.504004354 32.226742046
47.484522339 32.239351095
47.47914799 32.252063498
47.46943282 32.256120097
47.463024943 32.261830343
47.445351603 32.282630107
47.441579224 32.288185323
47.436876668 32.293688863
47.407059367 32.317770081
47.402460165 32.323506165
47.395793905 32.337019552
47.395948934 32.341980489
47.399979696 32.345778708
47.408764689 32.364330546
47.414345744 32.369859925
47.417963094 32.376422831
47.416412801 32.387972514
47.410831747 32.39528473
47.384115031 32.412570496
47.367320191 32.4307606
47.356106405 32.446186015
47.343342326 32.458691712
47.321948283 32.468226013
47.265310913 32.484684957
47.251254924 32.485460104
47.205469605 32.464040222
47.187796265 32.458381653
47.152552938 32.455177714
47.121030315 32.461042989
47.090592896 32.474556376
47.05865686 32.494400127
47.058605184 32.494477641
47.058398479 32.494477641
46.757331584 32.716195374
46.715887085 32.756012065
46.650361369 32.789369202
46.604421021 32.82068512
46.600613059 32.822541476
46.507321005 32.868020732
46.479312378 32.89179189
46.37962854 32.931763611
46.273433472 32.959488017
46.155559529 32.948351746
46.097010132 32.954320374
46.075719442 32.99434377
46.075719442 32.9944988
46.088018433 33.006720276
46.104658244 33.018063253
46.11948938 33.031008199
46.126155639 33.047983908
46.120419556 33.061678162
46.106001831 33.072504375
46.08719161 33.07922231
46.043266643 33.083459778
46.029314005 33.093510844
46.030295857 33.105680644
46.05039799 33.115111593
46.07241215 33.116765239
46.089155314 33.115680034
46.105381714 33.118393047
46.126465699 33.131777242
46.153440796 33.154256491
46.167186726 33.168338318
46.174318074 33.181179911
46.173697957 33.190223287
46.162122436 33.196372783
46.157678264 33.205674541
46.158350057 33.213865255
46.164396199 33.233063049
46.164189494 33.243346659
46.155301148 33.260219015
46.141348511 33.272104594
46.109515829 33.293705343
46.069724976 33.340860088
46.036238648 33.367938538
46.031071005 33.382511291
46.030502564 33.39920278
46.027453654 33.419511617
46.019392131 33.438399353
46.008023315 33.455659281
45.974433635 33.490799255
45.971384725 33.49276296
45.968232462 33.494235738
45.964487447 33.495991214
45.963271525 33.496561177
45.958155559 33.497388001
45.953142944 33.496587016
45.948182007 33.494261577
45.929681845 33.479507955
45.899399454 33.476304017
45.869737183 33.482117615
45.852580608 33.49436493
45.86818689 33.511573182
45.915625855 33.535809428
45.927924845 33.550873108
45.92089685 33.572990621
45.899709514 33.585160421
45.882036174 33.600198263
45.885963582 33.630919902
45.864362833 33.626424053
45.815786987 33.625803935
45.797545206 33.619318542
45.768451376 33.595909119
45.75201827 33.58676239
45.734551636 33.583119202
45.727730347 33.59009552
45.727988729 33.625648905
45.724629623 33.633036413
45.721115764 33.640764262
45.673986857 33.669031271
45.658793986 33.681691997
45.645151408 33.697918396
45.63512618 33.714170634
45.628201539 33.731843974
45.623912394 33.752075297
45.61672937 33.76868927
45.603603556 33.780729879
45.588203979 33.791504415
45.574768107 33.803932597
45.48578129 33.938653056
45.483920939 33.94004832
45.481750529 33.940875143
45.47927006 33.941185201
45.449711141 33.937386984
45.423717895 33.938782247
45.401031942 33.94945343
45.380361369 33.973560486
45.401755412 33.981622009
45.411470581 33.987151388
45.419738811 33.994256898
45.419945516 33.994256898
45.419945516 33.99436025
45.435190064 34.022136332
45.443613322 34.04766449
45.454878784 34.069859518
45.47927006 34.087636211
45.493946167 34.100684509
45.534357137 34.12820221
45.544537395 34.13949351
45.544537395 34.150629781
45.53880131 34.159233907
45.531463257 34.167915548
45.526657349 34.179310202
45.52867273 34.188560283
45.542728719 34.207473857
45.547689657 34.216491395
45.561022176 34.264602153
45.563037557 34.289277649
45.557559855 34.311963603
45.542211955 34.331600647
45.521541382 34.342504374
45.499217164 34.342401022
45.47927006 34.329146017
45.460769898 34.340463155
45.447954142 34.362089743
45.417051635 34.444358623
45.426766805 34.457510275
45.47927006 34.467251282
45.486504761 34.472728984
45.493015991 34.47900767
45.498700399 34.48624237
45.503454631 34.494174703
45.504849895 34.523785299
45.496529988 34.564247945
45.500664103 34.591688131
45.539628133 34.582231344
45.573941285 34.567296855
45.604843791 34.56114736
45.673573446 34.55665151
45.695587605 34.550243632
45.701530396 34.551277161
45.705612834 34.557736715
45.708300008 34.56838206
45.708558391 34.579079081
45.705612834 34.585590312
45.694450724 34.598561097
45.691246786 34.615510966
45.690781698 34.634321188
45.687629435 34.653234762
45.68349532 34.66021108
45.678379354 34.665120341
45.673470093 34.671166484
45.670369506 34.681811829
45.66685551 34.689976705
45.659517456 34.697211406
45.650525757 34.702999166
45.642257528 34.706874899
45.627374715 34.720827535
45.635022827 34.736950583
45.662824748 34.763253886
45.665925334 34.774726054
45.663599894 34.794931539
45.666752156 34.806920472
45.676570679 34.818289287
45.689231405 34.822630107
45.717705119 34.825110576
45.745403687 34.84097524
45.750467977 34.865366517
45.748504272 34.890739645
45.755118856 34.909963277
45.778269898 34.910893453
45.796214459 34.903042708
45.808035523 34.897870992
45.83501062 34.890171204
45.850203492 34.906811015
45.857851603 34.931305644
45.866326538 34.949547425
45.868962036 34.968357646
45.859711955 34.994247538
45.859711955 34.994402568
45.856818074 35.008045146
45.85702478 35.021274312
45.861882365 35.032798157
45.872476034 35.041428121
45.879038941 35.043236796
45.89309493 35.044373678
45.899089396 35.046905823
45.901156454 35.051608378
45.898365927 35.063907369
45.899399454 35.068609925
45.913197062 35.087316793
45.920173381 35.089642233
45.93495284 35.085456442
45.956036824 35.074242656
45.966372111 35.070728658
45.979239543 35.071555482
46.009211873 35.060910136
46.025076538 35.064269104
46.039752645 35.075534566
46.066572714 35.08881541
46.076649617 35.089693909
46.094529663 35.085818176
46.119954468 35.092742818
46.132356812 35.094758199
46.14310551 35.099512431
46.15106368 35.111604716
46.130393107 35.13139679
46.143828979 35.159612122
46.165481405 35.189946187
46.169253784 35.216249492
46.154164266 35.226636455
46.115406942 35.226326396
46.101454305 35.234284566
46.098767131 35.250045879
46.107655477 35.262758281
46.12005782 35.274902243
46.125285441 35.284989341
46.127395874 35.289061584
46.120161173 35.318517151
46.096286662 35.341151429
46.040992879 35.381562398
45.977017456 35.465329895
45.963994995 35.494165344
45.963581584 35.503415426
45.966062053 35.511476949
45.971333048 35.518039856
45.979239543 35.523000794
45.983218628 35.526979879
45.984562215 35.531062317
45.983115275 35.535299784
45.979239543 35.539485575
45.968025757 35.558502503
45.959344116 35.578707988
45.963891642 35.579741516
45.96869755 35.579741516
45.999238322 35.572145081
46.00202885 35.585942688
45.99231368 35.624389954
45.992365356 35.640874736
45.995879354 35.658393046
46.003785848 35.674257711
46.016498251 35.685729879
46.037065471 35.691569316
46.10703536 35.689812317
46.12760258 35.69368805
46.177728719 35.715392151
46.217002808 35.713583476
46.237880086 35.715547181
46.253486369 35.727742819
46.267128947 35.744124248
46.29751469 35.759885559
46.313379354 35.771512757
46.325058228 35.787842509
46.327073608 35.803500469
46.319632202 35.816884664
46.302992391 35.826548157
46.281391642 35.828305156
46.263511596 35.821122132
46.246406698 35.811406963
46.227441447 35.805722555
46.184963419 35.798177796
46.1635177 35.797506002
46.143363891 35.804533996
46.135199015 35.810011699
46.129101196 35.815541077
46.124812052 35.822465719
46.119851115 35.842877909
46.115045207 35.846443584
46.10775883 35.847425436
46.076959676 35.856985575
46.060423218 35.857243958
46.044300171 35.85228302
46.024973186 35.843291321
46.00492273 35.837968649
45.941257365 35.840345765
45.909114624 35.831302389
45.898779338 35.832180888
45.888495728 35.834868063
45.87831547 35.835229798
45.854079223 35.818331604
45.834752238 35.810528463
45.814185018 35.809339905
45.797906942 35.818383281
45.786744832 35.820243633
45.749021037 35.810993551
45.731037639 35.815127666
45.718738648 35.828305156
45.69321049 35.879878235
45.64685673 35.933208313
45.617039429 35.95542918
45.589857626 35.959614971
45.576938517 35.966229553
45.539989868 35.993979798
45.501423676 36.005434777
45.47927006 36.012014872
45.453121785 36.011653137
45.419945516 35.998268942
45.402168823 35.99423818
45.401962118 35.994083151
45.401858765 35.994031474
45.401600382 35.994031474
45.401548707 35.993979798
45.381808309 35.982972718
45.359587443 35.976874899
45.338090047 35.979303691
45.32052006 35.993979798
45.320313354 35.994031474
45.320210002 35.994083151
45.320210002 35.994134827
45.320210002 35.994289856
45.313698771 36.010412903
45.319589885 36.0310318
45.331888876 36.05159902
45.344187866 36.067463685
45.34832198 36.08751414
45.335609579 36.107719625
45.304603719 36.14037913
45.299539429 36.161411438
45.302019898 36.207558492
45.297369018 36.226730449
45.282796265 36.238409322
45.264192749 36.250191549
45.258508342 36.262232158
45.282692912 36.274892884
45.263934367 36.294271546
45.257009725 36.311686503
45.25447758 36.354784648
45.249619996 36.37793569
45.238871298 36.402998759
45.22130131 36.420930482
45.195979858 36.422429097
45.139962606 36.404394023
45.110817098 36.402533671
45.083738648 36.412817281
45.072266479 36.42341095
45.068545776 36.432506002
45.066892131 36.442376201
45.062086223 36.455346985
45.054076375 36.464958801
45.045498087 36.471625061
45.03909021 36.479841614
45.038160034 36.494000956
45.025344279 36.505214742
45.009524666 36.51619591
45.00591394 36.518702291
44.991392863 36.533740133
44.993408244 36.549656474
44.997852417 36.552085266
45.010254761 36.556012676
45.013251994 36.557924703
45.014182169 36.579008687
45.024879191 36.613166809
45.04430953 36.649340312
45.045911499 36.668047181
45.035266154 36.689596253
45.010978231 36.72556305
44.996198771 36.741686096
44.979455607 36.74902415
44.966433146 36.749334209
44.954754272 36.752331442
44.944418986 36.758274231
44.935220581 36.767110901
44.922714884 36.775895895
44.908245483 36.777859599
44.877239624 36.776464336
44.851194702 36.781218567
44.8312476 36.791915589
44.823392782 36.809330547
44.83414148 36.834031881
44.869643189 36.868965149
44.883440796 36.886845195
44.888815145 36.910926412
44.884060913 36.933353984
44.874862508 36.949657898
44.869178101 36.967357076
44.874759156 36.994022115
44.885714559 37.005080872
44.887368205 37.015932923
44.880753622 37.024924622
44.858946167 37.034123027
44.847577352 37.044044901
44.840601034 37.047197165
44.83093754 37.046835429
44.811197144 37.041926168
44.801895386 37.043528138
44.797296183 37.048489075
44.792231893 37.063733622
44.788356161 37.070244853
44.78112146 37.07448232
44.773628377 37.076342672
44.766548706 37.078952332
44.760657593 37.085644429
44.752699422 37.10331777
44.752544393 37.113136292
44.766135295 37.141920065
44.772336467 37.161247051
44.766135295 37.178145244
44.756730184 37.195198466
44.753526245 37.215326436
44.760502563 37.233232321
44.772956583 37.241681417
44.786754191 37.248115133
44.798484741 37.260310771
44.801585327 37.292686056
44.77895105 37.313795878
44.721383504 37.343277283
44.713011923 37.35679067
44.707120809 37.370950013
44.698025757 37.380045065
44.661645549 37.375652568
44.652240438 37.38402415
44.638184448 37.412601217
44.622784872 37.421902975
44.58557784 37.424667664
44.572141968 37.430791321
44.565940796 37.44717275
44.579273316 37.476964214
44.575242554 37.493836568
44.575242554 37.493991598
44.569919881 37.514403788
44.571831909 37.539208476
44.57834314 37.563909811
44.587438191 37.584011943
44.583510783 37.601091004
44.560979858 37.614656068
44.540877726 37.63271698
44.545270223 37.663025208
44.553538452 37.671810201
44.588161662 37.693979391
44.598393595 37.707027689
44.596119833 37.716381124
44.559377889 37.752012025
44.534418172 37.769194438
44.506461223 37.779348857
44.479227743 37.776868388
44.46651534 37.771132304
44.450495646 37.766636454
44.436439656 37.767799174
44.429101603 37.779142152
44.429773397 37.785136618
44.433752482 37.801104635
44.433029012 37.806117249
44.425484253 37.810768128
44.418973023 37.809682922
44.412100057 37.807719218
44.404400269 37.809734599
44.393238159 37.821077576
44.387553752 37.833402405
44.383833049 37.844977926
44.377941936 37.854124654
44.367141561 37.860222473
44.331226441 37.873968405
44.319237508 37.876862285
44.254435262 37.87084198
44.219605346 37.875311992
44.202087036 37.897171122
44.205006186 37.904767947
44.20637618 37.908333232
44.216711467 37.918591004
44.22549646 37.929313863
44.224669637 37.942000428
44.219657023 37.956082255
44.221465698 37.968820496
44.227563517 37.980990296
44.236038452 37.993831889
44.236038452 37.993883566
44.236141805 37.993986918
44.236141805 37.994012757
44.245391886 38.008378805
44.269524781 38.030005391
44.278309774 38.045327454
44.286578003 38.066308085
44.295879761 38.079020488
44.309005574 38.08723704
44.328280884 38.094626771
44.333810262 38.100879618
44.325697062 38.11968984
44.327092325 38.128397319
44.335360555 38.134055888
44.353137248 38.139998678
44.360578654 38.147853496
44.367089885 38.162477926
44.37323938 38.18211497
44.376701701 38.201545309
44.372412557 38.249501038
44.400576212 38.27466746
44.436749715 38.296940003
44.459177287 38.322416484
44.458763876 38.338332825
44.451115763 38.354042461
44.438816772 38.367555847
44.42465743 38.377038472
44.409051147 38.381792704
44.396338745 38.379673971
44.363369182 38.364610291
44.313398072 38.371819154
44.298670288 38.377193502
44.28952356 38.382257792
44.286578003 38.39099111
44.289885295 38.407372539
44.290505412 38.416596781
44.287404826 38.441944072
44.287508179 38.453726298
44.300168905 38.494033915
44.301357462 38.511190491
44.292159058 38.562040101
44.296809936 38.601624248
44.297016643 38.622320659
44.289885295 38.638882955
44.282547242 38.645394185
44.274899129 38.649373271
44.256812378 38.653920797
44.244306682 38.658959249
44.247407267 38.665082906
44.256088908 38.671955871
44.260481405 38.679242249
44.255468791 38.697277323
44.250507853 38.70921458
44.248647501 38.721823629
44.252678264 38.741822408
44.279808391 38.81422109
44.275002482 38.843573303
44.221982462 38.863442892
44.205756063 38.875664368
44.192113485 38.890753886
44.182501669 38.913129781
44.178160848 38.920700379
44.174853556 38.928374329
44.175370321 38.936694235
44.174646851 38.945763448
44.167102092 38.951990458
44.158007039 38.957468161
44.151960897 38.964625346
44.147775106 38.980050761
44.14467452 38.986820374
44.139196818 38.993770854
44.139196818 38.993951721
44.15335616 39.012555237
44.169530884 39.023045553
44.1791427 39.034931132
44.169892619 39.07436025
44.174956909 39.090224915
44.194800659 39.120533142
44.186635783 39.145131125
44.148085164 39.166447652
44.10354008 39.184637757
44.077701864 39.200063172
44.076564982 39.208693136
44.083489624 39.226831564
44.082662801 39.235668234
44.070570516 39.255486145
44.067159872 39.264012757
44.06674646 39.27295278
44.069226929 39.279567362
44.069433635 39.287008769
44.057651408 39.306800842
44.051760295 39.328039857
44.047395414 39.33751363
44.047212768 39.337910055
44.020961141 39.361991272
44.014863322 39.374083557
44.026025432 39.386175842
44.046385946 39.396046041
44.061372111 39.400283508
44.076978394 39.400593567
44.099199259 39.398474833
44.122246949 39.400438538
44.176507203 39.411548971
44.20043339 39.409481913
44.269524781 39.382868551
44.294949585 39.381214905
44.316963745 39.385297343
44.36874353 39.4035908
44.387967163 39.414494528
44.40481368 39.434389954
44.405227091 39.452476705
44.401713094 39.471338603
44.406674031 39.493662821
44.406674031 39.493714498
44.406829061 39.493714498
44.416802612 39.505548401
44.417422729 39.517485657
44.414012085 39.530353089
44.412048381 39.544460755
44.414012085 39.56089386
44.418559611 39.574329733
44.451684204 39.625851136
44.457626994 39.638718567
44.458250194 39.642520089
44.460210816 39.654479879
44.455043173 39.687139384
44.459487345 39.698456523
44.56573409 39.765894267
44.590435425 39.771526998
44.605835002 39.763155416
44.632810099 39.731632792
44.646504354 39.719540507
44.706293986 39.698043111
44.725724325 39.685330709
44.806992829 39.639901712
44.809646851 39.636961569
44.823953073 39.630540026
44.827836955 39.628796692
44.849230997 39.625592753
44.872278687 39.625075989
44.869281453 39.620528463
44.865354045 39.617582906
44.886438029 39.605955709
44.898426961 39.58435496
44.928399292 39.488236796
44.940698283 39.468082988
44.961627238 39.453768616
44.953307333 39.441624655
44.957028036 39.434493307
44.982504517 39.420178935
