81.779018188 30.358044739
81.801497437 30.361300354
81.822788127 30.36817332
81.844388875 30.371170553
81.887176962 30.35499583
81.921490112 30.357372946
81.941230509 30.353962301
81.950118856 30.348381246
81.962107789 30.333653463
81.96903243 30.328279114
81.978850953 30.326832174
81.988462769 30.329777731
81.998177938 30.334066875
82.007634725 30.336805726
82.04985437 30.339234518
82.073212118 30.337219137
82.088766724 30.330087789
82.093210897 30.314739889
82.082100464 30.257327373
82.084994345 30.230817363
82.095898071 30.213454082
82.114243205 30.202188619
82.14039148 30.194023743
82.155687703 30.181363017
82.150985148 30.162242737
82.127575725 30.124363912
82.128712606 30.11077301
82.135223836 30.089740702
82.144525594 30.069431865
82.153827352 30.058166402
82.174239543 30.055479228
82.192171264 30.061473694
82.210671428 30.064419251
82.255733276 30.03966624
82.275990438 30.036927388
82.296505982 30.036824036
82.318881877 30.031811422
82.327150106 30.025713603
82.339087362 30.009228821
82.347303914 30.003441061
82.36373702 30.001167298
82.379136597 30.003234355
82.394432821 30.003131002
82.409780721 29.994604391
82.422854859 29.979669902
82.438926229 29.965768942
82.457064657 29.954090068
82.475823201 29.94551178
82.524244019 29.932385966
82.541814005 29.923239238
82.618501831 29.839833476
82.635865112 29.829033101
82.646407105 29.829343161
82.666974325 29.835027567
82.677309611 29.834407451
82.688988485 29.827741191
82.689195191 29.819576314
82.684647665 29.809706116
82.681753785 29.797717183
82.690952189 29.780741476
82.751516968 29.739322815
82.770120484 29.714156393
82.781075887 29.705113017
82.79306482 29.699506124
82.805157105 29.695966289
82.815544068 29.690126851
82.822365357 29.677957052
82.836576376 29.659792786
82.857453654 29.666200664
82.880087932 29.681109314
82.899724976 29.688421529
82.909130086 29.684623312
82.92370284 29.669662984
82.931919393 29.664185283
82.94209965 29.662945049
82.964320516 29.665890605
82.975896037 29.664030253
83.032895142 29.620467021
83.040904988 29.610286764
83.05449589 29.586050517
83.06493453 29.578789978
83.07955896 29.57964264
83.085553426 29.590391338
83.088447307 29.604421488
83.093356567 29.615144349
83.100281209 29.617676493
83.126687866 29.623412577
83.150045614 29.625634664
83.162086222 29.625169576
83.173558391 29.621268005
83.187252645 29.612095439
83.190869996 29.606901957
83.194487346 29.593646953
83.19717452 29.589099427
83.204925985 29.584913636
83.221875854 29.579823507
83.229317261 29.575947774
83.252571656 29.555199687
83.260839885 29.542048035
83.263320354 29.527087708
83.259909709 29.518767802
83.254018595 29.513290101
83.2487476 29.506572164
83.247197306 29.494738261
83.26394047 29.473008321
83.32796757 29.485023092
83.35520105 29.460735168
83.357784871 29.442751771
83.35520105 29.42797231
83.357009725 29.415363261
83.387240438 29.39350413
83.389410848 29.382445374
83.388273966 29.370223897
83.393131551 29.356245423
83.40501713 29.346478577
83.417781209 29.340897523
83.428168173 29.333456116
83.437211548 29.305240784
83.448218628 29.296765849
83.475813843 29.286921489
83.49338383 29.276146952
83.502995647 29.261031596
83.512504109 29.223488668
83.514571167 29.201810405
83.517051636 29.191707662
83.523717895 29.183594462
83.53596521 29.179227804
83.561390015 29.17623057
83.57203536 29.168401592
83.583817587 29.162148743
83.624435262 29.155456645
83.639266398 29.154759013
83.654992389 29.160413575
83.656009562 29.160779318
83.663399293 29.174809469
83.667740112 29.19232778
83.675078166 29.208760885
83.695490357 29.226175842
83.719726603 29.233591411
83.745358114 29.23446991
83.770627889 29.232247824
83.79321049 29.234754131
83.837858927 29.254003601
83.861630086 29.260204773
83.868864787 29.26343455
83.877391399 29.27676707
83.883437541 29.282012228
83.914391724 29.289401957
83.933150268 29.291779073
83.945552613 29.29183075
83.957954956 29.289040222
83.967256714 29.284699402
83.973251181 29.277025452
83.975835002 29.263744609
83.988237346 29.269532369
84.000898071 29.272529602
84.012525269 29.270204163
84.021516968 29.259765523
84.035211222 29.247621562
84.053039592 29.250360413
84.072056519 29.256974996
84.089729858 29.256613261
84.099134969 29.247001445
84.105336141 29.219922994
84.112364136 29.209096782
84.126006714 29.206254578
84.141974732 29.208269959
84.155462281 29.206642151
84.161663453 29.192534485
84.155203898 29.175946351
84.141716349 29.160262554
84.132259562 29.143803609
84.137995646 29.124657492
84.16011316 29.105485535
84.166210979 29.09845754
84.169724976 29.088923239
84.17546106 29.057400614
84.19819869 29.045308329
84.220574585 29.038900452
84.231426636 29.025981343
84.206725301 28.940663554
84.22529051 28.914115306
84.235147339 28.90002004
84.285996949 28.873742574
84.354003133 28.861288554
84.366302125 28.856741028
84.376585735 28.848834534
84.393070516 28.824339905
84.41430953 28.808268534
84.422732788 28.799173483
84.437822307 28.753336487
84.450844768 28.73388031
84.475752808 28.727291565
84.498593791 28.727860006
84.515647013 28.721400452
84.531976766 28.712692973
84.551820516 28.706388449
84.607217651 28.698197734
84.616209351 28.693650207
84.625821167 28.676080221
84.632642456 28.668793844
84.652279501 28.662385966
84.671141398 28.658949483
84.682975301 28.650758769
84.677755981 28.604405009
84.690830119 28.59613678
84.736615438 28.594173075
84.755632365 28.585413921
84.78178064 28.55890391
84.799143921 28.546630758
84.811959676 28.541979879
84.823948609 28.540532939
84.879294067 28.543633524
84.891438029 28.541773173
84.907871135 28.537018942
84.918723186 28.535675354
84.928490031 28.538465881
84.936448202 28.544770406
84.948953898 28.568283183
84.954948364 28.574303487
84.984765666 28.588592021
84.994067424 28.590814107
85.002490682 28.594431458
85.009156942 28.602544657
85.018768759 28.619856262
85.025279989 28.628408712
85.032101278 28.634067281
85.054942261 28.638692322
85.075044393 28.631664328
85.111889689 28.608823344
85.1609823 28.594999899
85.168010294 28.583191833
85.156951538 28.533143209
85.1537476 28.524900818
85.147649781 28.515831604
85.140363404 28.510922343
85.123155151 28.50459198
85.117212362 28.497331441
85.115662068 28.491492005
85.115558716 28.47273346
85.109460897 28.459297587
85.083674357 28.445525818
85.077576538 28.435681457
85.085689738 28.381007792
85.085689738 28.361525777
85.081867102 28.331702005
85.080212036 28.318789368
85.087395061 28.304113261
85.109409221 28.29225352
85.134162232 28.2919693
85.154574422 28.300857646
85.173591349 28.304319966
85.205734091 28.278275045
85.223924195 28.2716863
85.243406209 28.267913921
85.259580933 28.266932068
85.273120158 28.269825949
85.301025432 28.281065572
85.312600952 28.282770895
85.325726766 28.277396546
85.334821818 28.268689067
85.34536381 28.26124766
85.362572062 28.259671529
85.37781661 28.265976054
85.401381063 28.288791199
85.415230347 28.296439311
85.4315601 28.297059428
85.446649617 28.292150167
85.475691773 28.279101868
85.497550903 28.282615865
85.520650269 28.282925924
85.543697958 28.280393779
85.565298706 28.275381164
85.585504191 28.263185526
85.598940063 28.25083486
85.611807495 28.251144918
85.639092652 28.287886862
85.64694747 28.29370046
85.668134806 28.300547588
85.675059449 28.306387024
85.67619633 28.315120341
85.675989625 28.324732158
85.679141887 28.332897034
85.692939494 28.335222473
85.698003784 28.313440857
85.699760783 28.269102478
85.715573771 28.243367615
85.734487345 28.221534323
85.756604859 28.203240866
85.782753133 28.188099671
85.826884807 28.170478007
85.84827885 28.158928325
85.863368368 28.14334788
85.867037395 28.13293508
85.87173995 28.110920919
85.889103231 28.090276184
85.891066935 28.080896912
85.889826701 28.071259257
85.890446819 28.05919281
85.898301636 28.03601593
85.908946981 28.022425029
85.943983602 27.994726461
85.956592651 27.976226298
85.956282593 27.956873474
85.951838419 27.936797181
85.951218303 27.916229961
85.96269047 27.891373596
85.980260458 27.885172424
86.026459188 27.889926656
86.051418905 27.88754954
86.054599694 27.888013072
86.061702515 27.889048157
86.075655151 27.894784241
86.107177775 27.922844544
86.112862183 27.926797791
86.112242065 27.937262269
86.107177775 27.944238587
86.100563192 27.950233053
86.095602255 27.957855326
86.09508549 27.968888245
86.098031047 27.977518209
86.098134399 27.985631409
86.089401083 27.994726461
86.089401083 27.99488149
86.089297729 27.994933166
86.089297729 27.99488149
86.079169149 28.001134339
86.077618856 28.006947937
86.079530884 28.013329977
86.079530884 28.021649882
86.083923381 28.038548076
86.084698527 28.043870748
86.081546265 28.051699727
86.07017745 28.066711731
86.068730509 28.076762797
86.155960328 28.156525371
86.176010783 28.153011373
86.186036011 28.133529358
86.187172893 28.108698832
86.180765015 28.088751729
86.172238404 28.071827698
86.17446049 28.062448425
86.18185022 28.054877828
86.189136597 28.043612366
86.196009562 28.014570211
86.203037557 28.002581279
86.21776534 27.994984843
86.21792037 27.994933166
86.218385457 27.994726461
86.238539266 27.989558818
86.259003133 27.98764679
86.278071736 27.983693543
86.294659872 27.972376404
86.318224324 27.94578888
86.327732788 27.939691061
86.33755131 27.938037415
86.345612834 27.940931295
86.353674358 27.944807028
86.362976115 27.946098938
86.371967814 27.941964824
86.405712524 27.917005107
86.425297892 27.909925435
86.438837117 27.910855611
86.475475708 27.927598775
86.496921427 27.937882385
86.510460653 27.952429301
86.516765178 27.971368714
86.516764335 27.9714322
86.516455119 27.994726461
86.516196737 28.012244771
86.522294556 28.02371694
86.53092452 28.033690491
86.538365926 28.04717804
86.540743042 28.062164206
86.541259806 28.078209738
86.544153687 28.093015036
86.553558797 28.104151306
86.569526815 28.106605937
86.583117717 28.098027649
86.596863647 28.086503805
86.612314901 28.080276794
86.627146037 28.083480733
86.649470256 28.101179911
86.661975952 28.106838481
86.680062703 28.105727437
86.699648071 28.098751119
86.717683147 28.088260804
86.731739136 28.076917826
86.735976604 28.06485138
86.732204224 28.034956563
86.739800659 28.021494853
86.769979696 28.012089743
86.840466349 28.014776917
86.868164917 27.99488149
86.868164917 27.994726461
86.876898234 27.970645243
86.893072958 27.9541863
86.914725382 27.945117086
86.940356893 27.943101705
86.970225871 27.947442525
86.982092671 27.950674405
86.988726034 27.952480978
87.005675904 27.951499126
87.030532267 27.938089091
87.062003215 27.908426819
87.116521851 27.844580587
87.155795939 27.825796204
87.18199589 27.824504293
87.232897176 27.829723613
87.290516398 27.816081035
87.313925822 27.828586731
87.335836629 27.846363424
87.363845255 27.85525177
87.385342651 27.849412334
87.380691772 27.835821432
87.369116252 27.819078268
87.369116252 27.803937073
87.386789591 27.804402161
87.475569702 27.826700542
87.514533732 27.835201314
87.531586955 27.836803284
87.551327352 27.831894023
87.555978231 27.827088115
87.559802287 27.819078268
87.565073283 27.810861715
87.573341512 27.805022278
87.589981323 27.804608867
87.621090536 27.819543356
87.636076701 27.823651632
87.659951213 27.819879252
87.678528825 27.813351022
87.700465536 27.805642395
87.726820516 27.807761129
87.756379435 27.820370179
87.779840535 27.839438782
87.798650757 27.863468323
87.814153687 27.890960185
87.825884237 27.906566467
87.836684612 27.908323467
87.85611495 27.898608297
87.934559774 27.895301006
87.945205119 27.892303772
87.966392456 27.882743632
87.978433065 27.880521545
87.991817261 27.88264028
88.018120565 27.892148743
88.029954468 27.893337301
88.052795451 27.886516011
88.095738566 27.865328675
88.118217814 27.860884501
88.143022502 27.855716858
88.156406698 27.851272685
88.164623251 27.845355734
88.166586955 27.833599346
88.154598022 27.815150859
88.159662313 27.774119772
88.149327027 27.748772482
88.134857626 27.723166809
88.110879761 27.639502666
88.048764689 27.545348206
88.023339884 27.494912008
88.02209965 27.484240825
88.023339884 27.474654847
88.028094116 27.455121155
88.030781291 27.450728659
88.03977299 27.442357077
88.041633342 27.438067933
88.039307902 27.429489644
88.034812053 27.423805237
88.029592733 27.418740947
88.025820353 27.412074686
88.017242065 27.389233704
88.014761597 27.378071594
88.015795125 27.364222311
88.020135946 27.35337026
88.03253829 27.333888245
88.035122111 27.322571106
88.029024292 27.298076477
88.004662759 27.249163088
87.989336792 27.218391419
87.985461059 27.148369853
87.97083663 27.119224345
87.969182983 27.110801087
87.970733277 27.102739563
87.975487509 27.095143128
87.991300497 27.08150055
88.009490601 27.045637105
88.027370647 27.035353495
88.0428219 27.028945618
88.055947714 27.018041891
88.076876669 26.991790263
88.096823771 26.959337464
88.111809937 26.924300842
88.120439901 26.908849589
88.142815796 26.87841217
88.151394084 26.862805888
88.155321493 26.845597636
88.159042196 26.802551169
88.167827189 26.762915344
88.169067424 26.74400177
88.167517131 26.725036519
88.163383016 26.705141093
88.146639852 26.661216126
88.101681356 26.581944479
88.087136241 26.539100004
88.079822225 26.517555644
88.079150432 26.507375387
88.082251017 26.494921367
88.082251017 26.49486969
88.074189494 26.453941955
88.044320516 26.405676168
88.006648397 26.3698644
87.975487509 26.366557108
87.961224813 26.378959453
87.928978719 26.396426086
87.914767701 26.40825999
87.908514852 26.41782013
87.902003622 26.435286763
87.897301066 26.44345164
87.894768921 26.442934876
87.870687704 26.460711569
87.869809205 26.464638978
87.852084188 26.460659892
87.821595093 26.437508851
87.804438518 26.437353821
87.785938354 26.445983785
87.768988485 26.451461487
87.75617273 26.446913961
87.749454793 26.425726624
87.742220093 26.410482076
87.727543986 26.40376414
87.710904175 26.405676168
87.697571655 26.416269837
87.681190226 26.424228007
87.659641154 26.417510071
87.648744952 26.409993271
87.623984416 26.392912089
87.58698409 26.378029277
87.552050823 26.386710917
87.480323934 26.423401185
87.449628134 26.428620504
87.416451864 26.426966858
87.38420577 26.418646953
87.356403849 26.403712464
87.344931682 26.389346416
87.326224813 26.353327942
87.314029175 26.343767802
87.30048995 26.345989888
87.258425334 26.362939758
87.24529952 26.370226136
87.236307821 26.383300273
87.229434855 26.398751526
87.219099569 26.40810496
87.188455445 26.399578349
87.135022014 26.394204
87.106289917 26.404745993
87.083293905 26.432082825
87.06670577 26.465620829
87.056680542 26.49486969
87.056473837 26.49486969
87.056473837 26.494921367
87.045001668 26.544272359
87.044433228 26.561170553
87.041332641 26.58018748
87.02991215 26.579774068
87.015442749 26.568973694
86.985212036 26.540655009
86.972447958 26.531973368
86.935153473 26.520289336
86.907128947 26.511509501
86.875968058 26.494921367
86.865684448 26.472442119
86.846357463 26.452650045
86.821862834 26.438128967
86.796438029 26.431514384
86.787239624 26.433064677
86.751892945 26.445518697
86.73819869 26.443710022
86.730705607 26.433788148
86.724091024 26.421954244
86.713600709 26.414564515
86.695203898 26.418233541
86.625337361 26.456319071
86.557899618 26.484017639
86.537952515 26.49486969
86.537745809 26.49486969
86.524309937 26.509080709
86.510615682 26.520139466
86.494906046 26.527839254
86.475475708 26.531973368
86.444831584 26.543083802
86.383646688 26.572849427
86.353674358 26.582616272
86.344837688 26.582616272
86.323185262 26.580084127
86.316002238 26.580962627
86.30902592 26.587990622
86.308612508 26.602149963
86.301377808 26.60902293
86.284427938 26.612020162
86.263085571 26.609074606
86.225155071 26.597395732
86.202882528 26.584579977
86.195854533 26.582667949
86.185364218 26.584424947
86.179266399 26.588610738
86.17446049 26.593313293
86.16779423 26.596620585
86.152653036 26.600651347
86.146354618 26.601355776
86.144798218 26.601529847
86.122060588 26.600289612
86.115859415 26.602563375
86.110691773 26.606749166
86.041703735 26.645454814
86.01136967 26.654446513
85.975712931 26.644369609
85.952148479 26.642044169
85.934681844 26.632897441
85.866365601 26.579929098
85.844764852 26.568508606
85.828538452 26.56613149
85.82161381 26.571712545
85.819753459 26.579515687
85.819546753 26.58830068
85.817634725 26.596723938
85.809728231 26.603028463
85.800064738 26.600703023
85.789987834 26.597033997
85.780996135 26.599204407
85.727045939 26.637599996
85.712886597 26.653206279
85.702241251 26.688449606
85.709630982 26.762450256
85.70182784 26.796608378
85.68777185 26.811852926
85.609378703 26.851023662
85.598578328 26.85438263
85.51946171 26.82642568
85.475691773 26.805238343
85.439621623 26.787720032
85.421534872 26.782655742
85.403189738 26.787616679
85.385878133 26.788443502
85.369238322 26.775007629
85.355352458 26.759912352
85.353218628 26.757592672
85.337043905 26.746792298
85.302369019 26.73733551
85.2872795 26.736973776
85.194933716 26.758884583
85.165684855 26.786273092
85.165529826 26.820792949
85.162015828 26.851023662
85.122845093 26.865699768
85.100210815 26.863529358
85.043986858 26.843737284
85.018562052 26.845804342
85.016856731 26.859240214
85.018045288 26.874433086
85.000837036 26.882236227
84.98817631 26.88378652
84.975773967 26.886887105
84.952726278 26.897635803
84.944251343 26.915722554
84.938566935 26.936599834
84.924045858 26.955668437
84.90156661 26.967192281
84.851750529 26.98212677
84.828289429 26.994839172
84.8281344 26.994942526
84.817489054 27.010600484
84.801934449 27.013752747
84.785501343 27.008481751
84.771962118 26.999179993
84.760696656 26.999024963
84.640238892 27.028377177
84.627268107 27.036490377
84.621480347 27.057987773
84.630368694 27.080828756
84.644528035 27.103721415
84.654398234 27.125373841
84.65982426 27.165113017
84.657653849 27.203405253
84.648197063 27.240715637
84.631918986 27.277044169
84.606545858 27.310478821
84.577038615 27.32903066
84.289407593 27.37610789
84.267703492 27.38856191
84.24889327 27.412436422
84.239023071 27.431143291
84.225535523 27.440393372
84.195253134 27.436052551
84.185848023 27.438636374
84.175099325 27.462975973
84.165745891 27.472174378
84.141716349 27.480752666
84.130967651 27.486411235
84.121562541 27.494963684
84.117170044 27.513282979
84.09954838 27.516874491
84.079601278 27.509536438
84.028906698 27.453725891
84.007667684 27.440806783
83.975835002 27.439721578
83.935940796 27.44607778
83.923021688 27.449953511
83.92204311 27.449695761
83.899870647 27.443855692
83.853516887 27.440961813
83.834086548 27.43403717
83.842716512 27.418069153
83.871190226 27.38944041
83.873670695 27.380086975
83.87764978 27.369906719
83.877391399 27.361741842
83.8675212 27.358382873
83.861733439 27.354507142
83.854602092 27.345050354
83.853340112 27.346194023
83.847987509 27.35104482
83.801995484 27.365927633
83.663399293 27.432280172
83.59043217 27.456619771
83.480981486 27.469745585
83.387033732 27.470469056
83.360988811 27.462200826
83.35592452 27.452485657
83.353857463 27.440290019
83.355821168 27.428662822
83.370962362 27.410214335
83.369567098 27.398173726
83.362745809 27.385616354
83.34114506 27.356935933
83.32435022 27.341691386
83.304868205 27.331924541
83.282440634 27.330942688
83.259496298 27.338125713
83.249419393 27.348099263
83.243114869 27.362155253
83.231591024 27.381223856
83.219240357 27.39378123
83.169630982 27.431194967
83.132785686 27.444217428
83.010467571 27.443390604
82.947163941 27.457317403
82.901275269 27.480365092
82.876263876 27.487548116
82.752137085 27.494963684
82.729709513 27.518166402
82.718857463 27.556122742
82.709245646 27.630924377
82.697050008 27.669397481
82.679686727 27.694408875
82.673891433 27.69645843
82.652143188 27.704149883
82.526156047 27.67521108
82.440683228 27.666426086
82.401925904 27.677174784
82.347924032 27.726009013
82.270409383 27.760477193
82.151036824 27.848275452
82.107421916 27.863571675
82.090368693 27.872330831
82.071661825 27.890030009
82.051611369 27.905171203
82.050212499 27.905586122
82.027220093 27.912405904
81.975905396 27.91695343
81.946398153 27.905352072
81.906090535 27.863106588
81.883197876 27.849050599
81.855654337 27.850936788
81.827852417 27.865638733
81.800153849 27.88408722
81.750131063 27.909667054
81.710391886 27.94752004
81.688946167 27.963203837
81.66543339 27.970800273
81.615048869 27.981238913
81.595360148 27.994726461
81.595360148 27.994778138
81.595101766 27.99488149
81.582182658 28.0132783
81.561925497 28.025990703
81.473455444 28.066401672
81.458210897 28.077279562
81.454025106 28.086607157
81.452939901 28.097045797
81.448237346 28.111411845
81.435266561 28.129782816
81.417334839 28.147016907
81.396044149 28.160633647
81.373203166 28.167842509
81.357906942 28.165982157
81.351447388 28.156809591
81.347261597 28.144433086
81.338114869 28.132728373
81.323697144 28.126242981
81.307057332 28.123814189
81.296205281 28.128310038
81.29940922 28.142521058
81.283079468 28.146086731
81.276774943 28.15378652
81.280754028 28.161977234
81.2959469 28.167454936
81.282355998 28.19158783
81.224323364 28.250783183
81.210732463 28.27863678
81.190371949 28.338116353
81.169701376 28.361319072
81.146343628 28.372248638
81.04706637 28.389087804
81.000409383 28.397001649
80.993174683 28.407827861
80.991314332 28.420256043
80.987800334 28.430978902
80.976018107 28.436921692
80.960515178 28.432270814
80.941188192 28.432684225
80.921344442 28.436198222
80.905273072 28.440849101
80.886669556 28.452786357
80.881863648 28.466842347
80.880365031 28.481880189
80.872251831 28.496866353
80.857989136 28.502447409
80.817009726 28.502550761
80.798406209 28.505703024
80.781663045 28.514746399
80.743525839 28.549963887
80.727092733 28.559679057
80.695776815 28.567508036
80.67862024 28.574716898
80.6681816 28.586344097
80.64833785 28.61975291
80.635625448 28.627866109
80.598521769 28.633783061
80.581365194 28.638950704
80.563588501 28.647038066
80.556870565 28.655022075
80.557387329 28.664349671
80.559040975 28.673031312
80.555837036 28.678948262
80.534443801 28.679555368
80.517596476 28.680033468
80.497546021 28.670137431
80.487624145 28.656469015
80.484936971 28.639286601
80.493411906 28.575647074
80.488450969 28.562443746
80.468813925 28.571848857
80.426542603 28.616807353
80.408352499 28.626341655
80.388302043 28.627245993
80.36907841 28.622646789
80.349751424 28.620217998
80.329700968 28.627478537
80.318332154 28.640113424
80.291046997 28.689671123
80.283398885 28.69535553
80.265208781 28.699282938
80.257043905 28.70274526
80.249395793 28.710212505
80.238957153 28.726258037
80.233272746 28.732717591
80.216426229 28.741941834
80.181182902 28.747290345
80.162062622 28.753284811
80.147593221 28.763310038
80.114210246 28.802584127
80.081860799 28.819353129
80.073053576 28.820924647
80.054782348 28.824184876
80.036385539 28.837026469
80.03028772 28.877669983
80.031114543 28.897797953
80.03390507 28.915936381
80.040519654 28.932808737
80.052921997 28.94911265
80.068424927 28.959938864
80.085168091 28.967483623
80.099430786 28.977276306
80.107905721 28.994587911
80.107905721 28.994768779
80.104701783 29.027609151
80.113073365 29.072205913
80.132607056 29.110213928
80.163509563 29.123365581
80.180562785 29.121324361
80.201440064 29.121169332
80.220663696 29.126078593
80.23306604 29.13930776
80.230482218 29.154733174
80.213739054 29.196565246
80.218803344 29.211086324
80.236063274 29.213075867
80.248672323 29.204394226
80.258180786 29.20245636
80.278748006 29.268085429
80.282778769 29.291313985
80.280091593 29.310150045
80.27275354 29.315705261
80.263555136 29.315317688
80.254976847 29.316635437
80.249499146 29.326996562
80.242161092 29.367407532
80.220973755 29.400118714
80.213739054 29.416887716
80.217666464 29.43463857
80.228311808 29.441718242
80.257457317 29.450063986
80.263451782 29.459236552
80.26624231 29.472129822
80.273063598 29.478666891
80.282055298 29.484299622
80.29115035 29.49460907
80.291460409 29.494738261
80.311510864 29.508122457
80.320089152 29.515822245
80.3272205 29.524839783
80.327633912 29.529929911
80.32505009 29.535510966
80.323603149 29.541660462
80.3272205 29.548585103
80.332698202 29.552460836
80.345100545 29.558351949
80.350784953 29.562072652
80.373315878 29.584190165
80.385201456 29.6048349
80.38675175 29.626823222
80.377553345 29.652945659
80.363910767 29.67971405
80.354402303 29.704880473
80.354298951 29.73027944
80.368975057 29.75792633
80.395226685 29.776581523
80.454861287 29.790585836
80.476151978 29.806140442
80.527311645 29.862416077
80.549532512 29.893680319
80.562865031 29.929698792
80.571339966 29.946855367
80.586222778 29.954141745
80.622292928 29.958172506
80.641413208 29.963443502
80.65412561 29.970574849
80.680170532 29.992072245
80.715827271 30.013311259
80.725749146 30.022768047
80.755721477 30.06457428
80.769674113 30.077286682
80.82982548 30.117129212
80.849669231 30.14338084
80.836440064 30.170045879
80.8503927 30.181931458
80.867911011 30.200173238
80.883879028 30.210405172
80.893645875 30.198106181
80.903309367 30.180432841
80.920827677 30.176660462
80.988162068 30.196555888
80.996016887 30.1969693
81.006507202 30.188907776
81.01942631 30.172267965
81.030898478 30.152734274
81.043662558 30.120229797
81.066606893 30.087156881
81.074203328 30.071912334
81.084453646 30.027875774
81.084848674 30.02617869
81.097767782 30.016928609
81.12458785 30.022768047
81.148100627 30.023233134
81.194506063 30.004474589
81.216830282 30.008195292
81.227268921 30.022457987
81.225718628 30.050466614
81.239516236 30.05878652
81.257086223 30.063540752
81.266801392 30.069948629
81.267902646 30.072053005
81.272020711 30.07992218
81.275948121 30.095373433
81.27450118 30.102194723
81.266336304 30.117749329
81.266956421 30.125087382
81.277705119 30.131856995
81.293259726 30.132838847
81.309537802 30.132063701
81.322405233 30.133769023
81.338269897 30.143535868
81.350052124 30.157230123
81.357286825 30.173559876
81.361834351 30.204772441
81.374391724 30.223117574
81.377854045 30.232626038
81.376923869 30.241204325
81.370515991 30.257275696
81.369017375 30.266060689
81.368035523 30.301045634
81.37154952 30.316910299
81.382143188 30.331276347
81.387259155 30.345125631
81.38488204 30.360938619
81.387517538 30.373909403
81.407412964 30.3791804
81.426119832 30.37251414
81.4628101 30.341353251
81.483067261 30.331896464
81.509370565 30.328382467
81.520687704 30.33194814
81.531953166 30.37034373
81.536810751 30.378560283
81.544252157 30.382642721
81.563269084 30.385588277
81.576704956 30.390962626
81.581975952 30.399437561
81.585076538 30.408119202
81.591587768 30.414268697
81.61401534 30.416904195
81.635719442 30.410961406
81.757365764 30.362902324
81.779018188 30.358044739
