-178.046742317 -14.31259531
-178.046742317 -14.319431248
-178.100046353 -14.316013279
-178.108835416 -14.319431248
-178.121449348 -14.313897394
-178.146921353 -14.310153904
-178.156605598 -14.305108331
-178.175241666 -14.277032159
-178.185739713 -14.248223566
-178.178049283 -14.232598566
-178.142323371 -14.243584894
-178.108143684 -14.278985284
-178.105091926 -14.28525156
-178.092477994 -14.28899505
-178.046742317 -14.31259531
-176.147165494 -13.34775156
-176.159494595 -13.350274347
-176.173207161 -13.346449477
-176.182810025 -13.339288019
-176.183908658 -13.323825779
-176.194772916 -13.306735935
-176.199574348 -13.290622654
-176.182810025 -13.277927342
-176.190174934 -13.257012628
-176.184030728 -13.237888279
-176.170399543 -13.221449477
-176.155466275 -13.208916925
-176.143015103 -13.230726821
-176.130563931 -13.247653904
-176.125599739 -13.264092706
-176.135609504 -13.284763279
-176.132150845 -13.288506769
-176.130563931 -13.291192316
-176.128163215 -13.298272394
-176.144479947 -13.30087656
-176.147653775 -13.310479425
-176.14183509 -13.33587005
-176.147165494 -13.34775156
