81.822601759 7.491359768
81.807790561 7.479193427
81.793711785 7.490220445
81.789398634 7.494737046
81.787364129 7.496812242
81.786713087 7.501776434
81.785980665 7.506699937
81.785980665 7.506740627
81.786143425 7.508775132
81.790293816 7.571722723
81.787364129 7.593451239
81.7763778 7.602728583
81.77222741 7.611639716
81.738780144 7.660467841
81.73707116 7.670965887
81.73316491 7.679103908
81.728363477 7.689113674
81.725108269 7.698919989
81.72559655 7.709295966
81.728688998 7.718491929
81.729991082 7.728176174
81.729991082 7.728216864
81.725108269 7.739813544
81.725108269 7.739935614
81.737966342 7.727484442
81.750254754 7.698635158
81.759287957 7.685288804
81.761485222 7.679510809
81.770762566 7.654689846
81.795095248 7.616278387
81.806325717 7.598578192
81.8232528 7.511379299
81.8232528 7.511297919
81.822601759 7.491359768
79.882334832 9.053778387
79.916514519 9.020982164
79.916433139 9.021022854
79.900075717 9.024400132
79.871267123 9.038560289
79.85434004 9.041489976
79.880300326 9.012193101
79.900726759 8.989081122
79.909678582 8.973211981
79.8857528 8.976223049
79.8701278 8.98818594
79.859385613 9.001206773
79.851328972 9.007391669
79.840993686 9.012600002
79.7998153 9.048976955
79.779388868 9.058010158
79.758962436 9.067043361
79.743988477 9.071071682
79.736013217 9.073228257
79.714121941 9.075628973
79.702972852 9.079982815
79.69800866 9.089585679
79.701182488 9.099188544
79.714121941 9.103583075
79.758799675 9.103583075
79.778575066 9.098537502
79.799001498 9.093329169
79.841644727 9.077215887
79.882334832 9.053778387
79.714691602 9.485052802
79.689463738 9.483587958
79.666026238 9.491278387
79.655772332 9.50389232
79.655772332 9.544867255
79.658702019 9.555365302
79.665293816 9.554022528
79.672129754 9.545599677
79.676280144 9.534979559
79.693532748 9.529608466
79.714121941 9.528062242
79.719248894 9.524359442
79.730804884 9.50018952
79.730804884 9.50014883
79.722829623 9.492621161
79.714691602 9.485052802
79.902842644 9.678941148
79.907074415 9.677883205
79.926442905 9.678941148
79.929698113 9.67597077
79.931162957 9.660956122
79.933604363 9.654730536
79.944997592 9.647609768
79.960459832 9.641058661
79.973399285 9.633775132
79.974457227 9.631496486
79.977875196 9.624335028
79.970957879 9.61725495
79.957774285 9.61717357
79.943614129 9.621527411
79.933604363 9.627752997
79.926524285 9.629461981
79.908539259 9.618963934
79.895925326 9.617499091
79.895843946 9.617499091
79.880381707 9.628607489
79.864919467 9.651516018
79.840668165 9.69940827
79.851735873 9.716538804
79.85425866 9.73847077
79.860524936 9.756252346
79.882334832 9.760891018
79.893890821 9.757432359
79.894053582 9.757391669
79.895030144 9.748968817
79.891123894 9.737209377
79.888438347 9.723618882
79.888845248 9.709906317
79.890310092 9.698960679
79.890391472 9.698309637
79.891286655 9.696112372
79.894704623 9.688177802
79.899261915 9.683010158
79.902842644 9.678941148
80.468272332 9.581366278
80.744395379 9.359686591
80.745453321 9.357896226
80.752452019 9.346258856
80.763682488 9.332424221
80.785166863 9.31240469
80.798838738 9.294867255
80.786713087 9.288560289
80.786631707 9.288519598
80.779795769 9.291571356
80.778981967 9.291937567
80.778819207 9.291978257
80.76832116 9.305405992
80.762543165 9.308335679
80.762461785 9.308417059
80.744395379 9.311346747
80.736501498 9.308986721
80.740407748 9.30101146
80.741709832 9.298488674
80.793630405 9.250555731
80.813894076 9.239528713
80.813975457 9.239488023
80.805918816 9.251898505
80.801036004 9.263210354
80.801036004 9.263251044
80.80355879 9.271633205
80.817393425 9.274847723
80.823903842 9.270493882
80.834483269 9.239488023
80.844167514 9.220404364
80.882172071 9.145209052
80.882172071 9.145168361
80.874522332 9.147975979
80.853363477 9.155747789
80.840098504 9.155991929
80.834483269 9.141750393
80.842295769 9.138128973
80.858571811 9.135484117
80.873057488 9.126450914
80.873220248 9.12523021
80.875336134 9.103583075
80.875498894 9.103583075
80.882172071 9.103583075
80.88550866 9.10932038
80.888519727 9.111802476
80.891937696 9.11343008
80.896494988 9.116603908
80.896494988 9.116522528
80.901621941 9.096665757
80.902191602 9.094183661
80.916351759 9.062160549
80.935313347 9.033433335
80.954600457 9.020982164
80.9560653 9.019802151
80.958343946 9.017889716
80.958262566 9.010891018
80.953623894 9.00385163
80.94434655 9.000555731
80.941661004 9.003485419
80.930674675 9.020982164
80.918711785 9.02724844
80.891286655 9.034247137
80.875336134 9.041489976
80.882660352 9.03139883
80.886729363 9.025783596
80.922862175 8.99225495
80.923187696 8.973211981
80.935069207 8.9649112
80.934987826 8.96482982
80.924327019 8.955023505
80.914886915 8.943915106
80.914968295 8.943874416
80.930674675 8.931626695
80.947601759 8.932928778
80.961436394 8.945746161
80.9716903 8.963568427
80.978363477 8.980047919
80.978526238 8.979966539
81.01465905 8.936712958
81.046722852 8.882147528
81.059825066 8.868638414
81.078135613 8.8633487
81.09278405 8.85162995
81.114268425 8.799994208
81.119720899 8.794338283
81.125498894 8.788275458
81.125580274 8.788234768
81.150157097 8.777167059
81.162445509 8.751166083
81.176524285 8.698879299
81.179047071 8.708482164
81.18230228 8.712225653
81.187754754 8.71100495
81.187836134 8.71096426
81.197520379 8.705715236
81.194590691 8.696112372
81.222422722 8.666001695
81.231700066 8.651068427
81.231618686 8.63304271
81.224294467 8.625799872
81.2138778 8.62103913
81.204356316 8.610093492
81.204519076 8.610174872
81.211761915 8.612005927
81.219248894 8.613918361
81.221120639 8.614935614
81.224864129 8.616929429
81.224945509 8.616848049
81.246592644 8.570135809
81.249766472 8.545803127
81.224945509 8.541815497
81.224864129 8.541815497
81.229991082 8.557928778
81.223317905 8.570827541
81.223317905 8.570868231
81.212250196 8.572699286
81.204356316 8.555487372
81.207041863 8.542141018
81.214121941 8.532660223
81.218028191 8.522528387
81.210622592 8.507106838
81.210622592 8.507066148
81.204763217 8.511542059
81.193858269 8.519964911
81.176524285 8.530585028
81.15902754 8.534572658
81.142344597 8.52757396
81.129405144 8.510321356
81.133962436 8.501288153
81.149424675 8.503648179
81.170258009 8.520697333
81.184580925 8.505601304
81.197520379 8.487494208
81.213145379 8.472398179
81.235118035 8.466131903
81.281097852 8.467027085
81.296641472 8.47679271
81.286387566 8.50023021
81.312673373 8.512152411
81.32309004 8.515326239
81.334157748 8.514553127
81.334239129 8.514471747
81.34636478 8.507554429
81.357432488 8.495835679
81.365733269 8.482163804
81.372813347 8.442124742
81.388438347 8.39061107
81.388926629 8.377183335
81.38941491 8.363714911
81.376719597 8.372544664
81.363454623 8.399074611
81.351817254 8.404689846
81.351410352 8.397447007
81.356211785 8.364976304
81.356618686 8.362494208
81.36207116 8.350043036
81.368744337 8.346909898
81.374847852 8.344061591
81.375010613 8.344061591
81.388519727 8.344061591
81.399261915 8.339260158
81.405609571 8.30101146
81.413259311 8.274481512
81.414561394 8.270086981
81.41667728 8.25385163
81.41667728 8.253770249
81.419769727 8.243394273
81.440603061 8.173529364
81.448496941 8.127997137
81.430349155 8.103135484
81.430349155 8.103013414
81.420258009 8.144232489
81.418793165 8.150051174
81.403575066 8.191799221
81.396250847 8.191799221
81.395030144 8.16010163
81.396250847 8.150132554
81.395518425 8.150458075
81.394786004 8.147609768
81.394786004 8.147528387
81.394786004 8.142564195
81.396250847 8.136542059
81.399587436 8.132635809
81.408050977 8.130072333
81.408132358 8.130031643
81.409841342 8.126898505
81.417979363 8.105943101
81.435557488 8.093166408
81.435638868 8.093166408
81.452403191 8.094549872
81.458262566 8.116034247
81.464366082 8.116034247
81.470713738 8.104559637
81.472422722 8.10146719
81.480642123 8.065375067
81.489024285 8.051499742
81.500173373 8.039374091
81.507334832 8.02757396
81.519704623 7.999335028
81.524587436 8.004217841
81.531016472 8.009019273
81.53394616 8.013617255
81.538340691 8.004299221
81.53394616 7.999335028
81.536143425 7.995754299
81.53809655 7.993394273
81.538422071 7.992783921
81.539561394 7.990790106
81.540212436 7.986314195
81.540293816 7.986395575
81.545258009 7.990464585
81.555511915 7.995347398
81.560720248 7.999335028
81.560720248 7.999253648
81.563080274 7.993638414
81.565928582 7.986802476
81.563812696 7.978705145
81.560313347 7.970648505
81.560476108 7.964422919
81.560720248 7.958400783
81.567718946 7.944973049
81.580088738 7.935573635
81.588145379 7.929429429
81.595469597 7.917425848
81.590830925 7.917141018
81.588470899 7.915554104
81.585459832 7.913519598
81.583588087 7.912339585
81.581716342 7.911200262
81.578786655 7.900295315
81.575856967 7.889390367
81.587575717 7.855292059
81.593923373 7.848049221
81.60824629 7.831691799
81.60840905 7.831691799
81.629567905 7.835516669
81.636403842 7.835516669
81.64332116 7.814642645
81.65121504 7.801743882
81.653656446 7.797756252
81.696787957 7.752997137
81.710703972 7.731146552
81.713145379 7.711818752
81.691009962 7.705186265
81.690928582 7.705145575
81.680674675 7.712062893
81.656097852 7.743109442
81.64323978 7.75413646
81.626638217 7.760199286
81.626475457 7.760199286
81.624766472 7.760036526
81.612966342 7.759019273
81.602549675 7.748439846
81.595469597 7.726263739
81.607432488 7.720851955
81.618988477 7.719224351
81.628916863 7.72288646
81.636403842 7.733099677
81.648203972 7.728705145
81.65902754 7.723334052
81.66277103 7.71893952
81.665293816 7.715887762
81.665293816 7.715847072
81.663747592 7.705145575
81.677012566 7.692816473
81.69027754 7.680487372
81.700694207 7.668605861
81.711599155 7.650539455
81.711517774 7.650498765
81.706390821 7.6445987
81.705088738 7.638861395
81.706797722 7.631984768
81.711599155 7.622544664
81.71778405 7.630072333
81.714040561 7.643662828
81.714040561 7.643744208
81.725840691 7.639593817
81.74903405 7.622544664
81.754567905 7.614569403
81.772959832 7.568019924
81.772959832 7.567979234
81.771820509 7.565985419
81.766123894 7.540676174
81.766937696 7.537909247
81.767100457 7.537502346
81.771820509 7.527818101
81.772959832 7.523911851
81.769053582 7.517035223
81.761892123 7.511542059
81.757578972 7.505438544
81.762705925 7.496568101
81.767588738 7.490179755
81.769297722 7.485174872
81.769541863 7.48452383
81.77247155 7.478827216
81.779795769 7.472357489
81.769053582 7.464667059
81.769053582 7.464626369
81.770030144 7.46084219
81.771006707 7.45697663
81.779063347 7.455308335
81.787119988 7.465562242
81.793304884 7.465562242
81.793386264 7.465521552
81.801036004 7.425197658
81.800791863 7.41034577
81.800954623 7.41034577
81.807790561 7.41034577
81.807790561 7.410711981
81.808604363 7.424709377
81.811045769 7.438544012
81.81527754 7.450344143
81.821462436 7.458726304
81.821462436 7.465521552
81.821462436 7.465562242
81.820892774 7.467108466
81.818695509 7.473374742
81.820485873 7.47650788
81.826019727 7.474188544
81.83497155 7.465562242
81.838063998 7.457668361
81.840342644 7.436468817
81.855723504 7.412176825
81.880707227 7.327093817
81.875987175 7.091945705
81.878428582 7.076117255
81.888682488 7.040757554
81.890310092 7.019924221
81.884613477 6.980169989
81.83855228 6.821437893
81.835948113 6.805080471
81.83497155 6.783433335
81.831553582 6.765366929
81.817149285 6.737494208
81.813975457 6.725043036
81.808278842 6.707953192
81.788910352 6.677801825
81.779795769 6.663641669
81.779795769 6.663600979
81.786631707 6.639308986
81.786631707 6.639268296
81.775645379 6.610419012
81.681488477 6.462144273
81.650075717 6.430853583
81.592051629 6.389878648
81.57309004 6.384222723
81.547699415 6.370672919
81.36207116 6.225409247
81.324961785 6.205389716
81.204437696 6.162746486
81.204356316 6.162746486
81.202728712 6.177191473
81.202647332 6.178045966
81.195485873 6.1836612
81.195323113 6.18362051
81.193695509 6.183213609
81.187673373 6.181586005
81.183848504 6.173570054
81.181895379 6.156724351
81.176442905 6.150376695
81.167653842 6.148016669
81.156016472 6.142889716
81.134287957 6.129828192
81.112559441 6.120306708
81.008474155 6.098049221
80.958018425 6.080796617
80.902679884 6.070786851
80.877452019 6.061102606
80.8623153 6.039862372
80.835215691 6.045152085
80.818532748 6.038763739
80.809092644 6.03510163
80.770599806 6.006740627
80.732106967 5.978420315
80.714366082 5.957912502
80.673431837 5.960313218
80.673350457 5.960353908
80.656260613 5.957912502
80.642914259 5.952866929
80.629161004 5.945054429
80.604828321 5.926906643
80.597829623 5.925279039
80.590830925 5.923732815
80.574229363 5.930121161
80.556651238 5.939154364
80.546560092 5.942206122
80.539561394 5.944281317
80.481700066 5.93744538
80.465179884 5.940659898
80.456797722 5.948919989
80.451426629 5.959784247
80.447194858 5.966131903
80.44402103 5.970892645
80.44402103 5.970933335
80.427093946 5.96108633
80.411957227 5.959947007
80.385020379 5.963812567
80.378591342 5.96474844
80.37378991 5.966864325
80.370453321 5.971584377
80.36622155 5.976263739
80.35840905 5.978420315
80.353770379 5.97679271
80.350108269 5.973537502
80.346202019 5.970770575
80.340993686 5.970933335
80.339203321 5.972398179
80.337575717 5.973822333
80.331228061 5.982814846
80.328135613 5.984686591
80.327321811 5.985174872
80.327321811 5.985256252
80.320241733 5.987738348
80.277517123 6.002997137
80.260020379 6.006577867
80.247569207 6.009182033
80.225840691 6.026556708
80.220957879 6.028916734
80.211355014 6.033555406
80.211192254 6.033636786
80.203868035 6.026190497
80.185231967 6.041164455
80.103770379 6.127142645
80.097097201 6.132350979
80.097015821 6.132391669
80.096283399 6.133327541
80.094004754 6.136053778
80.09278405 6.140244859
80.09278405 6.140285549
80.093109571 6.148749091
80.090586785 6.153143622
80.087168816 6.157578843
80.078135613 6.169338283
80.031993035 6.266343492
80.03003991 6.275620835
80.03003991 6.275702216
80.03028405 6.284002997
80.030528191 6.292303778
80.030528191 6.292385158
80.028819207 6.297430731
80.020518425 6.314642645
80.012054884 6.361314195
79.993662957 6.394110419
79.982106967 6.441026109
79.977875196 6.458197333
79.975759311 6.459865627
79.97144616 6.462469794
79.966970248 6.466376044
79.964203321 6.471869208
79.965342644 6.477728583
79.970225457 6.479152736
79.97535241 6.478583075
79.97543379 6.478583075
79.977875196 6.478705145
79.970225457 6.53115469
79.969574415 6.53534577
79.948741082 6.588568427
79.863047722 6.807196356
79.849457227 6.88271719
79.848155144 6.890204169
79.848155144 6.962144273
79.849294467 6.96495189
79.859222852 6.988674221
79.861827019 7.00006745
79.861582879 7.01166413
79.861582879 7.01186758
79.813731316 7.180731512
79.820323113 7.205511786
79.819997592 7.190252997
79.823741082 7.180650132
79.829112175 7.173244533
79.833832227 7.164496161
79.843435092 7.131008205
79.848155144 7.122951565
79.85434004 7.122951565
79.855804884 7.132513739
79.858653191 7.136542059
79.861175977 7.137193101
79.861257358 7.137193101
79.861827019 7.13662344
79.861827019 7.13666413
79.861582879 7.167222398
79.861582879 7.167425848
79.859385613 7.180812893
79.85434004 7.191839911
79.849619988 7.195054429
79.836436394 7.197902736
79.830577019 7.201808986
79.829925977 7.20319245
79.826345248 7.210394598
79.827972852 7.218329169
79.831797722 7.225734768
79.833832227 7.232814846
79.784678582 7.58978913
79.778575066 7.602728583
79.782725457 7.607123114
79.785817905 7.607570705
79.792979363 7.602728583
79.794606967 7.620021877
79.79957116 7.640082098
79.800791863 7.649684963
79.802012566 7.659328518
79.796397332 7.674383856
79.788828972 7.688177802
79.787364129 7.697333075
79.785899285 7.706488348
79.785980665 7.743353583
79.762950066 7.85545482
79.760264519 7.868394273
79.748383009 7.893011786
79.738291863 7.944728908
79.721934441 7.985541083
79.696787957 8.098293361
79.696787957 8.130316473
79.700856967 8.128485419
79.701101108 8.128200588
79.701426629 8.127915757
79.701426629 8.126898505
79.703623894 8.123480536
79.707204623 8.142075914
79.70191491 8.201157945
79.696787957 8.219061591
79.713226759 8.229803778
79.728770379 8.249701239
79.740000847 8.272365627
79.744476759 8.291408596
79.74903405 8.303859768
79.778575066 8.350043036
79.778249545 8.349269924
79.763356967 8.314398505
79.744476759 8.28115469
79.748627149 8.273057359
79.749685092 8.271063544
79.757090691 8.263739325
79.766774936 8.259914455
79.778575066 8.259995835
79.768890821 8.232814846
79.758799675 8.212876695
79.754405144 8.209418036
79.749766472 8.208929755
79.746104363 8.206122137
79.744476759 8.19550202
79.745371941 8.17186107
79.744476759 8.164496161
79.727549675 8.110907294
79.728200717 8.100978908
79.7295028 8.081122137
79.746999545 8.060492255
79.751963738 8.05463288
79.731944207 8.013128973
79.763845248 7.990139065
79.810231967 7.986517645
79.833832227 8.003078518
79.829356316 8.020900783
79.821787957 8.034857489
79.818858269 8.040187893
79.81527754 8.044582424
79.806407097 8.055650132
79.796397332 8.061997789
79.793467644 8.072821356
79.82715905 8.136542059
79.825856967 8.148098049
79.821543816 8.156642971
79.816579623 8.163804429
79.813487175 8.171291408
79.812673373 8.183335679
79.813812696 8.204087632
79.813487175 8.212632554
79.813487175 8.212876695
79.812917514 8.214504299
79.810231967 8.221625067
79.808604363 8.223089911
79.806651238 8.224920966
79.804698113 8.228989976
79.806651238 8.240179755
79.81137129 8.249660549
79.824473504 8.266669012
79.82715905 8.277736721
79.829274936 8.298651434
79.83863366 8.340521552
79.848155144 8.438177802
79.85425866 8.4492862
79.860850457 8.454779364
79.86589603 8.461411851
79.868011915 8.476019598
79.868011915 8.517645575
79.87378991 8.538072007
79.887380405 8.551214911
79.903493686 8.562079169
79.916514519 8.575995184
79.918142123 8.580918687
79.928070509 8.611517645
79.929453972 8.612819729
79.930186394 8.61351146
79.93238366 8.622463283
79.941661004 8.642482815
79.950531446 8.739813544
79.926442905 8.801906643
79.92839603 8.81268952
79.930186394 8.883490302
79.930186394 8.884426174
79.930186394 8.884466864
79.927744988 8.908107815
79.9248153 8.919745184
79.919606967 8.928534247
79.915537957 8.938544012
79.9248153 8.943508205
79.938243035 8.945990302
79.947113477 8.948675848
80.005137566 9.000555731
80.035411004 9.015326239
80.048024936 9.026271877
80.054698113 9.050604559
80.066661004 9.075628973
80.073496941 9.110419012
80.105642123 9.192857164
80.106781446 9.197414455
80.109792514 9.209458726
80.11597741 9.233832098
80.11597741 9.291937567
80.118174675 9.300441799
80.11622155 9.306179104
80.11622155 9.306219794
80.1045028 9.308417059
80.07691491 9.322658596
80.066172722 9.332586981
80.059418165 9.351385809
80.058278842 9.354803778
80.05347741 9.378241278
80.052989129 9.391546942
80.064952019 9.404038804
80.087087436 9.414984442
80.111664259 9.422756252
80.13184655 9.42572663
80.140879754 9.430324611
80.16285241 9.459214585
80.165375196 9.46108633
80.169200066 9.464016018
80.176524285 9.468329169
80.185557488 9.471665757
80.197032097 9.473456122
80.187510613 9.490871486
80.181813998 9.498521226
80.176036004 9.506170966
80.161306186 9.520575262
80.141856316 9.534979559
80.067881707 9.57802969
80.052989129 9.596380927
80.085215691 9.595363674
80.115733269 9.583238023
80.175954623 9.548570054
80.23340905 9.534247137
80.248545769 9.524644273
80.27222741 9.50413646
80.278086785 9.493312893
80.278086785 9.493272203
80.265879754 9.487127997
80.2685653 9.480292059
80.27214603 9.473456122
80.265879754 9.466701565
80.265961134 9.466660874
80.286875847 9.452704169
80.336273634 9.464667059
80.426605665 9.50018952
80.450938347 9.497870184
80.504242384 9.483303127
80.567149285 9.455226955
80.614593946 9.446193752
80.614756707 9.446193752
80.546722852 9.49241771
80.523285352 9.503159898
80.502452019 9.507635809
80.499359571 9.509059963
80.496348504 9.510484117
80.478282097 9.524074611
80.47144616 9.528062242
80.464610222 9.529120184
80.456390821 9.528713283
80.44402103 9.528062242
80.43620853 9.525091864
80.435069207 9.52338288
80.432871941 9.51976146
80.428965691 9.517767645
80.415700717 9.52749258
80.410411004 9.528387762
80.3779403 9.52753327
80.368662957 9.530218817
80.297536655 9.591253973
80.267019076 9.610825914
80.266937696 9.610825914
80.256032748 9.615586656
80.204600457 9.637884833
80.186045769 9.64850495
80.173594597 9.64866771
80.175954623 9.624335028
80.182871941 9.61717357
80.193614129 9.609076239
80.199961785 9.599188544
80.193614129 9.586411851
80.186045769 9.584133205
80.17872155 9.588039455
80.172048373 9.593573309
80.152842644 9.603461005
80.115489129 9.635728257
80.094004754 9.644842841
80.094086134 9.64476146
80.104991082 9.63287995
80.124685092 9.616034247
80.13559004 9.603827216
80.111338738 9.608465887
80.087412957 9.618353583
80.039317254 9.644842841
80.000987175 9.674709377
79.978200717 9.682684637
79.975922071 9.684068101
79.967295769 9.689601955
79.959239129 9.692816473
79.958018425 9.685736395
79.947032097 9.693182684
79.942881707 9.702826239
79.940928582 9.714341539
79.937022332 9.727362372
79.930430535 9.73847077
79.926524285 9.743516343
79.916270379 9.756781317
79.909678582 9.768296617
79.931325717 9.779038804
79.970713738 9.815130927
79.988454623 9.822943427
79.988536004 9.822943427
80.066661004 9.816107489
80.107432488 9.820624091
80.122325066 9.818915106
80.128184441 9.805568752
80.127207879 9.784613348
80.130137566 9.77732982
80.138682488 9.774562893
80.146983269 9.77338288
80.17090905 9.767279364
80.175954623 9.764593817
80.180430535 9.755804755
80.191172722 9.756170966
80.199636264 9.758734442
80.202891472 9.759711005
80.207774285 9.760402736
80.211192254 9.760891018
80.211273634 9.760850328
80.219004754 9.756374416
80.222341342 9.754461981
80.250336134 9.724269924
80.33855228 9.629217841
80.369639519 9.609849351
80.441742384 9.576890367
80.44402103 9.575873114
80.44402103 9.575913804
80.44402103 9.583319403
80.407725457 9.60150788
80.319834832 9.672756252
80.247813347 9.755072333
80.211192254 9.774522203
80.211192254 9.774562893
80.153819207 9.787990627
80.138682488 9.798732815
80.136729363 9.813910223
80.157725457 9.822943427
80.164561394 9.824082749
80.185394727 9.827541408
80.226817254 9.829575914
80.246755405 9.825873114
80.26059004 9.816229559
80.269786004 9.783514716
80.278981967 9.769842841
80.409922722 9.617499091
80.429209832 9.603461005
80.468272332 9.581366278
