-2.082671679 49.260239976
-2.067860481 49.250677802
-2.02065996 49.235256252
-2.021962043 49.225490627
-2.017323371 49.221380927
-2.011870898 49.215277411
-2.008290168 49.212469794
-2.016997851 49.20722077
-2.020985481 49.200751044
-2.022043424 49.192450262
-2.021962043 49.181382554
-2.02452552 49.171332098
-2.031158007 49.171454169
-2.04002845 49.17572663
-2.049224413 49.178290106
-2.079986132 49.178697007
-2.096994595 49.1836612
-2.120228645 49.19916413
-2.128895637 49.20307038
-2.13792884 49.205633856
-2.144846158 49.205633856
-2.152943489 49.199937242
-2.160633918 49.190741278
-2.168690559 49.178290106
-2.177154101 49.180161851
-2.189686653 49.189113674
-2.200103319 49.191961981
-2.202951627 49.190415757
-2.223378059 49.184719143
-2.233631965 49.184515692
-2.226470507 49.206000067
-2.233225064 49.228501695
-2.242014127 49.247951565
-2.241118944 49.260239976
-2.229359504 49.263006903
-2.215199348 49.260239976
-2.19627845 49.253404039
-2.182728645 49.25405508
-2.172352668 49.256252346
-2.162709114 49.260402736
-2.151682095 49.267035223
-2.143788215 49.26186758
-2.121978319 49.258286851
-2.11066647 49.253404039
-2.103871223 49.258205471
-2.097564257 49.259670315
-2.082671679 49.260239976
