-144.312733528 -27.640069269
-144.323638476 -27.641208592
-144.338368293 -27.633721613
-144.346587694 -27.615329685
-144.347971158 -27.585544529
-144.339426236 -27.559258722
-144.317860481 -27.551202081
-144.29816647 -27.562920831
-144.289947069 -27.57008229
-144.283762174 -27.579196873
-144.288238085 -27.584242446
-144.301340299 -27.595391534
-144.304188606 -27.599704685
-144.303537564 -27.600518488
-144.300282356 -27.620049738
-144.297434049 -27.620782159
-144.304432746 -27.632419529
-144.312733528 -27.640069269
-147.6689347 -23.871758722
-147.698963996 -23.878024998
-147.712635871 -23.877211196
-147.724232551 -23.871758722
-147.724232551 -23.864922784
-147.705881314 -23.858575128
-147.687977668 -23.854587498
-147.647857226 -23.851820571
-147.651234504 -23.858575128
-147.655873176 -23.863864842
-147.661773241 -23.868096613
-147.6689347 -23.871758722
-149.463246223 -23.395765883
-149.507801887 -23.400485935
-149.518747525 -23.394952081
-149.524769661 -23.383965753
-149.526722786 -23.368096613
-149.521433072 -23.362725519
-149.50890052 -23.359551691
-149.48167884 -23.357842706
-149.456491666 -23.365329685
-149.450917121 -23.381117446
-149.463246223 -23.395765883
-134.950550911 -23.096937758
-134.984527148 -23.138767185
-134.995228645 -23.137139581
-135.004546679 -23.133884373
-135.019357877 -23.12509531
-135.019357877 -23.117608331
-134.997954882 -23.116306248
-134.965484179 -23.090508722
-134.942982551 -23.083591404
-134.950550911 -23.096937758
-151.368723111 -22.513116144
-151.371774869 -22.514418227
-151.376332161 -22.514336847
-151.380441861 -22.488702081
-151.391102668 -22.464532159
-151.397043424 -22.442152602
-151.386870898 -22.422458592
-151.377674934 -22.423272394
-151.367502408 -22.434177342
-151.359242317 -22.447523696
-151.355905728 -22.456638279
-151.357492642 -22.481703383
-151.362741666 -22.508070571
-151.368723111 -22.513116144
-136.175689257 -22.029880467
-136.185861783 -22.034437758
-136.163563606 -22.013604425
-136.163889127 -22.016371352
-136.165760871 -22.024346613
-136.175689257 -22.029880467
-138.849598762 -21.871270441
-138.932199674 -21.871270441
-138.911854621 -21.863946222
-138.89159095 -21.865899347
-138.870961067 -21.870375258
-138.849598762 -21.871270441
-140.603667773 -21.70680104
-140.630523241 -21.721612238
-140.658273892 -21.712660415
-140.675770637 -21.688897394
-140.671945767 -21.658949477
-140.653187629 -21.647067967
-140.634185351 -21.660821222
-140.603667773 -21.70680104
-135.469349739 -21.509454034
-135.457508918 -21.528008722
-135.525786913 -21.487074477
-135.503773567 -21.489515883
-135.484934049 -21.496840102
-135.469349739 -21.509454034
-136.3798722 -21.459079685
-136.377186653 -21.468357029
-136.386341926 -21.463636977
-136.39582272 -21.462823175
-136.405018684 -21.465427342
-136.413400845 -21.471368097
-136.404937304 -21.460219008
-136.391468879 -21.456149998
-136.3798722 -21.459079685
-136.529449023 -21.349867446
-136.543120898 -21.359795831
-136.534250455 -21.348890883
-136.535715299 -21.342380467
-136.542388476 -21.338799738
-136.549387174 -21.336846613
-136.53221595 -21.331312758
-136.525705533 -21.338067316
-136.529449023 -21.349867446
-136.63792884 -21.333103123
-136.636219856 -21.341566665
-136.646799283 -21.327243748
-136.651600715 -21.322930597
-136.643910286 -21.322849217
-136.639881965 -21.326429946
-136.63792884 -21.333103123
-136.740223762 -21.320000909
-136.742339648 -21.32008229
-136.746937629 -21.31617604
-136.744781054 -21.315850519
-136.740956184 -21.316989842
-136.738758918 -21.317152602
-136.740223762 -21.320000909
-136.738636848 -21.299493097
-136.732329882 -21.306247654
-136.729115364 -21.318047784
-136.731271939 -21.317315363
-136.732167121 -21.315687758
-136.732818163 -21.313897394
-136.734364387 -21.312107029
-136.739165819 -21.3085263
-136.742258267 -21.30445729
-136.745757616 -21.303399347
-136.752186653 -21.3085263
-136.745961067 -21.299493097
-136.738636848 -21.299493097
-139.144520637 -20.804375909
-139.147857226 -20.804945571
-139.135812955 -20.799737238
-139.135365364 -20.799737238
-139.141468879 -20.803155206
-139.144520637 -20.804375909
-138.542632616 -20.780368748
-138.519764778 -20.814548435
-138.51284746 -20.857679946
-138.534901496 -20.876885675
-138.519439257 -20.860935154
-138.517323371 -20.849216404
-138.540720181 -20.789727472
-138.544667121 -20.784681899
-138.550119595 -20.782566014
-138.568430142 -20.788181248
-138.564279752 -20.784844659
-138.554351366 -20.780938409
-138.548898892 -20.779961847
-138.542632616 -20.780368748
-140.399281379 -19.661716404
-140.412424283 -19.66383229
-140.396839973 -19.651055597
-140.386626757 -19.640313409
-140.389800585 -19.6288388
-140.413970507 -19.614190363
-140.40737871 -19.610121352
-140.395171679 -19.615411066
-140.383168098 -19.625420831
-140.377023892 -19.636325779
-140.379058398 -19.648614191
-140.387359179 -19.656996352
-140.399281379 -19.661716404
-139.195912239 -19.349786066
-139.205189582 -19.35914479
-139.202259895 -19.350681248
-139.20409095 -19.346123956
-139.205067512 -19.341485284
-139.207671679 -19.337334894
-139.214833137 -19.334567967
-139.202951627 -19.334893488
-139.195912239 -19.340915623
-139.195912239 -19.349786066
-138.791737434 -19.283868097
-138.796742317 -19.290297133
-138.80597897 -19.28883229
-138.809396939 -19.287286066
-138.812123176 -19.283786717
-138.802398241 -19.281996352
-138.794585741 -19.281670831
-138.791737434 -19.283868097
-141.237172004 -19.193617446
-141.22752845 -19.208428644
-141.230376757 -19.227146092
-141.233713345 -19.211683852
-141.242787239 -19.202243748
-141.254750129 -19.199395441
-141.266184049 -19.203545831
-141.252349413 -19.189711196
-141.237172004 -19.193617446
-140.696197069 -19.119317316
-140.670155403 -19.131768488
-140.660878059 -19.15243906
-140.685861783 -19.161553644
-140.670033332 -19.142754816
-140.681385871 -19.132256769
-140.703968879 -19.129327081
-140.721831835 -19.133721613
-140.696197069 -19.119317316
-138.793324348 -18.774021092
-138.793202278 -18.778903904
-138.829741991 -18.759942316
-138.822865364 -18.760349217
-138.815744595 -18.761407159
-138.801584439 -18.765232029
-138.795236783 -18.770928644
-138.793324348 -18.774021092
-136.458729621 -18.464288019
-136.426136848 -18.475355727
-136.39582272 -18.494235935
-136.382394986 -18.509942316
-136.330433723 -18.527601821
-136.304758267 -18.545668227
-136.314076301 -18.567315363
-136.31354733 -18.565606378
-136.312733528 -18.560967706
-136.313099739 -18.554294529
-136.316070116 -18.546319269
-136.322132942 -18.538750909
-136.331288215 -18.532647394
-136.343658007 -18.52743906
-136.373890754 -18.518649998
-136.382964648 -18.514743748
-136.389027473 -18.510186456
-136.394276496 -18.504082941
-136.402658658 -18.496677342
-136.448882616 -18.471856378
-136.461252408 -18.46868255
-136.465443489 -18.474297784
-136.465199348 -18.482110284
-136.464263476 -18.486016534
-136.467762825 -18.481866144
-136.46996009 -18.477797133
-136.472889778 -18.474297784
-136.478586392 -18.471856378
-136.458729621 -18.464288019
-140.678618944 -18.403008722
-140.671945767 -18.417168878
-140.674834765 -18.413750909
-140.68097897 -18.4022763
-140.695139127 -18.39039479
-140.752064582 -18.363946222
-140.770090299 -18.350274347
-140.779286262 -18.339532159
-140.781809049 -18.335219008
-140.756174283 -18.353692316
-140.687082486 -18.39055755
-140.678618944 -18.403008722
-136.982777473 -18.33587005
-136.971424934 -18.361911717
-137.06761634 -18.266289972
-137.042347786 -18.277601821
-137.010243293 -18.304375909
-136.982777473 -18.33587005
-140.829945442 -18.190362238
-140.822743293 -18.217950128
-140.848378059 -18.182549738
-140.8954972 -18.149021092
-140.918039517 -18.108168227
-140.930287239 -18.095635675
-140.9736222 -18.060235284
-140.964466926 -18.066582941
-140.925160286 -18.084730727
-140.898508267 -18.129082941
-140.877308723 -18.150567316
-140.851307746 -18.169528904
-140.829945442 -18.190362238
-143.072255012 -17.840427342
-143.05988522 -17.865817967
-143.060292121 -17.867771092
-143.064849413 -17.863702081
-143.070220507 -17.855157159
-143.072824674 -17.844333592
-143.077626106 -17.852227472
-143.082386848 -17.857517185
-143.08714759 -17.858493748
-143.092111783 -17.853285415
-143.080881314 -17.837579034
-143.072255012 -17.840427342
-140.795969205 -17.862725519
-140.812123176 -17.86305104
-140.827788866 -17.860121352
-140.83702552 -17.854750258
-140.838693814 -17.843438409
-140.834299283 -17.830010675
-140.822743293 -17.807061456
-140.802316861 -17.786553644
-140.78246009 -17.751641534
-140.745838996 -17.729587498
-140.671945767 -17.697849217
-140.652088996 -17.684177342
-140.624663866 -17.68726979
-140.619862434 -17.706719659
-140.628488736 -17.728448175
-140.648304817 -17.743910415
-140.678781705 -17.780368748
-140.727162239 -17.807061456
-140.758046028 -17.831638279
-140.785227017 -17.858575128
-140.795969205 -17.862725519
-150.640329556 -17.666110935
-150.644968228 -17.677992446
-150.655262825 -17.668715102
-150.643177864 -17.655450128
-150.640329556 -17.666110935
-142.558176236 -17.599216404
-142.577463345 -17.621351821
-142.565174934 -17.60165781
-142.639515754 -17.532647394
-142.612456835 -17.54697031
-142.577626106 -17.571709894
-142.558176236 -17.599216404
-149.303944465 -17.712090753
-149.263295051 -17.722832941
-149.183461067 -17.731215102
-149.160633918 -17.756931248
-149.149118619 -17.802015883
-149.156442838 -17.846286717
-149.190297004 -17.869073175
-149.206410286 -17.866631769
-149.260853645 -17.851739191
-149.275949674 -17.844903253
-149.308664517 -17.803643488
-149.334299283 -17.759209894
-149.343454556 -17.724867446
-149.347971158 -17.718194269
-149.357533332 -17.717868748
-149.362538215 -17.725274347
-149.366200325 -17.73430755
-149.371815559 -17.738702081
-149.39191647 -17.741387628
-149.45038815 -17.759209894
-149.472035286 -17.760511977
-149.487863736 -17.757989191
-149.519235806 -17.74618906
-149.576120572 -17.737562758
-149.587513801 -17.731215102
-149.605051236 -17.67180755
-149.611765103 -17.663018488
-149.621205207 -17.65618255
-149.630970832 -17.639336847
-149.638661262 -17.618910415
-149.642160611 -17.600844008
-149.632761197 -17.553399347
-149.604318814 -17.525811456
-149.564076301 -17.510023696
-149.519235806 -17.498467706
-149.474964973 -17.494073175
-149.429514127 -17.501560154
-149.387644009 -17.517998956
-149.354115364 -17.540134373
-149.344064908 -17.5507138
-149.335560676 -17.564060154
-149.329660611 -17.579847915
-149.327463345 -17.597832941
-149.330270963 -17.663750909
-149.327463345 -17.684177342
-149.303944465 -17.712090753
-149.785633918 -17.479180597
-149.804758267 -17.52337005
-149.822458463 -17.549737238
-149.842762825 -17.567559503
-149.861887174 -17.566827081
-149.885202603 -17.555352472
-149.914051887 -17.535332941
-149.937489387 -17.512465102
-149.944406705 -17.492364191
-149.934071418 -17.481540623
-149.915516731 -17.473565363
-149.897775845 -17.472263279
-149.889841275 -17.481540623
-149.885853645 -17.491794529
-149.877634244 -17.49195729
-149.869984504 -17.487725519
-149.868112759 -17.484958592
-149.860218879 -17.483168227
-149.853627082 -17.479180597
-149.845814582 -17.477959894
-149.834584114 -17.484958592
-149.831654426 -17.47275156
-149.823109504 -17.466566665
-149.810861783 -17.46461354
-149.796701627 -17.464450779
-149.7861222 -17.468926691
-149.785633918 -17.479180597
-143.422027148 -17.442152602
-143.413563606 -17.4569638
-143.437855598 -17.438897394
-143.474964973 -17.430271092
-143.456613736 -17.429294529
-143.437652148 -17.433200779
-143.422027148 -17.442152602
-145.405588345 -17.442966404
-145.380482551 -17.484958592
-145.435129361 -17.417168878
-145.419422981 -17.426934503
-145.405588345 -17.442966404
-141.435332812 -17.383558852
-141.434966601 -17.389336847
-141.436838345 -17.385837498
-141.436838345 -17.38274505
-141.43854733 -17.368096613
-141.44249427 -17.360121352
-141.453846809 -17.352308852
-141.467437304 -17.348809503
-141.481841601 -17.348565363
-141.460764127 -17.344821873
-141.445179817 -17.351739191
-141.436268684 -17.367364191
-141.436065233 -17.370700779
-141.435332812 -17.383558852
-138.447743293 -17.361586196
-138.441721158 -17.366387628
-138.461415168 -17.365655206
-138.463490364 -17.359958592
-138.463734504 -17.356947524
-138.460926887 -17.350355727
-138.446929491 -17.332696222
-138.426136848 -17.324883722
-138.454904752 -17.349786066
-138.458811002 -17.356866144
-138.457834439 -17.358819269
-138.453684049 -17.359551691
-138.447743293 -17.361586196
-145.592884895 -17.324802342
-145.578480598 -17.383070571
-145.586496549 -17.370375258
-145.591379361 -17.357679946
-145.593413866 -17.343031508
-145.592884895 -17.324802342
-143.062001106 -17.008965753
-143.06753496 -17.010023696
-143.073150194 -17.009372654
-143.078928189 -17.007419529
-143.084828254 -17.004571222
-143.093820767 -16.997979425
-143.097727017 -16.994317316
-143.101226366 -16.990166925
-143.090402799 -16.989515883
-143.079823371 -16.993340753
-143.070179817 -17.000176691
-143.062001106 -17.008965753
-149.572336392 -16.987399998
-149.586862759 -17.000420831
-149.58698483 -16.996677342
-149.586130338 -16.993584894
-149.583607551 -16.987074477
-149.575917121 -16.983656508
-149.572092252 -16.982598566
-149.568226692 -16.982191665
-149.572336392 -16.987399998
-153.920155403 -16.831719659
-153.924265103 -16.83180104
-153.933216926 -16.819105727
-153.943226692 -16.787530206
-153.950672981 -16.773858331
-153.942982551 -16.774590753
-153.937733528 -16.779473566
-153.93476315 -16.787367446
-153.933990038 -16.797539972
-153.928537564 -16.806898696
-153.922800259 -16.820896092
-153.920155403 -16.831719659
-150.979562955 -16.800388279
-150.983876106 -16.809258722
-150.992787239 -16.807061456
-150.994821744 -16.813571873
-150.998890754 -16.817966404
-151.00499427 -16.82040781
-151.013254361 -16.820733331
-151.031361457 -16.806329034
-151.037587043 -16.799574477
-151.039906379 -16.789971613
-151.034616666 -16.777032159
-151.022897916 -16.772881769
-151.011097786 -16.772149347
-151.005808072 -16.769219659
-151.002390103 -16.760837498
-150.994333463 -16.761895441
-150.98534095 -16.769219659
-150.979115364 -16.779717706
-150.978382942 -16.788018488
-150.979562955 -16.800388279
-151.364084439 -16.866469008
-151.400868293 -16.885349217
-151.413929817 -16.888929946
-151.424265103 -16.881931248
-151.429392056 -16.881931248
-151.431589322 -16.892185154
-151.434152799 -16.897637628
-151.440541145 -16.901136977
-151.449167447 -16.902927342
-151.45824134 -16.902601821
-151.477894661 -16.889580988
-151.488107877 -16.856377863
-151.494740364 -16.764580988
-151.491200325 -16.750258071
-151.478749153 -16.7382138
-151.464670377 -16.736423435
-151.44652259 -16.740492446
-151.43077552 -16.747816665
-151.424143033 -16.755303644
-151.412790494 -16.779717706
-151.352487759 -16.858575128
-151.364084439 -16.866469008
-144.080067512 -16.717217706
-144.063099739 -16.730726821
-144.054066536 -16.749688409
-144.050892707 -16.759454034
-144.062814908 -16.748630467
-144.075672981 -16.7304013
-144.09113522 -16.721856378
-144.110707161 -16.739678644
-144.111398892 -16.735284113
-144.11050371 -16.731703383
-144.106841601 -16.723890883
-144.080067512 -16.717217706
-151.034169075 -16.762627863
-151.047434049 -16.766045831
-151.053212043 -16.753594659
-151.054025845 -16.741794529
-151.051503059 -16.730075779
-151.042225715 -16.705498956
-151.035145637 -16.694268488
-151.029001431 -16.692478123
-151.026275194 -16.708103123
-151.007557746 -16.740492446
-151.009510871 -16.745700779
-151.016346809 -16.748711847
-151.024159309 -16.755629165
-151.034169075 -16.762627863
-144.176665819 -16.655368748
-144.169585741 -16.667250258
-144.177845832 -16.663750909
-144.185902473 -16.659356378
-144.200672981 -16.64837005
-144.198109504 -16.642185154
-144.188140429 -16.645684503
-144.176665819 -16.655368748
-143.440581835 -16.620782159
-143.420277473 -16.635674738
-143.386219856 -16.669854425
-143.454009569 -16.624607029
-143.506174283 -16.627129816
-143.550689257 -16.622165623
-143.464751757 -16.614678644
-143.440581835 -16.620782159
-143.609527148 -16.629978123
-143.571156379 -16.635837498
-143.620350715 -16.632012628
-143.660064257 -16.602227472
-143.701527473 -16.580498956
-143.666249153 -16.588474217
-143.609527148 -16.629978123
-151.476551887 -16.590508722
-151.478749153 -16.594170831
-151.459584114 -16.593438409
-151.449574348 -16.594659113
-151.445261197 -16.5975888
-151.443959114 -16.602227472
-151.43871009 -16.60930755
-151.437814908 -16.614678644
-151.441151496 -16.619805597
-151.448190884 -16.624200128
-151.45824134 -16.62900156
-151.459828254 -16.661065363
-151.463246223 -16.674086196
-151.472604947 -16.669854425
-151.480539517 -16.664971613
-151.534657356 -16.641696873
-151.540394661 -16.63648854
-151.540882942 -16.631036066
-151.5361222 -16.594903253
-151.523752408 -16.582940363
-151.502674934 -16.580173435
-151.472604947 -16.580498956
-151.476551887 -16.590508722
-151.748361783 -16.504327081
-151.746937629 -16.525974217
-151.762644009 -16.525811456
-151.776844856 -16.51181406
-151.784494595 -16.492933852
-151.780425585 -16.478122654
-151.763783332 -16.472344659
-151.753610806 -16.483819269
-151.748361783 -16.504327081
-143.822987434 -16.516371352
-143.81761634 -16.539646092
-143.82144121 -16.537692967
-143.84874427 -16.492933852
-143.879790819 -16.469414972
-143.913970507 -16.457370701
-143.934234179 -16.450290623
-143.930327929 -16.449965102
-143.910349088 -16.455336196
-143.877512174 -16.459730727
-143.861968554 -16.467217706
-143.832753059 -16.498467706
-143.822987434 -16.516371352
-152.244699674 -16.443780206
-152.256296353 -16.451267185
-152.263620572 -16.447198175
-152.261463996 -16.44150156
-152.244699674 -16.443780206
-144.251332161 -16.461358331
-144.256459114 -16.478122654
-144.258656379 -16.457696222
-144.260853645 -16.450860284
-144.291167773 -16.416110935
-144.275705533 -16.42555104
-144.260121223 -16.442315363
-144.251332161 -16.461358331
-144.427154101 -16.322442316
-144.427723762 -16.326592706
-144.412220832 -16.321221613
-144.396148241 -16.324476821
-144.382313606 -16.332289321
-144.373117642 -16.340427342
-144.406117317 -16.329196873
-144.426014778 -16.332777602
-144.4345597 -16.319919529
-144.428334114 -16.320570571
-144.427154101 -16.322442316
-146.328765429 -16.137627863
-146.338856575 -16.162774347
-146.367095507 -16.158786717
-146.39175371 -16.147230727
-146.402088996 -16.129978123
-146.387277799 -16.108168227
-146.359364387 -16.100192967
-146.337717252 -16.11337656
-146.328765429 -16.137627863
-145.493967252 -16.335219008
-145.482289192 -16.347832941
-145.502268033 -16.336602472
-145.529611783 -16.279473566
-145.553130663 -16.252129816
-145.576771614 -16.202569269
-145.590402799 -16.151625258
-145.60655677 -16.129327081
-145.613880989 -16.080254816
-145.610951301 -16.097344659
-145.603586392 -16.120293878
-145.593373176 -16.14039479
-145.582183398 -16.149102472
-145.577137825 -16.160821222
-145.568267382 -16.212579034
-145.562082486 -16.224297784
-145.559193489 -16.233005467
-145.517079231 -16.278903904
-145.493967252 -16.335219008
-145.613880989 -16.052911066
-145.708851692 -16.060479425
-145.657582161 -16.042575779
-145.631255663 -16.038344008
-145.613880989 -16.052911066
-142.481271939 -16.018812758
-142.529652473 -16.108168227
-142.522084114 -16.084161066
-142.509755012 -16.059014581
-142.495269335 -16.036309503
-142.481271939 -16.018812758
-140.125477668 -15.953301691
-140.107085741 -15.960625909
-140.110218879 -15.977227472
-140.117176887 -15.961683852
-140.143218554 -15.960544529
-140.172271288 -15.977227472
-140.151682095 -15.957696222
-140.125477668 -15.953301691
-145.21996009 -15.89837005
-145.167591926 -15.950453383
-145.235910611 -15.888441665
-145.21996009 -15.89837005
-145.898589648 -15.878350519
-145.898915168 -15.888116144
-145.95051022 -15.83961354
-145.914296028 -15.863539321
-145.898589648 -15.878350519
-140.859852668 -15.819919529
-140.879709439 -15.838311456
-140.889027473 -15.837334894
-140.895008918 -15.832940363
-140.89561927 -15.826836847
-140.888986783 -15.819756769
-140.861439582 -15.815524998
-140.852365689 -15.815524998
-140.859852668 -15.819919529
-148.238718228 -15.863946222
-148.250843879 -15.867445571
-148.271717903 -15.853204034
-148.279367642 -15.830498956
-148.275583463 -15.809991144
-148.262074348 -15.802422784
-148.257639127 -15.807875258
-148.246164517 -15.831638279
-148.239003059 -15.83961354
-148.229929166 -15.848077081
-148.230783658 -15.856866144
-148.238718228 -15.863946222
-146.48167884 -15.820570571
-146.481922981 -15.826918227
-146.490589973 -15.808282159
-146.496164517 -15.799493097
-146.503041145 -15.791680597
-146.498850064 -15.794040623
-146.486643033 -15.803399347
-146.482655403 -15.814873956
-146.48167884 -15.820570571
-154.519235806 -15.823418878
-154.525461392 -15.827732029
-154.528797981 -15.827243748
-154.523182746 -15.819431248
-154.52061927 -15.8085263
-154.522084114 -15.800469659
-154.527536588 -15.794854425
-154.536976692 -15.792250258
-154.524769661 -15.789320571
-154.519113736 -15.795586847
-154.517282681 -15.806410415
-154.516346809 -15.817315363
-154.519235806 -15.823418878
-145.058705207 -15.875909113
-145.057728645 -15.90211354
-145.076486783 -15.858656508
-145.1298722 -15.778008722
-145.160755989 -15.758070571
-145.133615689 -15.763116144
-145.117543098 -15.780694269
-145.092518684 -15.826348566
-145.067005989 -15.856377863
-145.058705207 -15.875909113
-144.620432095 -15.747002863
-144.631337043 -15.755303644
-144.64191647 -15.755140883
-144.648915168 -15.749281508
-144.651722786 -15.740166925
-144.649810351 -15.730157159
-144.632801887 -15.728448175
-144.621937629 -15.736016534
-144.620432095 -15.747002863
-145.432687955 -15.488539321
-145.437855598 -15.496351821
-145.457346158 -15.481703383
-145.523915168 -15.470472915
-145.549631314 -15.452080988
-145.48151608 -15.474786066
-145.455881314 -15.479587498
-145.443959114 -15.479668878
-145.435414192 -15.483005467
-145.432687955 -15.488539321
-146.194162564 -15.35947031
-146.202992317 -15.388848566
-146.198638476 -15.369805597
-146.196156379 -15.3475888
-146.198312955 -15.338718357
-146.203602668 -15.331475519
-146.207427538 -15.328627211
-146.217193163 -15.323663019
-146.213978645 -15.323093357
-146.204986132 -15.327732029
-146.200550911 -15.329685154
-146.196685351 -15.335625909
-146.192779101 -15.346286717
-146.194162564 -15.35947031
-146.602935351 -15.256931248
-146.597767707 -15.271579685
-146.610096809 -15.256442967
-146.620838996 -15.239841404
-146.639027473 -15.232598566
-146.623850064 -15.235039972
-146.611724413 -15.243910415
-146.602935351 -15.256931248
-147.238514778 -15.235284113
-147.237416145 -15.244235935
-147.241810676 -15.239027602
-147.246205207 -15.236748956
-147.250884569 -15.235039972
-147.256255663 -15.232517185
-147.242258267 -15.232354425
-147.238514778 -15.235284113
-147.749989387 -15.228692316
-147.737131314 -15.235284113
-147.778960741 -15.216403904
-147.774077929 -15.213474217
-147.763417121 -15.219414972
-147.749989387 -15.228692316
-147.492502408 -15.091078383
-147.458973762 -15.121351821
-147.512033658 -15.080010675
-147.530873176 -15.069024347
-147.510853645 -15.07789479
-147.492502408 -15.091078383
-147.936594205 -15.0663388
-147.931955533 -15.080824477
-147.934315559 -15.076918227
-147.936675585 -15.073907159
-147.937814908 -15.070896092
-147.936594205 -15.0663388
-148.055002408 -14.959893488
-148.045765754 -14.997735284
-148.054310676 -14.984633071
-148.066273567 -14.971123956
-148.084339973 -14.955010675
-148.110707161 -14.940362238
-148.176096158 -14.922051691
-148.13410397 -14.925225519
-148.089060025 -14.936781508
-148.055002408 -14.959893488
-148.622751431 -14.877862238
-148.628000455 -14.894707941
-148.647938606 -14.871758722
-148.690663215 -14.853773696
-148.667713996 -14.856622003
-148.640573697 -14.864922784
-148.622751431 -14.877862238
-145.249826627 -14.670668227
-145.254790819 -14.693291925
-145.233509895 -14.688246352
-145.194935676 -14.662041925
-145.205433723 -14.675225519
-145.222971158 -14.688409113
-145.242787239 -14.698418878
-145.260406054 -14.702325128
-145.263905403 -14.690118097
-145.253244595 -14.663181248
-145.229644335 -14.620375258
-145.249826627 -14.670668227
-146.236317512 -14.479180597
-146.256906705 -14.497491144
-146.245757616 -14.476006769
-146.23949134 -14.455824477
-146.271148241 -14.435479425
-146.24327552 -14.439222915
-146.23176022 -14.45680104
-146.236317512 -14.479180597
-145.943714973 -14.441827081
-145.954904752 -14.443536066
-145.966175911 -14.443129165
-145.933216926 -14.43759531
-145.922434049 -14.433770441
-145.932769335 -14.438409113
-145.943714973 -14.441827081
-144.879628059 -14.411797784
-144.880604621 -14.422133071
-144.883290168 -14.427422784
-144.902740038 -14.442152602
-144.934966601 -14.459730727
-144.944732226 -14.463311456
-144.954660611 -14.469821873
-144.985829231 -14.500583592
-145.003081835 -14.511163019
-144.954660611 -14.463474217
-144.910715299 -14.439548435
-144.888050911 -14.418145441
-144.913197395 -14.428155206
-144.955881314 -14.432061456
-145.003081835 -14.442966404
-144.985096809 -14.432305597
-144.962310351 -14.426202081
-144.917795377 -14.422458592
-144.897368944 -14.412286066
-144.885080533 -14.407972915
-144.879628059 -14.411797784
-145.835438606 -14.342705988
-145.846587694 -14.36712005
-145.842600064 -14.346612238
-145.860178189 -14.344170831
-145.914296028 -14.346612238
-145.858387825 -14.337334894
-145.835438606 -14.342705988
-141.174549934 -14.189629816
-141.179514127 -14.196465753
-141.189279752 -14.190199477
-141.212798632 -14.164971613
-141.202748176 -14.170179946
-141.174549934 -14.189629816
-138.636952278 -10.542168878
-138.671498176 -10.550469659
-138.685617642 -10.542087498
-138.693430142 -10.526136977
-138.694447395 -10.50790781
-138.679595507 -10.473565363
-138.681630012 -10.458265883
-138.698801236 -10.426446222
-138.66519121 -10.427341404
-138.650461392 -10.431410415
-138.636708137 -10.440606378
-138.620432095 -10.471856378
-138.620228645 -10.510837498
-138.636952278 -10.542168878
-139.11847897 -10.000176691
-139.130767382 -10.014906508
-139.143869595 -9.997816665
-139.142689582 -9.978936456
-139.138986783 -9.959405206
-139.144439257 -9.940362238
-139.13385983 -9.928317967
-139.120676236 -9.904392185
-139.103830533 -9.888278904
-139.082386848 -9.899509373
-139.069162564 -9.903903904
-139.05565345 -9.913181248
-139.047759569 -9.922539972
-139.051340299 -9.926690363
-139.055002408 -9.928399347
-139.057606575 -9.932386977
-139.05972246 -9.937107029
-139.061879036 -9.940362238
-139.066639778 -9.943291925
-139.076649543 -9.944594008
-139.082386848 -9.947198175
-139.095855273 -9.961683852
-139.11847897 -10.000176691
-138.876942512 -9.754327081
-138.866688606 -9.755466404
-138.855458137 -9.753513279
-138.848011848 -9.748955988
-138.842355924 -9.744235935
-138.836577929 -9.741143488
-138.814035611 -9.739515883
-138.818470832 -9.748711847
-138.869252082 -9.791599217
-138.892079231 -9.8007138
-138.916615364 -9.806573175
-138.955677864 -9.809991144
-139.009429491 -9.809014581
-139.020904101 -9.806329034
-139.026234504 -9.803399347
-139.037993944 -9.802422784
-139.049712694 -9.803480727
-139.055043098 -9.806329034
-139.055043098 -9.837334894
-139.061919726 -9.853936456
-139.07135983 -9.854750258
-139.085519986 -9.848809503
-139.12629147 -9.840101821
-139.143462694 -9.828871352
-139.156890429 -9.815199477
-139.164906379 -9.803317967
-139.170318163 -9.790134373
-139.173247851 -9.774183852
-139.169422981 -9.761000258
-139.138417121 -9.750909113
-139.051380989 -9.701429946
-139.015370246 -9.694431248
-138.984527148 -9.699476821
-138.972523567 -9.720635675
-138.961293098 -9.733819269
-138.942738411 -9.742364191
-138.921213345 -9.747165623
-138.900786913 -9.748630467
-138.876942512 -9.754327081
-140.053863085 -9.346286717
-140.041411913 -9.351006769
-140.027699348 -9.343926691
-140.040638801 -9.374118748
-140.048939582 -9.408135675
-140.062896288 -9.435967706
-140.092844205 -9.447523696
-140.111398892 -9.437758071
-140.158599413 -9.371840102
-140.139475064 -9.357842706
-140.121449348 -9.340264581
-140.101633267 -9.326267185
-140.076730924 -9.323418878
-140.053863085 -9.346286717
-139.582346158 -8.868910415
-139.574452278 -8.870212498
-139.558420377 -8.864678644
-139.546986457 -8.86712005
-139.514393684 -8.883965753
-139.503163215 -8.899021092
-139.508412239 -8.912041925
-139.523426887 -8.921563409
-139.541656054 -8.926202081
-139.585601366 -8.92945729
-139.603098111 -8.936944269
-139.616769986 -8.954196873
-139.612700976 -8.939222915
-139.618031379 -8.924981378
-139.62621009 -8.910821222
-139.630441861 -8.895440363
-139.596913215 -8.858005467
-139.589466926 -8.858005467
-139.582346158 -8.868910415
-140.216704882 -8.78101979
-140.089711067 -8.802015883
-140.058990038 -8.802015883
-140.051421679 -8.800469659
-140.037424283 -8.792250258
-140.027699348 -8.78899505
-140.027740038 -8.793715102
-140.029530403 -8.796482029
-140.03221595 -8.798760675
-140.039418098 -8.807061456
-140.049427864 -8.823174738
-140.022287564 -8.846774998
-140.015980598 -8.85930755
-140.014027473 -8.881117446
-140.019154426 -8.896416925
-140.031320767 -8.8944638
-140.055572069 -8.878513279
-140.060536262 -8.899997654
-140.076649543 -8.915215753
-140.096018033 -8.919040623
-140.110218879 -8.905694269
-140.117665168 -8.905694269
-140.12999427 -8.916436456
-140.169911262 -8.92945729
-140.178537564 -8.936781508
-140.183216926 -8.953708592
-140.194325325 -8.950372003
-140.207020637 -8.939385675
-140.22769121 -8.927015883
-140.234771288 -8.912855727
-140.245187955 -8.866875909
-140.247425911 -8.847344659
-140.249582486 -8.838636977
-140.25894121 -8.830498956
-140.261057095 -8.823174738
-140.247792121 -8.786879165
-140.216704882 -8.78101979
-140.707834439 -8.039727472
-140.717762825 -8.041273696
-140.727162239 -8.028090102
-140.72777259 -7.991469008
-140.706369595 -7.963067316
-140.67316647 -7.950127863
-140.638417121 -7.959730727
-140.653065559 -7.970798435
-140.658314582 -7.973402602
-140.675648567 -7.976739191
-140.683908658 -7.985284113
-140.69245358 -8.015069269
-140.698882616 -8.028985284
-140.707834439 -8.039727472
