-81.807199674 7.291571356
-81.807728645 7.287420966
-81.79800371 7.291083075
-81.789906379 7.290106512
-81.780506965 7.287827867
-81.76671302 7.287420966
-81.779042121 7.27749258
-81.792388476 7.251654364
-81.800892707 7.238999742
-81.796986457 7.233954169
-81.793446418 7.225978908
-81.800892707 7.225978908
-81.816232877 7.271307684
-81.814564582 7.279974677
-81.818755663 7.285630601
-81.819162564 7.288723049
-81.814564582 7.294256903
-81.810780403 7.294134833
-81.808257616 7.293443101
-81.807199674 7.291571356
-81.044992642 7.554144598
-81.052845832 7.544623114
-81.064116991 7.540676174
-81.075021939 7.53534577
-81.082753059 7.533840236
-81.091420051 7.537543036
-81.097767707 7.542547919
-81.103342252 7.545558986
-81.109852668 7.54706452
-81.119048632 7.547512111
-81.129261848 7.545314846
-81.134388801 7.539943752
-81.13784746 7.533392645
-81.142974413 7.527655341
-81.170887825 7.513373114
-81.184925911 7.496975002
-81.190744595 7.493475653
-81.199126757 7.493475653
-81.208566861 7.495591539
-81.2158097 7.498277085
-81.218088345 7.499701239
-81.245676236 7.490057684
-81.251942512 7.490423895
-81.242583788 7.503404039
-81.232899543 7.513373114
-81.222727017 7.521063544
-81.210438606 7.525946356
-81.174387174 7.53143952
-81.164051887 7.540513414
-81.157622851 7.551581122
-81.149159309 7.561183986
-81.135568814 7.568182684
-81.118072069 7.574530341
-81.087717252 7.581610419
-81.075021939 7.577337958
-81.061594205 7.575588283
-81.033070442 7.575425523
-81.044992642 7.554144598
-81.738840299 7.644273179
-81.716175911 7.579657294
-81.715199348 7.568019924
-81.713286913 7.565904039
-81.705311653 7.553697007
-81.704823371 7.551092841
-81.705922004 7.54311758
-81.705311653 7.540676174
-81.702137825 7.540187893
-81.693837043 7.541408596
-81.691029426 7.540676174
-81.682036913 7.534572658
-81.675648567 7.532131252
-81.671783007 7.526353257
-81.670521614 7.510239976
-81.676380989 7.505519924
-81.708363411 7.493475653
-81.709339973 7.486639716
-81.716786262 7.457505601
-81.718983528 7.452541408
-81.712717252 7.440090236
-81.694732226 7.423976955
-81.691029426 7.41404857
-81.689198371 7.403794664
-81.684437629 7.395005601
-81.677886523 7.391587632
-81.670521614 7.397284247
-81.664377408 7.397284247
-81.652495898 7.391017971
-81.6220597 7.393866278
-81.615874804 7.38670482
-81.588002082 7.335191148
-81.60667884 7.327582098
-81.628163215 7.321600653
-81.64940345 7.321519273
-81.684234179 7.341376044
-81.727121549 7.344427802
-81.746245898 7.348863023
-81.756703254 7.357733466
-81.780751106 7.384222723
-81.800038215 7.395575262
-81.841867642 7.430812893
-81.864654101 7.478461005
-81.872873502 7.486029364
-81.875111457 7.490423895
-81.882801887 7.516791083
-81.878895637 7.517482815
-81.858062304 7.517523505
-81.84870358 7.520209052
-81.84894772 7.524115302
-81.836252408 7.546698309
-81.834380663 7.547512111
-81.831776496 7.559271552
-81.831410286 7.568182684
-81.829986132 7.576157945
-81.824452278 7.585353908
-81.816802538 7.590399481
-81.798329231 7.594224351
-81.770130989 7.614813544
-81.760365364 7.620184637
-81.759917773 7.616400458
-81.752512174 7.616400458
-81.755238411 7.624009507
-81.757313606 7.636419989
-81.759917773 7.644273179
-81.752512174 7.644273179
-81.752512174 7.63686758
-81.746245898 7.63686758
-81.746815559 7.641831773
-81.745350715 7.643296617
-81.742421028 7.643459377
-81.738840299 7.644273179
-82.347482877 8.088283596
-82.362049934 8.086859442
-82.359242317 8.099025783
-82.352447069 8.112046617
-82.343129036 8.123358466
-82.332346158 8.129706122
-82.320708788 8.130316473
-82.318348762 8.123968817
-82.319447395 8.113104559
-82.318226692 8.099920966
-82.336537239 8.091864325
-82.347482877 8.088283596
-82.220122851 8.212062893
-82.211781379 8.19920482
-82.233021614 8.205308335
-82.2470597 8.206732489
-82.253407356 8.202337958
-82.253325976 8.193264065
-82.252593554 8.188381252
-82.245961067 8.171291408
-82.273833788 8.191799221
-82.281361457 8.193548895
-82.301380989 8.196112372
-82.307972786 8.19920482
-82.315663215 8.2149112
-82.306467252 8.224066473
-82.273833788 8.233343817
-82.259592252 8.227036851
-82.238880989 8.220648505
-82.220122851 8.212062893
-82.317209439 8.267564195
-82.327056444 8.262884833
-82.342762825 8.267523505
-82.342762825 8.259995835
-82.314808723 8.240179755
-82.334868944 8.235093492
-82.369699674 8.216864325
-82.386463996 8.212876695
-82.398345507 8.218207098
-82.412505663 8.231024481
-82.424712694 8.246568101
-82.43089759 8.259995835
-82.424672004 8.259995835
-82.401926236 8.257147528
-82.350005663 8.293646552
-82.328480598 8.287990627
-82.316517707 8.27732982
-82.317209439 8.267564195
-79.065741009 8.260760089
-79.069859951 8.257050825
-79.080390842 8.254828134
-79.091277873 8.25968079
-79.103788039 8.252959415
-79.104527958 8.244402237
-79.098447141 8.238471424
-79.098509927 8.229879634
-79.104887161 8.228778713
-79.108681895 8.223925176
-79.109519566 8.210469238
-79.122708964 8.208981766
-79.140002597 8.244395848
-79.136972715 8.257438098
-79.13056405 8.256690183
-79.129804722 8.264141881
-79.125649835 8.277552791
-79.129410939 8.28724302
-79.124499672 8.303261001
-79.112430809 8.317408727
-79.104886924 8.318517622
-79.100372741 8.317396915
-79.09487871 8.311753648
-79.094064908 8.30849844
-79.087505019 8.295776164
-79.083001289 8.274186322
-79.075863761 8.265991063
-79.070992049 8.264492413
-79.065741009 8.260760089
-79.105018184 8.418740701
-79.09483802 8.40648021
-79.090148769 8.410278495
-79.087942971 8.419543644
-79.082437648 8.415996564
-79.08628391 8.403453466
-79.078867674 8.398554347
-79.080251868 8.390929745
-79.084393132 8.382490557
-79.092844205 8.377183335
-79.112175364 8.391497737
-79.130098167 8.404869682
-79.118237903 8.429110441
-79.105018184 8.418740701
-78.862782356 8.453680731
-78.858225064 8.442938544
-78.855376757 8.431341864
-78.854481575 8.421087958
-78.854683347 8.413287151
-78.842228962 8.411064086
-78.835510273 8.397995399
-78.837338267 8.386865516
-78.845670494 8.381269455
-78.847959189 8.368606294
-78.834476485 8.342810923
-78.843207131 8.32045784
-78.852298045 8.312268477
-78.852281256 8.303331914
-78.858021614 8.295843817
-78.870414563 8.296650181
-78.875343354 8.301494433
-78.88250316 8.30038678
-78.889230924 8.299139716
-78.89639937 8.297429279
-78.899051897 8.30264195
-78.901325137 8.308967386
-78.904690626 8.302649751
-78.912197317 8.293727235
-78.920475973 8.282565959
-78.920117177 8.274001963
-78.922775146 8.265446118
-78.912987239 8.253881356
-78.911139845 8.234147619
-78.905114465 8.229290041
-78.897574117 8.228897258
-78.897578899 8.224426574
-78.903985471 8.219221605
-78.917924442 8.227084176
-78.928454177 8.235667604
-78.926937612 8.249817786
-78.933656071 8.273271306
-78.940042925 8.282589941
-78.9579972 8.290432033
-78.964344856 8.294826565
-78.969897973 8.305098917
-78.965412145 8.320765975
-78.95823734 8.329105164
-78.954776937 8.346514341
-78.958485481 8.352850653
-78.967277627 8.362430036
-78.969907834 8.369891318
-78.965753006 8.377316386
-78.961602311 8.383618156
-78.961217921 8.390315085
-78.965717358 8.4082239
-78.964344856 8.417669989
-78.97471185 8.444368241
-78.970921557 8.458449965
-78.958126856 8.458806186
-78.94910444 8.452789919
-78.908777397 8.470040703
-78.899769661 8.461615302
-78.896962043 8.456691799
-78.895415819 8.451849677
-78.892244475 8.458046989
-78.893713355 8.469273655
-78.889929615 8.474136485
-78.880180618 8.46846059
-78.869130012 8.461655992
-78.862782356 8.453680731
-79.563339604 8.804638868
-79.556894654 8.802516973
-79.553827178 8.803426325
-79.5532115 8.800395163
-79.555357466 8.797970274
-79.552592222 8.791908401
-79.547988697 8.788877806
-79.541852669 8.786756789
-79.541236751 8.781302357
-79.543380958 8.775544614
-79.547980847 8.774028666
-79.551357554 8.779179747
-79.555347573 8.782815983
-79.562709487 8.781299764
-79.569153708 8.783117353
-79.571612638 8.789178986
-79.570392552 8.798575963
-79.563339604 8.804638868
-81.565492826 9.105496117
-81.55992512 9.103965966
-81.557747035 9.106106241
-81.553102242 9.105799376
-81.547220926 9.102740545
-81.541947595 9.099070472
-81.537911338 9.09509404
-81.536669449 9.091423836
-81.533871901 9.088669683
-81.534491797 9.085917258
-81.538840969 9.08592019
-81.543811263 9.088369729
-81.552189355 9.089596845
-81.562413668 9.090822884
-81.567044063 9.090822599
-81.571671308 9.089598507
-81.572927661 9.096020901
-81.575098659 9.100606581
-81.577258589 9.104581338
-81.575396137 9.107638619
-81.568268648 9.108249462
-81.565492826 9.105496117
-82.019655842 9.137482707
-82.027112568 9.132941467
-82.032853614 9.134633315
-82.042043215 9.140852517
-82.050083915 9.145940624
-82.055257579 9.153864964
-82.054690858 9.161796814
-82.04723835 9.172568781
-82.052409658 9.177661002
-82.051840273 9.182192803
-82.045522754 9.179368136
-82.041498251 9.173142195
-82.035755632 9.169750291
-82.028866886 9.169192132
-82.025414817 9.160700151
-82.02311322 9.1539057
-82.016223892 9.151081836
-82.008760621 9.147692229
-82.01047711 9.141459268
-82.019655842 9.137482707
-82.182484504 9.345851955
-82.174387174 9.344061591
-82.166005012 9.344956773
-82.156564908 9.349351304
-82.146717903 9.344631252
-82.123036262 9.322658596
-82.097727017 9.311183986
-82.085275845 9.302679755
-82.074615038 9.288519598
-82.093983528 9.291245835
-82.114165819 9.283270575
-82.13019772 9.268255927
-82.138824023 9.245306708
-82.143625455 9.247137762
-82.154408332 9.258368231
-82.153960741 9.259182033
-82.151722786 9.259914455
-82.150298632 9.264349677
-82.150257942 9.287258205
-82.154042121 9.296291408
-82.163970507 9.302191473
-82.163970507 9.308417059
-82.150298632 9.302191473
-82.159331835 9.323146877
-82.174305793 9.330389716
-82.19261634 9.333889065
-82.211781379 9.343166408
-82.211781379 9.349351304
-82.206166145 9.354193427
-82.200998502 9.356187242
-82.196034309 9.354803778
-82.191314257 9.349351304
-82.182484504 9.345851955
-82.241688606 9.338080145
-82.245961067 9.330064195
-82.259673632 9.353176174
-82.280751106 9.374701239
-82.328480598 9.412054755
-82.301665819 9.432318427
-82.285511848 9.438869533
-82.266428189 9.439357815
-82.238758918 9.398749091
-82.231800911 9.373358466
-82.245961067 9.356838283
-82.245961067 9.349351304
-82.241566536 9.344549872
-82.240142382 9.341945705
-82.241688606 9.338080145
-79.527984179 9.612453518
-79.522613085 9.602850653
-79.522450325 9.595282294
-79.532866991 9.589544989
-79.532866991 9.583319403
-79.523060676 9.579046942
-79.522816536 9.576727606
-79.519195116 9.569077867
-79.514312304 9.572495835
-79.510731575 9.574530341
-79.507883267 9.577378648
-79.50499427 9.583319403
-79.498158332 9.583319403
-79.492014127 9.578680731
-79.483876106 9.575018622
-79.463978645 9.569077867
-79.463490364 9.577704169
-79.456532356 9.596380927
-79.451242642 9.587388414
-79.444569465 9.583807684
-79.437245246 9.584702867
-79.429839648 9.589544989
-79.39189222 9.580501864
-79.336046024 9.574359218
-79.272749656 9.557021313
-79.239708983 9.545515083
-79.193757229 9.539602102
-79.175003645 9.549403746
-79.156274364 9.554955061
-79.133276087 9.553404717
-79.116036742 9.551889715
-79.098771642 9.556032194
-79.080066531 9.5615795
-79.048455652 9.564218877
-79.012902008 9.570225582
-78.970582972 9.573313287
-78.957311408 9.565283566
-78.95736251 9.554032607
-78.974512463 9.544735453
-78.986858371 9.547135568
-78.996871112 9.539680668
-79.007806003 9.538792274
-79.038230631 9.535170273
-79.054873439 9.53195877
-79.06585883 9.513720207
-79.06315207 9.490292094
-79.058060023 9.457931447
-79.040498115 9.452233634
-79.024323599 9.45591399
-79.013890377 9.451183411
-79.001049695 9.453471043
-78.988212134 9.455289557
-78.977277269 9.457115774
-78.966362219 9.454724994
-78.952590042 9.45466308
-78.935050174 9.447556342
-78.92461864 9.44423117
-78.915679491 9.436835028
-78.908070442 9.430812893
-78.9033097 9.422919012
-78.895743304 9.424421061
-78.882912973 9.425295124
-78.874841133 9.42478831
-78.864878248 9.422397982
-78.852544203 9.423753852
-78.847235741 9.433084454
-78.83633592 9.435384427
-78.817844769 9.431080468
-78.789384265 9.436570632
-78.781136415 9.445882047
-78.764105288 9.442521953
-78.752649045 9.444333833
-78.741595067 9.448488751
-78.728222885 9.454983637
-78.717884895 9.441839911
-78.701656969 9.434259603
-78.688869085 9.435553504
-78.655600286 9.426498389
-78.633264731 9.428733218
-78.620027582 9.418825435
-78.603899647 9.416394068
-78.589621496 9.42240219
-78.578087388 9.431898313
-78.561318326 9.438040165
-78.546407442 9.434370216
-78.527122646 9.421502986
-78.512820124 9.415992034
-78.479889666 9.416002824
-78.463449674 9.404608466
-78.452606689 9.40883344
-78.437712498 9.40435106
-78.427261342 9.393895709
-78.415951382 9.384309781
-78.388730733 9.371848899
-78.378321714 9.365750006
-78.364224504 9.361198557
-78.338339262 9.356006656
-78.317512242 9.344662242
-78.302727034 9.333313626
-78.287072174 9.32628732
-78.277486315 9.321878839
-78.267910994 9.320943162
-78.254861621 9.317389616
-78.241857413 9.309545141
-78.226236341 9.300807706
-78.208024794 9.290335613
-78.192353943 9.287610808
-78.176654084 9.290058988
-78.167086291 9.286516887
-78.154922566 9.279491061
-78.141905496 9.277709576
-78.123706893 9.266364628
-78.114003059 9.25381094
-78.0881593 9.247983673
-78.055992349 9.24343813
-78.036901179 9.236391657
-78.02456621 9.22646719
-78.02082272 9.213609117
-77.999256965 9.190822658
-77.986254646 9.188899939
-77.968658007 9.180609442
-77.935408952 9.142888937
-77.918527799 9.116603908
-77.905028418 9.099310445
-77.890152349 9.077213285
-77.855743597 9.05429058
-77.860838442 9.068091029
-77.865223762 9.080267645
-77.8764421 9.10355469
-77.87766102 9.118887565
-77.860096809 9.110419012
-77.847258797 9.087558109
-77.839194443 9.076501573
-77.811865108 9.058039561
-77.808172352 9.03533309
-77.798238539 9.024263803
-77.785813841 9.01687138
-77.77074134 9.0039737
-77.767241991 8.99233633
-77.758534309 8.981512762
-77.747547981 8.97256094
-77.744415966 8.963576305
-77.754205716 8.945658706
-77.734730598 8.923488674
-77.72077233 8.892290262
-77.710320863 8.881281909
-77.701056069 8.889259806
-77.696736844 8.887426389
-77.695519648 8.873319229
-77.676292524 8.861628296
-77.655851863 8.843200133
-77.633452929 8.817450262
-77.61432858 8.80874258
-77.619455533 8.816961981
-77.62604733 8.823146877
-77.631743944 8.829901434
-77.634185351 8.83978913
-77.629058398 8.844468492
-77.617990689 8.835191148
-77.607411262 8.822170315
-77.603830533 8.815578518
-77.57407265 8.792754063
-77.577873708 8.77503027
-77.559342153 8.7597076
-77.553622634 8.77675609
-77.543688489 8.774885415
-77.535099403 8.757744993
-77.538342777 8.741314829
-77.540290286 8.726078971
-77.544749518 8.714603511
-77.532137329 8.703201771
-77.500721809 8.681830145
-77.476958788 8.669907945
-77.444203254 8.664374091
-77.413197395 8.666693427
-77.394602017 8.678412177
-77.390695767 8.673529364
-77.385812955 8.669582424
-77.38003496 8.666652736
-77.373524543 8.664740302
-77.374936484 8.650945944
-77.385375122 8.643633728
-77.401549846 8.642031759
-77.417672893 8.638466085
-77.434002645 8.628259989
-77.435036174 8.620637716
-77.430230265 8.610457459
-77.429093385 8.59262909
-77.441133993 8.567669372
-77.469373301 8.537811606
-77.480356405 8.526199036
-77.48867631 8.496536764
-77.488727987 8.473644104
-77.479684611 8.467856343
-77.449608928 8.470646871
-77.432710735 8.465065816
-77.422323771 8.456410014
-77.405787314 8.428453064
-77.391266236 8.393545634
-77.382998006 8.324945171
-77.374368043 8.28931427
-77.363205933 8.27208018
-77.350493531 8.267403463
-77.337161011 8.266628316
-77.324345256 8.261202291
-77.31690385 8.250841166
-77.295199748 8.205495097
-77.269434251 8.167700643
-77.26011145 8.154025371
-77.231069295 8.098731588
-77.209623576 8.020700175
-77.207763224 7.996567281
-77.201200318 7.981994527
-77.191536825 7.972847799
-77.180839804 7.96514801
-77.171072958 7.954916077
-77.163269816 7.939258117
-77.1690059 7.935072326
-77.206057903 7.935485738
-77.236133586 7.92923289
-77.269723267 7.918122457
-77.300419068 7.902102763
-77.321606405 7.881018779
-77.347186239 7.823812968
-77.376641806 7.786605937
-77.379897421 7.774410299
-77.366513225 7.745109762
-77.345997681 7.725731099
-77.339744833 7.707230937
-77.369097046 7.680772603
-77.509346884 7.594111227
-77.554925497 7.548480937
-77.579988567 7.528378805
-77.60267452 7.526053365
-77.613319866 7.537473857
-77.625463827 7.587444967
-77.633060262 7.600674134
-77.66075883 7.638036194
-77.663394328 7.639948222
-77.671869263 7.641963603
-77.67481482 7.644650778
-77.674763143 7.648423157
-77.670629029 7.657311504
-77.670215618 7.659947001
-77.679930787 7.670954081
-77.729901897 7.713328756
-77.740237183 7.718858134
-77.764215048 7.70573232
-77.770519572 7.668990377
-77.765817017 7.626460674
-77.756825318 7.595558167
-77.734242717 7.551788228
-77.731245484 7.530342509
-77.740237183 7.504607645
-77.755119995 7.486107483
-77.774240275 7.474738668
-77.796306112 7.471276347
-77.820180624 7.476547343
-77.855010539 7.365391337
-77.8958391508 7.23509805635
-77.896555142 7.235296942
-77.918812629 7.241644598
-77.947621223 7.267645575
-77.990467903 7.320949611
-78.006459114 7.332464911
-78.014393684 7.341009833
-78.017811653 7.352280992
-78.015533007 7.362738348
-78.011545377 7.373195705
-78.009755012 7.383490302
-78.014393684 7.393540757
-78.020090299 7.397853908
-78.022857226 7.395982164
-78.024891731 7.392035223
-78.027984179 7.389837958
-78.035878059 7.393011786
-78.038156705 7.399400132
-78.0361222 7.404608466
-78.031483528 7.404120184
-78.043446418 7.422308661
-78.049956835 7.42593008
-78.059396939 7.417792059
-78.065541145 7.417792059
-78.089711067 7.44521719
-78.105620898 7.459418036
-78.117421028 7.465562242
-78.120676236 7.469916083
-78.123158332 7.479478257
-78.127919075 7.489162502
-78.13784746 7.493475653
-78.144154426 7.497870184
-78.149077929 7.50787995
-78.155588345 7.527655341
-78.161773241 7.527655341
-78.166086392 7.512640692
-78.168324348 7.522406317
-78.16926022 7.557440497
-78.174224413 7.575425523
-78.18480384 7.579413153
-78.194447395 7.571437893
-78.19652259 7.553697007
-78.202015754 7.566839911
-78.20030677 7.576157945
-78.196644661 7.584906317
-78.19652259 7.595892645
-78.20030677 7.606431382
-78.204457161 7.612127997
-78.216420051 7.622544664
-78.237700976 7.649888414
-78.252349413 7.660956122
-78.271636523 7.663560289
-78.269276496 7.674546617
-78.273589648 7.682806708
-78.282134569 7.688462632
-78.292144335 7.6914737
-78.282582161 7.710638739
-78.277495898 7.724351304
-78.278146939 7.737372137
-78.285267707 7.75413646
-78.315337694 7.799872137
-78.320057746 7.811265367
-78.32941647 7.843247789
-78.351144986 7.870184637
-78.37596595 7.894191799
-78.394520637 7.917425848
-78.407582161 7.948228257
-78.415638801 7.980129299
-78.416005012 7.99217357
-78.413644986 8.003648179
-78.415638801 8.013617255
-78.433583137 8.045803127
-78.436146614 8.058294989
-78.43081621 8.077134507
-78.41905677 8.095404364
-78.40729733 8.102199611
-78.39574134 8.069891669
-78.381337043 8.063625393
-78.365223762 8.065985419
-78.353586392 8.075669664
-78.3251847 8.060939846
-78.28644772 8.080715236
-78.252186653 8.117499091
-78.237456835 8.153957424
-78.23936927 8.174383856
-78.244740364 8.186916408
-78.253285286 8.195786851
-78.264800585 8.205389716
-78.29405677 8.239203192
-78.30577552 8.246405341
-78.30577552 8.25385163
-78.27863522 8.250962632
-78.270090299 8.252386786
-78.257394986 8.259995835
-78.257394986 8.267523505
-78.263172981 8.270331122
-78.266102668 8.273260809
-78.268177864 8.276678778
-78.271636523 8.28115469
-78.263661262 8.284328518
-78.261301236 8.284735419
-78.257394986 8.294826565
-78.248931444 8.28921133
-78.237456835 8.278509833
-78.230702278 8.274359442
-78.221913215 8.271918036
-78.214222786 8.272162177
-78.199696418 8.274359442
-78.198109504 8.278306382
-78.185861783 8.295111395
-78.182932095 8.297919012
-78.184396939 8.325344143
-78.182932095 8.335760809
-78.180043098 8.337591864
-78.161773241 8.356268622
-78.15754147 8.365545966
-78.155751106 8.374335028
-78.155588345 8.394110419
-78.151356575 8.399481512
-78.14191647 8.404038804
-78.132476366 8.405340887
-78.128285286 8.400946356
-78.123280403 8.364488023
-78.120838996 8.356268622
-78.110951301 8.347967841
-78.094553189 8.339056708
-78.076649543 8.331854559
-78.062489387 8.328924872
-78.051014778 8.322495835
-78.042469856 8.307359117
-78.024891731 8.259711005
-78.015126106 8.246527411
-78.002552864 8.237005927
-77.987416145 8.233343817
-77.982655403 8.235337632
-77.972035286 8.23847077
-77.961293098 8.238023179
-77.953521288 8.223781643
-77.94660397 8.218410549
-77.937733528 8.214422919
-77.929066536 8.212876695
-77.915394661 8.212876695
-77.915394661 8.219061591
-77.93073483 8.222398179
-77.944732226 8.2305362
-77.955881314 8.241644598
-77.962554491 8.25385163
-77.912587043 8.244330145
-77.885975715 8.234686591
-77.869007942 8.215480861
-77.845082161 8.202582098
-77.839670377 8.19550202
-77.838734504 8.180650132
-77.835560676 8.170111395
-77.82925371 8.162787177
-77.819203254 8.157660223
-77.808420377 8.163763739
-77.797271288 8.157700914
-77.788563606 8.143988348
-77.785023567 8.126898505
-77.778146939 8.115790106
-77.762603319 8.111883856
-77.746408658 8.116359768
-77.737212694 8.130316473
-77.765126106 8.130072333
-77.80186927 8.174383856
-77.819203254 8.171291408
-77.870594856 8.235785223
-77.880686002 8.243312893
-77.895415819 8.251532294
-77.984283007 8.267523505
-78.005930142 8.276027736
-78.023182746 8.290472723
-78.034738736 8.309637762
-78.038929817 8.332342841
-78.060699023 8.375921942
-78.067046679 8.402736721
-78.05190996 8.417669989
-78.062733528 8.424709377
-78.074777799 8.434515692
-78.085926887 8.446356512
-78.094146288 8.459295966
-78.098540819 8.475775458
-78.095570442 8.485174872
-78.089995898 8.491888739
-78.086659309 8.50023021
-78.088124153 8.512762762
-78.093861457 8.515936591
-78.102894661 8.518052476
-78.114003059 8.52757396
-78.118885871 8.538763739
-78.119943814 8.548285223
-78.123117642 8.556057033
-78.134429491 8.561712958
-78.130360481 8.552476304
-78.129546679 8.52728913
-78.124501106 8.517645575
-78.111195442 8.509019273
-78.106190559 8.50804271
-78.105824348 8.505031643
-78.10651608 8.472113348
-78.104807095 8.463364976
-78.09093177 8.430853583
-78.089588996 8.420396226
-78.094146288 8.410874742
-78.100331184 8.410874742
-78.119252082 8.442531643
-78.131418424 8.458075262
-78.141265429 8.466131903
-78.156849739 8.466213283
-78.170155403 8.457668361
-78.179432746 8.442084052
-78.182932095 8.421087958
-78.188872851 8.405747789
-78.203765429 8.393947658
-78.222564257 8.386297919
-78.240589973 8.383530992
-78.249134895 8.38690827
-78.252837694 8.39472077
-78.253041145 8.403794664
-78.25112871 8.410874742
-78.245350715 8.417669989
-78.216420051 8.431952216
-78.212513801 8.428656317
-78.209828254 8.426988023
-78.202748176 8.424505927
-78.201527473 8.457342841
-78.206695116 8.487738348
-78.223255989 8.541815497
-78.230702278 8.541815497
-78.237700976 8.52753327
-78.232818163 8.518377997
-78.223296679 8.510565497
-78.216420051 8.50023021
-78.217844205 8.482489325
-78.225575325 8.468247789
-78.230458137 8.456447658
-78.223255989 8.445624091
-78.223255989 8.438177802
-78.226389127 8.435980536
-78.229847786 8.434393622
-78.237456835 8.431952216
-78.241851366 8.440008856
-78.247873502 8.444525458
-78.253570116 8.447821356
-78.257394986 8.451849677
-78.260650194 8.460638739
-78.25894121 8.461655992
-78.25495358 8.461371161
-78.25112871 8.466131903
-78.240386523 8.485296942
-78.241566536 8.494777736
-78.257394986 8.50023021
-78.252593554 8.487738348
-78.254750129 8.481878973
-78.260080533 8.478420315
-78.264800585 8.472967841
-78.27847246 8.445624091
-78.294545051 8.443264065
-78.303334114 8.454291083
-78.312611457 8.486558335
-78.320057746 8.479152736
-78.321034309 8.466253973
-78.334828254 8.446193752
-78.353016731 8.428900458
-78.367258267 8.424505927
-78.376454231 8.44131094
-78.386870898 8.500474351
-78.394520637 8.520697333
-78.390736457 8.52749258
-78.388335741 8.534369208
-78.394520637 8.534369208
-78.394520637 8.52757396
-78.401966926 8.52757396
-78.401966926 8.548041083
-78.408192512 8.548041083
-78.412017382 8.52350495
-78.393788215 8.473863023
-78.38410397 8.42597077
-78.365345832 8.410630601
-78.360991991 8.394110419
-78.388335741 8.335760809
-78.392323371 8.344387111
-78.39948483 8.348822333
-78.407826301 8.351996161
-78.409698046 8.353013414
-78.415638801 8.356268622
-78.43871009 8.384426174
-78.449777799 8.391017971
-78.444406705 8.403225002
-78.445179817 8.421087958
-78.449940559 8.439154364
-78.456654426 8.451849677
-78.464019335 8.446234442
-78.468088345 8.440130927
-78.46996009 8.433010158
-78.470855273 8.424505927
-78.475493944 8.434027411
-78.486398892 8.447821356
-78.490793424 8.459295966
-78.491363085 8.473374742
-78.483957486 8.507066148
-78.490793424 8.524481512
-78.520008918 8.563462632
-78.531727668 8.575995184
-78.51671302 8.575262762
-78.505767382 8.571966864
-78.495920377 8.570746161
-78.483957486 8.575995184
-78.500314908 8.588690497
-78.505848762 8.599066473
-78.504383918 8.634019273
-78.566477017 8.651068427
-78.561268684 8.666449286
-78.558990038 8.670965887
-78.565581835 8.67177969
-78.568999804 8.670233466
-78.573312955 8.664740302
-78.581532356 8.670111395
-78.589222786 8.669582424
-78.596547004 8.666489976
-78.603749153 8.664740302
-78.612538215 8.669745184
-78.618885871 8.681463934
-78.627919075 8.705715236
-78.613677538 8.717230536
-78.608387825 8.735337632
-78.609486457 8.755926825
-78.6142472 8.774603583
-78.621693489 8.774603583
-78.623117642 8.758490302
-78.619130012 8.737860419
-78.619740364 8.723537502
-78.634755012 8.726223049
-78.651519335 8.707953192
-78.682199674 8.747748114
-78.709868944 8.747300523
-78.729400194 8.759344794
-78.749379036 8.801825262
-78.765126106 8.815578518
-78.765126106 8.822414455
-78.757639127 8.822414455
-78.757639127 8.829250393
-78.772450325 8.833563544
-78.781809049 8.842840887
-78.789621549 8.853908596
-78.799875455 8.8633487
-78.791900194 8.846665757
-78.79015052 8.833563544
-78.796457486 8.823472398
-78.812855598 8.815578518
-78.827870246 8.813137111
-78.838002082 8.816961981
-78.857574023 8.83978913
-78.86457272 8.85561758
-78.868560351 8.87490469
-78.873890754 8.891180731
-79.005279101 8.959540106
-79.057606575 8.971014716
-79.0829972 8.988836981
-79.08722897 8.994330145
-79.088490364 9.00409577
-79.085682746 9.009751695
-79.081776496 9.015326239
-79.079823371 9.024725653
-79.07933509 9.045396226
-79.080881314 9.062811591
-79.088856575 9.073797919
-79.107736783 9.075628973
-79.107736783 9.083075262
-79.086293098 9.084621486
-79.069894986 9.093329169
-79.058583137 9.107163804
-79.052479621 9.124009507
-79.046254036 9.124009507
-79.037424283 9.110500393
-79.027699348 9.111029364
-79.011545377 9.124009507
-78.991200325 9.131170966
-78.982167121 9.136419989
-78.977365689 9.145168361
-78.983754036 9.141994533
-78.99718177 9.140936591
-79.005279101 9.138332424
-79.011952278 9.133124091
-79.02472897 9.119370835
-79.028920051 9.116603908
-79.036936002 9.119614976
-79.039540168 9.125921942
-79.042632616 9.131089585
-79.052479621 9.130845445
-79.058664517 9.125637111
-79.070871549 9.107489325
-79.076649543 9.103583075
-79.079009569 9.10146719
-79.082183398 9.096747137
-79.087798632 9.092027085
-79.097482877 9.0899112
-79.10676022 9.089422919
-79.114165819 9.087551174
-79.119048632 9.083197333
-79.120716926 9.075628973
-79.11457272 9.068793036
-79.101673957 9.065008856
-79.089995898 9.056382554
-79.08722897 9.03530508
-79.091786262 9.023016669
-79.102121549 9.006008205
-79.116078254 8.994126695
-79.131581184 8.997463283
-79.138091601 9.000799872
-79.162342903 9.007391669
-79.163400845 9.0117862
-79.168283658 9.019842841
-79.173491991 9.022528387
-79.176014778 9.010728257
-79.192982551 9.005194403
-79.273345507 9.019273179
-79.299468554 9.014146226
-79.30573483 9.014146226
-79.30573483 9.020982164
-79.330311653 9.013413804
-79.386830207 9.018866278
-79.409331835 9.007391669
-79.418202278 9.014146226
-79.427479621 9.013373114
-79.437123176 9.009588934
-79.454457161 9.006293036
-79.466908332 9.001654364
-79.474517382 9.000555731
-79.482004361 8.998358466
-79.484038866 8.993719794
-79.484689908 8.988999742
-79.487904426 8.986883856
-79.491078254 8.983465887
-79.519195116 8.966376044
-79.521229621 8.957424221
-79.520253059 8.948879299
-79.522206184 8.942287502
-79.532866991 8.939113674
-79.515533007 8.909979559
-79.511830207 8.898138739
-79.524973111 8.907294012
-79.541127082 8.923285223
-79.554676887 8.942084052
-79.560170051 8.959540106
-79.566395637 8.959540106
-79.565012174 8.953762111
-79.563221809 8.950018622
-79.560170051 8.94529857
-79.560170051 8.939113674
-79.566395637 8.939113674
-79.559193489 8.91429271
-79.563872851 8.892767645
-79.578480598 8.882269598
-79.601185676 8.89069245
-79.646839973 8.882635809
-79.66120358 8.87523021
-79.655751106 8.8633487
-79.655751106 8.857123114
-79.666859504 8.860825914
-79.673980273 8.865545966
-79.68065345 8.867621161
-79.690541145 8.8633487
-79.693470832 8.866644598
-79.694650845 8.868312893
-79.697010871 8.869208075
-79.703602668 8.870184637
-79.703602668 8.8633487
-79.700795051 8.859930731
-79.699208137 8.854803778
-79.696766731 8.849676825
-79.713937955 8.852606512
-79.730213996 8.844305731
-79.743560351 8.830064195
-79.752023892 8.815578518
-79.756255663 8.796291408
-79.752023892 8.736761786
-79.749867317 8.731024481
-79.745187955 8.728013414
-79.740467903 8.725978908
-79.738352017 8.72280508
-79.73932858 8.716498114
-79.741363085 8.71112702
-79.744536913 8.705715236
-79.746815559 8.697943427
-79.750803189 8.689601955
-79.756011523 8.681586005
-79.761952278 8.674709377
-79.765939908 8.67182038
-79.77839108 8.665838934
-79.791005012 8.663234768
-79.791737434 8.659491278
-79.790516731 8.655015367
-79.792958137 8.651068427
-79.810018633 8.646601108
-79.826310675 8.638520066
-79.813690616 8.626059908
-79.779608046 8.61840994
-79.747351026 8.631258633
-79.717304993 8.646310358
-79.705803938 8.652550776
-79.70209359 8.657320823
-79.69726914 8.657323396
-79.696897268 8.648887585
-79.700607139 8.641550643
-79.734365125 8.615498574
-79.774395957 8.57955013
-79.793673172 8.572207498
-79.826298355 8.56155282
-79.864117994 8.552357599
-79.871525426 8.542819456
-79.869781054 8.531805731
-79.871734179 8.524155992
-79.874867317 8.520697333
-79.87999427 8.518622137
-79.891224739 8.516302802
-79.895375129 8.514553127
-79.910552538 8.500474351
-79.917632616 8.495428778
-79.9267472 8.493394273
-79.932118293 8.489162502
-79.941802538 8.470404364
-79.946888801 8.466131903
-79.948963996 8.462307033
-79.970204231 8.444077867
-80.040801562 8.397975979
-80.080881314 8.371771552
-80.125843879 8.348618882
-80.195546028 8.312933661
-80.224964973 8.301052151
-80.272735155 8.294826565
-80.281605598 8.295925197
-80.294463671 8.300441799
-80.300038215 8.301052151
-80.308827278 8.298651434
-80.326283332 8.290309963
-80.334217903 8.287990627
-80.361480273 8.294826565
-80.374663866 8.303371486
-80.380726692 8.310370184
-80.375762499 8.315252997
-80.385772265 8.311346747
-80.386260546 8.306952216
-80.384755012 8.301581122
-80.388783332 8.294826565
-80.407012499 8.283026434
-80.470244921 8.220648505
-80.478179491 8.202337958
-80.474842903 8.106472072
-80.476104296 8.094875393
-80.478464322 8.091376044
-80.484405077 8.082546291
-80.468169726 8.074855861
-80.460926887 8.055731512
-80.456084765 8.036200262
-80.447173632 8.02728913
-80.432403124 8.024237372
-80.394276496 8.007635809
-80.382598437 7.999335028
-80.34886634 7.989284572
-80.327748176 7.95331452
-80.313343879 7.911444403
-80.300038215 7.883327541
-80.204457161 7.807562567
-80.143788215 7.752752997
-80.052398241 7.637111721
-80.005767382 7.552272854
-79.993519661 7.522772528
-79.994658983 7.503444729
-80.010039843 7.465236721
-80.017852343 7.456813869
-80.030059374 7.453924872
-80.056792773 7.452541408
-80.064971483 7.450995184
-80.135528124 7.424627997
-80.198516405 7.424709377
-80.210682746 7.417792059
-80.222808398 7.423366604
-80.249663866 7.42963288
-80.25906328 7.438259182
-80.265899218 7.438259182
-80.274810351 7.433864651
-80.306874153 7.424627997
-80.306874153 7.417792059
-80.29397539 7.419256903
-80.283558723 7.42182038
-80.27452552 7.42568594
-80.265899218 7.430812893
-80.25906328 7.424627997
-80.330962694 7.401190497
-80.357574023 7.382025458
-80.361480273 7.355739651
-80.344390429 7.327419338
-80.347564257 7.318264065
-80.37234453 7.314764716
-80.379261848 7.312770901
-80.387115038 7.308050848
-80.393584765 7.302394924
-80.396270312 7.297674872
-80.398833788 7.286647854
-80.405384895 7.282782294
-80.414418098 7.280340887
-80.424183723 7.273749091
-80.428496874 7.265448309
-80.428130663 7.258490302
-80.429107226 7.252346096
-80.437245246 7.246486721
-80.444813606 7.245876369
-80.463734504 7.251654364
-80.474476692 7.253322658
-80.596831835 7.238063869
-80.604074674 7.236721096
-80.713124153 7.216457424
-80.793365038 7.213568427
-80.813994921 7.219142971
-80.820790168 7.219142971
-80.825957812 7.213324286
-80.831084765 7.211371161
-80.836211718 7.213324286
-80.841297981 7.219142971
-80.848133918 7.219142971
-80.861805793 7.205715236
-80.873076952 7.212551174
-80.889068163 7.239040432
-80.894439257 7.243434963
-80.901763476 7.248114325
-80.910552538 7.251776434
-80.920074023 7.253322658
-80.929717577 7.256496486
-80.930165168 7.263576565
-80.925567187 7.270575262
-80.920074023 7.273749091
-80.916005012 7.278143622
-80.917144335 7.299627997
-80.916371223 7.307928778
-80.91116289 7.315008856
-80.899932421 7.323513088
-80.895985481 7.328395901
-80.892364062 7.341742255
-80.89159095 7.360174872
-80.89565996 7.376613674
-80.921172655 7.392035223
-80.920806444 7.410793361
-80.910186327 7.441677151
-80.91506914 7.454657294
-80.951161262 7.493475653
-80.954619921 7.495510158
-80.96218828 7.502468166
-80.966908332 7.509914455
-80.954701301 7.516913153
-80.952748176 7.525458075
-80.951649543 7.535589911
-80.947743293 7.544094143
-80.94631914 7.555690822
-80.955718554 7.569647528
-80.968983528 7.58205801
-80.979115364 7.589056708
-80.979115364 7.595892645
-80.971669075 7.595892645
-80.971669075 7.602728583
-81.020049608 7.650539455
-81.029937304 7.656073309
-81.037505663 7.658270575
-81.041289843 7.661688544
-81.039906379 7.671047268
-81.035186327 7.679958401
-81.027821418 7.686183986
-81.017852343 7.688421942
-81.005767382 7.685329494
-81.010609504 7.693915106
-81.021839973 7.702663479
-81.034453905 7.709295966
-81.043324348 7.711981512
-81.044829882 7.716701565
-81.026234504 7.746730861
-81.037139452 7.74599844
-81.046864387 7.747219143
-81.054839648 7.75002676
-81.061024543 7.754177151
-81.057606575 7.754950262
-81.054798957 7.754828192
-81.053252733 7.755926825
-81.053578254 7.760402736
-81.076690233 7.764797268
-81.086089648 7.779120184
-81.085438606 7.794338283
-81.078114387 7.801336981
-81.072499153 7.803534247
-81.06749427 7.808172919
-81.060821093 7.812892971
-81.050160286 7.815008856
-81.037627733 7.815008856
-81.027577278 7.816799221
-81.021270312 7.822699286
-81.020049608 7.835516669
-81.026234504 7.835516669
-81.048858202 7.822699286
-81.05589759 7.849391994
-81.053578254 7.911200262
-81.07522539 7.87128327
-81.090443489 7.857855536
-81.101958788 7.877101955
-81.108184374 7.877101955
-81.105946418 7.866400458
-81.102162239 7.858587958
-81.096302864 7.853054104
-81.087676562 7.849188544
-81.087676562 7.842311916
-81.133046028 7.842311916
-81.142364062 7.844427802
-81.154815233 7.853827216
-81.167144335 7.855983791
-81.19241289 7.8633487
-81.197377082 7.87905508
-81.199940559 7.893622137
-81.218047655 7.897528387
-81.20815996 7.893459377
-81.205230273 7.889919338
-81.20437578 7.883327541
-81.217640754 7.8789737
-81.215199348 7.87099844
-81.197539843 7.855983791
-81.180205858 7.846869208
-81.177113411 7.845729885
-81.178700325 7.836859442
-81.181630012 7.829657294
-81.183257616 7.823675848
-81.164702929 7.78900788
-81.174427864 7.763006903
-81.196685351 7.741725979
-81.218047655 7.726263739
-81.222401496 7.73440176
-81.223174608 7.739203192
-81.221465624 7.742702541
-81.218047655 7.746730861
-81.218047655 7.754177151
-81.232045051 7.755031643
-81.245961067 7.754177151
-81.245961067 7.746730861
-81.23538164 7.743841864
-81.229481575 7.737819729
-81.218047655 7.719427802
-81.23155677 7.714382229
-81.237416145 7.715114651
-81.245961067 7.719427802
-81.238677538 7.707464911
-81.23167884 7.698919989
-81.225493944 7.698919989
-81.21214759 7.706122137
-81.197539843 7.711981512
-81.193267382 7.700751044
-81.197539843 7.657375393
-81.195464648 7.645697333
-81.195179817 7.638861395
-81.197539843 7.630072333
-81.201324023 7.62518952
-81.213408983 7.615423895
-81.218047655 7.608954169
-81.225493944 7.608954169
-81.234038866 7.615261135
-81.266224739 7.632391669
-81.273304817 7.633490302
-81.278716601 7.646063544
-81.291167773 7.650661526
-81.314239062 7.650539455
-81.396962043 7.673529364
-81.424102343 7.671047268
-81.428212043 7.682562567
-81.434925911 7.692653713
-81.442901171 7.700466213
-81.450795051 7.705145575
-81.47390703 7.69940827
-81.503448046 7.701971747
-81.525786913 7.711452541
-81.527129687 7.726263739
-81.518666145 7.728908596
-81.499989387 7.738674221
-81.488758918 7.749212958
-81.528065559 7.760565497
-81.539051887 7.757350979
-81.54019121 7.739935614
-81.563221809 7.756293036
-81.574940559 7.760402736
-81.574940559 7.767238674
-81.568389452 7.776027736
-81.573882616 7.784328518
-81.58311927 7.793402411
-81.588002082 7.804470119
-81.586293098 7.820868231
-81.581776496 7.831569729
-81.56749427 7.849188544
-81.56749427 7.855983791
-81.574615038 7.860663153
-81.581898567 7.862494208
-81.588978645 7.861110744
-81.595448371 7.855983791
-81.601592577 7.855983791
-81.609120246 7.862819729
-81.609120246 7.870266018
-81.599761523 7.877834377
-81.599883593 7.885036526
-81.608021614 7.889837958
-81.622710741 7.890082098
-81.619618293 7.905340887
-81.618682421 7.92202383
-81.612945116 7.931423244
-81.595448371 7.924872137
-81.598011848 7.93378327
-81.602080858 7.940008856
-81.615874804 7.952175197
-81.611236132 7.959621486
-81.612945116 7.974188544
-81.609120246 7.986354885
-81.621327278 7.981350002
-81.627105273 7.982814846
-81.628895637 7.981838283
-81.628936327 7.969265041
-81.624134895 7.955389716
-81.622588671 7.947943427
-81.625884569 7.944728908
-81.633290168 7.945868231
-81.638457812 7.94924551
-81.64159095 7.954657294
-81.642608202 7.962103583
-81.645904101 7.973089911
-81.663563606 7.997300523
-81.670521614 8.006781317
-81.68480384 8.044623114
-81.691029426 8.05463288
-81.697132942 8.03912995
-81.698353645 8.031032619
-81.697865364 8.021063544
-81.708363411 8.03131745
-81.708526171 8.045843817
-81.710357226 8.059841213
-81.725738085 8.068264065
-81.725738085 8.075710354
-81.717274543 8.070827541
-81.709462043 8.068630276
-81.702870246 8.069973049
-81.697865364 8.075710354
-81.691029426 8.075710354
-81.687611457 8.072780666
-81.685414192 8.071600653
-81.677357551 8.068264065
-81.711455858 8.130316473
-81.733550585 8.157660223
-81.74343828 8.173163153
-81.746245898 8.191799221
-81.752471483 8.191799221
-81.758208788 8.180609442
-81.760650194 8.169582424
-81.757476366 8.161159572
-81.746245898 8.157660223
-81.752430793 8.148993231
-81.767486132 8.13275788
-81.774199999 8.123480536
-81.780384895 8.123480536
-81.798329231 8.137111721
-81.876576301 8.16787344
-81.885365364 8.173285223
-81.92703203 8.183172919
-81.941151496 8.184963283
-81.951812304 8.19143301
-81.947865364 8.206244208
-81.931182421 8.233343817
-81.943267382 8.229641018
-81.956695116 8.221014716
-81.967640754 8.209051825
-81.972198046 8.19550202
-81.978382942 8.192531643
-81.992176887 8.201117255
-82.013172981 8.219061591
-82.027862108 8.208278713
-82.060292121 8.210272528
-82.093129036 8.220363674
-82.109364387 8.233343817
-82.115589973 8.233343817
-82.117298957 8.215155341
-82.142404752 8.16006094
-82.144561327 8.161891994
-82.148915168 8.16408926
-82.150298632 8.164496161
-82.150298632 8.157660223
-82.156524218 8.157660223
-82.147206184 8.180934963
-82.147572395 8.188299872
-82.156524218 8.184963283
-82.155384895 8.193182684
-82.153797981 8.1992862
-82.150380012 8.20331452
-82.143462694 8.205389716
-82.143462694 8.212917385
-82.156890429 8.211737372
-82.174102343 8.201727606
-82.187896288 8.19924551
-82.19652259 8.202175197
-82.209258593 8.215521552
-82.219227668 8.219061591
-82.219227668 8.225897528
-82.214100715 8.227443752
-82.209584114 8.231146552
-82.204945442 8.233343817
-82.216542121 8.264227606
-82.217559374 8.278225002
-82.211781379 8.287990627
-82.211781379 8.294826565
-82.217640754 8.299343166
-82.218780077 8.304348049
-82.216420051 8.309759833
-82.211781379 8.315252997
-82.210601366 8.31264883
-82.210845507 8.309881903
-82.209828254 8.308050848
-82.204945442 8.30849844
-82.209828254 8.321844794
-82.208648241 8.3320987
-82.200550911 8.339300848
-82.184437629 8.343207098
-82.207875129 8.34393952
-82.220122851 8.342962958
-82.225453254 8.339504299
-82.241444465 8.306708075
-82.242461718 8.301052151
-82.261952278 8.302801825
-82.277088996 8.309271552
-82.284413215 8.322211005
-82.280059374 8.343207098
-82.296498176 8.336208401
-82.313954231 8.330837307
-82.331654426 8.329779364
-82.34890703 8.335760809
-82.347075976 8.329169012
-82.34496009 8.315008856
-82.342762825 8.30849844
-82.358672655 8.306097723
-82.387196418 8.291449286
-82.400135871 8.287990627
-82.4189347 8.2930362
-82.433257616 8.304348049
-82.435332812 8.316107489
-82.417225715 8.322780666
-82.417225715 8.328924872
-82.425689257 8.332302151
-82.430287239 8.338161526
-82.431752082 8.346218166
-82.43089759 8.356268622
-82.441029426 8.348700262
-82.44261634 8.336330471
-82.447010871 8.323553778
-82.465606249 8.315252997
-82.465606249 8.30849844
-82.461415168 8.302923895
-82.457427538 8.296047268
-82.45413164 8.288519598
-82.452015754 8.28115469
-82.470855273 8.277126369
-82.47777259 8.2774112
-82.486114062 8.28115469
-82.511708137 8.276434637
-82.552642382 8.287380276
-82.622670051 8.315252997
-82.658924934 8.322780666
-82.698597786 8.322821356
-82.738026496 8.317450262
-82.808705207 8.295681057
-82.839019335 8.278509833
-82.862456835 8.25405508
-82.877186653 8.219061591
-82.8798722 8.177883205
-82.872832812 8.135891018
-82.849232551 8.068264065
-82.849232551 8.062038479
-82.862090624 8.048895575
-82.86819414 8.032375393
-82.876942512 8.023871161
-82.897613085 8.034735419
-82.8976292589 8.03474802007
-82.891369792 8.057545471
-82.886408855 8.102193909
-82.939092978 8.216838074
-82.943666342 8.248567403
-82.950513469 8.258825175
-82.968005941 8.267971904
-82.977126831 8.269237976
-82.989193278 8.264457907
-82.995523641 8.264819641
-83.001104696 8.269237976
-83.010768189 8.28337148
-83.016065024 8.289004211
-83.04407365 8.305359803
-83.053246217 8.31510081
-83.052109335 8.327632345
-83.043298503 8.334737854
-82.997771566 8.360162659
-82.953510702 8.402098084
-82.924778605 8.416748352
-82.896511597 8.425352478
-82.870414999 8.438116557
-82.848297486 8.465169169
-82.838918214 8.494624736
-82.835972657 8.52976471
-82.84186377 8.599476217
-82.849796103 8.629861959
-82.862224285 8.655700176
-82.87894161 8.679057923
-82.910335043 8.713913676
-82.919223389 8.727065328
-82.924158489 8.741198832
-82.92296993 8.75615916
-82.914882569 8.764789124
-82.885116944 8.783185934
-82.875789348 8.793908793
-82.875634319 8.807525533
-82.883566651 8.812383118
-82.888320883 8.816930644
-82.878579875 8.829772238
-82.86692684 8.838066304
-82.76378068 8.879950053
-82.733860026 8.897985128
-82.72015671 8.92023775
-82.719364787 8.921523743
-82.723343872 8.930928854
-82.749130412 8.974078674
-82.762695476 8.982992859
-82.808170736 8.998366597
-82.854085247 9.031982117
-82.876564495 9.04192983
-82.88242977 9.045340475
-82.886873943 9.05148997
-82.889690308 9.059370626
-82.89328182 9.066941224
-82.9002323 9.07205719
-82.909456544 9.072005514
-82.939377198 9.059577332
-82.939521085 9.070641889
-82.941650961 9.23442454
-82.943201254 9.354313863
-82.944286459 9.437151185
-82.941702637 9.456348979
-82.933305217 9.470327454
-82.914624187 9.476864522
-82.861294109 9.484099223
-82.846385458 9.49254832
-82.844783489 9.500687358
-82.849382691 9.503477885
-82.855919759 9.50544159
-82.860208903 9.511203512
-82.867133545 9.538643697
-82.879251669 9.559908549
-82.877391317 9.569184469
-82.866048341 9.585074972
-82.847470663 9.600655416
-82.829022176 9.602722473
-82.771092896 9.579855652
-82.729364177 9.544896546
-82.719726522 9.541330872
-82.711690837 9.544999899
-82.701458904 9.533553569
-82.688668987 9.509446513
-82.67804948 9.497767639
-82.668205119 9.493168437
-82.650712647 9.487845764
-82.63213497 9.484667663
-82.618854126 9.486708883
-82.612394573 9.4994988
-82.608208782 9.537868551
-82.601103272 9.548668925
-82.585884563 9.546240133
-82.570614177 9.538230285
-82.562836874 9.538695373
-82.573591308 9.57619469878
-82.561879036 9.569077867
-82.465646939 9.493963934
-82.406605598 9.435248114
-82.368967252 9.414943752
-82.342762825 9.432521877
-82.345082161 9.415432033
-82.349598762 9.402044989
-82.376779752 9.355169989
-82.379465299 9.34381745
-82.37629147 9.330064195
-82.367787239 9.320746161
-82.3564347 9.313421942
-82.348133918 9.305568752
-82.34894772 9.294745184
-82.362456835 9.284125067
-82.387603319 9.286078192
-82.389963345 9.274847723
-82.394927538 9.267075914
-82.393666145 9.262111721
-82.388783332 9.260077216
-82.383046028 9.261216539
-82.373199023 9.254543361
-82.36449134 9.242865302
-82.358143684 9.229437567
-82.355824348 9.216782945
-82.350575325 9.20726146
-82.314808723 9.185492255
-82.307972786 9.185492255
-82.300445116 9.197088934
-82.288238085 9.198553778
-82.28246009 9.202093817
-82.294300911 9.220282294
-82.280995246 9.216620184
-82.275949674 9.206447658
-82.273060676 9.194484768
-82.266428189 9.185492255
-82.255482551 9.182603257
-82.247914192 9.186997789
-82.244455533 9.197577216
-82.245961067 9.213446356
-82.239084439 9.213446356
-82.238148567 9.200262762
-82.231068489 9.193752346
-82.223052538 9.192775783
-82.219227668 9.196356512
-82.218739387 9.208644924
-82.216867642 9.217474677
-82.212513801 9.220038153
-82.204945442 9.213446356
-82.203968879 9.216538804
-82.204009569 9.219224351
-82.202788866 9.220689195
-82.198109504 9.220282294
-82.196197069 9.21116771
-82.193430142 9.204087632
-82.189605273 9.198309637
-82.184437629 9.192938544
-82.177642382 9.192938544
-82.177642382 9.199774481
-82.170806444 9.199774481
-82.173451301 9.184759833
-82.171701627 9.157416083
-82.177642382 9.145168361
-82.20811927 9.163763739
-82.224110481 9.169663804
-82.249623176 9.17182038
-82.260731575 9.16404857
-82.263783332 9.146551825
-82.260731575 9.127875067
-82.253407356 9.116603908
-82.253407356 9.110419012
-82.25894121 9.112738348
-82.273833788 9.116603908
-82.268462694 9.102362372
-82.244536913 9.0899112
-82.239084439 9.079331773
-82.245961067 9.014146226
-82.250477668 9.015204169
-82.253488736 9.016302802
-82.256214973 9.017971096
-82.260161913 9.020982164
-82.243031379 9.004461981
-82.218820767 8.993353583
-82.194691536 8.990952867
-82.177642382 9.000555731
-82.14175371 8.988959052
-82.129017707 8.981390692
-82.129221158 8.973211981
-82.11440996 8.950751044
-82.109364387 8.94529857
-82.107004361 8.941880601
-82.105376757 8.935207424
-82.101918098 8.931626695
-82.097808398 8.930609442
-82.086659309 8.931708075
-82.06761634 8.930731512
-82.020008918 8.94529857
-81.997710741 8.947455145
-81.985218879 8.942328192
-81.974720832 8.935207424
-81.958566861 8.931626695
-81.943959114 8.935126044
-81.929432746 8.943833726
-81.920765754 8.955145575
-81.923736132 8.966376044
-81.912464973 8.971096096
-81.903716601 8.971136786
-81.889637825 8.966376044
-81.8876847 8.962591864
-81.878041145 8.954250393
-81.867339648 8.9492862
-81.862375455 8.955796617
-81.852284309 8.958319403
-81.793446418 8.931626695
-81.775542773 8.940252997
-81.77057858 8.957464911
-81.774240689 8.997463283
-81.841867642 9.03530508
-81.877064582 9.087307033
-81.886219856 9.096136786
-81.899281379 9.101874091
-81.917836067 9.114976304
-81.933420377 9.129217841
-81.937408007 9.138332424
-81.922027148 9.138128973
-81.896636523 9.131781317
-81.872873502 9.129543361
-81.862375455 9.141750393
-81.894764778 9.156927802
-81.910308398 9.16811758
-81.9033097 9.179266669
-81.882801887 9.179510809
-81.865467903 9.166652736
-81.841867642 9.138332424
-81.818755663 9.12107982
-81.814564582 9.116603908
-81.816029426 9.108058986
-81.824208137 9.10545482
-81.834380663 9.107001044
-81.841867642 9.110419012
-81.841867642 9.103583075
-81.833729621 9.09381745
-81.82583139 9.085286054
-81.820880854 9.070647428
-81.813465568 9.06780531
-81.800285578 9.067811131
-81.776807035 9.06497242
-81.761971322 9.063750226
-81.736887174 9.036932684
-81.72117187 9.032021871
-81.706450976 8.999172268
-81.701568163 8.994330145
-81.687489387 8.984198309
-81.627552864 8.899115302
-81.587310351 8.856350002
-81.56749427 8.843491929
-81.561594205 8.834377346
-81.550770637 8.822821356
-81.539051887 8.812933661
-81.530262825 8.80874258
-81.521473762 8.806789455
-81.503292086 8.800959842
-81.491196939 8.800984727
-81.473474339 8.806593814
-81.421506347 8.796426828
-81.409430749 8.80009972
-81.381546645 8.800120439
-81.357980924 8.78510163
-81.30446316 8.781882361
-81.266224149 8.789234831
-81.213072786 8.791808601
-81.174784673 8.796765778
-81.130340236 8.801736471
-81.087717252 8.80874258
-81.079904752 8.80483633
-81.070708788 8.806830145
-81.061512825 8.813177802
-81.053578254 8.822414455
-80.975138938 8.848088992
-80.89892321 8.879635169
-80.881717074 8.885697916
-80.844856946 8.884479757
-80.822417773 8.89069245
-80.812899457 8.90266958
-80.804292364 8.912369333
-80.783558723 8.939195054
-80.772572395 8.953436591
-80.762521939 8.959540106
-80.759144661 8.962713934
-80.755848762 8.969794012
-80.750640429 8.976874091
-80.741688606 8.980047919
-80.72682629 8.997221549
-80.703484623 9.008107912
-80.667103645 9.029730536
-80.653228319 9.03530508
-80.637117869 9.051671743
-80.57933727 9.080687317
-80.506772715 9.110891244
-80.408315862 9.142262116
-80.292591926 9.151353257
-80.277455207 9.15639883
-80.244781054 9.175116278
-80.234934049 9.179266669
-80.199940559 9.183172919
-80.162912564 9.192938544
-80.129709439 9.206203518
-80.100819465 9.222316799
-80.065200702 9.262480813
-80.026193814 9.296616929
-80.000823382 9.320515588
-79.998504679 9.331796456
-79.978943744 9.363353126
-79.953731058 9.373433893
-79.947436412 9.372848822
-79.943755663 9.363592841
-79.945912239 9.325873114
-79.943755663 9.315863348
-79.938221809 9.309149481
-79.929432746 9.304144598
-79.91917884 9.303168036
-79.909047004 9.308417059
-79.901600715 9.326646226
-79.900257942 9.346828518
-79.894683398 9.356431382
-79.874867317 9.343166408
-79.877064582 9.35162995
-79.879505989 9.368801174
-79.881703254 9.377264716
-79.879302538 9.375433661
-79.874867317 9.37107982
-79.868031379 9.377264716
-79.880401584 9.39464028
-79.871211532 9.404204787
-79.85978612 9.39908363
-79.840898127 9.400709095
-79.818623144 9.391032054
-79.800363736 9.360785223
-79.792958137 9.349351304
-79.796986457 9.37128327
-79.802154101 9.38666413
-79.802723762 9.400580145
-79.792958137 9.41819896
-79.778146939 9.431586005
-79.748280403 9.442531643
-79.73151608 9.45302969
-79.729359504 9.455959377
-79.726633267 9.463364976
-79.724720832 9.466701565
-79.721302864 9.469224351
-79.714654537 9.479844922
-79.705462691 9.485459786
-79.69062972 9.495799408
-79.684283154 9.521478175
-79.677374586 9.545607528
-79.659683023 9.552373618
-79.651662454 9.5596939
-79.656484816 9.564962828
-79.667720358 9.560802323
-79.676503059 9.558417059
-79.682157669 9.56452674
-79.675731973 9.568706321
-79.669843266 9.57288658
-79.664484857 9.583370031
-79.650031055 9.589606428
-79.638852936 9.598508694
-79.630335197 9.608473537
-79.612210228 9.613666727
-79.596242734 9.611521288
-79.57654893 9.617789961
-79.55096855 9.62929248
-79.532866991 9.624335028
-79.527984179 9.612453518
