-24.683257616 14.842474677
-24.686879036 14.826646226
-24.695301887 14.819403387
-24.70441647 14.814032294
-24.710560676 14.803941148
-24.718006965 14.803941148
-24.725453254 14.814113674
-24.744618293 14.826605536
-24.751535611 14.838771877
-24.75894121 14.831854559
-24.754709439 14.840806382
-24.753244595 14.849351304
-24.754709439 14.857855536
-24.75894121 14.866644598
-24.745350715 14.866644598
-24.749419726 14.885484117
-24.737619595 14.892035223
-24.719349739 14.89443594
-24.70433509 14.900824286
-24.693104621 14.89069245
-24.686756965 14.876166083
-24.683949348 14.85944245
-24.683257616 14.842474677
-24.334462043 14.831854559
-24.376535611 14.815985419
-24.41502845 14.820868231
-24.449086067 14.838080145
-24.506581184 14.884955145
-24.520375129 14.903957424
-24.526234504 14.924709377
-24.52061927 14.94525788
-24.506743944 14.969183661
-24.488921679 14.990545966
-24.464588996 15.00771719
-24.40343177 15.038031317
-24.385568814 15.043524481
-24.364857551 15.045396226
-24.343251106 15.040716864
-24.32921302 15.028713283
-24.320139127 15.013006903
-24.307240364 14.979437567
-24.295765754 14.930487372
-24.296538866 14.917547919
-24.301503059 14.90648021
-24.298207161 14.895453192
-24.293283658 14.884344794
-24.292836067 14.872870184
-24.299549934 14.863023179
-24.334462043 14.831854559
-23.739898241 15.317328192
-23.737945116 15.311672268
-23.719227668 15.322902736
-23.703236457 15.313462632
-23.697824674 15.296332098
-23.710682746 15.284369208
-23.697336392 15.266017971
-23.681752082 15.254828192
-23.648548957 15.237209377
-23.656076627 15.229722398
-23.638783332 15.226263739
-23.630279101 15.219183661
-23.615101692 15.195013739
-23.584217903 15.162420966
-23.5673722 15.152085679
-23.552357551 15.153998114
-23.549143033 15.149359442
-23.547474739 15.145941473
-23.544992642 15.143133856
-23.539296028 15.140366929
-23.540760871 15.139064846
-23.534413215 15.13300202
-23.527251757 15.127386786
-23.525705533 15.127346096
-23.522938606 15.126695054
-23.514068163 15.127997137
-23.511382616 15.127346096
-23.510812955 15.124212958
-23.512033658 15.116115627
-23.511382616 15.113023179
-23.470448371 15.037990627
-23.466542121 15.034247137
-23.463612434 15.033148505
-23.460682746 15.030951239
-23.456776496 15.02366771
-23.454579231 15.018947658
-23.451893684 15.015122789
-23.448353645 15.012396552
-23.443104621 15.010687567
-23.447824674 14.995754299
-23.454660611 14.985907294
-23.477894661 14.969061591
-23.470448371 14.962225653
-23.480213996 14.946600653
-23.486317512 14.930853583
-23.494007942 14.918687242
-23.508290168 14.913804429
-23.516224739 14.912827867
-23.531849739 14.908636786
-23.539296028 14.907619533
-23.547352668 14.908514716
-23.55581621 14.912787177
-23.563221809 14.913804429
-23.596424934 14.914536851
-23.624134895 14.91811758
-23.64972897 14.926499742
-23.676503059 14.935532945
-23.715077278 14.968451239
-23.730539517 14.985825914
-23.730702278 15.018500067
-23.742054817 15.026353257
-23.758290168 15.03131745
-23.772084114 15.037990627
-23.772694465 15.041693427
-23.779530403 15.064642645
-23.78229733 15.068548895
-23.78628496 15.072414455
-23.79010983 15.077704169
-23.792591926 15.085760809
-23.789865689 15.09381745
-23.775624153 15.118231512
-23.772084114 15.127346096
-23.772938606 15.140448309
-23.785755989 15.174505927
-23.776193814 15.177232164
-23.770130989 15.183986721
-23.76675371 15.193752346
-23.765858528 15.205511786
-23.763661262 15.216294664
-23.758697069 15.223089911
-23.753814257 15.228094794
-23.751576301 15.233465887
-23.75495358 15.250311591
-23.763295051 15.26976146
-23.77440345 15.285630601
-23.785755989 15.291815497
-23.779123502 15.294134833
-23.758412239 15.30487702
-23.773060676 15.310614325
-23.779530403 15.311672268
-23.751576301 15.332749742
-23.744130012 15.332749742
-23.743560351 15.325140692
-23.742014127 15.320949611
-23.739898241 15.317328192
-23.176258918 15.319159247
-23.161936002 15.31256745
-23.139515754 15.317775783
-23.127797004 15.311672268
-23.121896939 15.299139716
-23.120513476 15.283351955
-23.121571418 15.256415106
-23.11046302 15.19940827
-23.111927864 15.17194245
-23.127797004 15.146633205
-23.132801887 15.14472077
-23.148671028 15.142767645
-23.155140754 15.140366929
-23.158843554 15.135565497
-23.163644986 15.123724677
-23.168812629 15.119859117
-23.182728645 15.118597723
-23.195952929 15.122056382
-23.217152473 15.133530992
-23.240630663 15.150051174
-23.252064582 15.161810614
-23.258168098 15.174505927
-23.25511634 15.186835028
-23.24730384 15.19920482
-23.24327552 15.211330471
-23.251332161 15.22288646
-23.237172004 15.231024481
-23.230865038 15.243963934
-23.234852668 15.254828192
-23.251332161 15.256415106
-23.245716926 15.271063544
-23.224110481 15.286688544
-23.209787564 15.311672268
-23.214466926 15.313544012
-23.215158658 15.314439195
-23.214955207 15.315822658
-23.217152473 15.319159247
-23.203277148 15.324896552
-23.189849413 15.332749742
-23.189564582 15.329494533
-23.189849413 15.319159247
-23.181263801 15.325751044
-23.178944465 15.327948309
-23.176258918 15.332749742
-23.168812629 15.325344143
-23.176258918 15.319159247
-22.85252845 16.206610419
-22.82941647 16.204006252
-22.819325325 16.212958075
-22.811675585 16.228420315
-22.793812629 16.231350002
-22.734689908 16.216864325
-22.72386634 16.212632554
-22.713856575 16.205755927
-22.709828254 16.198635158
-22.703765429 16.17959219
-22.699574348 16.17568594
-22.682484504 16.168646552
-22.678700325 16.151760158
-22.682118293 16.113592841
-22.678374804 16.111883856
-22.670806444 16.102240302
-22.666574674 16.091457424
-22.672515429 16.086330471
-22.675607877 16.08201732
-22.677113411 16.072658596
-22.679798957 16.063218492
-22.69644121 16.052923895
-22.75108802 16.010565497
-22.787587043 15.991603908
-22.806141731 15.985907294
-22.863677538 15.982367255
-22.873890754 15.983872789
-22.883656379 15.988714911
-22.897775845 16.000474351
-22.909291145 16.003729559
-22.945546028 16.01968008
-22.957753059 16.030829169
-22.963978645 16.052191473
-22.963246223 16.071193752
-22.957753059 16.089016018
-22.947417773 16.102240302
-22.932606575 16.107407945
-22.913563606 16.125555731
-22.924427864 16.212958075
-22.915598111 16.243963934
-22.911610481 16.236721096
-22.90721595 16.231431382
-22.895090299 16.22284577
-22.877919075 16.2149112
-22.85252845 16.206610419
-24.292836067 16.641831773
-24.28237871 16.641343492
-24.226796028 16.649603583
-24.217111783 16.647691148
-24.180572069 16.630845445
-24.172474739 16.62909577
-24.089995898 16.622463283
-24.06753496 16.613918361
-24.04796302 16.598822333
-24.037424283 16.593003648
-24.032826301 16.596828518
-24.032826301 16.56240469
-24.04409746 16.559881903
-24.114735481 16.559271552
-24.191965299 16.592474677
-24.233306444 16.602118231
-24.272328254 16.587225653
-24.28636634 16.570746161
-24.315337694 16.520412502
-24.324696418 16.482652085
-24.333404101 16.494940497
-24.347482877 16.531968492
-24.353382942 16.540432033
-24.360178189 16.547186591
-24.365630663 16.555609442
-24.367909309 16.569159247
-24.368560351 16.579535223
-24.370920377 16.587144273
-24.37608802 16.591782945
-24.385080533 16.593410549
-24.408273892 16.600165106
-24.424712694 16.61713288
-24.43065345 16.639471747
-24.422596809 16.662298895
-24.361480273 16.681586005
-24.354237434 16.680609442
-24.340565559 16.675360419
-24.328684049 16.667792059
-24.305165168 16.647894598
-24.292836067 16.641831773
-22.897368944 16.710272528
-22.884185351 16.698431708
-22.881337043 16.692694403
-22.882394986 16.681545315
-22.886626757 16.661688544
-22.887603319 16.651434637
-22.889556444 16.645900783
-22.898793098 16.639471747
-22.901844856 16.634426174
-22.901478645 16.62909577
-22.89940345 16.621649481
-22.896839973 16.615464585
-22.895090299 16.613918361
-22.901722786 16.605902411
-22.908843554 16.602199611
-22.917632616 16.599188544
-22.929188606 16.593410549
-22.941395637 16.669378973
-22.956532356 16.69944896
-22.97760983 16.689032294
-22.98176022 16.703517971
-22.983143684 16.723049221
-22.980051236 16.741115627
-22.970814582 16.751044012
-22.970814582 16.75787995
-22.982736783 16.761379299
-22.9892472 16.770941473
-22.991566536 16.784328518
-22.990793424 16.815659898
-22.970122851 16.831447658
-22.922434049 16.860296942
-22.916981575 16.853176174
-22.898915168 16.836818752
-22.895090299 16.829291083
-22.896311002 16.825018622
-22.902740038 16.813177802
-22.909779426 16.803371486
-22.907948371 16.800604559
-22.904042121 16.798570054
-22.901844856 16.795111395
-22.904652473 16.735825914
-22.901844856 16.716945705
-22.897368944 16.710272528
-24.927723762 16.917792059
-24.918771939 16.908270575
-24.914702929 16.899155992
-24.919748502 16.895086981
-24.92292233 16.89081452
-24.914458788 16.881415106
-24.900135871 16.872015692
-24.885894335 16.867743231
-24.881092903 16.862290757
-24.87629147 16.849839585
-24.873605924 16.83592357
-24.875070767 16.826157945
-24.891102668 16.813950914
-24.915516731 16.805487372
-24.942860481 16.800482489
-24.968129036 16.798895575
-24.974517382 16.796698309
-24.984201627 16.787339585
-24.988026496 16.78514232
-24.995228645 16.786118882
-25.058176236 16.809637762
-25.068226692 16.815090236
-25.076161262 16.822455145
-25.081125455 16.832342841
-25.094146288 16.826157945
-25.089751757 16.847479559
-25.078195767 16.865057684
-25.06358802 16.877020575
-25.050119595 16.881415106
-25.018788215 16.882025458
-25.005970832 16.887681382
-25.012196418 16.901271877
-24.983998176 16.915961005
-24.978098111 16.923000393
-24.971262174 16.923000393
-24.965199348 16.908921617
-24.955189582 16.910793361
-24.937733528 16.923000393
-24.927723762 16.917792059
-25.09105384 17.193019924
-25.079497851 17.185370184
-25.053944465 17.186183986
-25.039540168 17.182440497
-25.030181444 17.175482489
-25.026275194 17.167710679
-25.025868293 17.144924221
-25.02057858 17.140366929
-24.9970597 17.134182033
-24.991769986 17.130926825
-24.988677538 17.125718492
-24.974964973 17.114488023
-24.971262174 17.107326565
-24.973011848 17.096625067
-24.978993293 17.086900132
-25.015126106 17.049139716
-25.019683398 17.049017645
-25.023915168 17.045396226
-25.042713996 17.038478908
-25.046986457 17.03506094
-25.055572069 17.024807033
-25.115874804 16.997463283
-25.143422004 16.970038153
-25.162953254 16.94529857
-25.187855598 16.928168036
-25.231312629 16.923000393
-25.269195116 16.923000393
-25.280832486 16.920721747
-25.289662239 16.917181708
-25.298695442 16.917385158
-25.310780403 16.926092841
-25.313384569 16.938462632
-25.313872851 17.004950262
-25.327544726 17.028225002
-25.331044075 17.030951239
-25.348296679 17.034125067
-25.354847786 17.038478908
-25.36042233 17.055243231
-25.355580207 17.069566148
-25.330922004 17.096828518
-25.316802538 17.106105861
-25.302154101 17.108058986
-25.289133267 17.107001044
-25.279774543 17.107326565
-25.269602017 17.114325262
-25.245350715 17.13670482
-25.226307746 17.14468008
-25.202707486 17.158758856
-25.179554817 17.164374091
-25.118641731 17.192857164
-25.10260983 17.196600653
-25.09105384 17.193019924
