45.547172892 40.621552633
45.513686565 40.601967265
45.47927006 40.609822083
45.473275594 40.6194339
45.471311889 40.629872538
45.473378947 40.640311178
45.47927006 40.650233053
45.491775757 40.657106018
45.505573364 40.660206604
45.520197795 40.66041331
45.534667196 40.658914693
45.560712118 40.647649231
45.547172892 40.621552633
45.002399944 41.290452373
45.039400268 41.231179505
45.029323364 41.21009552
45.034852742 41.197693176
45.052009318 41.192112121
45.117328329 41.192060446
45.134433228 41.187874654
45.186781453 41.156868795
45.199752238 41.142657776
45.201044149 41.126741435
45.166730998 41.107776185
45.067822307 41.110928447
45.057176961 41.078785706
45.070044393 41.062094219
45.091696818 41.051035461
45.111023804 41.049536845
45.117121623 41.061422425
45.120015503 41.079612529
45.136551962 41.072894593
45.169211467 41.04715973
45.189675334 41.037547913
45.205178264 41.024887187
45.221611369 41.014448548
45.268740275 41.010262757
45.31256189 40.996620179
45.335351196 40.993829652
45.381947947 41.01144811
45.391523478 41.015068665
45.419118693 41.017342428
45.425216512 40.993674622
45.416431519 40.961325175
45.428730509 40.951196595
45.442842783 40.948380197
45.452811727 40.946390686
45.47927006 40.929905904
45.522058146 40.888151347
45.537871135 40.875904033
45.558231648 40.870943096
45.581796102 40.869651184
45.599159383 40.862674866
45.600968058 40.840557353
45.582209513 40.799371237
45.555854533 40.77658193
45.478335111 40.748183053
45.437928915 40.733380433
45.398809855 40.70893748
45.373643432 40.675296122
45.373585186 40.651298383
45.37354008 40.632714742
45.387802775 40.609512024
45.407026408 40.5950943
45.427231893 40.582950338
45.44464685 40.566362203
45.44857426 40.556492004
45.450848022 40.534374492
45.455447225 40.523625794
45.464697306 40.5157193
45.485419556 40.50528066
45.493842814 40.493653463
45.526192261 40.441046855
45.585413452 40.398723857
45.818370809 40.297799785
45.819151645 40.297141013
45.861675659 40.261264547
45.881726115 40.260437724
45.888504212 40.261956953
45.902706746 40.26514028
45.924617553 40.266173808
45.939190307 40.260282695
45.953556356 40.249585673
45.979239543 40.223592428
45.981099895 40.217804667
45.981771688 40.211913555
45.981099895 40.205970764
45.962961466 40.141685283
45.950765828 40.117190654
45.931697225 40.097553609
45.909528036 40.082670797
45.905807333 40.075074361
45.894025106 40.029082337
45.887203817 40.018436992
45.873767944 40.009755351
45.803901408 40.004484355
45.639570353 40.02541331
45.576266724 39.993890686
45.577583441 39.983982926
45.579418986 39.970171204
45.611148315 39.959164123
45.715431356 39.950895895
45.742768189 39.940508931
45.764420613 39.922060446
45.809177444 39.851261672
45.816820516 39.839171448
45.861882365 39.804548238
45.883187644 39.796147871
45.916142619 39.783154195
45.979239543 39.768478088
46.006576375 39.747910868
46.045126994 39.687552796
46.076546264 39.668122457
46.114476766 39.659647522
46.131685018 39.652154439
46.146102743 39.638460185
46.169563842 39.604095358
46.18423995 39.593243307
46.206460815 39.587920635
46.241187378 39.593501689
46.309503622 39.620528463
46.34371342 39.618616435
46.357872762 39.609676412
46.381437215 39.585026754
46.396423381 39.576655172
46.416163778 39.574019674
46.479312378 39.578670553
46.495435425 39.575931702
46.51202356 39.56756012
46.524270874 39.554641012
46.527268107 39.53815623
46.518276408 39.525443827
46.503703654 39.518467509
46.49202478 39.51019928
46.491714722 39.493662821
46.498587687 39.48312083
46.498225952 39.473767395
46.491404663 39.466429342
46.479312378 39.461881816
46.478951961 39.461829424
46.405725138 39.451184794
46.373995809 39.435991924
46.360869995 39.41025706
46.374615927 39.378837789
46.407378785 39.359149068
46.479312378 39.334241028
46.495280395 39.324009094
46.502670126 39.309488017
46.507941121 39.293571675
46.517656291 39.278843893
46.541840861 39.259051819
46.584525594 39.235771587
46.591140177 39.231069031
46.597858114 39.225074565
46.599141382 39.222487107
46.602612346 39.215488587
46.593827352 39.212129619
46.572795044 39.211509501
46.526441284 39.185826315
46.514142293 39.184431051
46.453370809 39.208408916
46.418334188 39.211922913
46.395286499 39.195179749
46.396268351 39.164432272
46.421848186 39.144640198
46.455127807 39.129938253
46.479312378 39.11477122
46.491921428 39.081905009
46.497502482 39.053534648
46.494608602 39.025526022
46.481482788 38.993770854
46.480759318 38.990618591
46.479312378 38.98775055
46.47579838 38.975606588
46.474093059 38.963230083
46.475074911 38.951060282
46.479312378 38.939381409
46.51403894 38.882175599
46.496055542 38.886077169
46.391875855 38.922354024
46.378233277 38.924705303
46.367587932 38.923620097
46.343351685 38.917470602
46.304542684 38.916256205
46.291313517 38.913930766
46.271934855 38.906566874
46.219948365 38.877162984
46.20248173 38.870548401
46.135870809 38.863701274
46.077579793 38.950491842
46.02548995 39.063766581
46.005232788 39.095444234
45.979239543 39.124434713
45.958103882 39.151513163
45.94900883 39.17779063
45.955106649 39.203241273
45.979239543 39.227942607
45.986009155 39.234686381
45.988076213 39.241895244
45.98580245 39.249440003
45.979239543 39.25729482
45.958827352 39.272436015
45.901788426 39.294123976
45.887203817 39.299669495
45.863329306 39.314035543
45.844312378 39.330055237
45.823745158 39.343077698
45.767004436 39.354394836
45.76437068 39.3591421
45.758632854 39.369484355
45.764989054 39.389483134
45.798630412 39.432426249
45.803074585 39.448187562
45.79403121 39.493869528
45.79403121 39.493921204
45.79403121 39.493972881
45.797286825 39.519397685
45.797080119 39.536347555
45.78808842 39.548956604
45.765454142 39.561565654
45.737858927 39.569782206
45.71465621 39.569472148
45.709065736 39.568422103
45.586446981 39.545390931
45.559678589 39.536812643
45.47927006 39.497176819
45.468624715 39.493662821
45.457462606 39.489270325
45.44609379 39.487513326
45.434828328 39.488856914
45.42407963 39.493714498
45.423937278 39.493826942
45.392350301 39.518777568
45.374883667 39.525857239
45.327548055 39.529267883
45.312975301 39.533815409
45.302898397 39.545080872
45.291064494 39.565854798
45.266191021 39.592918128
45.259955282 39.59970286
45.23318689 39.592726542
45.204764852 39.572314352
45.167919555 39.565544739
45.148334188 39.575259909
45.144406779 39.589832663
45.154225301 39.625851136
45.155878947 39.649208883
45.151538126 39.667709046
45.141254516 39.684400533
45.074999039 39.749820272
45.067512248 39.757212626
45.033509155 39.770390116
44.995992065 39.760468242
44.959095093 39.738505758
44.953215052 39.735965352
44.927159058 39.724708151
44.893052612 39.718403626
44.849334351 39.71892039
44.802928914 39.712409159
44.774558553 39.702797343
44.7591073 39.723106181
44.697767374 39.785272929
44.692031291 39.793024394
44.687173706 39.796383362
44.682419474 39.797210185
44.671257365 39.795866598
44.666193075 39.796383362
44.647692911 39.805116679
44.611519409 39.837311096
44.598186889 39.831006572
44.594466186 39.836794332
44.594156128 39.848059794
44.591055542 39.85782664
44.575966024 39.866353251
44.567491089 39.873019512
44.563770386 39.881701152
44.559119507 39.896894023
44.547854045 39.911466776
44.522170858 39.933532613
44.46434493 39.972289937
44.380925553 40.009803793
44.325645386 40.034663392
44.289058472 40.043396708
44.255262085 40.043396708
44.195007365 40.030787659
44.166378621 40.028048808
44.145914754 40.023397929
44.135476115 40.022312724
44.12700118 40.024483135
44.114288778 40.033939921
44.104470256 40.035955302
44.083127889 40.031614482
44.04834965 40.012855937
44.032433309 40.00861847
43.912130574 40.024328105
43.802783244 40.070733541
43.711212606 40.090732321
43.665427287 40.110162659
43.652508179 40.138998109
43.666357463 40.148919983
43.711626017 40.156464742
43.721392863 40.169383851
43.714933309 40.180649313
43.683720744 40.210104879
43.673075399 40.227726543
43.691368856 40.238630269
43.69034759 40.240443188
43.675969279 40.265967102
43.631475871 40.310305481
43.604449097 40.329787496
43.594217163 40.345445455
43.601038452 40.361826884
43.609565064 40.372988994
43.624463001 40.411137485
43.625326375 40.413348288
43.625326375 40.420169576
43.584863728 40.446576234
43.563624715 40.464714661
43.559490601 40.477892152
43.593700399 40.509001363
43.615301147 40.520421855
43.638968954 40.522592265
43.636281779 40.529775289
43.634628133 40.532772522
43.631475871 40.53685496
43.63757369 40.535149638
43.642017863 40.534374492
43.646462037 40.533030905
43.652508179 40.529413554
43.65147465 40.553391419
43.664807169 40.574061992
43.707181844 40.611940817
43.699533732 40.634575094
43.705631551 40.640776266
43.726405477 40.668991598
43.729351033 40.677104797
43.724131714 40.746351217
43.720617717 40.762887676
43.711315959 40.781646221
43.669768107 40.832134095
43.659536174 40.851977844
43.654161824 40.874715475
43.651939738 40.894765931
43.647650594 40.913886211
43.636178426 40.933523255
43.604862509 40.963340556
43.56543339 40.988145244
43.522386922 41.004474996
43.479598837 41.009125875
43.460478557 41.022871806
43.444562216 41.051448873
43.436293986 41.083229879
43.4404281 41.106587626
43.450453328 41.104675599
43.460323527 41.104520569
43.470142049 41.106174215
43.524143921 41.122814026
43.566621948 41.124054261
43.729712769 41.106690979
43.754155721 41.108241272
43.773741089 41.114494121
43.820353231 41.14549998
43.86324467 41.158987528
43.955848837 41.160486145
43.97775529 41.164537338
43.97818639 41.164617062
44.001117391 41.168857727
44.041321655 41.182551982
44.061268758 41.184153951
44.103643432 41.175162252
44.124727417 41.178056132
44.144364461 41.186065979
44.160074097 41.197899882
44.165190064 41.207666728
44.165861857 41.216141663
44.168445679 41.223583069
44.180331258 41.22993927
44.190976604 41.230042623
44.218106731 41.221567688
44.266475871 41.19619456
44.284976034 41.190871887
44.30848881 41.193817444
44.317738891 41.198571676
44.324921916 41.204824524
44.333086792 41.210353902
44.344920695 41.213247782
44.357271363 41.212162578
44.410601441 41.187719625
44.432460571 41.181673483
44.45493982 41.180484924
44.479227743 41.185807597
44.499381551 41.202809144
44.505892782 41.206581523
44.51664148 41.206839905
44.521912476 41.199295146
44.525529826 41.189063212
44.531007528 41.181466777
44.551523071 41.177022604
44.566250855 41.186944479
44.578446493 41.202809144
44.591365601 41.215779928
44.612862996 41.223117981
44.633120158 41.221050924
44.674926391 41.208493551
44.82153243 41.206219788
44.847784057 41.208906962
44.857705933 41.219345602
44.853820486 41.22351397
44.847060588 41.230766094
44.809543498 41.244408672
44.801275269 41.258516337
44.820705607 41.273347474
44.917237183 41.261771952
44.955167684 41.262702128
44.967363322 41.269006653
44.989997599 41.284457907
45.002399944 41.290452373
44.979455607 41.032638652
45.015732463 41.023233541
45.029995158 41.04628123
45.018884725 41.074909973
44.979455607 41.082041321
44.963952678 41.073773092
44.960697062 41.059923808
44.96694991 41.04483429
44.979455607 41.032638652
45.186781453 40.970833639
45.209932495 40.967991435
45.220474487 40.979050191
45.191845744 40.997808736
45.187711629 40.998377177
45.18378422 40.997912089
45.180270223 40.996413473
45.177169637 40.993829652
45.186781453 40.970833639
