-76.175659954 -14.288374847
-76.179585084 -14.295208152
-76.19134067 -14.292920522
-76.207006493 -14.281514232
-76.220324335 -14.274666427
-76.220311137 -14.263275688
-76.212470398 -14.259481971
-76.195231539 -14.263294352
-76.188971965 -14.274692692
-76.185844628 -14.28305028
-76.175659954 -14.288374847
-76.441440825 -13.853906216
-76.450731232 -13.856144835
-76.461628725 -13.856126435
-76.470249554 -13.853855729
-76.467699387 -13.841755637
-76.459128334 -13.833469852
-76.456831388 -13.822912216
-76.445979963 -13.823689178
-76.44366866 -13.830487872
-76.436689004 -13.833521614
-76.436739756 -13.844095641
-76.441440825 -13.853906216
-77.185316482 -12.109382421
-77.181540804 -12.11591222
-77.192001416 -12.113077162
-77.204393159 -12.114887612
-77.21768024 -12.105525422
-77.236667949 -12.093344584
-77.248017081 -12.077473469
-77.253659649 -12.063488096
-77.244107914 -12.058877655
-77.232713605 -12.065443235
-77.193839398 -12.100041126
-77.185316482 -12.109382421
-80.839583883 -6.475245539
-80.850799056 -6.47694511
-80.863840794 -6.475839134
-80.867443756 -6.466522456
-80.863577132 -6.456379225
-80.867091692 -6.4405778
-80.875379719 -6.433052595
-80.867811417 -6.424814658
-80.864811616 -6.410032491
-80.853135079 -6.37498847
-80.842970144 -6.381611946
-80.848668304 -6.38894596
-80.855427836 -6.405527954
-80.850022265 -6.419499689
-80.841750871 -6.428882326
-80.840982413 -6.440938902
-80.842141791 -6.457603005
-80.839583883 -6.475245539
-75.009111898 -0.145261332
-74.968210002 -0.189703064
-74.954877482 -0.20003835
-74.933457602 -0.209443461
-74.899325318 -0.216781514
-74.882711345 -0.222775981
-74.872711955 -0.221949157
-74.861472331 -0.213164164
-74.836538453 -0.173269958
-74.824652873 -0.170479431
-74.80369808 -0.188979594
-74.789461222 -0.20903005
-74.755328939 -0.278276469
-74.782846639 -0.299153747
-74.790701457 -0.312589619
-74.773002279 -0.318687438
-74.762692831 -0.31982432
-74.74300411 -0.324888611
-74.718121908 -0.327265727
-74.711843221 -0.33026296
-74.70765743 -0.33460378
-74.700732788 -0.339771423
-74.69564266 -0.344629008
-74.692516236 -0.349693298
-74.686573446 -0.353414001
-74.672750001 -0.354034119
-74.667711548 -0.35155365
-74.661407023 -0.346799418
-74.653087118 -0.341941834
-74.642312582 -0.339771423
-74.632726604 -0.347419535
-74.604459595 -0.394961853
-74.562394979 -0.439403585
-74.536350058 -0.459970805
-74.47563025 -0.496454366
-74.463770509 -0.506789652
-74.450567179 -0.521569112
-74.441885539 -0.535521748
-74.436537029 -0.537795512
-74.422920289 -0.538312276
-74.417959351 -0.542653096
-74.415814779 -0.552678325
-74.414716937 -0.563756556
-74.414677898 -0.564150492
-74.412662517 -0.573142192
-74.364887655 -0.676184997
-74.367264771 -0.683212992
-74.380132202 -0.694271749
-74.384757244 -0.702850036
-74.385144816 -0.721970316
-74.378194337 -0.73654307
-74.344320435 -0.77406016
-74.337550822 -0.778607686
-74.327861491 -0.781501566
-74.310575725 -0.782018331
-74.302798422 -0.785428976
-74.310601563 -0.801448669
-74.304839641 -0.813127543
-74.294607707 -0.823669535
-74.289130006 -0.836278585
-74.295124472 -0.847337341
-74.30905127 -0.847337341
-74.325148479 -0.844546814
-74.337550822 -0.846820576
-74.344423788 -0.858602803
-74.338325969 -0.867697856
-74.313366252 -0.88444102
-74.3033927 -0.897773539
-74.289130006 -0.943042094
-74.26675411 -0.972290955
-74.240192424 -0.986863709
-74.180531983 -0.997715759
-74.119631307 -1.020970154
-74.092371989 -1.020143331
-74.076894898 -0.99089447
-74.065448568 -1.001436463
-74.042039144 -1.071096293
-74.037207398 -1.079674581
-74.029094198 -1.086392517
-74.016795207 -1.09156016
-74.0111108 -1.090009867
-74.00589148 -1.084842224
-73.994961915 -1.079674581
-73.991344564 -1.07533376
-73.987830567 -1.068925883
-73.982792114 -1.066238708
-73.974472209 -1.073370056
-73.973335327 -1.081638285
-73.982688761 -1.099208272
-73.981293498 -1.107476502
-73.967625082 -1.114814555
-73.936412517 -1.10778656
-73.919901897 -1.113781026
-73.914114136 -1.123082784
-73.898766236 -1.162770284
-73.880756999 -1.190985616
-73.871015991 -1.201424256
-73.857166708 -1.210519307
-73.830475831 -1.219924418
-73.814481974 -1.223335063
-73.802544719 -1.223645121
-73.785853232 -1.21424001
-73.769781861 -1.188918558
-73.754718181 -1.183337504
-73.746372437 -1.201320902
-73.732368124 -1.216513773
-73.713402874 -1.227159119
-73.690200155 -1.231086527
-73.67911556 -1.234290466
-73.660072795 -1.248346455
-73.636560018 -1.255167745
-73.631392375 -1.264056091
-73.628808554 -1.275114848
-73.621548015 -1.290617778
-73.62002356 -1.301573181
-73.618214885 -1.306120707
-73.614184123 -1.307050883
-73.600877442 -1.305190532
-73.5971309 -1.306120707
-73.593978638 -1.313355407
-73.59206661 -1.321726989
-73.590878052 -1.343431091
-73.588966024 -1.35025238
-73.584263469 -1.358313904
-73.578579061 -1.364928487
-73.562921103 -1.372163187
-73.567752849 -1.38270518
-73.583436646 -1.401722107
-73.574212403 -1.416914978
-73.537134563 -1.434278259
-73.525972454 -1.451744893
-73.504888469 -1.467247823
-73.497162842 -1.477996521
-73.495276652 -1.487918396
-73.49545752 -1.498460388
-73.494062256 -1.511586202
-73.483546102 -1.553340759
-73.484527954 -1.572461039
-73.508815877 -1.586827087
-73.517420003 -1.602019959
-73.528814657 -1.635092875
-73.530985067 -1.673746846
-73.510934612 -1.698551534
-73.446287395 -1.738135681
-73.444840454 -1.741856384
-73.441533163 -1.755292257
-73.440086222 -1.758702901
-73.435435344 -1.759529724
-73.424428264 -1.758082784
-73.410217245 -1.75973643
-73.399158488 -1.759219665
-73.387066203 -1.760873312
-73.374560507 -1.768831482
-73.350530966 -1.790638936
-73.340299032 -1.792189229
-73.332702596 -1.781130472
-73.31657955 -1.765420837
-73.301231649 -1.763560486
-73.267693644 -1.772242126
-73.261337444 -1.768831482
-73.257255006 -1.742373148
-73.247023071 -1.742373148
-73.220306357 -1.772345479
-73.21069454 -1.779270121
-73.201392782 -1.783300883
-73.1930212 -1.788675232
-73.186251587 -1.799630636
-73.193641318 -1.836837667
-73.188318645 -1.850686951
-73.164702516 -1.878488871
-73.158914755 -1.895232035
-73.161136841 -1.904430441
-73.171162069 -1.929545186
-73.172557333 -1.943601176
-73.168733277 -1.959310811
-73.161963664 -1.972436625
-73.144600383 -1.998171488
-73.13783077 -2.016878357
-73.132353069 -2.039822693
-73.124549927 -2.060803324
-73.111062378 -2.073412374
-73.140517944 -2.121884867
-73.149923055 -2.143588969
-73.186251587 -2.176351827
-73.195294963 -2.187203878
-73.198550578 -2.193818461
-73.199842489 -2.203740336
-73.197775432 -2.213558858
-73.188318645 -2.22875173
-73.186251587 -2.234746196
-73.183099325 -2.239707133
-73.169456746 -2.250145772
-73.166304484 -2.255520121
-73.161395224 -2.285389099
-73.158914755 -2.293037211
-73.142481649 -2.304095967
-73.09886674 -2.314948018
-73.089978394 -2.323836364
-73.083828899 -2.345127055
-73.070703085 -2.333241475
-73.058869182 -2.310607198
-73.056440389 -2.2998585
-72.987555706 -2.337685649
-72.98430009 -2.343370056
-72.969779013 -2.356082458
-72.952777466 -2.402281188
-72.943269002 -2.419024353
-72.935414185 -2.425328878
-72.926164104 -2.425225524
-72.88378943 -2.416750589
-72.869991822 -2.411789652
-72.858054566 -2.400317485
-72.829477499 -2.390188903
-72.804672811 -2.37778656
-72.787981324 -2.38357432
-72.76167802 -2.402281188
-72.759042521 -2.389982198
-72.754184937 -2.380680441
-72.746071737 -2.37344574
-72.73372107 -2.367554627
-72.728760132 -2.374685974
-72.724574341 -2.383470968
-72.721732137 -2.393702901
-72.718321493 -2.419851176
-72.712430379 -2.422124939
-72.695842245 -2.416543884
-72.683181519 -2.404761658
-72.656826538 -2.350191345
-72.644320842 -2.334068298
-72.625975708 -2.336858825
-72.608405722 -2.346367289
-72.562982138 -2.383057556
-72.544120239 -2.389052022
-72.441594198 -2.405175069
-72.432654175 -2.412926534
-72.427538209 -2.425018819
-72.414257365 -2.437111104
-72.396584026 -2.446516215
-72.378032187 -2.450753683
-72.355604615 -2.448893331
-72.315658732 -2.438351338
-72.292404338 -2.43587087
-72.28382605 -2.433183695
-72.280983846 -2.4261557
-72.281862345 -2.405691833
-72.276694702 -2.401557719
-72.25095984 -2.396286722
-72.240934611 -2.3954599
-72.176390747 -2.410342712
-72.161456259 -2.405691833
-72.117376261 -2.355152282
-72.089419312 -2.330967712
-72.061514039 -2.320012308
-72.028957886 -2.319598897
-71.966274374 -2.328487243
-71.94865271 -2.324146424
-71.93635372 -2.311847432
-71.931754517 -2.289626566
-71.924416463 -2.281875102
-71.877184204 -2.245288187
-71.841062379 -2.190097757
-71.836204794 -2.179762471
-71.826127889 -2.179039001
-71.767940227 -2.142245382
-71.746132773 -2.132323507
-71.73848466 -2.137697855
-71.739983277 -2.172941182
-71.731404989 -2.189891052
-71.712026327 -2.186790466
-71.678539999 -2.169530537
-71.654923869 -2.173768005
-71.635235149 -2.185550232
-71.616631633 -2.19991628
-71.59596106 -2.211078389
-71.538393514 -2.222963969
-71.527128052 -2.231542257
-71.522270468 -2.250352477
-71.520978556 -2.292107035
-71.514053915 -2.307403259
-71.498137573 -2.315051371
-71.490437786 -2.303269144
-71.480567587 -2.265752055
-71.466666627 -2.251489359
-71.456486369 -2.255106709
-71.438968059 -2.286215922
-71.415248577 -2.316291605
-71.411631226 -2.326626892
-71.414370077 -2.335101827
-71.428167684 -2.347504171
-71.432146769 -2.355152282
-71.420829631 -2.376029562
-71.386981568 -2.368898214
-71.315461385 -2.334068298
-71.307606568 -2.347814229
-71.289054729 -2.343370056
-71.26817745 -2.332414653
-71.253346314 -2.326626892
-71.242442586 -2.329107361
-71.230453654 -2.337995707
-71.219859986 -2.341509704
-71.209059612 -2.339235941
-71.19024939 -2.324559835
-71.161930706 -2.310193786
-71.142810425 -2.262858175
-71.119969442 -2.252109477
-71.092219198 -2.247251892
-71.079119222 -2.24756195
-71.053926962 -2.262651469
-71.041421265 -2.265338643
-71.029690715 -2.263995056
-71.020621501 -2.258930766
-71.029794068 -2.233505961
-71.031990316 -2.210768331
-71.021448324 -2.196712341
-70.992716228 -2.197435812
-70.950315715 -2.215419209
-70.925252645 -2.220276795
-70.904556234 -2.211078389
-70.87419633 -2.229578552
-70.822364868 -2.284768982
-70.78787085 -2.307403259
-70.751051392 -2.320529073
-70.732473715 -2.324973246
-70.706583822 -2.328280538
-70.701442017 -2.333241475
-70.699064901 -2.341096293
-70.699039063 -2.370138448
-70.695240845 -2.372102152
-70.663718222 -2.398250427
-70.657542888 -2.409102478
-70.656225139 -2.419231059
-70.656250977 -2.433080342
-70.65446814 -2.445379333
-70.647595175 -2.450753683
-70.606357381 -2.450753683
-70.598631755 -2.446619568
-70.597753255 -2.437111104
-70.598580078 -2.425845642
-70.596073771 -2.416543884
-70.578607138 -2.405485128
-70.565533001 -2.413753357
-70.553208171 -2.428119405
-70.537731079 -2.43587087
-70.520910401 -2.43804128
-70.501996827 -2.44382904
-70.484452678 -2.452510681
-70.471921143 -2.463156026
-70.466107544 -2.474008077
-70.462593547 -2.48424001
-70.456986654 -2.492714945
-70.445256104 -2.498502706
-70.434843303 -2.497675883
-70.411330526 -2.487443949
-70.400245932 -2.484860128
-70.378774374 -2.484653422
-70.357535361 -2.486927185
-70.344926311 -2.496642354
-70.349628866 -2.518346456
-70.354538127 -2.521550394
-70.371565511 -2.527958272
-70.376345581 -2.532609151
-70.375725465 -2.541084086
-70.370919556 -2.550282491
-70.364615031 -2.557620544
-70.359602417 -2.560617778
-70.335107789 -2.554003194
-70.315083171 -2.541807556
-70.295885377 -2.535399679
-70.273948731 -2.546251729
-70.261391358 -2.564751892
-70.24730953 -2.607229919
-70.236069906 -2.625109965
-70.217518067 -2.63213796
-70.200904094 -2.624386495
-70.18387671 -2.619528911
-70.164084636 -2.635031839
-70.161139079 -2.645057068
-70.161474976 -2.655185648
-70.159717977 -2.663970642
-70.150467896 -2.669241638
-70.141837932 -2.666967875
-70.136437744 -2.658596293
-70.131941895 -2.647950948
-70.126205811 -2.638752543
-70.10579362 -2.625213317
-70.094967407 -2.632551371
-70.082125814 -2.676579691
-70.075795451 -2.691359151
-70.067475545 -2.703451436
-70.056003378 -2.712443136
-70.050448161 -2.714303487
-70.050629028 -2.71513031
-70.0730566 -2.750683695
-70.151501424 -2.873053487
-70.229946249 -2.995319926
-70.308365234 -3.11779307
-70.386835897 -3.240162862
-70.465280721 -3.362532654
-70.543725545 -3.485005798
-70.622118694 -3.607272237
-70.700563518 -3.729642028
-70.73412736 -3.782041931
-70.690641643 -3.786796163
-70.55496517 -3.857902934
-70.544293986 -3.865240987
-70.490886394 -3.878470154
-70.464247193 -3.878780212
-70.438512329 -3.867721456
-70.399212403 -3.831858012
-70.377689169 -3.818835551
-70.34957719 -3.815838318
-70.311104085 -3.82927419
-70.273561157 -3.856559346
-70.240875815 -3.890872497
-70.216975464 -3.924978943
-70.204573121 -3.960118916
-70.198940389 -3.995982361
-70.188398397 -4.028951924
-70.16170752 -4.055616964
-70.060499227 -4.107190043
-70.030501059 -4.131581319
-70.010218059 -4.155145772
-69.992751424 -4.180880635
-69.964949504 -4.236484477
-69.962572388 -4.264286397
-69.97182247 -4.290951436
-69.989392456 -4.314619242
-70.022904623 -4.338907166
-70.037038127 -4.34087087
-70.050964926 -4.337253519
-70.063341431 -4.328468526
-70.075614583 -4.316169535
-70.081092286 -4.308831482
-70.085743165 -4.283923442
-70.096621054 -4.265733337
-70.11651648 -4.258291931
-70.138892375 -4.260462341
-70.157263347 -4.270177511
-70.170259969 -4.288470968
-70.186563884 -4.326298116
-70.205632487 -4.342937927
-70.21674292 -4.328881937
-70.224726929 -4.313068949
-70.231315674 -4.303663838
-70.239170492 -4.301803487
-70.247981324 -4.302113546
-70.25759314 -4.299219666
-70.30699581 -4.260255635
-70.316710979 -4.247026468
-70.318390463 -4.228939717
-70.309347087 -4.191215922
-70.311104085 -4.170855407
-70.318700521 -4.156282654
-70.330611939 -4.14315684
-70.34306596 -4.139436137
-70.361436931 -4.168168233
-70.373684246 -4.164550883
-70.398669801 -4.142330017
-70.415335449 -4.135612081
-70.429934042 -4.134165141
-70.444222576 -4.137369079
-70.460009725 -4.14460378
-70.500885783 -4.177366638
-70.515975302 -4.182327576
-70.526388103 -4.17602305
-70.529385335 -4.161346944
-70.534113729 -4.14677419
-70.549694174 -4.140676371
-70.565636353 -4.148841248
-70.572328451 -4.16589447
-70.576565918 -4.183877869
-70.585273397 -4.194523214
-70.632531495 -4.166824646
-70.63317745 -4.15183848
-70.629585938 -4.13344167
-70.631058716 -4.118972269
-70.646768352 -4.115664978
-70.662891398 -4.122176209
-70.672038127 -4.13344167
-70.683071046 -4.163827413
-70.694052288 -4.172302347
-70.7121132 -4.171888936
-70.77425411 -4.155042419
-70.784563558 -4.156282654
-70.832235067 -4.179433695
-70.845180014 -4.191009216
-70.848306438 -4.204445089
-70.839805664 -4.228733012
-70.842751221 -4.238138122
-70.858254151 -4.243305765
-70.873705404 -4.250747172
-70.881120972 -4.265629985
-70.886572835 -4.28351003
-70.896391358 -4.299839782
-70.926337851 -4.32898529
-70.938843547 -4.345108338
-70.948093628 -4.364228618
-70.968686687 -4.385312602
-70.989718995 -4.366192322
-71.005454468 -4.347588806
-71.009976156 -4.369809672
-71.02932898 -4.385829366
-71.081573853 -4.364125264
-71.106042644 -4.373840433
-71.11955603 -4.396371358
-71.128496053 -4.40184906
-71.144102336 -4.399265239
-71.152473918 -4.391720479
-71.163119263 -4.369086202
-71.16968217 -4.362781677
-71.186166952 -4.372186788
-71.20068803 -4.395647888
-71.214072225 -4.410840759
-71.24166744 -4.380041606
-71.264818481 -4.37549408
-71.288486288 -4.380765075
-71.304609334 -4.394924418
-71.307244833 -4.406809998
-71.305126099 -4.41662852
-71.305384482 -4.427067159
-71.315151327 -4.439986267
-71.318458619 -4.43936615
-71.32409135 -4.436575623
-71.330757609 -4.435128682
-71.337010458 -4.438332621
-71.345898804 -4.450114848
-71.349567831 -4.453525493
-71.363262086 -4.4592099
-71.37116858 -4.453215433
-71.377628133 -4.442673442
-71.386981568 -4.434921976
-71.400779176 -4.433371684
-71.446977906 -4.440296326
-71.477415325 -4.440606384
-71.492349814 -4.442776795
-71.506147421 -4.448564554
-71.512865357 -4.457142843
-71.519066528 -4.479157003
-71.524595907 -4.485151469
-71.532347372 -4.484634704
-71.557565471 -4.479363708
-71.571569784 -4.480707296
-71.617148398 -4.50034434
-71.613427695 -4.479260356
-71.623504598 -4.482257588
-71.643813437 -4.502308044
-71.656525838 -4.506752218
-71.665207479 -4.50757904
-71.673062297 -4.503651631
-71.683345907 -4.493523051
-71.699313925 -4.481637471
-71.709649211 -4.484738057
-71.721069702 -4.492799581
-71.740189982 -4.495590108
-71.751455445 -4.492076111
-71.774348104 -4.481534119
-71.78483842 -4.48050059
-71.793054973 -4.484634704
-71.795742147 -4.491145935
-71.796982382 -4.497967224
-71.800651408 -4.502411397
-71.807627727 -4.504478455
-71.890154989 -4.513676859
-71.907208212 -4.518431091
-71.933149781 -4.536724549
-71.980278687 -4.582303161
-72.009837606 -4.591604919
-72.026167359 -4.605660909
-72.035520793 -4.611862081
-72.043582316 -4.613825786
-72.053555868 -4.610208435
-72.062702596 -4.605660909
-72.071125855 -4.605144144
-72.07872229 -4.613412374
-72.096602336 -4.649792582
-72.108022827 -4.664261983
-72.127091432 -4.680074971
-72.18243689 -4.710667419
-72.23313147 -4.748391215
-72.251063192 -4.758829854
-72.269304972 -4.764927673
-72.28237911 -4.765444437
-72.319792847 -4.760173442
-72.331936808 -4.763274027
-72.33684607 -4.769888611
-72.339429891 -4.777330017
-72.344700887 -4.782601013
-72.386093709 -4.793969828
-72.396842407 -4.805648702
-72.404128785 -4.860219014
-72.414670777 -4.876342061
-72.431103882 -4.887814229
-72.452601278 -4.899183044
-72.457975627 -4.900423279
-72.471773234 -4.900733337
-72.47647579 -4.902490336
-72.479473023 -4.908071391
-72.479938111 -4.91416921
-72.479679728 -4.919646911
-72.480661581 -4.923367614
-72.485880901 -4.93256602
-72.48892981 -4.941195984
-72.495130982 -4.946983744
-72.509755412 -4.947500509
-72.528513957 -4.950187683
-72.546445679 -4.958249207
-72.562206991 -4.970238139
-72.586598267 -4.996696472
-72.614348511 -5.009718933
-72.627267619 -5.022431335
-72.631608439 -5.033180033
-72.632435262 -5.04279185
-72.635070761 -5.051783549
-72.64478593 -5.060568542
-72.654191041 -5.063152364
-72.707986207 -5.063152364
-72.728811809 -5.057261251
-72.747570354 -5.055090841
-72.760179403 -5.064702657
-72.772943482 -5.081135763
-72.790306764 -5.088783874
-72.831131144 -5.096638692
-72.836350464 -5.096225281
-72.84901119 -5.092091166
-72.853972127 -5.092504578
-72.857021037 -5.097568868
-72.85769283 -5.112141622
-72.858933065 -5.116069031
-72.872834025 -5.12361379
-72.880688843 -5.125267435
-72.893814657 -5.125887553
-72.917947551 -5.132088725
-72.921978313 -5.146868184
-72.914950318 -5.164438172
-72.905596884 -5.179114278
-72.900325887 -5.194617208
-72.894899862 -5.25569875
-72.896656861 -5.271615092
-72.905390177 -5.285671081
-72.916242228 -5.299106954
-72.923993694 -5.313576355
-72.930504924 -5.356467794
-72.934794067 -5.372177429
-72.964197958 -5.433775736
-72.973499716 -5.466125183
-72.969107219 -5.499198099
-72.960322226 -5.531237488
-72.960477255 -5.559246114
-72.97691036 -5.651746928
-72.98719397 -5.681099141
-73.001353313 -5.708797709
-73.105636353 -5.846980489
-73.14000118 -5.878503113
-73.197103638 -6.005007019
-73.218859416 -6.040250346
-73.234775758 -6.07756073
-73.235292522 -6.123656107
-73.225990763 -6.14794403
-73.1776733 -6.20241099
-73.172040569 -6.219670919
-73.161550252 -6.299769389
-73.155710816 -6.322713724
-73.133800009 -6.368085632
-73.126978719 -6.391340027
-73.127030396 -6.413044128
-73.131784628 -6.435264995
-73.147804322 -6.476192728
-73.171472128 -6.517430522
-73.198963989 -6.545645853
-73.233587199 -6.564042663
-73.278494019 -6.575721537
-73.349187379 -6.576445008
-73.370684774 -6.583886414
-73.406289836 -6.615615743
-73.445408895 -6.639593607
-73.513208375 -6.69778127
-73.593875285 -6.743980001
-73.644053101 -6.78397756
-73.671958374 -6.800720724
-73.685084188 -6.811882833
-73.696969768 -6.837204285
-73.70678829 -6.849606628
-73.748594523 -6.875548198
-73.759420736 -6.887433777
-73.765492717 -6.90417694
-73.767714803 -6.959264018
-73.792261109 -7.050007832
-73.80657548 -7.078223165
-73.812337402 -7.102924499
-73.80676215 -7.117879293
-73.803552409 -7.126488953
-73.734538534 -7.225087586
-73.724539144 -7.267565613
-73.716090048 -7.286375834
-73.713092814 -7.304669291
-73.72474585 -7.324823099
-73.74125647 -7.334434916
-73.760764324 -7.337432149
-73.800270956 -7.33567515
-73.82585079 -7.337432149
-73.843420776 -7.343116556
-73.879749309 -7.365027364
-73.902021851 -7.373398946
-73.920470338 -7.372158712
-73.961062175 -7.356449077
-73.982895468 -7.356449077
-73.979433146 -7.374535828
-73.950546021 -7.423215027
-73.944319011 -7.448743184
-73.949874228 -7.46517629
-73.957780722 -7.480369161
-73.958710898 -7.501969909
-73.9714233 -7.523984069
-73.9844864 -7.5294073
-74.018474691 -7.543517761
-74.00966386 -7.561087748
-73.96938208 -7.584652201
-73.838795736 -7.720561218
-73.811148845 -7.739268087
-73.779600383 -7.752910664
-73.742238322 -7.764072775
-73.712162639 -7.788153992
-73.702550823 -7.827841491
-73.713712932 -7.866288757
-73.746114055 -7.886442566
-73.779600383 -7.874453633
-73.794638225 -7.874143575
-73.795775106 -7.892230326
-73.784948894 -7.940392761
-73.778799398 -7.954138692
-73.748491171 -7.976979675
-73.705909791 -7.993826192
-73.668030966 -8.013773295
-73.651649537 -8.046019388
-73.644724895 -8.068343608
-73.611858684 -8.112578634
-73.601109986 -8.136143087
-73.600541545 -8.155470072
-73.606174276 -8.192780456
-73.603280396 -8.211590678
-73.59061967 -8.23474172
-73.561732544 -8.27267222
-73.552715007 -8.299130554
-73.547676555 -8.340161641
-73.540829427 -8.359075216
-73.526540894 -8.372407735
-73.447269247 -8.416125997
-73.436520549 -8.425221049
-73.420242473 -8.44620168
-73.410217245 -8.455503438
-73.400502076 -8.459430847
-73.379418091 -8.461911316
-73.370529745 -8.465218607
-73.356422079 -8.479791361
-73.349290732 -8.498084818
-73.348257203 -8.51834198
-73.357662314 -8.562990417
-73.356990519 -8.581800639
-73.350582642 -8.598337097
-73.308104615 -8.653217468
-73.289862834 -8.670477396
-73.269140585 -8.681639505
-73.211004598 -8.693938497
-73.191987671 -8.703860372
-73.174572713 -8.720706889
-73.16346228 -8.739620463
-73.145840617 -8.782201843
-73.068636027 -8.893719584
-73.053804892 -8.906018575
-73.016701213 -8.930409851
-73.003678752 -8.944155782
-72.976083537 -8.985393575
-72.970037395 -9.001930033
-72.95939205 -9.085645854
-72.963681194 -9.115514831
-72.972001099 -9.134428406
-72.982388062 -9.147140808
-73.027863322 -9.183107605
-73.028535116 -9.210599467
-73.034374552 -9.222588399
-73.047913778 -9.230339864
-73.064191855 -9.234784037
-73.078402873 -9.236851095
-73.090236776 -9.244189148
-73.101192179 -9.260002136
-73.117573608 -9.291938172
-73.140828004 -9.322840678
-73.193537964 -9.375653992
-73.214983684 -9.409036967
-72.813302775 -9.410897318
-72.691708131 -9.435081888
-72.686798869 -9.437459004
-72.678013876 -9.445003764
-72.672277792 -9.44665741
-72.667781942 -9.445313822
-72.659823772 -9.43983612
-72.655948039 -9.439009298
-72.636517701 -9.442936707
-72.596055054 -9.455545756
-72.554455526 -9.476009623
-72.535645304 -9.481590678
-72.490790161 -9.486448262
-72.430225383 -9.482210795
-72.409503133 -9.48634491
-72.390227825 -9.49647349
-72.36247758 -9.52065806
-72.344545858 -9.532853698
-72.334520631 -9.53399058
-72.32294511 -9.532130229
-72.3126615 -9.53254364
-72.306770386 -9.540915222
-72.305633505 -9.550630391
-72.306925416 -9.579982605
-72.304134888 -9.600859884
-72.294884807 -9.617499695
-72.267651327 -9.649539083
-72.261656861 -9.667419128
-72.265119181 -9.686539408
-72.277004761 -9.724263204
-72.265222535 -9.762193705
-72.194735881 -9.805808614
-72.173858602 -9.845806173
-72.171119751 -9.856864929
-72.162903199 -9.877225443
-72.16042273 -9.887664083
-72.162696493 -9.900066427
-72.178354452 -9.918669942
-72.183935507 -9.929005229
-72.185537476 -9.949675801
-72.183522095 -9.967039082
-72.1846073 -9.98460907
-72.195666057 -10.005589701
-72.141974244 -10.005693054
-71.963638875 -10.00589976
-71.785355185 -10.006106466
-71.607019816 -10.006519877
-71.428684449 -10.006726582
-71.391425741 -10.006829935
-71.373390666 -10.00228241
-71.36362382 -9.994530944
-71.359593059 -9.986882833
-71.35406368 -9.981301778
-71.339645955 -9.979751485
-71.328948934 -9.983368835
-71.321714234 -9.989466654
-71.313446004 -9.994220886
-71.299700074 -9.993394063
-71.280321411 -9.983472188
-71.245129762 -9.956083679
-71.196502239 -9.939857279
-71.183118042 -9.920633647
-71.173919638 -9.897275899
-71.161052205 -9.875571798
-71.144257365 -9.863066101
-71.077465577 -9.83381724
-71.01542802 -9.817487487
-70.997212077 -9.803534851
-70.989563965 -9.792062683
-70.977600871 -9.766741231
-70.969048422 -9.754855652
-70.957472901 -9.745347189
-70.93155717 -9.729740906
-70.920265869 -9.720129089
-70.89158545 -9.678581237
-70.875488241 -9.660494486
-70.825181235 -9.633622742
-70.805389161 -9.618016459
-70.767794556 -9.579879252
-70.747279013 -9.564583028
-70.680848958 -9.527686055
-70.662090414 -9.509185893
-70.627131308 -9.466604512
-70.60638322 -9.44882782
-70.586875367 -9.439526062
-70.56697994 -9.435288595
-70.524992839 -9.430947774
-70.523752604 -9.443970235
-70.525354574 -9.446760762
-70.535664022 -9.464434103
-70.53829952 -9.48097056
-70.543260458 -9.493476257
-70.561941488 -9.501744487
-70.559796916 -9.504948425
-70.557187256 -9.512596538
-70.555120199 -9.516007181
-70.56785844 -9.51921112
-70.576152507 -9.529132995
-70.578064535 -9.541845398
-70.564525309 -9.565409851
-70.573878744 -9.567786966
-70.587443808 -9.565616557
-70.592663128 -9.563756205
-70.619224814 -9.564479675
-70.624418295 -9.565823263
-70.614677287 -9.58411672
-70.607287557 -9.616776225
-70.600802166 -9.635276387
-70.589614217 -9.650262553
-70.560210328 -9.673310242
-70.548634807 -9.68767629
-70.541865194 -9.70824351
-70.543415487 -9.726950378
-70.551244467 -9.744106954
-70.56336259 -9.760746765
-70.566669881 -9.76705129
-70.569150351 -9.779143575
-70.574162964 -9.784931335
-70.579563151 -9.785654805
-70.590079305 -9.779040222
-70.595246949 -9.779040222
-70.605453044 -9.785034689
-70.615090699 -9.792269389
-70.623229737 -9.801054382
-70.629017497 -9.811596375
-70.638448446 -9.851800639
-70.638551799 -9.911641948
-70.638659638 -9.955891642
-70.638861858 -10.038869324
-70.639171916 -10.166200053
-70.639481974 -10.293530782
-70.63984371 -10.420861511
-70.640205445 -10.548088887
-70.640515503 -10.675419617
-70.6408514 -10.802646992
-70.641135621 -10.929874369
-70.641342326 -11.010799662
-70.555559449 -10.942793478
-70.534113729 -10.938142599
-70.507190308 -10.96129364
-70.462490194 -11.013900248
-70.437272095 -11.036741232
-70.391305909 -11.05906545
-70.34102474 -11.067230326
-70.289399984 -11.064749858
-70.239480551 -11.055138041
-70.198733683 -11.041185404
-69.956112834 -10.919332377
-69.914203247 -10.921399434
-69.895134644 -10.926877137
-69.875704306 -10.928014017
-69.835086629 -10.925326843
-69.808318238 -10.927187195
-69.79105831 -10.934318543
-69.753437867 -10.958296407
-69.72020992 -10.96491099
-69.596238159 -10.951991882
-69.577634644 -10.952301941
-69.574017294 -10.958503113
-69.570503296 -10.964600932
-69.566834269 -10.970698751
-69.563268596 -10.976899923
-69.55972876 -10.983101094
-69.55611141 -10.989405619
-69.55249406 -10.995606792
-69.548954224 -11.00170461
-69.444567831 -11.182675476
-69.340336467 -11.363749695
-69.235950073 -11.544927266
-69.131589519 -11.726001485
-69.02728064 -11.907075703
-68.922868409 -12.088149923
-68.81855953 -12.269224142
-68.714224814 -12.45029836
-68.689463238 -12.493417656
-68.684252483 -12.502491557
-68.694381063 -12.506832377
-68.7002205 -12.516030782
-68.706266643 -12.535977885
-68.714534872 -12.551170756
-68.726058716 -12.565950216
-68.740269735 -12.578559265
-68.770112875 -12.594372253
-68.783884644 -12.605741069
-68.793418946 -12.62021047
-68.794607504 -12.636540222
-68.785331584 -12.645945333
-68.752982138 -12.654730326
-68.74295691 -12.665789083
-68.766133789 -12.710540873
-68.773730225 -12.719429219
-68.856205811 -12.741443379
-68.876566326 -12.754982605
-68.89199174 -12.775756531
-68.904626628 -12.803971863
-68.92661495 -12.80097463
-68.938733074 -12.819681498
-68.949430095 -12.843866068
-68.980952718 -12.867947286
-68.986585449 -12.89047821
-68.986223715 -12.93336965
-68.973936246 -13.031759583
-68.972141887 -13.046127624
-68.979660808 -13.164570007
-68.97702531 -13.204929301
-68.962788453 -13.28358083
-68.974441488 -13.478814392
-68.970746623 -13.501448669
-68.976818604 -13.526253357
-68.985655274 -13.550231222
-68.994259399 -13.563046976
-69.01539506 -13.585474548
-69.023198202 -13.596946716
-69.025523642 -13.610692647
-69.023611614 -13.623301697
-69.023844158 -13.63498057
-69.032629151 -13.645935974
-69.044023804 -13.648003032
-69.074538737 -13.642628682
-69.087587037 -13.643868917
-69.10159135 -13.666606547
-69.081049968 -13.695441996
-69.027048096 -13.738230082
-69.015963501 -13.753112895
-69.015963501 -13.764585062
-69.020821086 -13.776367289
-69.024283407 -13.792490336
-69.023094849 -13.806029562
-69.010149903 -13.844373474
-68.992993328 -13.869798279
-68.989195109 -13.903698019
-68.989040081 -13.940078227
-68.982968099 -13.972220968
-68.969713095 -13.990514425
-68.91617631 -14.024930928
-68.905763509 -14.039296976
-68.899975749 -14.054799906
-68.893722901 -14.089216411
-68.868892375 -14.156189066
-68.864448202 -14.191225687
-68.883723511 -14.211482849
-68.951316284 -14.219957784
-68.984905965 -14.228329366
-69.010149903 -14.245899353
-69.015705119 -14.263159281
-69.017229574 -14.282486267
-69.016170207 -14.321140238
-69.008315389 -14.339020284
-68.994621135 -14.358967387
-68.990254476 -14.379017843
-69.010149903 -14.397104594
-69.075133016 -14.432451273
-69.094563355 -14.44640391
-69.134018311 -14.49074229
-69.141149659 -14.494152933
-69.158202881 -14.498493754
-69.164274862 -14.50304128
-69.167427125 -14.520301208
-69.164507406 -14.566396586
-69.170398519 -14.577558696
-69.192231812 -14.576938578
-69.214943604 -14.572287699
-69.234658163 -14.574251404
-69.247499756 -14.593681742
-69.253830119 -14.721839294
-69.267627727 -14.750674743
-69.28351823 -14.759666443
-69.339044556 -14.774755961
-69.361420451 -14.787985128
-69.370541342 -14.801524353
-69.371988282 -14.818680929
-69.367750814 -14.900536397
-69.36984371 -14.908287862
-69.386225139 -14.945804952
-69.390669312 -14.964408467
-69.384313111 -14.981771749
-69.362815715 -15.00130544
-69.346098389 -15.016498312
-69.28858252 -15.10197113
-69.272201091 -15.11819753
-69.212669841 -15.161295675
-69.196495117 -15.176591898
-69.171767945 -15.210801697
-69.148100139 -15.233332621
-69.150425578 -15.251626079
-69.166135214 -15.263925069
-69.189725505 -15.262374776
-69.209130006 -15.263615011
-69.222591716 -15.302165629
-69.255897177 -15.313327739
-69.275198324 -15.330277608
-69.291166342 -15.350844828
-69.296954102 -15.366967875
-69.285404419 -15.3967335
-69.285921183 -15.405415141
-69.29292334 -15.409859314
-69.320260173 -15.418851013
-69.330362915 -15.424225362
-69.343411215 -15.442208761
-69.348527181 -15.461845805
-69.351111003 -15.481896261
-69.356407838 -15.501429952
-69.421184245 -15.596411235
-69.430020916 -15.626280212
-69.424336508 -15.656252543
-69.412218384 -15.685811463
-69.369611166 -15.788957621
-69.327133139 -15.892000427
-69.284577596 -15.995043233
-69.242125408 -16.098189392
-69.21964616 -16.152759705
-69.18486792 -16.195031026
-69.166264405 -16.210430603
-69.144689495 -16.223453064
-69.120814983 -16.231204529
-69.095183472 -16.231204529
-69.083892172 -16.22655365
-69.06451351 -16.212084249
-69.053558106 -16.208363546
-69.042731894 -16.209293722
-69.010149903 -16.219112244
-68.982037924 -16.210017191
-68.959506999 -16.223349711
-68.918760132 -16.266654561
-68.866670288 -16.286911723
-68.843648438 -16.302001241
-68.833494019 -16.328976339
-68.855844076 -16.363186136
-68.968369507 -16.406387634
-69.001726644 -16.42282074
-69.027874919 -16.454136658
-69.036814942 -16.471499939
-69.038881999 -16.491860453
-69.037641765 -16.550254822
-69.040122234 -16.581364034
-69.035135458 -16.598003845
-69.008341228 -16.634177348
-69.020511027 -16.649473572
-69.037073324 -16.670247497
-69.053816488 -16.682339783
-69.112055827 -16.71148529
-69.130581828 -16.715826111
-69.166367758 -16.719133403
-69.182361613 -16.728745219
-69.191663371 -16.743007914
-69.21065446 -16.797061462
-69.224452067 -16.8182488
-69.32594458 -16.922221781
-69.352454591 -16.97772227
-69.364314332 -16.991158142
-69.407154094 -17.015652771
-69.41358781 -17.022267354
-69.416559205 -17.031982523
-69.413303589 -17.037770284
-69.406017212 -17.040870869
-69.401262981 -17.047175395
-69.406017212 -17.062988383
-69.427437093 -17.086862895
-69.454153809 -17.096578064
-69.482808391 -17.101745707
-69.510093547 -17.112080993
-69.540996054 -17.132234802
-69.595049602 -17.179673767
-69.601147421 -17.181534119
-69.618355672 -17.184221293
-69.622799846 -17.18556488
-69.633832764 -17.207268981
-69.649413209 -17.26276947
-69.66649227 -17.288297628
-69.664415722 -17.288562463
-69.613007162 -17.295118917
-69.597271688 -17.300493266
-69.556938233 -17.331499125
-69.537094483 -17.35113617
-69.522599244 -17.369119568
-69.511385458 -17.398678487
-69.508336548 -17.434025166
-69.510093547 -17.505441996
-69.510036311 -17.506588198
-69.510088752 -17.506588198
-69.638323818 -17.62606411
-69.683902431 -17.65603644
-69.729041795 -17.66327114
-69.775808966 -17.656966616
-69.818054449 -17.659137026
-69.849835455 -17.691589826
-69.857561082 -17.734171206
-69.846088914 -17.769104474
-69.829035691 -17.803831037
-69.820095668 -17.846102358
-69.818157802 -17.87142381
-69.812783453 -17.888270327
-69.790614264 -17.924753888
-69.782371873 -17.943874168
-69.779891404 -17.962581037
-69.783095343 -17.981597963
-69.843582607 -18.113166161
-69.865338385 -18.144585432
-69.883450975 -18.163602358
-69.922802578 -18.19646857
-69.970344895 -18.250625471
-69.987785692 -18.264268049
-70.010006557 -18.272639631
-70.03935877 -18.273053042
-70.063233282 -18.280701153
-70.134159186 -18.318941714
-70.159067227 -18.325969709
-70.210872849 -18.331240704
-70.31789474 -18.321215477
-70.369390306 -18.324729474
-70.3947027461 -18.3377462069
-70.419739121 -18.31641552
-70.469403137 -18.286093818
-70.531251617 -18.243258733
-70.562194656 -18.224477288
-70.597806178 -18.205705233
-70.634405779 -18.18686758
-70.683256091 -18.161697838
-70.733387825 -18.115492446
-70.736683723 -18.111097915
-70.742176887 -18.100355727
-70.747670051 -18.094414972
-70.752349413 -18.091729425
-70.762440559 -18.090427342
-70.768177864 -18.088148696
-70.826161262 -18.036716404
-70.843495246 -18.026625258
-70.878895637 -18.016696873
-70.89167233 -18.005629165
-70.904896614 -17.966566665
-70.914621549 -17.946547133
-70.928863085 -17.937920831
-70.944894986 -17.931573175
-70.987049934 -17.900811456
-71.007150845 -17.890232029
-71.066314257 -17.871758722
-71.086577929 -17.869073175
-71.138091601 -17.820733331
-71.159575976 -17.808200779
-71.17308509 -17.796319269
-71.203521288 -17.762627863
-71.219227668 -17.751560154
-71.267811653 -17.731215102
-71.304554817 -17.705987238
-71.325795051 -17.69524505
-71.346913215 -17.691013279
-71.38003496 -17.69524505
-71.384429491 -17.697849217
-71.385161913 -17.68726979
-71.378651496 -17.6757138
-71.364003059 -17.65618255
-71.359608528 -17.633070571
-71.362782356 -17.6132138
-71.36839759 -17.593194269
-71.377674934 -17.492364191
-71.381947395 -17.473809503
-71.39582272 -17.434177342
-71.400257942 -17.400323175
-71.404449023 -17.396091404
-71.410755989 -17.39430104
-71.418609179 -17.389336847
-71.445912239 -17.355157159
-71.481312629 -17.331231378
-71.483876106 -17.328383071
-71.497710741 -17.297133071
-71.514515754 -17.284600519
-71.530588345 -17.279717706
-71.569447395 -17.27320729
-71.593088345 -17.26555755
-71.60252845 -17.259535415
-71.619984504 -17.244317316
-71.636830207 -17.233656508
-71.641468879 -17.231622003
-71.807606575 -17.1913388
-71.845692512 -17.174574477
-71.877919075 -17.149102472
-71.924427864 -17.095635675
-71.948597786 -17.073500258
-72.003081835 -17.042575779
-72.02456621 -17.033623956
-72.047271288 -17.027764581
-72.109934049 -17.023125909
-72.11815345 -17.01930104
-72.123524543 -17.009372654
-72.12218177 -16.9882138
-72.124379036 -16.977715753
-72.138050911 -16.9647763
-72.178537564 -16.942152602
-72.187001106 -16.93336354
-72.197255012 -16.916436456
-72.221099413 -16.905938409
-72.268950976 -16.895196222
-72.293365038 -16.880629165
-72.29796302 -16.862969659
-72.297352668 -16.84351979
-72.306507942 -16.8241513
-72.362212694 -16.761325779
-72.385080533 -16.745700779
-72.396351692 -16.742364191
-72.405629036 -16.742364191
-72.413970507 -16.741306248
-72.42292233 -16.734795831
-72.433257616 -16.720310154
-72.440093554 -16.714450779
-72.4501847 -16.712090753
-72.456450976 -16.709161066
-72.478098111 -16.69508229
-72.488026496 -16.690362238
-72.529652473 -16.6835263
-72.587757942 -16.659356378
-72.692353031 -16.66065391
-72.781320767 -16.629327081
-72.888335741 -16.55462005
-73.060246425 -16.49488102
-73.093820767 -16.460137628
-73.13792884 -16.438571873
-73.175160286 -16.413262628
-73.19253496 -16.407159113
-73.23167884 -16.407972915
-73.250396288 -16.403008722
-73.265736457 -16.393731378
-73.280140754 -16.388360284
-73.296213345 -16.395603123
-73.304676887 -16.381931248
-73.317290819 -16.340427342
-73.325998502 -16.330743097
-73.336048957 -16.326267185
-73.365101692 -16.319919529
-73.420318163 -16.293145441
-73.481800911 -16.278903904
-73.598909335 -16.239849266
-73.676202399 -16.227872935
-73.700686906 -16.244594386
-73.70027773 -16.220696358
-73.718495246 -16.206231378
-73.727935351 -16.196058852
-73.735015429 -16.190118097
-73.771357946 -16.178201887
-73.842640754 -16.146661066
-73.87218177 -16.12867604
-73.934420927 -16.08644147
-74.004077052 -16.0370594
-74.032826301 -16.012302342
-74.033164692 -16.000782706
-74.027904246 -15.988802544
-74.035758054 -15.973241912
-74.046620246 -15.960137628
-74.077104351 -15.946034488
-74.161691861 -15.901055597
-74.177398241 -15.896905206
-74.220611132 -15.891289972
-74.236927864 -15.881036066
-74.250173531 -15.866150008
-74.253363073 -15.85573361
-74.265738622 -15.847661499
-74.289951406 -15.839599726
-74.327936643 -15.848055469
-74.363118369 -15.839254799
-74.398011882 -15.826863045
-74.441721158 -15.798028253
-74.44640052 -15.792250258
-74.448963996 -15.772719008
-74.451527473 -15.762627863
-74.456695116 -15.754571222
-74.457647034 -15.740821365
-74.463068276 -15.726723527
-74.488514778 -15.717705988
-74.53831799 -15.702639779
-74.68097897 -15.642022394
-74.751223236 -15.604642784
-74.84755999 -15.566293734
-74.868644927 -15.538050755
-74.979115364 -15.482354425
-75.006418424 -15.461195571
-75.019886848 -15.45712656
-75.034779426 -15.459242446
-75.041615364 -15.462172133
-75.048695442 -15.46070729
-75.064564582 -15.449639581
-75.09487871 -15.417168878
-75.106109179 -15.408623956
-75.125721809 -15.402601821
-75.1454972 -15.399509373
-75.160796679 -15.393324477
-75.166981575 -15.377618097
-75.172108528 -15.373630467
-75.189416003 -15.369544974
-75.190989761 -15.362100978
-75.189460982 -15.358371153
-75.175591956 -15.351614276
-75.155422358 -15.346419663
-75.151640833 -15.33298808
-75.166859504 -15.311293227
-75.195952929 -15.293633722
-75.236439582 -15.276788019
-75.263172981 -15.250420831
-75.243804491 -15.251397394
-75.232777473 -15.245782159
-75.228423632 -15.235772394
-75.229644335 -15.223728123
-75.234120246 -15.214532159
-75.241118944 -15.205336196
-75.289621549 -15.161065363
-75.3095597 -15.152032159
-75.361805793 -15.144789321
-75.376454231 -15.134047133
-75.385243293 -15.11695729
-75.394154426 -15.093926691
-75.441029426 -15.027764581
-75.448109504 -15.007989191
-75.455799934 -14.998142185
-75.491607226 -14.974541925
-75.502756314 -14.963636977
-75.504383918 -14.9569638
-75.502756314 -14.925469659
-75.506581184 -14.918226821
-75.550648567 -14.884942316
-75.632883267 -14.845798435
-75.659913787 -14.831718244
-75.680532568 -14.821026618
-75.704741991 -14.805759373
-75.748332096 -14.770979644
-75.798207161 -14.747328383
-75.801665819 -14.742445571
-75.809966601 -14.736993097
-75.819894986 -14.732191665
-75.828277148 -14.73023854
-75.839426236 -14.72633229
-75.846913215 -14.717054946
-75.852935351 -14.705987238
-75.859689908 -14.696058852
-75.866769986 -14.689548435
-75.874175585 -14.684258722
-75.915882942 -14.66383229
-75.93065345 -14.649346613
-75.927290309 -14.626830894
-75.930416833 -14.603422611
-75.932769442 -14.580015125
-75.946074852 -14.558889796
-75.963275088 -14.534760011
-75.973434381 -14.528741471
-75.976510606 -14.517386183
-75.971848441 -14.508342296
-75.964832034 -14.492490386
-75.968939004 -14.483759688
-75.980636126 -14.461098798
-76.003407356 -14.449802342
-76.037180142 -14.429294529
-76.049143033 -14.41806406
-76.068430142 -14.391371352
-76.081857877 -14.377699477
-76.092152473 -14.373142185
-76.116607226 -14.370700779
-76.126576301 -14.36712005
-76.133208788 -14.359633071
-76.143552579 -14.327895113
-76.116113268 -14.32487381
-76.108277125 -14.315740291
-76.106708956 -14.305859529
-76.11376206 -14.292927168
-76.123162639 -14.273908144
-76.129302538 -14.263441665
-76.137074348 -14.241875909
-76.149159309 -14.223890883
-76.164702929 -14.216403904
-76.181141731 -14.210625909
-76.189523892 -14.196954034
-76.194894986 -14.181084894
-76.202259895 -14.168552342
-76.215443489 -14.161228123
-76.249939624 -14.147806203
-76.251566664 -14.169807382
-76.271193455 -14.200930402
-76.290435351 -14.167413019
-76.282056182 -14.140924438
-76.282805943 -14.103694802
-76.291737434 -14.080987238
-76.281200092 -14.073314227
-76.280873176 -14.057386977
-76.267907238 -14.049715413
-76.274180714 -14.039040031
-76.271819734 -14.030684074
-76.269449394 -14.020059456
-76.278863508 -14.008602181
-76.284575976 -13.991631769
-76.272804982 -13.987397578
-76.270438826 -13.962500101
-76.277429038 -13.945103259
-76.295310107 -13.934502472
-76.29784095 -13.922133071
-76.296864387 -13.914971613
-76.293771939 -13.907484633
-76.292713996 -13.900485935
-76.29784095 -13.894219659
-76.308461067 -13.891778253
-76.315052864 -13.896661066
-76.317843658 -13.912702096
-76.324859932 -13.921000375
-76.337300804 -13.916453255
-76.35439942 -13.919437096
-76.373026674 -13.908831456
-76.393959689 -13.908020421
-76.393544075 -13.881931248
-76.391102668 -13.867852472
-76.377601556 -13.835888124
-76.366713455 -13.82202356
-76.371361063 -13.809178308
-76.362015526 -13.801642198
-76.344132074 -13.805446923
-76.325754361 -13.791192316
-76.308094856 -13.791761977
-76.295903514 -13.793435778
-76.290473498 -13.804770453
-76.300601547 -13.819101518
-76.302951906 -13.832688931
-76.293609779 -13.840256136
-76.280588345 -13.846856378
-76.261773216 -13.861428285
-76.253984631 -13.850867951
-76.253182916 -13.829731942
-76.247717116 -13.808601831
-76.232899381 -13.764072736
-76.224317058 -13.73387144
-76.224924283 -13.713636977
-76.221343554 -13.686618748
-76.209706184 -13.653985284
-76.198150194 -13.622491144
-76.181263801 -13.539483331
-76.187855598 -13.46493906
-76.196034309 -13.428155206
-76.221101527 -13.357555919
-76.274281379 -13.287286066
-76.306954518 -13.257044707
-76.370961067 -13.173597915
-76.450950443 -13.071710555
-76.483347193 -13.036295976
-76.490948317 -13.012079024
-76.505482551 -12.990166925
-76.516474443 -12.946153001
-76.51167288 -12.91082027
-76.516233087 -12.869918828
-76.531971809 -12.843926691
-76.542307095 -12.8319638
-76.611073371 -12.774346613
-76.63003496 -12.750664972
-76.672474739 -12.668552342
-76.681792773 -12.655368748
-76.68065345 -12.62867604
-76.681467252 -12.619317316
-76.689320442 -12.609633071
-76.704766941 -12.594410911
-76.736180463 -12.552415256
-76.780016685 -12.523388819
-76.799079287 -12.509342093
-76.811756965 -12.482679946
-76.791127082 -12.456719659
-76.782429856 -12.419212949
-76.790885587 -12.381046974
-76.82542884 -12.352471613
-76.853646036 -12.302644125
-76.948963996 -12.25009531
-77.006255663 -12.22633229
-77.017201301 -12.225762628
-77.020863411 -12.220635675
-77.038319465 -12.204359633
-77.044545051 -12.194756769
-77.046945767 -12.180759373
-77.04417884 -12.172051691
-77.04010983 -12.164483331
-77.038319465 -12.153741144
-77.053944465 -12.114190363
-77.088978645 -12.088962498
-77.11440996 -12.081312758
-77.132883267 -12.075778904
-77.174916145 -12.071872654
-77.166493293 -12.053317967
-77.155100064 -12.03899505
-77.145090299 -12.023044529
-77.140736457 -11.999200128
-77.145904101 -11.932061456
-77.154367642 -11.909437758
-77.161854621 -11.879489842
-77.166371223 -11.869561456
-77.181711392 -11.845879816
-77.187245246 -11.825290623
-77.181440657 -11.800578024
-77.196373742 -11.77682217
-77.196336319 -11.767835059
-77.177978084 -11.770370521
-77.167059759 -11.756536132
-77.171085621 -11.736138063
-77.195423957 -11.6913388
-77.199818489 -11.670098566
-77.210926887 -11.646416925
-77.225453254 -11.627211196
-77.240061002 -11.619398696
-77.253000455 -11.614841404
-77.264230924 -11.604261977
-77.281361457 -11.58212656
-77.284738736 -11.575372003
-77.277740038 -11.565850519
-77.277943489 -11.557305597
-77.281890429 -11.549493097
-77.298980273 -11.529961847
-77.312733528 -11.504815363
-77.320464648 -11.493747654
-77.329457161 -11.489027602
-77.340321418 -11.485935154
-77.348011848 -11.478285415
-77.36046302 -11.461114191
-77.377797004 -11.449883722
-77.420806444 -11.430759373
-77.453358528 -11.403741144
-77.608509895 -11.322442316
-77.634185351 -11.303399347
-77.647256706 -11.292316287
-77.644849939 -11.279902765
-77.647017138 -11.256763439
-77.652089763 -11.236992146
-77.645134176 -11.230823807
-77.647967541 -11.222346118
-77.63984979 -11.21392979
-77.630630691 -11.213418071
-77.618557125 -11.216305757
-77.609332853 -11.210719673
-77.597799299 -11.206836517
-77.593677045 -11.19106873
-77.594684117 -11.165117082
-77.608330647 -11.141921578
-77.618600316 -11.127193637
-77.612761776 -11.115396227
-77.633368257 -11.092689534
-77.628689524 -11.082571885
-77.638982431 -11.064978996
-77.634316463 -11.056557866
-77.642865521 -11.037282446
-77.661306677 -11.014460245
-77.657221393 -11.006014783
-77.646806115 -10.996477375
-77.65588136 -10.976118736
-77.664381293 -10.960266141
-77.663142343 -10.947298412
-77.670538767 -10.927519693
-77.681348768 -10.909966749
-77.696155712 -10.890697915
-77.711554307 -10.868034239
-77.709169814 -10.852246909
-77.734934049 -10.832289321
-77.753155235 -10.815768817
-77.753051824 -10.801091319
-77.747803383 -10.792072211
-77.764877444 -10.768851043
-77.7636762 -10.761524057
-77.792469856 -10.734958592
-77.807682141 -10.724043616
-77.81346595 -10.712172133
-77.819203254 -10.701348566
-77.826893684 -10.692803644
-77.848500129 -10.673760675
-77.911972906 -10.566389669
-77.909570588 -10.555114386
-77.922592093 -10.530785319
-77.942046679 -10.515801691
-77.968495246 -10.493910415
-77.966298735 -10.478073024
-77.977159432 -10.455981313
-77.995464492 -10.432118455
-78.010975715 -10.412774347
-78.01292884 -10.403252863
-78.004830753 -10.393745898
-78.006426571 -10.382481976
-78.017811653 -10.371758722
-78.055804466 -10.347524046
-78.057336592 -10.328350972
-78.05817279 -10.301908291
-78.076893684 -10.286553644
-78.085548201 -10.277426315
-78.087668278 -10.261593834
-78.095511174 -10.240667155
-78.090731755 -10.228844451
-78.100416257 -10.214692904
-78.104934345 -10.201132253
-78.124341577 -10.179554608
-78.166596293 -10.141410897
-78.175562761 -10.121044012
-78.182335075 -10.11084627
-78.182835568 -10.100684182
-78.174232314 -10.099053354
-78.167968928 -10.09341552
-78.169614001 -10.080973613
-78.178708012 -10.069043912
-78.175809964 -10.062845395
-78.177427022 -10.050984809
-78.177942842 -10.0425071
-78.193903827 -10.020878556
-78.197976433 -9.997386287
-78.20353911 -9.986618397
-78.212265725 -9.973036967
-78.215068179 -9.96285804
-78.225483078 -9.958830111
-78.228894708 -9.954286912
-78.234630085 -9.952549155
-78.236308291 -9.946889299
-78.234541815 -9.941820758
-78.228740814 -9.935654784
-78.229843716 -9.924894553
-78.228983874 -9.91316791
-78.229923429 -9.900726965
-78.234480415 -9.885083588
-78.241601527 -9.875977281
-78.243258567 -9.858939506
-78.238891855 -9.838725994
-78.229891131 -9.825043713
-78.229422427 -9.793784131
-78.268912862 -9.758605416
-78.301123337 -9.721917472
-78.307536757 -9.698406958
-78.324432207 -9.680981535
-78.332462947 -9.662956081
-78.342518663 -9.652898576
-78.354473411 -9.632200539
-78.369903787 -9.615432261
-78.374435383 -9.584780584
-78.368071419 -9.556929345
-78.387034285 -9.546713149
-78.390901042 -9.530073164
-78.390017468 -9.516168562
-78.39940345 -9.501885675
-78.405913866 -9.477715753
-78.397695328 -9.463903196
-78.38507789 -9.451430495
-78.39321335 -9.435382637
-78.406295045 -9.43521988
-78.427115355 -9.419739688
-78.431613557 -9.392422656
-78.428676531 -9.375848978
-78.421012433 -9.368000087
-78.41475376 -9.362127348
-78.425727221 -9.357956051
-78.434593393 -9.346493631
-78.442982551 -9.340915623
-78.448597786 -9.32822031
-78.461333788 -9.323500258
-78.475168424 -9.324883722
-78.483957486 -9.330254816
-78.506485707 -9.305038455
-78.507752434 -9.295728015
-78.509674548 -9.284419439
-78.519049294 -9.278360824
-78.526722786 -9.26962656
-78.517575098 -9.263093343
-78.508756368 -9.255862825
-78.497283823 -9.25330681
-78.489703128 -9.23345056
-78.48818842 -9.213536932
-78.497410986 -9.189538478
-78.516154274 -9.178086695
-78.535659998 -9.172566083
-78.550526598 -9.17841298
-78.558565188 -9.183727467
-78.561923734 -9.191722087
-78.557347897 -9.199684856
-78.556878707 -9.212249815
-78.552268929 -9.232258425
-78.553106876 -9.244181687
-78.564446962 -9.240791446
-78.577665685 -9.213447991
-78.597024063 -9.191339869
-78.611154993 -9.176522353
-78.610394436 -9.165888487
-78.61439508 -9.160530022
-78.609639228 -9.1559189
-78.59418235 -9.161384556
-78.570567102 -9.168326977
-78.564529553 -9.160328109
-78.559690696 -9.148428984
-78.559450876 -9.128186675
-78.568030135 -9.104223965
-78.578673189 -9.089518091
-78.59202655 -9.077443892
-78.605494371 -9.076667898
-78.623725094 -9.079178268
-78.632426042 -9.072458729
-78.641721606 -9.056427986
-78.640221337 -9.039822942
-78.633330323 -9.023265653
-78.628510979 -9.013338418
-78.63718551 -9.004622447
-78.661378392 -8.9957654
-78.661962714 -8.985123339
-78.65387334 -8.98719306
-78.649091722 -8.980590223
-78.648911413 -8.958654114
-78.654771729 -8.933333139
-78.662745345 -8.917957307
-78.674030984 -8.897232537
-78.681996885 -8.882521679
-78.696711709 -8.865064574
-78.717274543 -8.836846613
-78.764299902 -8.775111854
-78.762185337 -8.765816774
-78.762093939 -8.756508649
-78.75460794 -8.747929217
-78.743051586 -8.740019176
-78.740746043 -8.711457972
-78.745258096 -8.688177963
-78.743082228 -8.67291196
-78.750274834 -8.646946298
-78.759328052 -8.608327353
-78.789458788 -8.566827081
-78.819732226 -8.528252863
-78.859242317 -8.491306248
-78.881947395 -8.474541925
-78.913319465 -8.462497654
-78.927845832 -8.450616144
-78.940261692 -8.435525563
-78.934793628 -8.422951992
-78.924641446 -8.424410695
-78.919326984 -8.427106068
-78.906557463 -8.417899063
-78.901662599 -8.397349082
-78.902125082 -8.376761355
-78.963687608 -8.286699686
-78.965485193 -8.264763839
-78.989956193 -8.231978581
-78.985740012 -8.217420554
-79.018355881 -8.180565206
-79.124223307 -8.089650476
-79.12465625 -8.065072534
-79.183745898 -8.025648696
-79.299712694 -7.938653253
-79.351713106 -7.880710765
-79.384080644 -7.83378834
-79.395699438 -7.79243222
-79.444717221 -7.737414688
-79.456532356 -7.72633229
-79.465942096 -7.715929212
-79.461166027 -7.708669749
-79.449046741 -7.70480783
-79.436841033 -7.693634195
-79.435286852 -7.674386647
-79.448443161 -7.65033651
-79.484250468 -7.59348496
-79.555565489 -7.495709143
-79.582508918 -7.463636977
-79.58443444 -7.439575131
-79.589597252 -7.420910493
-79.588734504 -7.411309503
-79.577938831 -7.399779779
-79.573761289 -7.386539425
-79.584863454 -7.357164645
-79.596684112 -7.331088197
-79.595779736 -7.312500445
-79.612759682 -7.266392094
-79.644704789 -7.231750325
-79.683775784 -7.192111663
-79.697012053 -7.17800919
-79.690729931 -7.156809581
-79.689085513 -7.130911015
-79.70824035 -7.106777355
-79.814465585 -7.00093122
-79.866262968 -6.949747993
-79.87747648 -6.928975009
-79.931548632 -6.883477472
-79.945381537 -6.852025215
-79.94901602 -6.820090828
-79.964679566 -6.787355106
-79.988405471 -6.757846699
-80.004546679 -6.740899347
-80.118916361 -6.650611102
-80.169429815 -6.618712368
-80.298095846 -6.544447812
-80.460206931 -6.462652662
-80.727660542 -6.329450589
-80.790528062 -6.299691755
-80.853128454 -6.239497573
-80.926068313 -6.189385926
-81.013894313 -6.13907092
-81.101457036 -6.072068061
-81.13081113 -6.034561307
-81.151419981 -5.975873227
-81.149039074 -5.93600771
-81.149386057 -5.892390526
-81.150215721 -5.883073313
-81.129412082 -5.865809968
-81.123591258 -5.84635401
-81.118853877 -5.839907273
-81.096344336 -5.838563692
-81.085786559 -5.815509718
-81.084672384 -5.799684703
-81.075193996 -5.786785398
-81.057498086 -5.787973997
-81.03827901 -5.818103119
-81.009562314 -5.831579917
-80.971592848 -5.845957223
-80.939930793 -5.850844008
-80.90339108 -5.814629816
-80.864012296 -5.74393644
-80.856211816 -5.650461608
-80.881216068 -5.573868266
-80.931824138 -5.463815406
-80.962066677 -5.430046734
-81.055287239 -5.33993906
-81.072195842 -5.318920737
-81.094455324 -5.313043179
-81.107593514 -5.317459065
-81.131606221 -5.300401876
-81.152495898 -5.267673435
-81.178212043 -5.238539321
-81.198475715 -5.208103123
-81.193538883 -5.198295702
-81.186877632 -5.190024878
-81.173708394 -5.184603004
-81.165987546 -5.164327718
-81.16958221 -5.153171964
-81.177822328 -5.142860992
-81.176689529 -5.129886114
-81.162616255 -5.12634203
-81.167043731 -5.108679847
-81.171400291 -5.087299028
-81.162772079 -5.072572222
-81.146938257 -5.074632235
-81.129126169 -5.064691118
-81.112573367 -5.08158405
-81.082757352 -5.079213887
-81.067590094 -5.057201639
-81.063354744 -5.022042811
-81.085021297 -4.974485716
-81.118076785 -4.940654649
-81.149407386 -4.91703311
-81.173139775 -4.881456522
-81.1895015 -4.85153808
-81.223400373 -4.806488092
-81.303485698 -4.720718124
-81.337557529 -4.678304298
-81.332687826 -4.664447123
-81.320388788 -4.658193014
-81.305252742 -4.643567567
-81.307913296 -4.623896789
-81.316517707 -4.601250909
-81.307932095 -4.550062758
-81.307484504 -4.534274998
-81.313140429 -4.516289972
-81.322661913 -4.49586354
-81.328928189 -4.47665781
-81.324818489 -4.461602472
-81.314320442 -4.452325128
-81.307362434 -4.447360935
-81.301340299 -4.441664321
-81.293812629 -4.430433852
-81.279530403 -4.396416925
-81.279164192 -4.373630467
-81.293812629 -4.317559503
-81.288970507 -4.297784113
-81.277658658 -4.274102472
-81.264027473 -4.252373956
-81.252797004 -4.238702081
-81.165638801 -4.179375909
-81.142974413 -4.15618255
-81.124338345 -4.123223566
-81.11034095 -4.107598566
-81.091420051 -4.101006769
-81.073312955 -4.096774998
-81.062489387 -4.08570729
-81.046742317 -4.053155206
-80.992909309 -3.972100519
-80.961577929 -3.939385675
-80.923817512 -3.909844659
-80.882923957 -3.886895441
-80.867787239 -3.872735284
-80.861805793 -3.851739191
-80.859120246 -3.829278253
-80.852365689 -3.808282159
-80.834462043 -3.77320729
-80.807606575 -3.739434503
-80.771717903 -3.710137628
-80.613107877 -3.615655206
-80.584584114 -3.588067316
-80.542307095 -3.526136977
-80.53624427 -3.505303644
-80.528187629 -3.502048435
-80.518177864 -3.500420831
-80.509266731 -3.495212498
-80.493723111 -3.489190363
-80.424183723 -3.491469008
-80.405018684 -3.487237238
-80.384510871 -3.478692316
-80.36823483 -3.465508722
-80.361480273 -3.447686456
-80.358713345 -3.436700128
-80.345448371 -3.41415781
-80.34105384 -3.403252863
-80.3407286664 -3.39349765352
-80.333903158 -3.39705251
-80.317625082 -3.405527445
-80.279746257 -3.415552673
-80.265664429 -3.426404724
-80.267783163 -3.443871358
-80.273880982 -3.464645283
-80.271633057 -3.485522563
-80.265561076 -3.491103617
-80.249076294 -3.497924906
-80.242668417 -3.505159607
-80.240291301 -3.514047953
-80.240265463 -3.523866476
-80.242125815 -3.542986755
-80.249903117 -3.569961853
-80.249980632 -3.577713318
-80.243546916 -3.58463796
-80.233676717 -3.587841899
-80.224995077 -3.59187266
-80.222282064 -3.601277771
-80.222127035 -3.61243988
-80.216390951 -3.63156016
-80.215202393 -3.642515564
-80.216778524 -3.652437439
-80.223289754 -3.671867777
-80.224943401 -3.680652771
-80.224943401 -3.690677999
-80.223987386 -3.698429463
-80.217863729 -3.717136332
-80.216856039 -3.726954854
-80.220189169 -3.734706319
-80.224452474 -3.741630961
-80.226312826 -3.749279073
-80.221636109 -3.769432881
-80.201559815 -3.80147227
-80.192723145 -3.821626079
-80.191457072 -3.830617777
-80.191457072 -3.84911794
-80.188769898 -3.857696227
-80.180062419 -3.867824809
-80.171096558 -3.873612569
-80.165050416 -3.879503683
-80.165073794 -3.880695937
-80.165257122 -3.890045674
-80.181147624 -3.90792572
-80.259075684 -3.943685811
-80.273286703 -3.961255798
-80.287807781 -3.98440684
-80.304628459 -4.005180766
-80.325505738 -4.015412699
-80.344264283 -4.011588643
-80.38645809 -3.988954366
-80.407102824 -3.982443136
-80.427463339 -3.981306254
-80.447694662 -3.982753194
-80.466143148 -3.988127543
-80.481077637 -3.998772888
-80.491981364 -4.014895935
-80.503582724 -4.039080505
-80.512212687 -4.064195252
-80.512293856 -4.065033997
-80.514073039 -4.083418884
-80.509060425 -4.095821228
-80.492601482 -4.118455506
-80.487175456 -4.13127126
-80.486839559 -4.140676371
-80.490689454 -4.159693298
-80.490766968 -4.168995056
-80.469605469 -4.213230082
-80.434723878 -4.216950785
-80.391419027 -4.20413503
-80.345271973 -4.198450622
-80.356304892 -4.220568135
-80.488544882 -4.395957947
-80.492291423 -4.413011169
-80.483532268 -4.4339918
-80.469967204 -4.446084086
-80.425112061 -4.47150889
-80.408498088 -4.477503356
-80.390747234 -4.476986592
-80.382866578 -4.476263122
-80.373254761 -4.467581482
-80.332301189 -4.445670674
-80.255406657 -4.386759542
-80.239671183 -4.369809672
-80.232203939 -4.353996684
-80.221946167 -4.318960063
-80.213445394 -4.304904073
-80.205047974 -4.298186137
-80.194764364 -4.293121847
-80.183834798 -4.289401143
-80.143087932 -4.284130147
-80.140245728 -4.283096618
-80.133863688 -4.293948669
-80.117223878 -4.299116313
-80.096863363 -4.302837016
-80.079655111 -4.309038188
-80.061620036 -4.324437765
-80.02927059 -4.359681091
-80.009090943 -4.373840433
-79.982012493 -4.388619893
-79.956019247 -4.391720479
-79.93033606 -4.392030538
-79.904084432 -4.398645121
-79.878737142 -4.422002868
-79.857730673 -4.453318786
-79.832874309 -4.478950297
-79.795744792 -4.484738057
-79.728591269 -4.464067484
-79.694123088 -4.443603617
-79.657975423 -4.438746032
-79.630328533 -4.452491964
-79.579840658 -4.502308044
-79.572037516 -4.506028747
-79.557774822 -4.51657074
-79.551625326 -4.519878032
-79.527544108 -4.519671325
-79.507209432 -4.531556905
-79.501628377 -4.540962016
-79.504134685 -4.555638122
-79.527182373 -4.596565857
-79.527854167 -4.618063253
-79.498708659 -4.660644633
-79.487210653 -4.719969178
-79.46103654 -4.76916514
-79.460823144 -4.770455598
-79.457755086 -4.789008891
-79.450572063 -4.810196228
-79.433312135 -4.823942159
-79.412693238 -4.83479421
-79.395329957 -4.847609965
-79.389929769 -4.856498311
-79.383418539 -4.876238708
-79.378070028 -4.884816996
-79.369362549 -4.89112152
-79.349854696 -4.898459575
-79.341043864 -4.904247334
-79.327840536 -4.923264262
-79.317169353 -4.944399922
-79.303216716 -4.961246439
-79.28027238 -4.967344258
-79.233688694 -4.965647839
-79.209320638 -4.964760437
-79.191750652 -4.967654317
-79.158315999 -4.979333191
-79.140849366 -4.983260599
-79.130669109 -4.982847188
-79.114520224 -4.978816427
-79.104159098 -4.980056661
-79.093384563 -4.985120951
-79.082454997 -4.993079122
-79.063928996 -5.011372579
-79.035093547 -4.987498067
-79.009281169 -4.960109558
-79.002098145 -4.939128927
-78.99101355 -4.890398051
-78.980342367 -4.873964945
-78.960266073 -4.868900655
-78.933962769 -4.868693949
-78.910811727 -4.863526306
-78.900218059 -4.843682556
-78.905334025 -4.819808044
-78.927890788 -4.774849548
-78.928614258 -4.747461039
-78.917348796 -4.719969178
-78.898641928 -4.694234314
-78.853063315 -4.65227305
-78.811282918 -4.628708598
-78.71971228 -4.592225037
-78.708934776 -4.58510837
-78.681678427 -4.567110291
-78.672660889 -4.550987243
-78.671446493 -4.53176361
-78.672376669 -4.511816508
-78.669792847 -4.493419698
-78.655349285 -4.470165303
-78.639898031 -4.451251729
-78.637210856 -4.435128682
-78.660982016 -4.420659281
-78.673151815 -4.401539001
-78.681213339 -4.364435323
-78.682427735 -4.326918233
-78.674133668 -4.305937601
-78.655736857 -4.290641377
-78.647106894 -4.271107686
-78.637572592 -4.227389424
-78.57662024 -4.100058695
-78.565923218 -4.055720317
-78.56690507 -3.996189066
-78.562073324 -3.979755961
-78.551893067 -3.969213969
-78.540756795 -3.966320089
-78.528638673 -3.965389913
-78.515719564 -3.961359151
-78.501766927 -3.953711039
-78.497632813 -3.949576925
-78.497710327 -3.942652283
-78.487840129 -3.868651632
-78.480682943 -3.849531352
-78.470373495 -3.830204366
-78.464327353 -3.82565684
-78.452002524 -3.819869079
-78.444070191 -3.814804789
-78.419678915 -3.79103363
-78.413581095 -3.771809997
-78.426371013 -3.707214457
-78.426422689 -3.694605407
-78.425854249 -3.689437764
-78.421100017 -3.687784119
-78.408361776 -3.685613709
-78.400739502 -3.679825948
-78.400093547 -3.670110779
-78.4042535 -3.649750264
-78.404718588 -3.613783467
-78.402393148 -3.594353129
-78.395675212 -3.573785909
-78.377252564 -3.533684998
-78.375871848 -3.529348454
-78.362938192 -3.488726501
-78.35529008 -3.445525004
-78.354695801 -3.434569601
-78.36079362 -3.414932556
-78.361723796 -3.408524678
-78.350794231 -3.389611104
-78.333973552 -3.384546814
-78.313018759 -3.387440694
-78.26968807 -3.399532979
-78.257182373 -3.409558207
-78.249689291 -3.424544372
-78.235865846 -3.488829855
-78.226305705 -3.507019959
-78.212688966 -3.500508728
-78.196850139 -3.48758962
-78.179125123 -3.483765564
-78.163725546 -3.477254333
-78.154527141 -3.456790466
-78.156645874 -3.429298604
-78.169203247 -3.414932556
-78.184964559 -3.403770447
-78.196514242 -3.385580343
-78.196410889 -3.363669535
-78.184602824 -3.349510193
-78.148170939 -3.322431743
-78.135820273 -3.30465505
-78.104917766 -3.245433858
-78.090861776 -3.230034281
-78.042544312 -3.18993337
-77.94146521 -3.054541117
-77.867826294 -2.990255635
-77.849016073 -2.980643819
-77.810369412 -2.967149116
-77.78271521 -2.957492777
-77.656986451 -2.91356781
-77.531206014 -2.869642842
-77.405477254 -2.825614523
-77.279748495 -2.781689555
-77.154019735 -2.737661235
-77.028187622 -2.693736267
-76.902458862 -2.6498113
-76.776678427 -2.605782979
-76.684591025 -2.573640239
-76.669661558 -2.564588925
-76.62526648 -2.537673442
-76.56862911 -2.494265239
-76.50894283 -2.448583272
-76.449256551 -2.402901306
-76.389621949 -2.357322693
-76.329883993 -2.311537374
-76.27024939 -2.265855407
-76.210511434 -2.220276795
-76.150876832 -2.174594828
-76.091242229 -2.128912862
-76.041271119 -2.070725199
-75.991351685 -2.012640889
-75.941380575 -1.954453227
-75.891461142 -1.896265564
-75.841541707 -1.838077901
-75.79154476 -1.779890238
-75.741625326 -1.721702576
-75.691731731 -1.663618266
-75.65147579 -1.616696065
-75.596543742 -1.565743103
-75.580740097 -1.546639796
-75.573030966 -1.537321065
-75.560034343 -1.502594502
-75.545332398 -1.444820251
-75.51530839 -1.326997986
-75.485284384 -1.209072367
-75.455260377 -1.091146749
-75.425236369 -0.973324483
-75.412575643 -0.923921813
-75.40640031 -0.91513682
-75.378055787 -0.941181742
-75.364413208 -0.956891378
-75.35859961 -0.966916605
-75.348729411 -0.974978129
-75.325940105 -0.975494893
-75.283487915 -0.970430603
-75.23620398 -0.970430603
-75.227263958 -0.969810485
-75.227496501 -0.96309255
-75.23475704 -0.953170675
-75.244343018 -0.944799093
-75.252068645 -0.933430277
-75.253903158 -0.92412852
-75.252301189 -0.906868591
-75.252611247 -0.897876892
-75.29702714 -0.74698171
-75.296613729 -0.734476013
-75.290257528 -0.716492614
-75.288138794 -0.706260681
-75.288655558 -0.696132101
-75.292944703 -0.67773529
-75.293978231 -0.667916768
-75.289430706 -0.656031189
-75.278759522 -0.648899841
-75.266641398 -0.642698669
-75.266635392 -0.642692318
-75.2576497 -0.633190205
-75.255582642 -0.624301859
-75.256977906 -0.616757101
-75.259303345 -0.6095224
-75.260130168 -0.601254171
-75.257029582 -0.561980082
-75.260698609 -0.543479919
-75.272041585 -0.525703226
-75.276537436 -0.524152934
-75.285916708 -0.529010518
-75.290980998 -0.52797699
-75.294856731 -0.523222758
-75.300024374 -0.51175059
-75.304287679 -0.507099711
-75.343277547 -0.476817322
-75.347359986 -0.470926209
-75.353070232 -0.467722269
-75.365395061 -0.468755798
-75.375652833 -0.466998799
-75.38699581 -0.459970805
-75.405625163 -0.442400818
-75.434228069 -0.403023376
-75.452728231 -0.360648702
-75.48476762 -0.247684021
-75.496188111 -0.233111267
-75.512156128 -0.223086039
-75.533524333 -0.216058044
-75.545900839 -0.209753519
-75.566829794 -0.190013123
-75.578973755 -0.182675069
-75.588714763 -0.181331482
-75.610134644 -0.182985128
-75.619565593 -0.18091807
-75.628634807 -0.170479431
-75.638401652 -0.150945739
-75.643207561 -0.128828227
-75.637600668 -0.111464946
-75.623002076 -0.106607361
-75.605018677 -0.111361593
-75.586776896 -0.118699646
-75.571170614 -0.121696879
-75.553290568 -0.119836528
-75.539260418 -0.120043233
-75.52574703 -0.123247172
-75.455260377 -0.161177673
-75.429499675 -0.163658142
-75.402576254 -0.145778096
-75.39423051 -0.145054626
-75.360020712 -0.149912211
-75.344052694 -0.149085388
-75.330746013 -0.144641215
-75.317956096 -0.13833669
-75.295347656 -0.122316996
-75.283487915 -0.107020772
-75.268346721 -0.101749776
-75.252533733 -0.0895541379999
-75.240131389 -0.0747746779999
-75.235118775 -0.0619589239999
-75.23170813 -0.0426319379999
-75.222096314 -0.0324000039999
-75.206748414 -0.0290927119999
-75.186697957 -0.0312631219999
-75.141687786 -0.0434587599999
-75.120655478 -0.0541041049999
-75.10163855 -0.0690902699999
-75.062312786 -0.123143819
-75.050737264 -0.134305929
-75.042236491 -0.137303161
-75.024692343 -0.137716573
-75.015364746 -0.140507101
-75.009111898 -0.145261332
