50.551605665 26.194240627
50.594737175 26.16030508
50.614756707 26.111151434
50.620616082 26.052964585
50.618418816 25.96474844
50.603526238 25.854559637
50.594493035 25.832709052
50.5654403 25.789699611
50.56527754 25.789536851
50.558604363 25.819769598
50.547211134 25.852932033
50.531423373 25.885239976
50.511403842 25.913031317
50.46778405 25.957586981
50.460459832 25.985256252
50.460459832 25.985296942
50.479991082 26.018866278
50.485443556 26.033433335
50.49089603 26.048000393
50.49089603 26.048041083
50.485199415 26.085638739
50.469981316 26.122626044
50.452972852 26.149562893
50.448903842 26.161607164
50.449554884 26.177964585
50.461192254 26.225246486
50.468516472 26.236883856
50.481455925 26.242580471
50.481618686 26.242539781
50.482595248 26.242539781
50.503916863 26.242010809
50.516368035 26.239691473
50.532399936 26.233099677
50.545420769 26.227728583
50.545502149 26.227769273
50.586680535 26.242499091
50.593272332 26.238592841
50.597422722 26.225531317
50.604746941 26.216498114
50.606944207 26.212388414
50.609141472 26.208319403
50.609141472 26.208278713
50.603526238 26.197658596
50.594086134 26.19529857
50.565603061 26.198879299
50.551605665 26.194240627
