8.60251042864 36.9395107635
8.605655151 36.913045146
8.604828329 36.900978699
8.608238973 36.890720927
8.642552124 36.848501282
8.641725301 36.836357321
8.623845255 36.826073711
8.554495483 36.803646139
8.520078979 36.797910055
8.482665242 36.799977113
8.444011271 36.796204733
8.413108765 36.783905742
8.406700887 36.7679894
8.441634155 36.753209941
8.461787964 36.73279775
8.453209676 36.697657776
8.430368693 36.662621155
8.407941121 36.642622376
8.286914917 36.583401184
8.222319376 36.56376414
8.193483927 36.548984681
8.169919474 36.525833639
8.167890169 36.491994979
8.167852417 36.491365459
8.208780151 36.477826233
8.295596557 36.468679504
8.314923543 36.460617982
8.333837118 36.456380514
8.349236695 36.448784078
8.357711629 36.430387268
8.359675333 36.411215312
8.358125041 36.369925843
8.355423113 36.356115986
8.354404338 36.350908915
8.307068726 36.243628642
8.302314494 36.202339172
8.307068726 36.182495423
8.314510132 36.163943583
8.317093953 36.145908509
8.307998901 36.126994934
8.296733439 36.1104068
8.275649455 36.03681956
8.272445516 35.981732483
8.268423401 35.969863948
8.247227417 35.907318421
8.241439656 35.827736715
8.245780477 35.785310364
8.257666057 35.750325419
8.306551961 35.684903056
8.323605184 35.652191874
8.327225481 35.621405428
8.337041056 35.537935283
8.336730997 35.508376363
8.300867553 35.437476299
8.290015502 35.402594706
8.287948446 35.366059469
8.294356323 35.325080058
8.317404012 35.289474996
8.355231161 35.274333802
8.396882365 35.263688457
8.431298869 35.241725973
8.421376993 35.222088929
8.360915568 35.145917868
8.313683309 35.103078105
8.300454142 35.067679749
8.282884156 34.994040833
8.259009644 34.940659079
8.248881062 34.901953431
8.250741414 34.864746399
8.26934493 34.763874003
8.266554403 34.750283102
8.25871446 34.741298
8.257355997 34.73974111
8.225213257 34.711680807
8.21343103 34.696746318
8.210640503 34.681191712
8.236478719 34.647653708
8.228830607 34.636439922
8.19286381 34.617733053
8.186559286 34.609568176
8.179531291 34.592153219
8.17519047 34.585280253
8.1672323 34.578562317
8.143667846 34.566728414
8.10248316 34.536354708
8.094058472 34.5301415
7.999077189 34.494174703
7.957322632 34.469421692
7.870609579 34.437899068
7.831542195 34.414386292
7.811905151 34.379272156
7.774284709 34.260958964
7.765293009 34.244706726
7.752787313 34.232149353
7.733873738 34.223777771
7.670311727 34.215302836
7.631451049 34.199102275
7.604062541 34.175486145
7.579567911 34.148459372
7.539228219 34.113757839
7.51745284 34.09502594
7.503706909 34.067973328
7.500606323 33.994256898
7.479832398 33.893901265
7.484896688 33.85501475
7.498539266 33.79997935
7.505463908 33.782848613
7.534196004 33.736236471
7.544427938 33.68424998
7.553006225 33.658747661
7.616568237 33.565962626
7.693152709 33.454108989
7.708242228 33.414860738
7.708286223 33.410703984
7.709689168 33.278150737
7.724985392 33.231409404
7.750720255 33.207664083
7.787513875 33.198310649
7.835469604 33.194538269
7.871953166 33.184125468
7.982747437 33.116816915
8.002177775 33.108367819
8.022641642 33.103045146
8.043622274 33.101830749
8.064499552 33.105783997
8.086823771 33.094285991
8.181391642 32.969823303
8.282884156 32.836368917
8.296423381 32.804407043
8.309962606 32.663872986
8.319574422 32.560597636
8.331253296 32.527628072
8.33262728 32.526355407
8.359985392 32.501014709
8.482665242 32.434791362
8.642345419 32.336657817
8.851531616 32.208241882
9.019893433 32.10486318
9.033742716 32.090755514
9.045008179 32.07184194
9.063303822 32.000191513
9.06598881 31.989676412
9.094514201 31.879605611
9.122729533 31.76953481
9.151151571 31.659567363
9.179470255 31.549496562
9.207788941 31.439425761
9.236210978 31.329406637
9.264426311 31.219335836
9.292951701 31.109316712
9.321270386 30.999245911
9.34958907 30.88917511
9.377907756 30.779155985
9.406329793 30.669085185
9.434751831 30.55906606
9.463070516 30.449046937
9.491389201 30.338976135
9.519707885 30.228905335
9.286543823 30.117129212
9.310004923 30.084366354
9.369486582 30.022793757
9.42172937 29.968714498
9.549680216 29.802316386
9.667709188 29.608323059
9.7469291585 29.3684281415
9.826149129 29.128533224
9.848266642 28.975726013
9.851263875 28.785995992
9.827275804 28.618646663
9.776953166 28.267578023
9.789872273 28.209442037
9.935909871 27.866723939
9.934256225 27.827398173
9.931273724 27.818641968
9.86335616 27.619245504
9.846612996 27.599298401
9.818501017 27.585733337
9.793903036 27.569739482
9.797106974 27.54891388
9.811679728 27.526537985
9.821601603 27.505686544
9.813643432 27.486488749
9.770545288 27.444217428
9.756282592 27.423030091
9.743053426 27.364118958
9.726516968 27.32468984
9.721866089 27.30846344
9.721349324 27.291875306
9.806098674 27.025121562
9.825529012 26.920580139
9.835140828 26.900994772
9.846096232 26.891951396
9.890848022 26.869575501
9.90666101 26.857483216
9.910588419 26.843117168
9.885473674 26.736612041
9.882579793 26.701782125
9.894051961 26.673980205
9.896325725 26.652792867
9.854571167 26.524376933
9.835760945 26.504223125
9.482604207 26.352552795
9.481363972 26.332605693
9.477643269 26.31555247
9.468858276 26.301031393
9.434751831 26.271989238
9.416458374 26.232250062
9.402505737 26.216178691
9.377804403 26.168946432
9.40116215 26.113394267
9.541308634 25.93635081
9.693960816 25.743494364
9.816744019 25.588465068
9.969499552 25.395401917
10.007946818 25.331426493
10.02138269 25.268019511
10.025516805 25.136399638
10.029960978 24.995064596
10.032028035 24.856339213
10.044533732 24.829622498
10.193361857 24.74993744
10.212172079 24.722858989
10.229742065 24.629944763
10.242247762 24.595114848
10.260334513 24.576640524
10.391799357 24.479979757
10.410506225 24.473287659
10.450193726 24.476930848
10.566775757 24.516463318
10.677363322 24.553851217
10.699067423 24.55612498
10.720668172 24.552300924
10.911354207 24.494500834
11.149995971 24.422334697
11.467240356 24.326338558
11.508630412 24.313814189
11.54139327 24.297510275
11.567128133 24.266840312
11.636477905 24.137649231
11.708618205 24.002980448
11.710140444 24.000137321
11.822306356 23.790641989
11.892379598 23.660055644
11.968860717 23.517351176
11.900854533 23.47717275
11.832744995 23.437046001
11.76473881 23.396945089
11.696732626 23.356844177
11.628623087 23.316717428
11.56051355 23.276590678
11.492610717 23.236515605
11.42450118 23.196414693
11.356391642 23.156262106
11.28848881 23.116161194
11.220379273 23.076060283
11.152269734 23.035881857
11.084366903 22.995755106
11.016257364 22.955654195
10.948147827 22.915527446
10.880038289 22.875374857
10.812032104 22.835325623
10.743922567 22.795198873
10.675813029 22.755046285
10.607806844 22.714945374
10.539800659 22.674896139
10.471691122 22.634743551
10.403788289 22.59464264
10.335678752 22.554541728
10.267569213 22.514337463
10.199563029 22.474236552
10.131556844 22.434135641
10.063447306 22.394034729
9.995441122 22.353882142
9.927434936 22.31378123
9.859325399 22.273680318
9.791319214 22.233579407
9.723313029 22.193426819
9.655203491 22.153325908
9.587197306 22.113224997
9.519087769 22.073072408
9.451081583 22.03291982
9.383075399 21.992818909
9.31496586 21.952717997
9.246959676 21.91256541
9.178953491 21.872516175
9.110843953 21.832363587
9.042837769 21.792262675
8.974831583 21.752110087
8.906722046 21.712060852
8.838612508 21.671908265
8.770606323 21.631807353
8.702496786 21.591654765
8.6344906 21.551502177
8.566381063 21.511349589
8.498374878 21.471300354
8.43026534 21.431147766
8.362259155 21.391046855
8.29425297 21.350945944
8.226143432 21.310845032
8.158033895 21.27074412
8.090131063 21.230591533
8.022021525 21.190490621
7.953911987 21.15038971
7.886009155 21.110237122
7.817899617 21.070084534
7.749790079 21.029983622
7.681887247 20.989831034
7.61377771 20.949730123
7.482726278 20.87257721
7.383610881 20.791651917
7.312297404 20.733464254
7.240880574 20.675173238
7.169463745 20.616985576
7.098046916 20.558746236
7.020532267 20.495442607
6.982808471 20.463609925
6.925137574 20.414000549
6.862092326 20.359740295
6.799047078 20.305531718
6.736105184 20.25132314
6.672956583 20.197114563
6.609963013 20.142854309
6.546917765 20.088645732
6.483769165 20.034385478
6.420930623 19.9801769
6.357782023 19.925916646
6.294736775 19.871682231
6.231691528 19.817473653
6.168646281 19.763213399
6.105601033 19.709004822
6.042555786 19.654744568
5.979407186 19.600535991
5.916361938 19.546275737
5.837607055 19.478631287
5.794302205 19.449795838
5.749343709 19.433698629
5.620462687 19.408997294
5.520830525 19.389902853
5.301825806 19.347993266
5.082821085 19.306006165
4.983188924 19.286963399
4.794466593 19.250764059
4.605847616 19.214616394
4.417228637 19.178417054
4.22860966 19.142243551
4.057560669 19.110436707
3.886511678 19.078629862
3.790290968 19.060770275
3.71556604 19.046900533
3.544620402 19.015067851
3.439820598 18.995637513
3.439717245 18.995637513
3.358688598 18.976853129
3.333057088 18.975561218
3.318380981 18.97770579
3.308355754 18.981684876
3.284894653 18.995740866
3.22598352 19.051060486
3.17978479 19.069999899
3.158597452 19.081549581
3.138753703 19.09604482
3.120873657 19.112813823
3.104130493 19.135525615
3.102683553 19.15356069
3.111778605 19.171337382
3.126558065 19.193351543
3.134206176 19.212859396
3.139270467 19.22192861
3.15270634 19.230196839
3.174410441 19.251642558
3.178854614 19.268721619
3.183815551 19.307504782
3.192910604 19.325798238
3.211514119 19.340861919
3.232701457 19.351843161
3.250994914 19.3654599
3.260813436 19.388326722
3.258229614 19.410392558
3.247480916 19.426463928
3.234768514 19.441346741
3.22598352 19.459691874
3.226190226 19.469200338
3.231667928 19.489044088
3.232288046 19.495477804
3.228050578 19.504159444
3.222882935 19.508061015
3.217508585 19.511161601
3.212237589 19.517156067
3.199421834 19.553768819
3.198284952 19.592396953
3.216785116 19.79406423
3.212754353 19.807758484
3.198801717 19.820522562
3.183195435 19.827731425
3.147021932 19.83793752
3.130485473 19.845223898
3.072607869 19.888890483
2.94600061 19.94165212
2.671805461 19.996222433
2.616925089 19.998367004
2.52566451 20.015161845
2.514812459 20.015936992
2.49538212 20.020096944
2.45931197 20.038777975
2.439881632 20.04609019
2.415697062 20.051283671
2.400400838 20.056554667
2.388721964 20.067406718
2.348207641 20.137634989
2.316478312 20.180164693
2.279581339 20.217940166
2.218189738 20.26408722
2.200826456 20.273905742
2.182429647 20.278504944
2.161345662 20.274939271
2.13819462 20.260728251
2.097473592 20.224193013
2.071221965 20.213263448
2.056339152 20.215046285
1.993397257 20.235949402
1.98337203 20.24191803
1.975620564 20.24842926
1.967145629 20.253416036
1.95526005 20.254914653
1.941204061 20.251116435
1.924254191 20.23613027
1.91340214 20.231091817
1.89138798 20.231789449
1.883843221 20.244140117
1.880329223 20.263053691
1.870614054 20.283543396
1.855007771 20.294834697
1.838884725 20.295919902
1.820901326 20.293594463
1.799197225 20.294886373
1.778113241 20.304291484
1.659154093 20.397515767
1.649232219 20.412088521
1.650059041 20.487019348
1.643961222 20.522676087
1.62370406 20.551253154
1.559728637 20.597503561
1.520351196 20.616985576
1.483454223 20.622618307
1.465780884 20.633522034
1.447487426 20.638741353
1.40717981 20.645045879
1.363978312 20.657706605
1.346925089 20.669127095
1.331525512 20.687937317
1.310544881 20.722715556
1.296695597 20.733464254
1.27333785 20.739407044
1.252253865 20.738993632
1.212463012 20.730880432
1.191275675 20.730570374
1.168538045 20.733464254
1.154585408 20.738786926
1.147247355 20.751447652
1.14456018 20.77625234
1.145283651 20.795889384
1.167504516 20.886013082
1.180113566 20.995308736
1.177943156 21.017322896
1.15933964 21.081505025
1.146523885 21.101710511
1.029321737 21.17834666
0.942608683 21.235035706
0.855998983 21.291673075
0.769389282 21.348310445
0.682676229 21.404896139
0.596066528 21.461585185
0.509456827 21.518274231
0.422795451 21.574963277
0.336159912 21.631600647
0.249498535 21.688238017
0.16296635 21.744823711
0.0762532960001 21.801461081
0.00373455700017 21.8488988
-0.0104080809998 21.858150126
-0.0970436199999 21.914839173
-0.183730835 21.971476543
-0.270392212 22.028113913
-0.35702775 22.084751282
-0.44366329 22.141388651
-0.530324666 22.198077698
-0.616934367 22.254766744
-0.70364742 22.311404114
-0.790308797 22.368041483
-0.876918498 22.424627177
-0.963579875 22.481264547
-1.050189576 22.537953593
-1.136902628 22.59464264
-1.223512329 22.651280009
-1.31012203 22.707969055
-1.396783406 22.764554749
-1.48349646 22.82116628
-1.570054485 22.877881165
-1.656715861 22.934570211
-1.743325562 22.991181743
-1.830038615 23.047819112
-1.916648316 23.104456482
-2.003309693 23.161042175
-2.089919393 23.21775706
-2.176632447 23.274446106
-2.263190471 23.331109314
-2.349851847 23.387746684
-2.436513225 23.444358216
-2.523226278 23.500995585
-2.609835978 23.557684632
-2.696445679 23.614347839
-2.783107056 23.670985209
-2.869768433 23.727622579
-2.956403972 23.78423411
-3.043065348 23.840923157
-3.129649211 23.897612203
-3.209489299 23.949702047
-3.289122681 24.001843567
-3.368807739 24.053959249
-3.448544474 24.106023255
-3.52828121 24.158113098
-3.608017944 24.210202942
-3.687625488 24.262344462
-3.767336385 24.314434306
-3.846995605 24.366575826
-3.926732341 24.418717347
-4.006494914 24.47080719
-4.086154135 24.522897034
-4.165865031 24.574986878
-4.245498413 24.627076721
-4.325235149 24.679218242
-4.404946045 24.731308085
-4.516024537 24.803990987
-4.592350627 24.851688334
-4.668676717 24.899334005
-4.744925293 24.94705719
-4.821225546 24.994754537
-4.821354737 24.994806213
-4.821535604 24.994961243
-4.821613118 24.995064596
-4.995194255 25.102086487
-5.168749553 25.209160055
-5.342330689 25.316181946
-5.515963501 25.423255514
-5.636989705 25.494465637
-5.661524746 25.508881108
-5.804628052 25.592960918
-5.972266398 25.691611226
-6.139904744 25.790209859
-6.307491415 25.888808493
-6.50541215 26.005183818
-6.703332886 26.121559144
-6.901201945 26.237934469
-7.099122681 26.354361471
-7.297043416 26.470736796
-7.494912476 26.587163798
-7.692781535 26.703487447
-7.890753947 26.819914449
-8.088623007 26.936238099
-8.28644039 27.0526651
-8.484412801 27.16898875
-8.682385213 27.285415751
-8.682385213 27.379466858
-8.682385213 27.473466288
-8.682385213 27.567414042
-8.682385213 27.661439311
-8.682385213 27.721435649
-8.682385213 27.781354472
-8.682385213 27.841221619
-8.682385213 27.901140442
-8.682385213 27.961085104
-8.682385213 28.021029766
-8.682385213 28.080948588
-8.682385213 28.14089325
-8.682385213 28.200760397
-8.682385213 28.26067922
-8.682385213 28.320623881
-8.682385213 28.380542704
-8.682385213 28.440487366
-8.682385213 28.500406189
-8.682385213 28.560273336
-8.682385213 28.620217998
-8.682385213 28.665899964
-8.678767863 28.692823385
-8.667605754 28.711685283
-8.648847209 28.725947978
-8.520818848 28.787081198
-8.475834513 28.818758851
-8.43041093 28.841005555
-8.41780188 28.852348531
-8.383488729 28.905781963
-8.368450887 28.916530661
-8.333259236 28.930379944
-8.316774455 28.939061584
-8.250473592 28.994768779
-8.182312378 29.035541484
-8.069657755 29.07933726
-8.036326457 29.099852804
-7.945014201 29.17623057
-7.839129192 29.239043275
-7.777995971 29.289324443
-7.729988566 29.311157736
-7.714666504 29.321828918
-7.653610799 29.376192525
-7.619452678 29.389421692
-7.572685507 29.387613017
-7.528502157 29.380946757
-7.506126261 29.380223287
-7.484060425 29.382445374
-7.463286499 29.389137472
-7.34961010536 29.3834393746
-7.25875528718 29.4673053606
-7.14693397251 29.5092383536
-7.07005681866 29.5162271858
-6.95823550399 29.5092383536
-6.78351469981 29.4463388641
-6.6996487138 29.5162271858
-6.55987207045 29.5302048501
-6.41310659494 29.565149011
-6.27332995159 29.5791266753
-6.12656447608 29.5791266753
-6.00076549707 29.5791266753
-5.88195535023 29.6000931718
-5.75615637121 29.6140708361
-5.72121221038 29.523216018
-5.63734622437 29.4952606893
-5.53950257403 29.523216018
-5.43467009152 29.6420261648
-5.34381527334 29.7678251438
-5.27392695167 29.8866352906
-5.17608330133 29.9774901088
-5.07125081882 30.0403895983
-4.95942950414 30.1242555843
-4.87556351813 30.1801662417
-4.77073103563 30.2290880668
-4.62396556011 30.2849987242
-4.48418891677 30.3828423745
-4.37236760209 30.5086413535
-4.27452395175 30.5575631787
-4.1557138049 30.5855185074
-4.00195949722 30.5925073395
-3.83422752521 30.6274515004
-3.64552905669 30.7113174864
-3.65251788886 30.7742169759
-3.65950672103 30.8371164654
-3.61058489585 30.8790494584
-3.55467423852 30.9559266122
-3.608741415 31.030871888
-3.610085002 31.050302226
-3.614529175 31.068027242
-3.624140992 31.086527405
-3.635871542 31.095674133
-3.671941691 31.110867005
-3.689718384 31.125594788
-3.717106893 31.163266907
-3.731421265 31.176341045
-3.74886206 31.180216776
-3.763719035 31.173447164
-3.792967896 31.149676006
-3.810796264 31.142906393
-3.827461914 31.143836568
-3.839321655 31.152828268
-3.842835653 31.170191549
-3.836169393 31.189776917
-3.814982055 31.220524394
-3.812914999 31.243365377
-3.819219523 31.318864645
-3.815188762 31.337158102
-3.802502198 31.350645651
-3.747466797 31.385165507
-3.67348438536 31.3892342066
-3.65950672103 31.6478209968
-3.591378133 31.678274232
-3.548745077 31.669954326
-3.511563884 31.672744853
-3.21921029449 31.7177093185
-3.0025564973 31.7736199758
-2.82783569312 31.7945864723
-2.86976868612 31.8924301227
-2.938730632 32.048639221
-2.881188924 32.076286113
-2.695567179 32.089670309
-2.516146606 32.132200013
-2.378635621 32.126773987
-2.315176961 32.124293518
-2.243398397 32.121399639
-2.165108602 32.118299052
-2.08185787 32.114940084
-1.995454874 32.111477763
-1.907553263 32.107963765
-1.819961711 32.104501445
-1.734333862 32.1010908
-1.65237504 32.097835185
-1.575790568 32.094734599
-1.506337443 32.091944072
-1.445617635 32.08951528
-1.395388143 32.087551575
-1.357405966 32.086052958
-1.333428101 32.085071106
-1.324953166 32.084709371
-1.249557251 32.081660462
-1.210334839 32.089670309
-1.190594441 32.125223694
-1.195607056 32.146049296
-1.211833456 32.158348288
-1.232710734 32.163722636
-1.251831014 32.163515931
-1.288986369 32.150906881
-1.305161092 32.151165263
-1.309553589 32.167443339
-1.305677856 32.173722026
-1.289193075 32.184858297
-1.282991903 32.190180969
-1.276635701 32.200852153
-1.275188761 32.209068706
-1.27549882 32.217517802
-1.273423461 32.229442172
-1.257515421 32.320844828
-1.244131226 32.356914978
-1.234157674 32.374614156
-1.217982951 32.392623393
-1.201704875 32.399858093
-1.160260376 32.404948222
-1.123156698 32.417944845
-1.089980429 32.439442241
-1.031999471 32.494400127
-1.047502401 32.517008566
-1.327020224 32.698909607
-1.390530559 32.718779196
-1.423345093 32.742395325
-1.558789022 32.933649801
-1.516362671 32.959488017
-1.508869588 32.966309306
-1.502978475 32.974629212
-1.498844361 32.984008485
-1.496518921 32.994292095
-1.493366659 33.016151225
-1.4930566 33.039483134
-1.499516154 33.060205384
-1.516362671 33.073977153
-1.545508179 33.09183136
-1.571398072 33.111985169
-1.592068644 33.136608989
-1.60560787 33.16802826
-1.623591268 33.196605327
-1.674234172 33.237972311
-1.6833809 33.270838521
-1.68322587 33.369230449
-1.672838908 33.394603577
-1.659144654 33.41977
-1.640386108 33.47552887
-1.625399943 33.494235738
-1.612739217 33.521469218
-1.617338419 33.554438782
-1.662400269 33.644691671
-1.67325232 33.656499736
-1.690718953 33.667325949
-1.725393839 33.677712911
-1.74074174 33.686601257
-1.746787882 33.702388408
-1.742240356 33.717762147
-1.732576864 33.727864889
-1.720949667 33.736365662
-1.710821085 33.747062683
-1.703224651 33.761816305
-1.70250118 33.772823385
-1.713043173 33.80199473
-1.722086548 33.851164857
-1.71872758 33.898087056
-1.672115438 34.059188334
-1.669634969 34.079212952
-1.672085148 34.092020705
-1.674750936 34.105955506
-1.746064413 34.290311178
-1.771334188 34.334701233
-1.809626424 34.372450867
-1.702966268 34.479679464
-1.71423173 34.485053813
-1.750663615 34.494174703
-1.871121378 34.596649069
-1.862956503 34.613598938
-1.810504924 34.680726624
-1.786113647 34.725840149
-1.773142863 34.734056702
-1.769525513 34.741343079
-1.787715617 34.756690979
-1.89282548 34.811674704
-1.926725219 34.83808136
-1.979745239 34.865263164
-1.993491171 34.878854065
-1.998400431 34.892703349
-1.999692342 34.906345927
-2.003619751 34.91817983
-2.016280477 34.926241354
-2.061238973 34.929703674
-2.094932007 34.947687073
-2.126041219 34.97192332
-2.163299927 34.994040833
-2.193789022 35.003600973
-2.211669068 35.023444723
-2.221125855 35.049954733
-2.222564257 35.089300848
-2.200103319 35.096136786
-2.196115689 35.094875393
-2.19261634 35.094468492
-2.189442512 35.093003648
-2.186390754 35.088690497
-2.156890429 35.100978908
-2.12222246 35.094671942
-2.086089648 35.08197663
-2.052357551 35.075018622
-1.987700976 35.082464911
-1.964751757 35.076239325
-1.956450976 35.075018622
-1.949818489 35.077134507
-1.932484504 35.088690497
-1.838693814 35.110907294
-1.812733528 35.126532294
-1.804351366 35.128119208
-1.774240689 35.127346096
-1.761138476 35.129624742
-1.745594856 35.138820705
-1.712798632 35.170599677
-1.648833788 35.188421942
-1.6376847 35.194525458
-1.629505989 35.212225653
-1.510365364 35.295477606
-1.490874804 35.30097077
-1.395904101 35.309393622
-1.369536913 35.315863348
-1.364003059 35.318345445
-1.358957486 35.322211005
-1.332671679 35.349351304
-1.31379147 35.353745835
-1.294829882 35.364569403
-1.27863522 35.377997137
-1.267730273 35.390326239
-1.259185351 35.41030508
-1.24730384 35.457749742
-1.237049934 35.475734768
-1.225412564 35.491278387
-1.190337694 35.566148179
-1.183338996 35.576483466
-1.171538866 35.581040757
-1.148019986 35.5820987
-1.142811653 35.586900132
-1.117014127 35.616888739
-1.106353319 35.623236395
-1.082753059 35.637355861
-1.05207272 35.660956122
-1.040394661 35.676418361
-1.032948371 35.682603257
-0.996693489 35.689601955
-0.97765052 35.699774481
-0.961537239 35.711249091
-0.94627845 35.719305731
-0.922678189 35.725165106
-0.910227017 35.724310614
-0.904693163 35.715887762
-0.89940345 35.711818752
-0.887562629 35.715969143
-0.849476692 35.73432038
-0.825021939 35.768540757
-0.801665819 35.773911851
-0.793527799 35.770086981
-0.7861222 35.763128973
-0.777170377 35.756415106
-0.764027473 35.753404039
-0.754017707 35.752264716
-0.734486457 35.747219143
-0.723133918 35.74599844
-0.711293098 35.742987372
-0.705881314 35.735663153
-0.701324023 35.726874091
-0.69245358 35.719305731
-0.682606575 35.717352606
-0.644520637 35.719305731
-0.626454231 35.722967841
-0.606109179 35.730943101
-0.589344856 35.742499091
-0.577259895 35.770819403
-0.565052864 35.772447007
-0.551258918 35.769029039
-0.540923632 35.767767645
-0.530425585 35.772894598
-0.523426887 35.779689846
-0.477040168 35.85936107
-0.476063606 35.870103257
-0.478423632 35.872870184
-0.480336067 35.87909577
-0.480824348 35.885728257
-0.479481575 35.890041408
-0.47378496 35.891262111
-0.468006965 35.888739325
-0.462880012 35.885199286
-0.459055142 35.883775132
-0.448963996 35.884344794
-0.428130663 35.88279857
-0.418039517 35.883775132
-0.37612871 35.900336005
-0.348540819 35.907049872
-0.336171028 35.900824286
-0.331450976 35.889553127
-0.320708788 35.884100653
-0.309193489 35.881170966
-0.30190996 35.877590236
-0.298491991 35.86717357
-0.304595507 35.853501695
-0.30190996 35.842840887
-0.285552538 35.82827383
-0.259429491 35.817531643
-0.188059049 35.805243231
-0.145090299 35.790350653
-0.123890754 35.786932684
-0.113677538 35.788804429
-0.0830785799999 35.794378973
-0.0384822259999 35.813299872
0.00294030000009 35.838039455
0.0345158210001 35.86326732
0.0699569020001 35.92182038
0.0801701180001 35.947007554
0.114024285 36.010199286
0.122406446 36.033351955
0.12378991 36.044582424
0.127289259 36.05076732
0.13559004 36.055609442
0.145518425 36.059963283
0.153981967 36.065008856
0.20215905 36.106512762
0.219493035 36.116522528
0.283457879 36.134426174
0.294444207 36.14077383
0.299082879 36.147406317
0.321055535 36.158880927
0.329274936 36.164984442
0.332774285 36.173814195
0.337575717 36.197495835
0.342295769 36.205959377
0.360036655 36.213853257
0.384450717 36.217962958
0.42839603 36.219631252
0.451345248 36.223211981
0.468272332 36.232245184
0.48316491 36.243597723
0.556651238 36.284084377
0.594574415 36.29315827
0.611827019 36.305487372
0.627207879 36.319240627
0.644053582 36.328843492
0.663259311 36.332586981
0.740407748 36.337754624
0.753265821 36.338609117
0.768728061 36.344712632
0.802256707 36.363592841
0.864756707 36.377386786
0.880544467 36.387152411
0.890879754 36.396389065
0.913828972 36.409125067
0.925140821 36.41815827
0.929535352 36.42593008
0.932139519 36.434556382
0.93628991 36.443589585
0.945567254 36.452337958
0.962575717 36.458156643
1.007090691 36.466864325
1.044769727 36.486883856
1.116953972 36.487127997
1.138845248 36.493394273
1.17872155 36.510891018
1.202647332 36.514390367
1.245453321 36.513576565
1.265472852 36.515326239
1.288259311 36.521226304
1.3466903 36.544989325
1.367686394 36.547919012
1.385996941 36.545152085
1.429535352 36.532212632
1.452810092 36.528021552
1.476328972 36.528957424
1.517425977 36.538723049
1.700938347 36.547186591
1.716563347 36.547919012
1.726735873 36.549994208
1.750173373 36.559149481
1.761241082 36.561590887
1.770030144 36.560492255
1.791514519 36.555487372
1.802907748 36.555365302
1.857595248 36.567450262
1.913828972 36.57021719
1.960459832 36.562201239
1.972829623 36.561590887
2.059906446 36.570135809
2.309825066 36.630519924
2.329600457 36.637274481
2.351573113 36.638332424
2.373301629 36.633856512
2.391856316 36.624253648
2.398203972 36.615301825
2.400157097 36.606187242
2.404063347 36.599188544
2.416026238 36.596340236
2.426768425 36.595282294
2.447276238 36.590562242
2.457041863 36.589504299
2.600759311 36.596340236
2.632985873 36.605129299
2.727549675 36.665228583
2.792979363 36.692938544
2.818695509 36.71088288
2.843597852 36.740383205
2.849864129 36.75405508
2.875661655 36.774807033
2.933116082 36.80857982
2.977061394 36.815863348
2.984873894 36.814968166
3.014170769 36.811712958
3.047862175 36.794989325
3.073985222 36.771389065
3.101817254 36.751898505
3.140147332 36.741644598
3.173269076 36.742621161
3.179372592 36.742824611
3.210459832 36.757391669
3.221202019 36.771429755
3.226084832 36.786200262
3.227305535 36.812323309
3.237803582 36.813055731
3.302989129 36.788763739
3.340505405 36.780707098
3.460703972 36.775091864
3.480479363 36.77724844
3.519053582 36.786607164
3.539805535 36.788763739
3.550466342 36.791449286
3.558116082 36.797674872
3.564300977 36.804348049
3.570567254 36.80857982
3.580414259 36.809963283
3.601817254 36.808091539
3.61207116 36.80857982
3.649668816 36.823960679
3.709483269 36.873195705
3.741872592 36.891180731
3.827484571 36.912909247
3.87387129 36.917222398
3.912608269 36.911607164
3.9482528 36.893296617
3.964040561 36.891180731
3.974864129 36.892279364
3.996429884 36.896918036
4.031423373 36.897772528
4.039480014 36.896918036
4.085459832 36.892075914
4.104828321 36.883734442
4.146494988 36.901800848
4.159515821 36.904201565
4.171560092 36.902167059
4.197032097 36.893255927
4.210459832 36.891180731
4.222829623 36.894191799
4.249278191 36.907863674
4.261973504 36.911607164
4.278575066 36.910467841
4.306000196 36.900458075
4.320323113 36.898016669
4.440684441 36.911607164
4.452972852 36.91006094
4.468109571 36.905991929
4.482432488 36.900458075
4.491953972 36.8945987
4.504079623 36.889308986
4.536387566 36.888576565
4.550547722 36.883734442
4.581553582 36.894924221
4.591481967 36.895249742
4.622894727 36.896389065
4.69800866 36.891180731
4.769053582 36.898016669
4.787119988 36.895412502
4.949880405 36.83978913
4.968272332 36.825669664
4.973643425 36.818915106
4.985687696 36.817084052
4.999522332 36.817124742
5.009287957 36.816066799
5.016449415 36.810980536
5.025238477 36.798651434
5.029144727 36.794989325
5.04590905 36.788519598
5.065603061 36.783514716
5.086192254 36.780829169
5.104828321 36.78131745
5.08480879 36.732611395
5.090179884 36.716782945
5.118418816 36.69936758
5.235850457 36.650946356
5.269053582 36.644110419
5.304372592 36.643011786
5.372406446 36.650946356
5.428070509 36.663885809
5.433848504 36.665228583
5.464854363 36.665228583
5.469574415 36.667710679
5.482188347 36.680243231
5.489105665 36.685126044
5.529144727 36.697658596
5.549001498 36.709702867
5.562754754 36.74599844
5.576182488 36.761379299
5.593923373 36.773871161
5.61198978 36.78131745
5.655935092 36.791815497
5.67457116 36.799627997
5.710459832 36.825506903
5.733734571 36.832342841
5.758799675 36.833400783
5.827810092 36.821763414
5.868825717 36.822943427
6.037119988 36.853583075
6.197032097 36.90232982
6.235687696 36.921210028
6.25684655 36.945786851
6.258555535 36.966782945
6.254730665 36.983303127
6.254405144 36.998968817
6.266856316 37.017767645
6.274424675 37.024237372
6.314626498 37.048651434
6.328868035 37.061916408
6.33871504 37.069281317
6.371592644 37.083482164
6.415782097 37.092962958
6.462412957 37.09393952
6.50269616 37.082953192
6.538584832 37.060370184
6.544200066 37.05878327
6.544688347 37.048570054
6.547048373 37.041205145
6.552256707 37.036688544
6.56128991 37.03514232
6.572764519 37.027777411
6.583262566 36.989813544
6.599457227 36.973089911
6.614105665 36.977850653
6.63160241 36.972398179
6.65113366 36.963853257
6.671153191 36.959418036
6.822032097 36.952622789
6.83480879 36.94912344
6.852793816 36.940334377
6.869639519 36.929185289
6.880056186 36.918443101
6.879649285 36.902085679
6.909434441 36.893052476
6.948578321 36.890041408
6.97559655 36.891180731
7.064463738 36.913316148
7.092295769 36.92593008
7.10808353 36.920314846
7.133311394 36.915269273
7.156993035 36.914699611
7.167491082 36.922186591
7.176442905 36.931870835
7.218760613 36.96084219
7.232920769 36.966864325
7.239024285 36.971502997
7.247080925 36.982326565
7.254242384 36.994696356
7.257334832 37.00413646
7.255544467 37.015366929
7.250498894 37.023138739
7.211110873 37.057033596
7.181651238 37.076727606
7.181651238 37.082953192
7.192718946 37.084295966
7.212168816 37.089300848
7.222666863 37.08978913
7.232758009 37.087225653
7.251312696 37.078599351
7.26050866 37.076727606
7.262705925 37.075995184
7.266449415 37.074693101
7.270681186 37.071030992
7.274750196 37.069322007
7.281016472 37.073065497
7.288259311 37.080267645
7.292653842 37.082505601
7.297699415 37.082953192
7.30730228 37.080145575
7.325856967 37.071193752
7.335948113 37.069281317
7.344411655 37.071437893
7.36996504 37.082953192
7.383474155 37.082993882
7.386241082 37.0820987
7.386892123 37.07811107
7.394053582 37.069281317
7.398203972 37.058010158
7.404633009 37.051581122
7.418223504 37.048814195
7.438324415 37.048570054
7.447113477 37.046616929
7.4560653 37.041978257
7.472422722 37.050034898
7.490244988 37.054999091
7.52613366 37.033148505
7.555918816 37.00787995
7.5888778 36.987616278
7.633555535 36.9805362
7.64340254 36.982652085
7.652191602 36.986232815
7.661875847 36.98847077
7.67448978 36.986761786
7.685801629 36.982407945
7.695974155 36.976996161
7.704844597 36.970526434
7.712738477 36.963202216
7.7607528 36.966864325
7.770762566 36.970119533
7.789073113 36.986558335
7.798594597 36.993597723
7.791026238 36.973211981
7.778575066 36.951117255
7.774261915 36.931463934
7.791188998 36.918443101
7.773448113 36.889960028
7.773773634 36.889756578
7.809906446 36.868150132
7.866465691 36.854396877
7.908457879 36.849554755
8.049978061 36.877590236
8.07300866 36.887396552
8.093028191 36.901800848
8.23316491 36.958075262
8.251149936 36.948675848
8.268728061 36.93374258
8.28809655 36.92593008
8.333262566 36.927801825
8.355967644 36.92593008
8.37403405 36.918443101
8.388845248 36.923244533
8.401621941 36.918605861
8.414398634 36.9102237
8.42872155 36.904201565
8.463226759 36.901556708
8.497569207 36.904201565
8.601898634 36.939357815
8.60251042864 36.9395107635
