73.16309655 -0.681817316
73.172536655 -0.688571873
73.165863477 -0.688409113
73.163584832 -0.686618748
73.16309655 -0.681817316
73.196462436 -0.681329034
73.191416863 -0.682793878
73.192230665 -0.677178644
73.195160352 -0.674493097
73.204112175 -0.671156508
73.201182488 -0.675062758
73.199229363 -0.678643488
73.196462436 -0.681329034
73.124278191 -0.65618255
73.126963738 -0.666273696
73.12387129 -0.664727472
73.123301629 -0.662530206
73.12387129 -0.659763279
73.124278191 -0.65618255
73.240000847 -0.625583592
73.227305535 -0.642836196
73.226817254 -0.63258229
73.229991082 -0.623304946
73.234873894 -0.619398696
73.240000847 -0.625583592
73.118662957 -0.641289972
73.111175977 -0.641289972
73.094899936 -0.604668878
73.091156446 -0.58603281
73.104991082 -0.579196873
73.104991082 -0.586602472
73.098806186 -0.587172133
73.097829623 -0.590020441
73.098643425 -0.594333592
73.098643425 -0.594414972
73.097504102 -0.599704685
73.104991082 -0.606540623
73.111582879 -0.61712005
73.116384311 -0.629571222
73.118662957 -0.641289972
73.246755405 -0.588636977
73.244639519 -0.607191665
73.238291863 -0.600355727
73.236338738 -0.592380467
73.239024285 -0.584405206
73.247325066 -0.57789479
73.248383009 -0.580824477
73.247813347 -0.583184503
73.246836785 -0.585544529
73.246755405 -0.588636977
73.445078972 -0.297539972
73.444509311 -0.304294529
73.437998894 -0.298597915
73.435231967 -0.293633722
73.434580925 -0.288750909
73.435069207 -0.283623956
73.443044467 -0.29273854
73.445078972 -0.297539972
73.102956576 0.213527736
73.102875196 0.213446356
73.098887566 0.216376044
73.097829623 0.21877676
73.097422722 0.219712632
73.097341342 0.220241604
73.0966903 0.223700262
73.095469597 0.228013414
73.098887566 0.224920966
73.102549675 0.22280508
73.10434004 0.219671942
73.10434004 0.219631252
73.102956576 0.213527736
73.217377149 0.237697658
73.212657097 0.232082424
73.210948113 0.232163804
73.210297071 0.235663153
73.208994988 0.239976304
73.21745853 0.237738348
73.217377149 0.237697658
73.040375196 0.259466864
73.040375196 0.259344794
73.036143425 0.260931708
73.035817905 0.262071031
73.035411004 0.263169664
73.035817905 0.264675197
73.036306186 0.266180731
73.036306186 0.266506252
73.036794467 0.269924221
73.036794467 0.26968008
73.040375196 0.259466864
73.379079623 0.28518301
73.369639519 0.280015367
73.371104363 0.285956122
73.37370853 0.286932684
73.376394076 0.286078192
73.379161004 0.2852237
73.379079623 0.28518301
72.986013217 0.299627997
72.986013217 0.299546617
72.981211785 0.302069403
72.980967644 0.303615627
72.983653191 0.305243231
72.984873894 0.303412177
72.98707116 0.302801825
72.987722201 0.302232164
72.988129102 0.301906643
72.986013217 0.299627997
73.513356967 0.387681382
73.508636915 0.380682684
73.508555535 0.380560614
73.506439649 0.385036526
73.505869988 0.386135158
73.505869988 0.386175848
73.50660241 0.387762762
73.509776238 0.387437242
73.513438347 0.387762762
73.513356967 0.387681382
72.961110873 0.394273179
72.961192254 0.394029039
72.957774285 0.396795966
72.957204623 0.399155992
72.958018425 0.401353257
72.958343946 0.403306382
72.958425326 0.403143622
72.961110873 0.394273179
72.940928582 0.49628327
72.940603061 0.487290757
72.937022332 0.491441148
72.937022332 0.493638414
72.940928582 0.49632396
72.940928582 0.49628327
73.492035352 0.50779857
73.494639519 0.498968817
73.490407748 0.500677802
73.489756707 0.502590236
73.49097741 0.504950262
73.491953972 0.50800202
73.492035352 0.50779857
73.386729363 0.635402736
73.386566602 0.635402736
73.384776238 0.635565497
73.383555535 0.638902085
73.384287957 0.640326239
73.386403842 0.64081452
73.387868686 0.641750393
73.387217644 0.639105536
73.387217644 0.6367862
73.386729363 0.635402736
73.372406446 0.758124091
73.371836785 0.756577867
73.370941602 0.756822007
73.36996504 0.757025458
73.368825717 0.760443427
73.36980228 0.76166413
73.36988366 0.76170482
73.370778842 0.76194896
73.371592644 0.762152411
73.373057488 0.763088283
73.372406446 0.760443427
73.372406446 0.758124091
73.351166212 0.840684312
73.351084832 0.840643622
73.349782748 0.844061591
73.35043379 0.845689195
73.352305535 0.846625067
73.353851759 0.8477237
73.353851759 0.84756094
73.353282097 0.845607815
73.353200717 0.845282294
73.353200717 0.843207098
73.353037957 0.842393296
73.352875196 0.841538804
73.352061394 0.841131903
73.351166212 0.840684312
73.375824415 1.788560289
73.370453321 1.782538153
73.368256056 1.782945054
73.368174675 1.782945054
73.366953972 1.786688544
73.365000847 1.791083075
73.365163608 1.791042385
73.375824415 1.788560289
73.400563998 1.795436916
73.394379102 1.794745184
73.394786004 1.798651434
73.394786004 1.798773505
73.395192905 1.799343166
73.396657748 1.801418361
73.398936394 1.803534247
73.400238477 1.806341864
73.400319858 1.806138414
73.40121504 1.801703192
73.403086785 1.798000393
73.402110222 1.795599677
73.400563998 1.795436916
73.46363366 1.826320705
73.456716342 1.82037995
73.454112175 1.82054271
73.453379754 1.823716539
73.452647332 1.826808986
73.46363366 1.826320705
73.499196811 1.827785549
73.499196811 1.827704169
73.49878991 1.82811107
73.498545769 1.828436591
73.498057488 1.828802802
73.497813347 1.829250393
73.500091993 1.83205801
73.502289259 1.834906317
73.507334832 1.838364976
73.517914259 1.842678127
73.518077019 1.842718817
73.510834181 1.836940822
73.499196811 1.827785549
73.532969597 1.861639716
73.532399936 1.860093492
73.531504754 1.86347077
73.531504754 1.86351146
73.532399936 1.865668036
73.533050977 1.866359768
73.534353061 1.867580471
73.536468946 1.870103257
73.536306186 1.869737046
73.532969597 1.861639716
73.251719597 1.892401434
73.243662957 1.888739325
73.243988477 1.894110419
73.245616082 1.894842841
73.247406446 1.893988348
73.248301629 1.893540757
73.251719597 1.892401434
73.541188998 1.892889716
73.540863477 1.892401434
73.5498153 1.924994208
73.553070509 1.932440497
73.548838738 1.911363023
73.54566491 1.901556708
73.541188998 1.892889716
73.5498153 1.965684312
73.5498153 1.965521552
73.547699415 1.968329169
73.547862175 1.970607815
73.550059441 1.976385809
73.5498153 1.965684312
73.3232528 1.986476955
73.318369988 1.983099677
73.3154403 1.985052802
73.315765821 1.986802476
73.317149285 1.988836981
73.317230665 1.991400458
73.319834832 1.989203192
73.322601759 1.987982489
73.3232528 1.986476955
73.544200066 2.026597398
73.542979363 2.022162177
73.540375196 2.022528387
73.540293816 2.022528387
73.542246941 2.024562893
73.544200066 2.026597398
73.386973504 2.033026434
73.386973504 2.028631903
73.386241082 2.030340887
73.386973504 2.033026434
73.551442905 2.072577216
73.551442905 2.072414455
73.550466342 2.075873114
73.551280144 2.07807038
73.553233269 2.079901434
73.555674675 2.082505601
73.551442905 2.072577216
73.567637566 2.109930731
73.585378451 2.10960521
73.585459832 2.10960521
73.583506707 2.108140367
73.580414259 2.105780341
73.567718946 2.09780508
73.561778191 2.094712632
73.561778191 2.098781643
73.562998894 2.102362372
73.567637566 2.109930731
73.039805535 2.164618231
73.038259311 2.164536851
73.038422071 2.164618231
73.043711785 2.166449286
73.041351759 2.164699611
73.039805535 2.164618231
73.102875196 2.182114976
73.102305535 2.180975653
73.099457227 2.181952216
73.098887566 2.184597072
73.098887566 2.184637762
73.099782748 2.185532945
73.101735873 2.185695705
73.103851759 2.186590887
73.103851759 2.186509507
73.102875196 2.184393622
73.102875196 2.182114976
73.120860222 2.191799221
73.115000847 2.191799221
73.113942905 2.193467515
73.113942905 2.193508205
73.114919467 2.196437893
73.115489129 2.199693101
73.116872592 2.197658596
73.120860222 2.191799221
72.946381056 2.272406317
72.946299675 2.272365627
72.943125847 2.273016669
72.948415561 2.274888414
72.946381056 2.272406317
72.926117384 2.327460028
72.927012566 2.316066799
72.922536655 2.319566148
72.922373894 2.322088934
72.924327019 2.32444896
72.926117384 2.327460028
73.342295769 2.342393296
73.342051629 2.342108466
73.344004754 2.348049221
73.343923373 2.347438869
73.343597852 2.344183661
73.342295769 2.342393296
73.362640821 2.385117906
73.362559441 2.384914455
73.353851759 2.429022528
73.35425866 2.437201239
73.361338738 2.424709377
73.365326368 2.413885809
73.36622155 2.411525783
73.367035352 2.398016669
73.362640821 2.385117906
73.31519616 2.494126695
73.31519616 2.494045315
73.313731316 2.495184637
73.311778191 2.496771552
73.311778191 2.496893622
73.31153405 2.499253648
73.313243035 2.502101955
73.314789259 2.505804755
73.31519616 2.494126695
73.141123894 2.550360419
73.140961134 2.550360419
73.145518425 2.553290106
73.143809441 2.550360419
73.141123894 2.550360419
72.906423373 2.67967357
72.904470248 2.67572663
72.90113366 2.676174221
72.900563998 2.677557684
72.900726759 2.67975495
72.900075717 2.682196356
72.902598504 2.680975653
72.90528405 2.680812893
72.906423373 2.67967357
72.87370853 2.6836612
72.87370853 2.68357982
72.867360873 2.686672268
72.866953972 2.688950914
72.86980228 2.691229559
72.872569207 2.694159247
72.87370853 2.6836612
73.028005405 2.73822663
73.025401238 2.737616278
73.02239017 2.741644598
73.02230879 2.741685289
73.032237175 2.745103257
73.032237175 2.745021877
73.028005405 2.73822663
73.351491733 2.770738023
73.351410352 2.770697333
73.348480665 2.775376695
73.349294467 2.777167059
73.351573113 2.77753327
73.353526238 2.778265692
73.352712436 2.775702216
73.353526238 2.77362702
73.353526238 2.771918036
73.351491733 2.770738023
73.399261915 2.785711981
73.390635613 2.775376695
73.391856316 2.78148021
73.394379102 2.784328518
73.39747155 2.78530508
73.399261915 2.785711981
73.551036004 2.89061107
73.549082879 2.888128973
73.549082879 2.888739325
73.548594597 2.892726955
73.548757358 2.892604885
73.550140821 2.891343492
73.551036004 2.89061107
73.360850457 2.897569078
73.360687696 2.897528387
73.357269727 2.899807033
73.357269727 2.901190497
73.359141472 2.90228913
73.360362175 2.903876044
73.361013217 2.901516018
73.3623153 2.899725653
73.362803582 2.89838288
73.360850457 2.897569078
73.014903191 2.947414455
73.01042728 2.94525788
73.009938998 2.945705471
73.009043816 2.946437893
73.009043816 2.94944896
73.009043816 2.949530341
73.008474155 2.95331452
73.014903191 2.947414455
73.564219597 2.954616604
73.562022332 2.946112372
73.56128991 2.948472398
73.561778191 2.950384833
73.564219597 2.954738674
73.564219597 2.954616604
73.585866733 2.961533921
73.577484571 2.951157945
73.578461134 2.957342841
73.581309441 2.960150458
73.584157748 2.961249091
73.585948113 2.961615302
73.585866733 2.961533921
72.867686394 2.96088288
72.865082227 2.958156643
72.864919467 2.96088288
72.8701278 2.969183661
72.8701278 2.969061591
72.867686394 2.96088288
72.904470248 3.077378648
72.899912957 3.076849677
72.899424675 3.07819245
72.900726759 3.080633856
72.901621941 3.083807684
72.902842644 3.081854559
72.904144727 3.081488348
72.904795769 3.081284898
72.906016472 3.080389716
72.904470248 3.077378648
73.612559441 3.102972723
73.60840905 3.100409247
73.613047722 3.106756903
73.612559441 3.102972723
72.981781446 3.105047919
72.978200717 3.102728583
72.975108269 3.104193427
72.97535241 3.10569896
72.976898634 3.107652085
72.977875196 3.110174872
72.978037957 3.110052802
72.97917728 3.108058986
72.981293165 3.106634833
72.981781446 3.105047919
73.045095248 3.198919989
73.040700717 3.198472398
73.040212436 3.199733791
73.040212436 3.199774481
73.041351759 3.202297268
73.042246941 3.205471096
73.043467644 3.203517971
73.043549024 3.203477281
73.04566491 3.202866929
73.046885613 3.202053127
73.045095248 3.198919989
73.035655144 3.247788804
73.031993035 3.245550848
73.031748894 3.245672919
73.028981967 3.246893622
73.029307488 3.248439846
73.030772332 3.250474351
73.031748894 3.252997137
73.031830274 3.252875067
73.033213738 3.250881252
73.035166863 3.249335028
73.035655144 3.247788804
73.426768425 3.236639716
73.406097852 3.223781643
73.384287957 3.233140367
73.379649285 3.25787995
73.379649285 3.25796133
73.389903191 3.282904364
73.41285241 3.292669989
73.442230665 3.284979559
73.442230665 3.284898179
73.442718946 3.26166413
73.426768425 3.236639716
72.831553582 3.305609442
72.831390821 3.305609442
72.831228061 3.306830145
72.832367384 3.309312242
72.833262566 3.31248607
72.834483269 3.310532945
72.836680535 3.310003973
72.837087436 3.309637762
72.837657097 3.309068101
72.836110873 3.305975653
72.831553582 3.305609442
73.519134962 3.356594143
73.519216342 3.356390692
73.516368035 3.361232815
73.516530795 3.361070054
73.517425977 3.360296942
73.518809441 3.359116929
73.518890821 3.358872789
73.519134962 3.356594143
73.753103061 3.446437893
73.753184441 3.446356512
73.751231316 3.447129624
73.748545769 3.448187567
73.748383009 3.448635158
73.747569207 3.451117255
73.747731967 3.450995184
73.753103061 3.446437893
73.508474155 3.496568101
73.508555535 3.496486721
73.506195509 3.497626044
73.506114129 3.497707424
73.505869988 3.501206773
73.508474155 3.496568101
72.835052931 3.505438544
72.8310653 3.503566799
72.828054233 3.505438544
72.827972852 3.505438544
72.828623894 3.506781317
72.830414259 3.508246161
72.831390821 3.510565497
72.831553582 3.510402736
72.832692905 3.508246161
72.83472741 3.506781317
72.835134311 3.505438544
72.835052931 3.505438544
72.796397332 3.510891018
72.791188998 3.510891018
72.790782097 3.512030341
72.790782097 3.512111721
72.792735222 3.514227606
72.793711785 3.516913153
72.793793165 3.516750393
72.794769727 3.515326239
72.795176629 3.514634507
72.797618035 3.513128973
72.798838738 3.51194896
72.796397332 3.510891018
72.911794467 3.541734117
72.911631707 3.541652736
72.915700717 3.548976955
72.919932488 3.552150783
72.924327019 3.552476304
72.92839603 3.551906643
72.911794467 3.541734117
72.945567254 3.613714911
72.941579623 3.611883856
72.938487175 3.613714911
72.938975457 3.615139065
72.940684441 3.616644598
72.941905144 3.618841864
72.943125847 3.616644598
72.944427931 3.615708726
72.945160352 3.615139065
72.945567254 3.613714911
72.697357618 3.71881745
72.694590691 3.71499258
72.692474806 3.716294664
72.689707879 3.717962958
72.689707879 3.720851955
72.691579623 3.723578192
72.692556186 3.726955471
72.692556186 3.72675202
72.69402103 3.723334052
72.696462436 3.721014716
72.697438998 3.71881745
72.697357618 3.71881745
72.95582116 3.728705145
72.95199629 3.726874091
72.948985222 3.728583075
72.949392123 3.730047919
72.951182488 3.731512762
72.952403191 3.733832098
72.953786655 3.731634833
72.95582116 3.730129299
72.95582116 3.728705145
72.949392123 3.766994533
72.945323113 3.765204169
72.944916212 3.765448309
72.942393425 3.766953843
72.942393425 3.766994533
72.942881707 3.768377997
72.944672071 3.769842841
72.945811394 3.772121486
72.947113477 3.769842841
72.948578321 3.768784898
72.949066602 3.768377997
72.949392123 3.766994533
72.94809004 3.831691799
72.94410241 3.829901434
72.941172722 3.831691799
72.941661004 3.833075262
72.943369988 3.834662177
72.944590691 3.836859442
72.945811394 3.834662177
72.946625196 3.834011135
72.947764519 3.833075262
72.94809004 3.831691799
73.43230228 3.841742255
73.43230228 3.841701565
73.431488477 3.84369538
73.43246504 3.846828518
73.433929884 3.847398179
73.435720248 3.846828518
73.437266472 3.846625067
73.435231967 3.844916083
73.433441602 3.842718817
73.43230228 3.841742255
73.438487175 3.916612046
73.438161655 3.916449286
73.443532748 3.920558986
73.443451368 3.920477606
73.443044467 3.918768622
73.438487175 3.916612046
73.469981316 3.935126044
73.46753991 3.9336612
73.469248894 3.936957098
73.47152754 3.938706773
73.477305535 3.942124742
73.477142774 3.942002671
73.469981316 3.935126044
73.344899936 3.944566148
73.341481967 3.942043361
73.341481967 3.943101304
73.345062696 3.944728908
73.344899936 3.944566148
72.706634962 3.997910874
72.704600457 3.996405341
72.699473504 3.998114325
72.699392123 3.998195705
72.699147983 3.999335028
72.699066602 3.999457098
72.699066602 3.999497789
72.701182488 4.000921942
72.703135613 4.003322658
72.703623894 4.000921942
72.704763217 3.99990469
72.705577019 3.999212958
72.706228061 3.998439846
72.706716342 3.997951565
72.706634962 3.997910874
73.508311394 4.093410549
73.508311394 4.093329169
73.504567905 4.096584377
73.502452019 4.098537502
73.502289259 4.100775458
73.505218946 4.101996161
73.508148634 4.103583075
73.508311394 4.093410549
73.419118686 4.115749416
73.418955925 4.115708726
73.422618035 4.118353583
73.422536655 4.118190822
73.421397332 4.116359768
73.419118686 4.115749416
73.505218946 4.154852606
73.484141472 4.153550523
73.472911004 4.162298895
73.472911004 4.177150783
73.472911004 4.177191473
73.489024285 4.197007554
73.500254754 4.221828518
73.507660352 4.245428778
73.527598504 4.247951565
73.528819207 4.236761786
73.528819207 4.236721096
73.525075717 4.220607815
73.518809441 4.19944896
73.518809441 4.172186591
73.505218946 4.154852606
72.975759311 4.260402736
72.972504102 4.260402736
72.97152754 4.26162344
72.97144616 4.263576565
72.970469597 4.265936591
72.970632358 4.26581452
72.972504102 4.264146226
72.974375847 4.263251044
72.97559655 4.262355861
72.975759311 4.260402736
72.954437696 4.261501369
72.954356316 4.261460679
72.951182488 4.262355861
72.945160352 4.266302802
72.958669467 4.262518622
72.958588087 4.262518622
72.954437696 4.261501369
73.595713738 4.342189846
73.59245853 4.340155341
73.589366082 4.340562242
73.589121941 4.340562242
73.595876498 4.342271226
73.595713738 4.342189846
73.611827019 4.356512762
73.609548373 4.35561758
73.607676629 4.358058986
73.607676629 4.358099677
73.60824629 4.35944245
73.609873894 4.360825914
73.611501498 4.363104559
73.611501498 4.362941799
73.611338738 4.360296942
73.61198978 4.358099677
73.61198978 4.358058986
73.611827019 4.356512762
73.637054884 4.363999742
73.637054884 4.363959052
73.6357528 4.364243882
73.633799675 4.364650783
73.633636915 4.364691473
73.63168379 4.368475653
73.632985873 4.369533596
73.63542728 4.369574286
73.637950066 4.370550848
73.637868686 4.370428778
73.637054884 4.368068752
73.637461785 4.365627346
73.637461785 4.365464585
73.637054884 4.363999742
73.668304884 4.38686758
73.666188998 4.385931708
73.664317254 4.388332424
73.664886915 4.389797268
73.666514519 4.391302802
73.667979363 4.393500067
73.667979363 4.393459377
73.667816602 4.39069245
73.668467644 4.388495184
73.668304884 4.38686758
73.697601759 4.431463934
73.697438998 4.431382554
73.702810092 4.434719143
73.700856967 4.432277736
73.697601759 4.431463934
72.957041863 4.438299872
72.9560653 4.42210521
72.948903842 4.422919012
72.947113477 4.423081773
72.943369988 4.431586005
72.957041863 4.438299872
73.702647332 4.452907619
73.699880405 4.44916413
73.699961785 4.451646226
73.702810092 4.45302969
73.702647332 4.452907619
73.376719597 4.474432684
73.377289259 4.465277411
73.37387129 4.466986395
73.37387129 4.46881745
73.37387129 4.46889883
73.375254754 4.471177476
73.376719597 4.474432684
73.553884311 4.613918361
73.551605665 4.612982489
73.550954623 4.613836981
73.5498153 4.615383205
73.550466342 4.616848049
73.552012566 4.618231512
73.55355879 4.620510158
73.55355879 4.620266018
73.55347741 4.617661851
73.554047071 4.615464585
73.553884311 4.613918361
73.40528405 4.628404039
73.403005405 4.627427476
73.40121504 4.629828192
73.401866082 4.631333726
73.403575066 4.63275788
73.40495853 4.634995835
73.40495853 4.634751695
73.40495853 4.632228908
73.405528191 4.629950262
73.40528405 4.628404039
73.490733269 4.716742255
73.488454623 4.715969143
73.487966342 4.716538804
73.486664259 4.718207098
73.4873153 4.719794012
73.489024285 4.721177476
73.490489129 4.723374742
73.490489129 4.723334052
73.490407748 4.720607815
73.490407748 4.720567124
73.49097741 4.718329169
73.49097741 4.718288479
73.490733269 4.716742255
72.969655795 4.880723374
72.969493035 4.880519924
72.970062696 4.890366929
72.972666863 4.894354559
72.976084832 4.895168361
72.97934004 4.895453192
72.97934004 4.895371812
72.969655795 4.880723374
72.922699415 4.898993231
72.92090905 4.897853908
72.917653842 4.89850495
72.917491082 4.89858633
72.922862175 4.899074611
72.922699415 4.898993231
73.447276238 4.971340236
73.43653405 4.969875393
73.438975457 4.974554755
73.441172722 4.974920966
73.443858269 4.973049221
73.447276238 4.971340236
72.909434441 5.030788479
72.9091903 5.030585028
72.910166863 5.032700914
72.91285241 5.034084377
72.909434441 5.030788479
72.924408399 5.033067124
72.924327019 5.033026434
72.927744988 5.036525783
72.927663608 5.036281643
72.927175326 5.034247137
72.927093946 5.033921617
72.925710483 5.033474026
72.924408399 5.033067124
73.043467644 5.118841864
73.041270379 5.118394273
73.044769727 5.121812242
73.044769727 5.121649481
73.043467644 5.118841864
73.051442905 5.126654364
73.047618035 5.126369533
73.045258009 5.12889232
73.046071811 5.130275783
73.047862175 5.131293036
73.049082879 5.133286851
73.049164259 5.133164781
73.049978061 5.130357164
73.051442905 5.128078518
73.051442905 5.126654364
73.087901238 5.157985744
73.087738477 5.157945054
73.091319207 5.161363023
73.090993686 5.158514716
73.087901238 5.157985744
73.106944207 5.17177969
73.110524936 5.170314846
73.110199415 5.170355536
73.107106967 5.170965887
73.103851759 5.173041083
73.10417728 5.172919012
73.106944207 5.17177969
72.856862826 5.23456452
72.856618686 5.23444245
72.860118035 5.237941799
72.860036655 5.237819729
72.859222852 5.235500393
72.856862826 5.23456452
73.13184655 5.242499091
73.128428582 5.241156317
73.13184655 5.244574286
73.13184655 5.242499091
73.497325066 5.245062567
73.497243686 5.245021877
73.493825717 5.24599844
73.499766472 5.246893622
73.499685092 5.246812242
73.497325066 5.245062567
73.582855665 5.275580145
73.577647332 5.274562893
73.570160352 5.276678778
73.569997592 5.276760158
73.575938347 5.279933986
73.582041863 5.281805731
73.587901238 5.282619533
73.593597852 5.282700914
73.582855665 5.275580145
73.112640821 5.298447984
73.109222852 5.295152085
73.109222852 5.296698309
73.112803582 5.298570054
73.112640821 5.298447984
73.464366082 5.306870835
73.464203321 5.306830145
73.467051629 5.308335679
73.467133009 5.308335679
73.468435092 5.308091539
73.470225457 5.307766018
73.470144076 5.307725328
73.464366082 5.306870835
73.629405144 5.332749742
73.627207879 5.331122137
73.623301629 5.331854559
73.629567905 5.332831122
73.629405144 5.332749742
73.640065951 5.342189846
73.639903191 5.342189846
73.64340254 5.34393952
73.646657748 5.343247789
73.646494988 5.343247789
73.640065951 5.342189846
72.952403191 5.350083726
72.949554884 5.349310614
72.953135613 5.352769273
72.952403191 5.350083726
73.40121504 5.356146552
73.399424675 5.35545482
73.396169467 5.357123114
73.396006707 5.358465887
73.39714603 5.360174872
73.39747155 5.362209377
73.397552931 5.362005927
73.398692254 5.35960521
73.400645379 5.357652085
73.40121504 5.356146552
73.3232528 5.368231512
73.324880405 5.366766669
73.324961785 5.366766669
73.327891472 5.367010809
73.327972852 5.367010809
73.328216993 5.367010809
73.330088738 5.366888739
73.330088738 5.366848049
73.328868035 5.364243882
73.31934655 5.362941799
73.31918379 5.362941799
73.317718946 5.365790106
73.31918379 5.366644598
73.322032097 5.366888739
73.3232528 5.368231512
73.632497592 5.386257229
73.632497592 5.386053778
73.62777754 5.413275458
73.629567905 5.418524481
73.634532097 5.410956122
73.636729363 5.402899481
73.636729363 5.402858791
73.635915561 5.39447663
73.632497592 5.386257229
73.344899936 5.426825262
73.344574415 5.426743882
73.347504102 5.428778387
73.350759311 5.427679755
73.344899936 5.426825262
73.537445509 5.451402085
73.534922722 5.449855861
73.531260613 5.450425523
73.537445509 5.451402085
73.360931837 5.457953192
73.360687696 5.457831122
73.362966342 5.463080145
73.362966342 5.462795315
73.363129102 5.459377346
73.360931837 5.457953192
73.00261478 5.457586981
73.000987175 5.456244208
72.99903405 5.46100495
72.99903405 5.46108633
73.000010613 5.462469794
73.00277754 5.462469794
73.005625847 5.463202216
73.005544467 5.463120835
73.004161004 5.461411851
73.00261478 5.457586981
72.94027754 5.462144273
72.938243035 5.461493231
72.937022332 5.465521552
72.937022332 5.465562242
72.938161655 5.466701565
72.940603061 5.466782945
72.943125847 5.467596747
72.943044467 5.467474677
72.941579623 5.465562242
72.941091342 5.463568427
72.94027754 5.462144273
73.011078321 5.486843166
73.010996941 5.486802476
73.009938998 5.490220445
73.009776238 5.490871486
73.009776238 5.490912177
73.010915561 5.49213288
73.013194207 5.49213288
73.015879754 5.492865302
73.01433353 5.490912177
73.013845248 5.488918361
73.013031446 5.487453518
73.011078321 5.486843166
72.881114129 5.48847077
72.879161004 5.487860419
72.87769616 5.49209219
72.87769616 5.49213288
72.878754102 5.493150132
72.881195509 5.493231512
72.883962436 5.494086005
72.882497592 5.492010809
72.88184655 5.490057684
72.881114129 5.48847077
73.462412957 5.543605861
73.459320509 5.541734117
73.456472201 5.542629299
73.456309441 5.542669989
73.462412957 5.543605861
73.014170769 5.611599026
73.014008009 5.611558335
73.012868686 5.615708726
73.013926629 5.616888739
73.016449415 5.616888739
73.019053582 5.617824611
73.018972201 5.617661851
73.017344597 5.615708726
73.016856316 5.613755601
73.016123894 5.612250067
73.014170769 5.611599026
73.011892123 5.671535549
73.009776238 5.670843817
73.008555535 5.674994208
73.008555535 5.675034898
73.009776238 5.676092841
73.012054884 5.676255601
73.01465905 5.676988023
73.01465905 5.676947333
73.013194207 5.675034898
73.012461785 5.673000393
73.011892123 5.671535549
73.005625847 5.713324286
73.003754102 5.71112702
73.003184441 5.708726304
73.002289259 5.7070987
72.999766472 5.70697663
72.99878991 5.711940822
72.99878991 5.711981512
73.000173373 5.713202216
73.000254754 5.713202216
73.000824415 5.713120835
73.00277754 5.712836005
73.005625847 5.713324286
73.392425977 5.736802476
73.380707227 5.714585679
73.380625847 5.71474844
73.379893425 5.71503327
73.379812045 5.71507396
73.379567905 5.715155341
73.382578972 5.722113348
73.392832879 5.737697658
73.392425977 5.736802476
72.982839389 5.762559312
72.982758009 5.762518622
72.986827019 5.770738023
72.985850457 5.76557038
72.982839389 5.762559312
73.384532097 5.786932684
73.380707227 5.784125067
73.376800977 5.787339585
73.37769616 5.789536851
73.380218946 5.791693427
73.382334832 5.794989325
73.382334832 5.794745184
73.382660352 5.791693427
73.384287957 5.78925202
73.384532097 5.787014065
73.384532097 5.786932684
72.975108269 5.804551499
72.975108269 5.804429429
72.972422722 5.807033596
72.970957879 5.808417059
72.971039259 5.810451565
72.973806186 5.811712958
72.976573113 5.813625393
72.976573113 5.813544012
72.975108269 5.804551499
73.433767123 5.830877997
73.433441602 5.830715236
73.438975457 5.838283596
73.443125847 5.841253973
73.446543816 5.841498114
73.449880405 5.840765692
73.449799024 5.840725002
73.433767123 5.830877997
72.966481967 5.850287177
72.966481967 5.850246486
72.962657097 5.853461005
72.961924675 5.856675523
72.96363366 5.864325262
72.96371504 5.864040432
72.966481967 5.850287177
73.42847741 5.904445705
73.426280144 5.903265692
73.423187696 5.906887111
73.424082879 5.908433335
73.426605665 5.909491278
73.429047071 5.911363023
73.429047071 5.911200262
73.42847741 5.908596096
73.42847741 5.908514716
73.42847741 5.90619538
73.42847741 5.904445705
72.931651238 5.969061591
72.930186394 5.95693594
72.925791863 5.963242906
72.925791863 5.963283596
72.926442905 5.966294664
72.931651238 5.969061591
73.389821811 5.970282294
73.395332791 5.957801545
73.386729363 5.961981512
73.384532097 5.96474844
73.389821811 5.970282294
72.913422071 5.977362372
72.91285241 5.976304429
72.911387566 5.977077541
72.909841342 5.977932033
72.909678582 5.982123114
72.910899285 5.982733466
72.91309655 5.981634833
72.915700717 5.981350002
72.915619337 5.981268622
72.913828972 5.979641018
72.913422071 5.977362372
73.250661655 6.083278713
73.24903405 6.079535223
73.245453321 6.079779364
73.250743035 6.083400783
73.250661655 6.083278713
73.247243686 6.107977606
73.246836785 6.107733466
73.24887129 6.110174872
73.252126498 6.111232815
73.251963738 6.111151434
73.247243686 6.107977606
73.219004754 6.129299221
73.215179884 6.128566799
73.220469597 6.132066148
73.220388217 6.131984768
73.219004754 6.129299221
73.265310092 6.150661526
73.265147332 6.150620835
73.265391472 6.153550523
73.266612175 6.154852606
73.26823978 6.155585028
73.270274285 6.156927802
73.270192905 6.156805731
73.268809441 6.154486395
73.268077019 6.1524112
73.267263217 6.150946356
73.265310092 6.150661526
73.218923373 6.172267971
73.214040561 6.168768622
73.215830925 6.171210028
73.219086134 6.172349351
73.218923373 6.172267971
73.270843946 6.189357815
73.268077019 6.178697007
73.265391472 6.182766018
73.265961134 6.185003973
73.26840254 6.186835028
73.270843946 6.189439195
73.270843946 6.189357815
73.029144727 6.21898021
73.028981967 6.21881745
73.030446811 6.221014716
73.0341903 6.222357489
73.03402754 6.222235419
73.029144727 6.21898021
73.243907097 6.231634833
73.240244988 6.228949286
73.236338738 6.232123114
73.23707116 6.23427969
73.239756707 6.236476955
73.241709832 6.239691473
73.242198113 6.236476955
73.243662957 6.234035549
73.243907097 6.231634833
73.123057488 6.283351955
73.122894727 6.283351955
73.128428582 6.286851304
73.126149936 6.284002997
73.123057488 6.283351955
73.209157748 6.286688544
73.208750847 6.286444403
73.209320509 6.286851304
73.215179884 6.294826565
73.215179884 6.294663804
73.213063998 6.28921133
73.209157748 6.286688544
73.078461134 6.305121161
73.078135613 6.305080471
73.083343946 6.30857982
73.083262566 6.308457749
73.081390821 6.305609442
73.078461134 6.305121161
73.20191491 6.322170315
73.201019727 6.318264065
73.195078972 6.319647528
73.194997592 6.319932359
73.19418379 6.321600653
73.195974155 6.3242862
73.197032097 6.327460028
73.197113477 6.327297268
73.1982528 6.324693101
73.199310743 6.32420482
73.200368686 6.323716539
73.20191491 6.322170315
73.119639519 6.329169012
73.119313998 6.328924872
73.120941602 6.331040757
73.124522332 6.332505601
73.124196811 6.33226146
73.119639519 6.329169012
72.953949415 6.345607815
72.953135613 6.343491929
72.948496941 6.344427802
72.947764519 6.345933335
72.948985222 6.348049221
72.949392123 6.349798895
72.949392123 6.349676825
72.950938347 6.3477237
72.951182488 6.34760163
72.952972852 6.346625067
72.953379754 6.346258856
72.953949415 6.345607815
73.187266472 6.350775458
73.184906446 6.349066473
73.183604363 6.347316799
73.182139519 6.346340236
73.180186394 6.347113348
73.181000196 6.349839585
73.1826278 6.350490627
73.184825066 6.350327867
73.187266472 6.350775458
73.024912957 6.364813544
73.024180535 6.362697658
73.019297722 6.363592841
73.018728061 6.365220445
73.019867384 6.36717357
73.020518425 6.368963934
73.021820509 6.366766669
73.023936394 6.365871486
73.024912957 6.364813544
72.687510613 6.412258205
72.689138217 6.411607164
72.690928582 6.411607164
72.690847201 6.411566473
72.688812696 6.409735419
72.687185092 6.407416083
72.685883009 6.40648021
72.684825066 6.408392645
72.685883009 6.411607164
72.687510613 6.412258205
72.907481316 6.435858466
72.906586134 6.43382396
72.902028842 6.434759833
72.901866082 6.435044664
72.90113366 6.436346747
72.902191602 6.438299872
72.902842644 6.440171617
72.904470248 6.437974351
72.906423373 6.436916408
72.906911655 6.436428127
72.907481316 6.435939846
72.907481316 6.435858466
73.043304884 6.433864651
73.043142123 6.43370189
73.048813278 6.441342196
73.046234571 6.436265367
73.043304884 6.433864651
72.89722741 6.447821356
72.896332227 6.445786851
72.891774936 6.446722723
72.891612175 6.447007554
72.890879754 6.448228257
72.892100457 6.450262762
72.892588738 6.452093817
72.894216342 6.449937242
72.896169467 6.448879299
72.896901889 6.448187567
72.89722741 6.447902736
72.89722741 6.447821356
72.958994988 6.555487372
72.958018425 6.554348049
72.95582116 6.555324611
72.956797722 6.560003973
72.958343946 6.560695705
72.958425326 6.560655015
72.960215691 6.559515692
72.962087436 6.559027411
72.95997155 6.557521877
72.958994988 6.555487372
72.927744988 6.558946031
72.927744988 6.558905341
72.923106316 6.559881903
72.922536655 6.561509507
72.923513217 6.563381252
72.924001498 6.565252997
72.925547722 6.563055731
72.927500847 6.562079169
72.92872155 6.561102606
72.927744988 6.558946031
73.030446811 6.576076565
73.028168165 6.575181382
73.027354363 6.576483466
73.025563998 6.579250393
73.02613366 6.580796617
73.028330925 6.581366278
73.02995853 6.582342841
73.029877149 6.58218008
73.029470248 6.579657294
73.03012129 6.577541408
73.030365431 6.576117255
73.030446811 6.576076565
73.041514519 6.618353583
73.040700717 6.61717357
73.038422071 6.618150132
73.039398634 6.622870184
73.041026238 6.623602606
73.041107618 6.623561916
73.042979363 6.622503973
73.044769727 6.621893622
73.042653842 6.620347398
73.041514519 6.618353583
73.069509311 6.66795482
73.061778191 6.660956122
73.062266472 6.666896877
73.064138217 6.668402411
73.066661004 6.66811758
73.069509311 6.66795482
73.095957879 6.698472398
73.095876498 6.698431708
73.0966903 6.706122137
73.099294467 6.708929755
73.105967644 6.709947007
73.105967644 6.709906317
73.103526238 6.705877997
73.102305535 6.702337958
73.10043379 6.699774481
73.095957879 6.698472398
73.036875847 6.753485419
73.034678582 6.752590236
73.03386478 6.75385163
73.031993035 6.756577867
73.032888217 6.758246161
73.034841342 6.758734442
73.036631707 6.759711005
73.036631707 6.759629624
73.036143425 6.757147528
73.036143425 6.757106838
73.036224806 6.756781317
73.036794467 6.755072333
73.036875847 6.753485419
72.915375196 6.760443427
72.914317254 6.759222723
72.912364129 6.760077216
72.912282748 6.760158596
72.913259311 6.764878648
72.914886915 6.76557038
72.91675866 6.764471747
72.918467644 6.763983466
72.916514519 6.762437242
72.915375196 6.760443427
73.13184655 6.725165106
73.13168379 6.725043036
73.135996941 6.741197007
73.152517123 6.768215236
73.159515821 6.786525783
73.164235873 6.787054755
73.165537957 6.785711981
73.165537957 6.785630601
73.165537957 6.783148505
73.166514519 6.780340887
73.152842644 6.749212958
73.144786004 6.735541083
73.13184655 6.725165106
73.183767123 6.821153062
73.183767123 6.821112372
73.180837436 6.823431708
73.181651238 6.830511786
73.197276238 6.82811107
73.189463738 6.822821356
73.183767123 6.821153062
72.992442254 6.837876695
72.991547071 6.836737372
72.989512566 6.837591864
72.989431186 6.837632554
72.990244988 6.842433986
72.992035352 6.843003648
72.993907097 6.841986395
72.995778842 6.841498114
72.995697462 6.841457424
72.993662957 6.8399112
72.992442254 6.837876695
73.141286655 6.8399112
73.140310092 6.838690497
73.138031446 6.839667059
73.139008009 6.844427802
73.140635613 6.845038153
73.140635613 6.844997463
73.142588738 6.84393952
73.144379102 6.843410549
73.142263217 6.841864325
73.141286655 6.8399112
72.974213087 6.845851955
72.974131707 6.845851955
72.97152754 6.849758205
72.972341342 6.851385809
72.974375847 6.851996161
72.976084832 6.852850653
72.97559655 6.850287177
72.976247592 6.848130601
72.976247592 6.848049221
72.976328972 6.846665757
72.974213087 6.845851955
73.095062696 6.848700262
73.094004754 6.84756094
73.09278405 6.847967841
73.091807488 6.848334052
73.092946811 6.853094794
73.094493035 6.853827216
73.09636478 6.852769273
73.09644616 6.852728583
73.098155144 6.852199611
73.098073764 6.852118231
73.096039259 6.850572007
73.095062696 6.848700262
72.960622592 6.856065171
72.960622592 6.856024481
72.958750847 6.856838283
72.958506707 6.856960354
72.958343946 6.857001044
72.959239129 6.861639716
72.961110873 6.862453518
72.962901238 6.861314195
72.964691602 6.860663153
72.962657097 6.859198309
72.961436394 6.857326565
72.960622592 6.856065171
73.106618686 6.890448309
73.10434004 6.889553127
73.101735873 6.893540757
73.102305535 6.895209052
73.1045028 6.895738023
73.106211785 6.896714585
73.106211785 6.896673895
73.105723504 6.894029039
73.106293165 6.891913153
73.106537306 6.89052969
73.106618686 6.890448309
73.208750847 6.891099351
73.203949415 6.884955145
73.201019727 6.893133856
73.20191491 6.90224844
73.204925977 6.911769924
73.209157748 6.918280341
73.214040561 6.918605861
73.214040561 6.918524481
73.213063998 6.904608466
73.208750847 6.891099351
72.926280144 6.953802802
72.924585008 6.951704061
72.925954623 6.957424221
72.925954623 6.95701732
72.926280144 6.953802802
73.193369988 6.950995184
73.193207227 6.950995184
73.193044467 6.951076565
73.192556186 6.951239325
73.191905144 6.951646226
73.191172722 6.961330471
73.191905144 6.967596747
73.19410241 6.970892645
73.198496941 6.971340236
73.194672071 6.951239325
73.193858269 6.950995184
73.193369988 6.950995184
72.890554233 6.985459703
72.890472852 6.985419012
72.891937696 6.991034247
72.891937696 6.987697658
72.890554233 6.985459703
72.979746941 7.02753327
72.981455925 7.013983466
72.977305535 7.019029039
72.977224155 7.022609768
72.977224155 7.022650458
72.977224155 7.022691148
72.979746941 7.027736721
72.979746941 7.02753327
72.949961785 7.056423244
72.948496941 7.0508487
72.947764519 7.053900458
72.949961785 7.056545315
72.949961785 7.056423244
72.91285241 7.092596747
72.911875847 7.083197333
72.906423373 7.089016018
72.906586134 7.091009833
72.909678582 7.091620184
72.91285241 7.092718817
72.91285241 7.092596747
72.884532097 7.103705145
72.882497592 7.10162995
72.883799675 7.107245184
72.884532097 7.10569896
72.884532097 7.10565827
72.884532097 7.103705145
