0
5
13
19
25
40
50
58
71
78
89
96
106
116
124
130
137
147
159
173
181
194
200
213
223
230
237
243
252
258
262
269
279
285
296
304
309
315
321
330
339
344
353
360
367
377
383
390
400
408
414
421
427
437
441
451
462
473
484
495
503
511
517
529
541
548
558
570
579
591
601
611
617
624
629
644
652
658
673
683
690
696
708
722
732
737
743
748
755
766
776
789
797
803
809
814
822
827
837
842
849
855
859
865
874
879
887
892
898
902
912
927
936
941
945
951
961
972
984
994
999
1010
1021
1033
1042
1047
1058
1067
1075
1082
1093
1099
1104
1115
1120
1126
1131
1142
1147
1154
1160
1169
1174
1181
1187
1199
1205
1217
1226
1235
1245
1257
1262
1274
1284
1294
1306
1316
1322
1332
1345
1355
1368
1375
1386
1396
1407
1419
1431
1442
1452
1457
1469
1474
1482
1487
1494
