19.747765747 42.578900859
19.746008749 42.579934387
19.74135787 42.574405009
19.733916464 42.562596945
19.732159464 42.555543111
19.730299113 42.540427755
19.73091923 42.533658143
19.734329875 42.524382223
19.751589803 42.493402202
19.784456014 42.474566143
19.801405884 42.468132426
19.819595988 42.46647878
19.829062799 42.468722537
19.835512329 42.47025116
19.873339477 42.486839295
19.882537883 42.493402202
19.882744588 42.493557231
19.882744588 42.493608907
19.907549276 42.506398824
19.956331828 42.50531362
19.981756632 42.510765483
20.017723429 42.546241353
20.039220825 42.557765199
20.064955688 42.546758118
20.085626261 42.530014954
20.135545695 42.509628601
20.152392212 42.49371226
20.152598918 42.49371226
20.152598918 42.493608907
20.152702271 42.49342804
20.152702271 42.493402202
20.180814249 42.443095195
20.186291952 42.437436625
20.199727824 42.427798971
20.204688761 42.420099182
20.204378703 42.411830953
20.194043416 42.400100403
20.192803182 42.393692526
20.197454061 42.387439677
20.213060343 42.377517802
20.218848104 42.371445822
20.22122522 42.363720195
20.219468221 42.350206808
20.220915161 42.343101298
20.229596802 42.326719869
20.237761678 42.319924419
20.249647257 42.318606669
20.317963501 42.319821065
20.333363078 42.3178832
20.456973104 42.250497132
20.473664576 42.237123002
20.481674439 42.230705058
20.500794719 42.211223043
20.538621867 42.150115662
20.549370565 42.123476461
20.551954386 42.105803122
20.552161092 42.073789572
20.558258911 42.055108541
20.589678182 41.993639425
20.594329061 41.97371816
20.599289998 41.960566509
20.599289998 41.947879944
20.588748006 41.929586488
20.58058313 41.921731669
20.57334843 41.91767507
20.567250611 41.91217153
20.562496379 41.900105082
20.562703084 41.892844544
20.567767375 41.880519715
20.567147258 41.873181662
20.541722452 41.861580302
20.540786219 41.844864632
20.540482218 41.839436951
20.548440389 41.814193013
20.550136327 41.800060201
20.550920858 41.793522441
20.544409628 41.784763286
20.521155232 41.767658387
20.51133671 41.757943217
20.503275187 41.744636536
20.500381307 41.734094544
20.508339478 41.661747539
20.513403768 41.640405172
20.534591105 41.594025574
20.534670174 41.587324468
20.534694458 41.585266419
20.529320109 41.574879456
20.520845174 41.568368225
20.507409302 41.562270406
20.492939901 41.557671204
20.444157349 41.549661356
20.447878052 41.535450338
20.444984171 41.508475241
20.452012166 41.493592427
20.463174275 41.489768372
20.470822388 41.483773905
20.481596975 41.468269012
20.48353479 41.465480449
20.486842082 41.45778066
20.488909139 41.441450908
20.490872843 41.436024883
20.498004191 41.431477356
20.514644002 41.429461976
20.522188761 41.425689596
20.534074341 41.412977194
20.539048843 41.402943875
20.54017216 41.400678202
20.539965454 41.387138977
20.532937459 41.37044749
20.523428995 41.356804912
20.510406534 41.344402568
20.496040487 41.337787985
20.481674439 41.341198629
20.47810834 41.32158509
20.477747029 41.319597881
20.483121379 41.28947052
20.500071248 41.235520325
20.512680297 41.210147197
20.549680623 41.170614726
20.565493611 41.147412008
20.570557902 41.124829407
20.569937785 41.10710439
20.57696578 41.093513489
20.597419353 41.086272625
20.605284464 41.083488261
20.618927042 41.082403056
20.631536092 41.082868144
20.634128612 41.082576194
20.64300826 41.081576233
20.65386031 41.075271708
20.664092244 41.059148662
20.68341923 40.993829652
20.702746216 40.936313782
20.717215617 40.913214417
20.730572639 40.904611095
20.740883423 40.89796987
20.766101522 40.893732402
20.783671509 40.899055074
20.816951131 40.920242411
20.836544264 40.923903755
20.837414999 40.924066468
20.890228312 40.918278707
20.93994104 40.907064921
20.956684204 40.894765931
20.96484908 40.875955709
20.965262492 40.849394023
20.96701949 40.802006734
20.960921671 40.780767721
20.943661743 40.765264791
20.953480265 40.759166972
20.957200968 40.751622213
20.959164673 40.743560689
20.963505493 40.736067607
20.992030884 40.715500387
21.01859257 40.690902405
21.028824503 40.676846416
21.035335734 40.659379781
21.036679321 40.639742737
21.033165324 40.621397604
21.022519979 40.586619365
21.02076298 40.575095521
21.020349568 40.566775614
21.018799276 40.558972473
21.01352828 40.54889557
21.00670699 40.543211162
20.997508585 40.539180399
20.988310181 40.533495993
20.981488891 40.523264058
20.968569783 40.520576884
20.957924439 40.514944153
20.951929973 40.506055807
20.952653442 40.493653463
20.949759562 40.487865702
20.94645227 40.482904765
20.936840454 40.472517802
20.911932413 40.459547018
20.889608195 40.463732809
20.866767212 40.472052714
20.83999882 40.471639303
20.826666301 40.464818014
20.821291951 40.456394756
20.817364543 40.446834615
20.809199666 40.436602682
20.80031132 40.432778626
20.779537394 40.429006246
20.770649048 40.421978251
20.768995402 40.41257314
20.773336223 40.385339661
20.773852987 40.374901022
20.770442342 40.362550354
20.765998168 40.354282125
20.755042765 40.338624166
20.739552404 40.309166372
20.736645955 40.303639221
20.728791138 40.298264873
20.717835734 40.293924052
20.706983684 40.288084616
20.699128866 40.278369446
20.694581339 40.255580139
20.696648397 40.23558136
20.696441691 40.215065817
20.685279582 40.191191305
20.67980188 40.187832337
20.66502242 40.184370016
20.660371541 40.178892314
20.659854777 40.172742818
20.663162068 40.161684062
20.663472127 40.156619772
20.668226359 40.138067933
20.666779419 40.133520406
20.651793254 40.101015931
20.647555786 40.094039612
20.640217733 40.090112203
20.615361181 40.081017339
20.577792602 40.06727122
20.552884562 40.065410869
20.499864543 40.071457011
20.481674439 40.067787985
20.465964803 40.060811666
20.432788533 40.063808899
20.413771606 40.057194316
20.400439087 40.04525706
20.389070272 40.029444072
20.38069869 40.011667379
20.376461222 39.993735657
20.359924764 39.991048482
20.31000533 39.989859925
20.297913045 39.986914368
20.302977335 39.979111227
20.317963501 39.918391419
20.323131144 39.912396952
20.346902303 39.894258525
20.39299768 39.835450745
20.397028442 39.818087463
20.388966919 39.798140361
20.371603637 39.784291077
20.354550415 39.785789693
20.336877076 39.794006246
20.299576529 39.805056407
20.298326457 39.805426737
20.288404581 39.806615296
20.280032999 39.803979797
20.273005005 39.796486715
20.275485474 39.792404277
20.281376587 39.788166809
20.284683878 39.780311992
20.283133586 39.775144348
20.276829061 39.763155416
20.275692179 39.76005483
20.278172648 39.756747538
20.285510701 39.749667868
20.2872677 39.746670634
20.291091756 39.737937317
20.296466105 39.733493144
20.299463339 39.728222148
20.296466105 39.717370097
20.282720174 39.704399312
20.264116658 39.696079407
20.24902714 39.684813944
20.246029907 39.662903137
20.237244914 39.667037252
20.228563273 39.669155986
20.220088338 39.669155986
20.212026815 39.667037252
20.204171997 39.660319316
20.203035116 39.652619527
20.203448527 39.645333151
20.19993453 39.640062154
20.184121541 39.637013245
20.163761027 39.644299622
20.135235636 39.664195048
20.089346964 39.682798564
20.049556111 39.692720438
20.016069784 39.70140208
19.9999097856 39.6934982513
19.999847852 39.693508205
19.996836785 39.692572333
19.995860222 39.686712958
19.989024285 39.686712958
19.983571811 39.701361395
19.98698978 39.717962958
20.00269616 39.748236395
19.985606316 39.753729559
19.980642123 39.757310289
19.995860222 39.782945054
20.014170769 39.832953192
20.016286655 39.845038153
20.009776238 39.865668036
19.999278191 39.871405341
19.983734571 39.872381903
19.961680535 39.878566799
19.960215691 39.881048895
19.95997155 39.885077216
19.958832227 39.889349677
19.954844597 39.892808335
19.941172722 39.898993231
19.931162957 39.901922919
19.914073113 39.9024112
19.906423373 39.90643952
19.906423373 39.912665106
19.921234571 39.926947333
19.931000196 39.934515692
19.941172722 39.940008856
19.923838738 39.952826239
19.876800977 40.022365627
19.870453321 40.034735419
19.863454623 40.045355536
19.855235222 40.049872137
19.8232528 40.050604559
19.80738366 40.052883205
19.796560092 40.057318427
19.804535352 40.063462632
19.777354363 40.077785549
19.773122592 40.071234442
19.771657748 40.068304755
19.770518425 40.063462632
19.767263217 40.072455145
19.762461785 40.076849677
19.756358269 40.079901434
19.749359571 40.084621486
19.748057488 40.088609117
19.74089603 40.100409247
19.732676629 40.110256252
19.729014519 40.108221747
19.719086134 40.116034247
19.653168165 40.132391669
19.597829623 40.157700914
19.565765821 40.17983633
19.509287957 40.194484768
19.476247592 40.213690497
19.381114129 40.295233466
19.36996504 40.309027411
19.365082227 40.317368882
19.351573113 40.362046617
19.344248894 40.374335028
19.309255405 40.400824286
19.296885613 40.413560289
19.295176629 40.417547919
19.295176629 40.418687242
19.289561394 40.420396226
19.289561394 40.427232164
19.316172722 40.437811591
19.332530144 40.438910223
19.348155144 40.430650132
19.383799675 40.397406317
19.39323978 40.386297919
19.406504754 40.362616278
19.411957227 40.348089911
19.414235873 40.334418036
19.423594597 40.330023505
19.444590691 40.333807684
19.465586785 40.341498114
19.474945509 40.348374742
19.481618686 40.439113674
19.478770379 40.453924872
19.453135613 40.465318101
19.418793165 40.491888739
19.391368035 40.521795966
19.386403842 40.543280341
19.39323978 40.537054755
19.396006707 40.529608466
19.398610873 40.520941473
19.406748894 40.522772528
19.414235873 40.522772528
19.433604363 40.505926825
19.446055535 40.511135158
19.452647332 40.529852606
19.454600457 40.553859768
19.442149285 40.573065497
19.415700717 40.583482164
19.391612175 40.57831452
19.386403842 40.55072663
19.379242384 40.566148179
19.309825066 40.644354559
19.304372592 40.653143622
19.309336785 40.665025132
19.32292728 40.674872137
19.339040561 40.684068101
19.351573113 40.694159247
19.360524936 40.709784247
19.364512566 40.72650788
19.365570509 40.785956122
19.368825717 40.802150783
19.37777754 40.812974351
19.396250847 40.817043361
19.406748894 40.820746161
19.404063347 40.829291083
19.396739129 40.838690497
19.39323978 40.844916083
19.397634311 40.852972723
19.404795769 40.861070054
19.411387566 40.86709219
19.414235873 40.868841864
19.406260613 40.880316473
19.391123894 40.895249742
19.381195509 40.908270575
19.389821811 40.913804429
19.40495853 40.91815827
19.42457116 40.939642645
19.440928582 40.948635158
19.427012566 40.936835028
19.435394727 40.913397528
19.427256707 40.893377997
19.427256707 40.872259833
19.434743686 40.872259833
19.437836134 40.886542059
19.437673373 40.883449611
19.439138217 40.880072333
19.440928582 40.872259833
19.454112175 40.885809637
19.50660241 40.905096747
19.523448113 40.920640367
19.525157097 40.94525788
19.51465905 40.9649112
19.501475457 40.982977606
19.495453321 41.002630927
19.492035352 40.976955471
19.479665561 40.953924872
19.453868035 40.923976955
19.453461134 40.928371486
19.447764519 40.934312242
19.458506707 40.942613023
19.469981316 40.956732489
19.477224155 40.975002346
19.474945509 40.995794989
19.469981316 41.000718492
19.453786655 41.005845445
19.447764519 41.009466864
19.440603061 41.020656643
19.441254102 41.026027736
19.445485873 41.030707098
19.456390821 41.106675523
19.451182488 41.122707424
19.445485873 41.129461981
19.441172722 41.137355861
19.441905144 41.143866278
19.46371504 41.151312567
19.467133009 41.162665106
19.467133009 41.176174221
19.468760613 41.18756745
19.509532097 41.237290757
19.516612175 41.256415106
19.513356967 41.276678778
19.5029403 41.294134833
19.488047722 41.306463934
19.471934441 41.311102606
19.450043165 41.311102606
19.431651238 41.313706773
19.418955925 41.322577216
19.414235873 41.341498114
19.414235873 41.38279857
19.410817905 41.391669012
19.396006707 41.402044989
19.39323978 41.413519598
19.406423373 41.400376695
19.42872155 41.401312567
19.445160352 41.415187893
19.440928582 41.440863348
19.464610222 41.450873114
19.489268425 41.466131903
19.508636915 41.486883856
19.516612175 41.513413804
19.514170769 41.529974677
19.507172071 41.536281643
19.496348504 41.538763739
19.482432488 41.543850002
19.468028191 41.554266669
19.45199629 41.574774481
19.440928582 41.585394598
19.528086785 41.576564846
19.556407097 41.583075262
19.56519616 41.585109768
19.58480879 41.619574286
19.591644727 41.619574286
19.592295769 41.608587958
19.596039259 41.602728583
19.603037957 41.60175202
19.612966342 41.605292059
19.604991082 41.632147528
19.600108269 41.639105536
19.591644727 41.632635809
19.587087436 41.64069245
19.5576278 41.660549221
19.578135613 41.68764883
19.576345248 41.71893952
19.571136915 41.752386786
19.571299675 41.770412502
19.589528842 41.76569245
19.598968946 41.778713283
19.599782748 41.799750067
19.591644727 41.818793036
19.585215691 41.818548895
19.465505405 41.85545482
19.451182488 41.862534898
19.432953321 41.868597723
19.3651220996 41.8523719103
19.364223267 41.862846375
19.364946737 41.88899465
19.356988566 41.899639994
19.347686808 41.906357931
19.345309692 41.910337016
19.34592981 41.91447113
19.345413045 41.921189067
19.346653279 41.926175843
19.350477336 41.931369324
19.352854452 41.938500672
19.346446574 41.961548361
19.351614217 41.965165711
19.359779093 41.965992534
19.365773559 41.969713237
19.371044556 41.986559754
19.363706503 41.993484395
19.363396443 41.993639425
19.354198039 42.008703105
19.350580689 42.027823385
19.35171757 42.047615458
19.356575155 42.064797872
19.374868612 42.09466685
19.372491496 42.104252828
19.369997877 42.106506676
19.355024861 42.120039979
19.297767375 42.151665955
19.282057739 42.164559225
19.281955677 42.164723366
19.272032511 42.180682271
19.274926392 42.191275941
19.304588663 42.215098776
19.400396769 42.325893047
19.401326945 42.33106069
19.400706828 42.344754944
19.402670532 42.352015483
19.412075643 42.368396912
19.417243286 42.374107158
19.468402954 42.41810964
19.481735473 42.434491069
19.501475871 42.444128724
19.517805623 42.458029684
19.531654907 42.474772848
19.543747192 42.493402202
19.543747192 42.493557231
19.549328247 42.508595072
19.561317179 42.516243185
19.575683227 42.522341004
19.588085572 42.532857158
19.593666626 42.544820252
19.599247681 42.571046041
19.605035441 42.584843649
19.621778605 42.604997457
19.64792688 42.627838441
19.658037166 42.634612704
19.676038859 42.6466745
19.699293254 42.654813538
19.722134237 42.646080221
19.737533814 42.624401957
19.746008749 42.598899639
19.746884654 42.588929772
19.747765747 42.578900859
