-65.292469849 -11.504723002
-65.257562419 -11.495317891
-65.233041952 -11.508340353
-65.222654989 -11.517435404
-65.215988729 -11.530147807
-65.215988729 -11.539966329
-65.223611003 -11.557949727
-65.223404297 -11.571075541
-65.219244344 -11.584511414
-65.214541789 -11.587508646
-65.207358765 -11.587611999
-65.195447348 -11.592159525
-65.17397579 -11.606525573
-65.167438722 -11.615517273
-65.19092566 -11.623165385
-65.193354452 -11.63236379
-65.189272013 -11.657065124
-65.191339071 -11.666883646
-65.200253255 -11.681973165
-65.202320313 -11.691481629
-65.201855225 -11.72796519
-65.196196656 -11.741814473
-65.182450725 -11.756697286
-65.164467326 -11.7698231
-65.151496542 -11.773130391
-65.143538371 -11.763828634
-65.138008993 -11.715252787
-65.133978232 -11.702643738
-65.127854574 -11.694582214
-65.113411011 -11.690551453
-65.110465455 -11.699956564
-65.11356604 -11.72259084
-65.099199992 -11.736233419
-65.081061565 -11.743468119
-65.065558635 -11.753079936
-65.056308554 -11.785636088
-65.043311931 -11.807650248
-65.038454346 -11.818709005
-65.037446655 -11.828424174
-65.039203654 -11.848681335
-65.038454346 -11.858499857
-65.033674276 -11.879790548
-65.028093221 -11.888885599
-65.017938802 -11.893639831
-65.014528158 -11.893846537
-65.004580445 -11.898394063
-64.99812089 -11.908936055
-64.996493083 -11.921235046
-65.000859741 -11.931053568
-65.014631511 -11.950277201
-65.016336833 -11.968467305
-65.009438029 -11.984280293
-64.997449097 -11.996269226
-64.983444784 -12.003917338
-64.967605957 -12.0079481
-64.925153768 -12.009911804
-64.904483196 -12.014045919
-64.883502564 -12.021383972
-64.862082683 -12.024794617
-64.839835979 -12.016733093
-64.827614503 -12.022314148
-64.809295207 -12.025828145
-64.792500366 -12.032546081
-64.785188151 -12.047428894
-64.780485596 -12.067686056
-64.768574178 -12.086496277
-64.736793172 -12.119775899
-64.744182903 -12.133625183
-64.739532024 -12.144580586
-64.728395752 -12.149851583
-64.716277629 -12.146544291
-64.713642131 -12.138482767
-64.710283163 -12.111921081
-64.706381592 -12.106133321
-64.689922649 -12.104376322
-64.686460327 -12.109957377
-64.681576905 -12.126597188
-64.681576905 -12.134865417
-64.688579062 -12.147164409
-64.688992473 -12.153882344
-64.685943563 -12.15915334
-64.677184408 -12.167628275
-64.675349895 -12.17103892
-64.664859578 -12.180960795
-64.640571655 -12.195120137
-64.593416911 -12.215997416
-64.581040406 -12.217444356
-64.554892131 -12.217754415
-64.548432577 -12.219098002
-64.532102824 -12.232223816
-64.511483928 -12.242662455
-64.510347046 -12.239561869
-64.510243693 -12.237288106
-64.50884843 -12.236047872
-64.494249838 -12.238011576
-64.489392253 -12.239458516
-64.473036662 -12.253204447
-64.469057577 -12.261059265
-64.46815324 -12.272634786
-64.469315959 -12.294855652
-64.474431926 -12.316456401
-64.492441163 -12.356557312
-64.489779826 -12.373610534
-64.483630331 -12.377641297
-64.461642009 -12.385289408
-64.452521119 -12.390353698
-64.444072022 -12.399758809
-64.43236731 -12.420946147
-64.424874227 -12.431384786
-64.411335002 -12.445130717
-64.395728719 -12.457326355
-64.376763469 -12.465904643
-64.353199016 -12.469211935
-64.312658854 -12.46187388
-64.297698528 -12.465697937
-64.287544108 -12.497117208
-64.278242351 -12.499287618
-64.268708049 -12.497220561
-64.263850464 -12.495256856
-64.256822469 -12.490812683
-64.245712036 -12.479443868
-64.236565308 -12.475413106
-64.215222941 -12.47375946
-64.197549601 -12.478720397
-64.183106039 -12.487918803
-64.155252442 -12.516960958
-64.144787964 -12.520371602
-64.134762737 -12.510863139
-64.119828247 -12.489675802
-64.104454509 -12.507142436
-64.044458171 -12.50910614
-64.022831584 -12.537838236
-64.004176392 -12.535461121
-63.972447063 -12.5238856
-63.959321249 -12.528019714
-63.950019491 -12.536804708
-63.939064087 -12.544142761
-63.921235718 -12.544349467
-63.909143433 -12.534324239
-63.902477173 -12.525435892
-63.896896118 -12.515720723
-63.863203085 -12.474792989
-63.862893026 -12.469211935
-63.845581421 -12.466938172
-63.814988974 -12.457223002
-63.801398072 -12.454949239
-63.65773759 -12.475413106
-63.654843709 -12.478306986
-63.600428427 -12.506108907
-63.558725546 -12.539905293
-63.542189087 -12.547966817
-63.520226603 -12.551170756
-63.507514202 -12.551584167
-63.496145386 -12.553341166
-63.485758423 -12.557475281
-63.476198284 -12.564813334
-63.468756877 -12.575768738
-63.466999878 -12.585793965
-63.466379762 -12.595302429
-63.462504029 -12.605120951
-63.4542358 -12.612045593
-63.445347454 -12.61483612
-63.438164429 -12.619176941
-63.435218872 -12.63033905
-63.431446493 -12.636953634
-63.393309286 -12.664548849
-63.37108842 -12.669923197
-63.359461222 -12.674677429
-63.330419067 -12.697001647
-63.317913371 -12.701962586
-63.247323364 -12.701342468
-63.23595455 -12.698551941
-63.232027141 -12.691110535
-63.222673706 -12.682532246
-63.201848105 -12.66785614
-63.197300578 -12.666822611
-63.185570028 -12.668476257
-63.180712444 -12.66785614
-63.176113241 -12.663618673
-63.171669068 -12.65235321
-63.167069865 -12.647392273
-63.13947465 -12.635610047
-63.136684123 -12.633749695
-63.125056926 -12.635920105
-63.105213176 -12.645221863
-63.07503414 -12.652663269
-63.06475053 -12.666202494
-63.057825888 -12.701962586
-63.05358842 -12.708370463
-63.04707719 -12.713538106
-63.043459839 -12.719119161
-63.051107951 -12.730798035
-63.052193157 -12.736482442
-63.051107951 -12.74216685
-63.047904013 -12.746714376
-63.025683146 -12.765731302
-63.014727743 -12.777720235
-63.010025188 -12.787952169
-63.007079631 -12.809966329
-62.999173137 -12.829086609
-62.988011027 -12.843866068
-62.975298625 -12.852857768
-62.96449825 -12.856578471
-62.955144816 -12.857508647
-62.946514852 -12.855234884
-62.938039917 -12.849447123
-62.928893189 -12.846036479
-62.923777222 -12.852857768
-62.920469931 -12.862262879
-62.867914999 -12.929028829
-62.865072795 -12.935540059
-62.860111858 -12.940294291
-62.849001424 -12.942154643
-62.83892452 -12.94277476
-62.831431438 -12.94494517
-62.826677206 -12.95000946
-62.825075237 -12.958691101
-62.820165975 -12.974917501
-62.807401896 -12.988870138
-62.78983191 -13.000652364
-62.770453248 -13.010470886
-62.768644572 -12.990627136
-62.757895874 -12.985149434
-62.74130774 -12.98535614
-62.72203243 -12.982565612
-62.709164999 -12.974607442
-62.698984741 -12.966649271
-62.686634074 -12.964995626
-62.667462118 -12.976364441
-62.657901978 -12.98463267
-62.651339071 -12.992487488
-62.647515015 -13.00158254
-62.645189576 -13.025353699
-62.641675578 -13.030004578
-62.554600789 -13.066798197
-62.492692424 -13.065041199
-62.472125204 -13.068451844
-62.458482626 -13.077960306
-62.430939087 -13.109792989
-62.428717001 -13.114547221
-62.427476766 -13.124572449
-62.424117798 -13.126536153
-62.410268514 -13.12570933
-62.406702841 -13.126536153
-62.389701294 -13.137078145
-62.381846477 -13.139868673
-62.335027629 -13.145139669
-62.321591757 -13.143692729
-62.310533 -13.133977559
-62.290327515 -13.142039083
-62.273636027 -13.138421733
-62.259166626 -13.13077362
-62.221649537 -13.121265157
-62.211520955 -13.120334982
-62.200927287 -13.122712097
-62.17395219 -13.140798849
-62.172453573 -13.117854513
-62.162376669 -13.120748393
-62.139845744 -13.147000021
-62.129148723 -13.150927429
-62.120467082 -13.148757019
-62.114679322 -13.150203959
-62.112508911 -13.164776713
-62.112457235 -13.231801046
-62.109408326 -13.248957621
-62.099228069 -13.262600199
-62.077730673 -13.277896423
-62.033598999 -13.325542094
-62.019698039 -13.332570089
-62.01866451 -13.336807556
-62.003264934 -13.360475362
-61.997787232 -13.364092712
-61.975359661 -13.374117941
-61.958358114 -13.385486755
-61.909833944 -13.431892191
-61.899498658 -13.439230245
-61.87991329 -13.44915212
-61.872316854 -13.456076762
-61.868596151 -13.463931579
-61.847977254 -13.530800882
-61.836350057 -13.540619405
-61.813974162 -13.544236756
-61.794285441 -13.540309346
-61.774234986 -13.533384705
-61.75433956 -13.530284119
-61.735115927 -13.538035583
-61.715737264 -13.526563415
-61.692896281 -13.517985128
-61.668091594 -13.512507426
-61.597114014 -13.506099548
-61.593060171 -13.506794493
-61.588070639 -13.507649841
-61.560862997 -13.532661234
-61.550811931 -13.538035583
-61.503424642 -13.548164164
-61.458750367 -13.543719991
-61.415471354 -13.528113708
-61.347723552 -13.493697205
-61.332375652 -13.494834086
-61.317131104 -13.500931905
-61.281215983 -13.50723643
-61.260028647 -13.520052185
-61.248556478 -13.524393005
-61.237885295 -13.524393005
-61.215044312 -13.517468363
-61.149105184 -13.519845479
-61.1393125 -13.514057719
-61.133576416 -13.494007263
-61.118719442 -13.484498799
-61.07600887 -13.478297628
-61.072184815 -13.474370219
-61.060118368 -13.467135519
-61.047225098 -13.464551697
-61.04125647 -13.474576925
-61.04125647 -13.515194601
-61.022006999 -13.535245056
-60.977875326 -13.542996521
-60.929299479 -13.546200459
-60.896743327 -13.552918396
-60.878243164 -13.57038503
-60.870672567 -13.575449321
-60.801968751 -13.604181416
-60.725571723 -13.662844601
-60.652701376 -13.718799743
-60.618078166 -13.736886495
-60.595082154 -13.741640726
-60.5886226 -13.744534607
-60.584876058 -13.749082132
-60.579579224 -13.761071065
-60.575135051 -13.765618591
-60.566065837 -13.769959412
-60.490618246 -13.787736105
-60.472634847 -13.797864685
-60.465270956 -13.816571553
-60.463126384 -13.843443298
-60.457312786 -13.870935161
-60.448812012 -13.896773376
-60.438554241 -13.918374125
-60.43044104 -13.926745707
-60.408633586 -13.9445224
-60.406721558 -13.950413513
-60.411604981 -13.960542094
-60.405429648 -13.966743266
-60.395740316 -13.970980734
-60.389694174 -13.974908142
-60.387187867 -13.983279724
-60.387963013 -13.989377543
-60.396515462 -14.008394471
-60.409408732 -14.05531667
-60.419433961 -14.076917419
-60.437236491 -14.092006938
-60.461395224 -14.098621521
-60.468268189 -14.103685812
-60.473513346 -14.117225037
-60.477647462 -14.139962667
-60.478939372 -14.162700297
-60.475683757 -14.176032817
-60.462402914 -14.198460388
-60.462015341 -14.223885193
-60.465632691 -14.251066996
-60.46434078 -14.278352152
-60.454315552 -14.29664561
-60.399926107 -14.340777282
-60.391347819 -14.357107035
-60.376697551 -14.419945577
-60.343805502 -14.490948995
-60.338431152 -14.532600199
-60.369204468 -14.542832133
-60.352719686 -14.575388285
-60.304040487 -14.608151143
-60.291715658 -14.63006195
-60.288821778 -14.690730082
-60.284868531 -14.772688903
-60.280889445 -14.854647725
-60.276858684 -14.936606547
-60.272905437 -15.018565368
-60.26980485 -15.083367615
-60.274972494 -15.095149841
-60.3893066 -15.096493429
-60.58224056 -15.098870544
-60.529478923 -15.143725687
-60.460180827 -15.224237569
-60.352125407 -15.349604594
-60.260451416 -15.456058044
-60.246395426 -15.47827891
-60.237972168 -15.502670186
-60.224820516 -15.651394958
-60.206992147 -15.853036397
-60.19376298 -16.00145111
-60.18696753 -16.108731384
-60.179810343 -16.222006123
-60.160690064 -16.26479421
-60.129839234 -16.273062439
-60.060411947 -16.275439555
-59.870010132 -16.282157491
-59.679556641 -16.288772075
-59.48910315 -16.295386657
-59.298675497 -16.302104594
-59.108247844 -16.308719177
-58.917768515 -16.315437114
-58.727444215 -16.322155049
-58.536964885 -16.328769633
-58.464721233 -16.331250102
-58.442241984 -16.328459575
-58.421623088 -16.318434346
-58.414233358 -16.308925883
-58.400332398 -16.284224548
-58.392942668 -16.279366964
-58.349741171 -16.280400492
-58.339560914 -16.289288839
-58.334548299 -16.386647237
-58.338837443 -16.400496521
-58.362298544 -16.419306742
-58.363590454 -16.436670023
-58.342661499 -16.473153585
-58.356097372 -16.509533793
-58.455884563 -16.61908783
-58.472679403 -16.649576925
-58.480275839 -16.68368337
-58.476658488 -16.72698822
-58.456246298 -16.802435812
-58.452939006 -16.841296488
-58.455109416 -16.848324483
-58.464049439 -16.866101175
-58.466633261 -16.875506286
-58.466271526 -16.887288513
-58.456349651 -16.937001241
-58.439193075 -16.96728363
-58.432475139 -16.985370381
-58.426790731 -17.055236918
-58.421623088 -17.070636495
-58.410977743 -17.088206482
-58.406275188 -17.110117289
-58.404828247 -17.19962087
-58.39914384 -17.237448018
-58.381160442 -17.267213643
-58.343695028 -17.286954041
-58.312172404 -17.29088145
-58.302147177 -17.293775329
-58.292276978 -17.299666443
-58.274396932 -17.314032491
-58.264526734 -17.320026957
-58.256155152 -17.322507426
-58.239928752 -17.3251946
-58.23155717 -17.329742126
-58.220240031 -17.34431488
-58.204065308 -17.377387797
-58.188407349 -17.388549907
-58.174558066 -17.392063904
-58.16318925 -17.393407491
-58.152233846 -17.396404724
-58.139366415 -17.4045696
-58.112029582 -17.433508402
-58.101125855 -17.441259867
-58.065727499 -17.455935974
-58.05368689 -17.462343852
-58.010175334 -17.496760355
-57.981494914 -17.508749287
-57.943564413 -17.51784434
-57.905685588 -17.520324809
-57.877005168 -17.512263285
-57.854112508 -17.508542582
-57.836749227 -17.511023051
-57.814425008 -17.519704692
-57.800730754 -17.533450623
-57.790757203 -17.555774841
-57.788276734 -17.580579529
-57.789568644 -17.604143982
-57.787553264 -17.620473734
-57.787966675 -17.658921
-57.785899618 -17.677524515
-57.777941447 -17.695507914
-57.767554484 -17.708737081
-57.754893759 -17.72062266
-57.740372681 -17.730234477
-57.72445634 -17.736642354
-57.732982951 -17.768475037
-57.729313924 -17.779327087
-57.711330526 -17.800824483
-57.696809449 -17.825112407
-57.698773153 -17.843095805
-57.730089071 -17.846093038
-57.636916464 -18.001122335
-57.585498413 -18.122768657
-57.55108191 -18.183643493
-57.511187704 -18.205554301
-57.490723837 -18.205554301
-57.474549113 -18.208034769
-57.465660767 -18.217749939
-57.466797649 -18.239557394
-57.535734009 -18.240487569
-57.553872437 -18.244518331
-57.566739868 -18.256093851
-57.583017944 -18.305703226
-57.630043498 -18.448433533
-57.677017375 -18.591060486
-57.723991252 -18.733687439
-57.771068482 -18.876314392
-57.782333944 -18.910420837
-57.742233033 -18.913624777
-57.731794393 -18.921996358
-57.727556926 -18.941943461
-57.721769165 -19.001164652
-57.715826376 -19.044572855
-57.771895305 -19.048706971
-57.789000204 -19.059248962
-57.812047892 -19.105034281
-57.843105429 -19.166839295
-57.911628377 -19.302851664
-57.980047974 -19.438864034
-58.011208863 -19.500669047
-58.011208863 -19.500772399
-58.011208863 -19.500875753
-58.011260539 -19.500875753
-58.02355953 -19.52568044
-58.050482951 -19.5801474
-58.077458048 -19.634717713
-58.08975704 -19.659419047
-58.124638631 -19.7299057
-58.116938843 -19.75801768
-58.041129517 -19.823440043
-57.960462606 -19.893099874
-57.859745239 -19.980122986
-57.869770468 -19.992938741
-57.881139282 -20.009165141
-57.895608683 -20.024151306
-57.917932903 -20.034176534
-57.943202678 -20.028078715
-57.959170695 -20.026218363
-57.966353719 -20.031075948
-57.968937541 -20.039757588
-57.975810507 -20.047509054
-57.985680705 -20.053090108
-57.997101196 -20.055260518
-58.022370972 -20.064975687
-58.053531861 -20.107660421
-58.079576783 -20.11737559
-58.086243043 -20.120889588
-58.098283651 -20.138149516
-58.103554648 -20.144040629
-58.116318726 -20.150448506
-58.158796753 -20.165124613
-58.159520224 -20.139079692
-58.144740763 -20.086163025
-58.143138794 -20.065285747
-58.144482382 -20.023117778
-58.141846884 -20.000896911
-58.145154176 -19.969580993
-58.162207398 -19.912323507
-58.164222779 -19.880284118
-58.161173869 -19.847211202
-58.164429484 -19.832948507
-58.175281535 -19.821372985
-58.214452271 -19.798325297
-58.307779908 -19.743651632
-58.401004191 -19.688874613
-58.494280152 -19.634200948
-58.587504435 -19.57942393
-58.680832072 -19.524750264
-58.774108033 -19.470076599
-58.867435669 -19.415299581
-58.960659953 -19.360522562
-59.011096151 -19.330963644
-59.039673218 -19.311636658
-59.069645549 -19.291482849
-59.089540975 -19.286728617
-59.17072465 -19.287762146
-59.359085246 -19.290139262
-59.547497518 -19.292413025
-59.735858114 -19.294790141
-59.924322063 -19.297063904
-60.006384237 -19.298097432
-60.156995199 -19.328999939
-60.49547583 -19.398453064
-60.833930624 -19.467906189
-61.172359579 -19.537462667
-61.510840211 -19.606915791
-61.53228593 -19.610016378
-61.579544027 -19.616837667
-61.62672461 -19.623658955
-61.648222006 -19.626759542
-61.73723466 -19.639575297
-61.753202678 -19.645879822
-61.761212525 -19.657765401
-61.780074422 -19.706961364
-61.808186401 -19.780341898
-61.836298381 -19.853825785
-61.86441036 -19.927413025
-61.892522339 -20.000896911
-61.892574016 -20.000896911
-61.9055448 -20.026735128
-61.918412232 -20.052573344
-61.924739799 -20.065127639
-61.931383017 -20.078308207
-61.944250448 -20.104146423
-61.960941936 -20.128020935
-61.977581747 -20.151792094
-61.994169881 -20.175666605
-62.010809693 -20.199541117
-62.055509807 -20.260415954
-62.100209921 -20.321187439
-62.144961711 -20.382062276
-62.189661825 -20.442833761
-62.210573102 -20.471305463
-62.232398235 -20.501021423
-62.268830119 -20.553111267
-62.277305054 -20.579776306
-62.276168173 -20.670726827
-62.275031291 -20.758680115
-62.273791057 -20.854798278
-62.271885774 -21.000423653
-62.271879028 -21.00093923
-62.275703085 -21.066568298
-62.307897502 -21.169301046
-62.340401978 -21.272860616
-62.375490276 -21.38448171
-62.411973837 -21.500857035
-62.446183635 -21.606897074
-62.492795777 -21.75179779
-62.529227662 -21.86507253
-62.57284257 -22.000774841
-62.599404257 -22.089865011
-62.627516235 -22.184536234
-62.650357219 -22.234455668
-62.658987183 -22.231665141
-62.661829387 -22.224533793
-62.663224651 -22.215542094
-62.667462118 -22.206550394
-62.679296021 -22.194768168
-62.72203243 -22.166242777
-62.769368043 -22.144745381
-62.783475709 -22.130896098
-62.790917115 -22.113222758
-62.791072144 -22.081596782
-62.79779008 -22.069401144
-62.795051229 -22.061132914
-62.794999553 -22.05121104
-62.801355754 -22.013487243
-62.804352987 -22.004082132
-62.818564006 -22.000878194
-62.862023886 -21.993230082
-63.009921835 -22.000671489
-63.010438599 -22.000774841
-63.3249155275 -21.9991211955
-63.639392456 -21.99746755
-63.677839722 -22.003668721
-63.693911093 -22.012040303
-63.740419881 -22.050590922
-63.751788697 -22.045733337
-63.79302649 -22.011523539
-63.813128622 -22.003048605
-63.906404582 -21.997157491
-63.933172974 -22.00180837
-63.947590699 -22.00759613
-63.950949667 -22.010800069
-63.951466431 -22.016691182
-63.961026571 -22.039118754
-63.964643921 -22.058549093
-63.968106242 -22.066507263
-63.975806031 -22.073845316
-63.983454142 -22.077359314
-63.990378784 -22.079323018
-63.995649781 -22.082940369
-64.004383098 -22.099270121
-64.019782675 -22.155390727
-64.051021078 -22.229184672
-64.058798381 -22.240346781
-64.078874675 -22.250578715
-64.086238566 -22.257916768
-64.160549276 -22.438474223
-64.184708008 -22.471237081
-64.236332764 -22.516712342
-64.250828003 -22.540690205
-64.293977824 -22.690861918
-64.294597942 -22.762898865
-64.303486288 -22.782329203
-64.326947388 -22.859223735
-64.325293742 -22.871936137
-64.343897258 -22.863667907
-64.347721314 -22.816952413
-64.359994466 -22.802999776
-64.352320516 -22.779125264
-64.355731161 -22.751943461
-64.368986166 -22.729722595
-64.390767782 -22.720524191
-64.401723185 -22.712359314
-64.428284872 -22.659029236
-64.438232585 -22.651897888
-64.447224284 -22.648693949
-64.453709676 -22.642906189
-64.456241822 -22.628023376
-64.455208293 -22.616654561
-64.450454061 -22.59712087
-64.449420532 -22.587095642
-64.445544801 -22.576243591
-64.437250733 -22.567355245
-64.429835165 -22.557123311
-64.428284872 -22.542343852
-64.483733684 -22.491184183
-64.49812557 -22.472787374
-64.504042521 -22.449946391
-64.507814901 -22.443951924
-64.525746623 -22.432996521
-64.531327678 -22.425658467
-64.531069296 -22.415529887
-64.523291993 -22.396202901
-64.524558066 -22.385350851
-64.537890585 -22.374292093
-64.558871216 -22.360649516
-64.572022868 -22.343182882
-64.562075155 -22.319825134
-64.549156047 -22.305355733
-64.542257243 -22.291506449
-64.542774007 -22.275486756
-64.551843221 -22.255022888
-64.560214803 -22.243137309
-64.586879842 -22.212751567
-64.596207439 -22.206550394
-64.616283732 -22.202209575
-64.638711304 -22.191667582
-64.657779908 -22.178438415
-64.67904476 -22.175441183
-64.68744218 -22.17285736
-64.695245321 -22.174200948
-64.713693807 -22.181745707
-64.722892212 -22.183296
-64.76232133 -22.174407654
-64.832472087 -22.137510681
-65.020367595 -22.096582947
-65.190478219 -22.098473959
-65.457343506 -22.101440531
-65.510466879 -22.095859477
-65.579894166 -22.086454366
-65.58852413 -22.087281188
-65.593433391 -22.091105245
-65.597877564 -22.095652771
-65.60531897 -22.099063415
-65.744612794 -22.114049581
-65.775308594 -22.105057881
-65.804557454 -22.085834249
-65.932689169 -21.944550883
-65.954496623 -21.933078715
-66.046532349 -21.917989197
-66.051751669 -21.912614848
-66.063585572 -21.864039001
-66.094488079 -21.83292979
-66.137818766 -21.812465922
-66.222464762 -21.786937764
-66.240008911 -21.792415466
-66.28755123 -21.956953226
-66.297163046 -22.050280864
-66.301503866 -22.06495697
-66.307601685 -22.077049255
-66.309823772 -22.078186137
-66.314061239 -22.075809021
-66.326670289 -22.077359314
-66.335248576 -22.082320251
-66.343000041 -22.090485128
-66.349175375 -22.100200297
-66.353231975 -22.109605408
-66.377468221 -22.127072041
-66.510328329 -22.162935486
-66.626755331 -22.192597758
-66.630579387 -22.19735199
-66.633266561 -22.204896749
-66.63631547 -22.211304626
-66.641379761 -22.21254486
-66.657812866 -22.207377217
-66.677398234 -22.205103454
-66.688456991 -22.20169281
-66.699309042 -22.200762635
-66.712848267 -22.206447041
-66.735895956 -22.225050558
-66.748866741 -22.244894307
-66.756101441 -22.268252055
-66.767935344 -22.342562764
-66.775170044 -22.365197042
-66.788037476 -22.380079854
-66.790517944 -22.388348083
-66.784471802 -22.417286885
-66.785091919 -22.427622172
-66.796460735 -22.434856873
-66.908650269 -22.467516378
-66.935315308 -22.480538839
-66.955572469 -22.500692647
-66.965235963 -22.514335226
-66.97815507 -22.522500101
-66.993554647 -22.525807393
-67.015672161 -22.523843689
-67.032725383 -22.524567159
-67.024353801 -22.617584737
-67.026627564 -22.639392191
-67.037686321 -22.654585063
-67.113237264 -22.710085551
-67.142692831 -22.742745056
-67.193904175 -22.822223409
-67.510267294 -22.885785421
-67.54711259 -22.892503357
-67.616772421 -22.897257588
-67.771439983 -22.888679301
-67.803582723 -22.878654073
-67.811282511 -22.871626078
-67.83303829 -22.840103455
-67.83794755 -22.840826924
-67.87634314 -22.833592224
-67.887091838 -22.818709412
-67.891484335 -22.792871196
-67.891329305 -22.715666606
-67.858721477 -22.56683848
-67.859186565 -22.547304789
-67.88967566 -22.491184183
-67.898202271 -22.441471456
-67.906935588 -22.420077412
-67.945279501 -22.354241638
-67.951894084 -22.334087829
-67.952204143 -22.314140727
-67.934789185 -22.251715597
-67.935977743 -22.232285258
-67.944969442 -22.208307393
-67.973029745 -22.170583598
-67.976595419 -22.1598349
-67.973288127 -22.150429789
-67.960627401 -22.133686625
-67.95716508 -22.124591573
-67.960627401 -22.102887471
-67.972616333 -22.078806254
-67.990186321 -22.057618917
-68.010236776 -22.044906514
-68.058760946 -22.000774841
-68.082738811 -21.980310974
-68.092040569 -21.968425395
-68.09622636 -21.953955994
-68.107595174 -21.789624939
-68.1283691 -21.712316997
-68.190587525 -21.60638031
-68.198442342 -21.571860453
-68.193739787 -21.328464457
-68.207537395 -21.284332784
-68.416310181 -20.959804789
-68.432071493 -20.945025329
-68.453930623 -20.939754334
-68.495995239 -20.941614685
-68.510206258 -20.940167745
-68.531554426 -20.927688033
-68.555113078 -20.913916117
-68.571959595 -20.872368266
-68.572786418 -20.742867127
-68.56508663 -20.719509379
-68.550203817 -20.699045512
-68.481629191 -20.643028259
-68.480957398 -20.624734803
-68.510206258 -20.601893819
-68.536302857 -20.591765238
-68.583328411 -20.563033142
-68.685544393 -20.516834411
-68.707558554 -20.500918071
-68.729676066 -20.479213969
-68.750708374 -20.45182546
-68.76541032 -20.421233012
-68.76902767 -20.390537211
-68.757684693 -20.364285584
-68.735153769 -20.34754242
-68.678516399 -20.328628845
-68.718048869 -20.261966248
-68.729469361 -20.228686625
-68.728280803 -20.189619243
-68.723268189 -20.160990499
-68.726265422 -20.150965271
-68.75902828 -20.144143982
-68.789465699 -20.125850525
-68.792592122 -20.106626892
-68.7755389 -20.089677022
-68.652884888 -20.054226989
-68.622137411 -20.051333109
-68.607771362 -20.053606873
-68.597177694 -20.056707458
-68.588341024 -20.055570577
-68.579349325 -20.045441996
-68.574543416 -20.035210063
-68.566120158 -20.000896911
-68.5649316 -19.98136322
-68.544622762 -19.934751078
-68.541573853 -19.92038503
-68.54291744 -19.914183858
-68.546948201 -19.908189392
-68.551547405 -19.894443461
-68.552529257 -19.864884541
-68.553511108 -19.857856547
-68.561107544 -19.844317321
-68.570822713 -19.837599386
-68.601570191 -19.825403748
-68.618881796 -19.813414815
-68.650352743 -19.781582133
-68.698411825 -19.746338806
-68.705439819 -19.73383311
-68.703217733 -19.715539653
-68.690298625 -19.695385844
-68.648595744 -19.660349223
-68.630974081 -19.641952413
-68.576735883 -19.564606985
-68.532117066 -19.500979106
-68.532117066 -19.500875753
-68.510206258 -19.471626892
-68.496356975 -19.458397725
-68.456101034 -19.44124115
-68.447626099 -19.434626567
-68.455015829 -19.415402934
-68.472585816 -19.395455831
-68.493204712 -19.376955668
-68.600071575 -19.303368429
-68.635728313 -19.290552673
-68.663323527 -19.273602803
-68.698463501 -19.215621846
-68.721252808 -19.191747335
-68.815407268 -19.11330251
-68.847369141 -19.09201182
-68.894782267 -19.076508891
-68.90850236 -19.067930603
-68.919690308 -19.053771261
-68.943151409 -19.001164652
-68.961703247 -18.969435323
-68.9739764 -18.956206156
-68.989608521 -18.946490987
-68.959842896 -18.907837016
-68.951781372 -18.889336853
-68.951445476 -18.867322693
-68.954649415 -18.856987407
-69.010149903 -18.74526296
-69.010537476 -18.744539489
-69.010666667 -18.743712667
-69.010537476 -18.742989197
-69.003173585 -18.729553324
-69.001106527 -18.716220805
-69.003483643 -18.70268158
-69.010149903 -18.689762472
-69.033843547 -18.649454854
-69.042835246 -18.600465597
-69.041646688 -18.548892517
-69.034902914 -18.50104014
-69.034386149 -18.478302511
-69.041698365 -18.45773529
-69.077820191 -18.398824158
-69.08187679 -18.382494405
-69.079292969 -18.328027446
-69.08102413 -18.319139099
-69.095751913 -18.276764424
-69.096837118 -18.267979431
-69.096940471 -18.257540791
-69.100351115 -18.234286397
-69.110660564 -18.217956645
-69.141201335 -18.186847433
-69.155438193 -18.14023529
-69.12593095 -18.111089783
-69.089214844 -18.083081157
-69.081721762 -18.039983012
-69.082284087 -18.039077668
-69.092057048 -18.0233432
-69.104175171 -18.023756612
-69.119884807 -18.029854431
-69.1408396 -18.030784607
-69.157711955 -18.025720316
-69.173886678 -18.018899028
-69.204169068 -18.001122335
-69.227785198 -17.99554128
-69.234813192 -17.992957458
-69.241892864 -17.986756287
-69.262046672 -17.964018656
-69.277601278 -17.967532654
-69.29002946 -17.976627705
-69.302405965 -17.976214294
-69.317857219 -17.951616313
-69.326874756 -17.915132751
-69.327649903 -17.841545511
-69.334238648 -17.805785421
-69.35940507 -17.759379984
-69.394777588 -17.721139425
-69.475780396 -17.65240977
-69.497122763 -17.62140391
-69.506114461 -17.585127055
-69.510036311 -17.506588198
-69.510093547 -17.505441996
-69.508336548 -17.434025166
-69.511385458 -17.398678487
-69.522599244 -17.369119568
-69.537094483 -17.35113617
-69.556938233 -17.331499125
-69.597271688 -17.300493266
-69.613007162 -17.295118917
-69.664415722 -17.288562463
-69.66649227 -17.288297628
-69.649413209 -17.26276947
-69.633832764 -17.207268981
-69.622799846 -17.18556488
-69.618355672 -17.184221293
-69.601147421 -17.181534119
-69.595049602 -17.179673767
-69.540996054 -17.132234802
-69.510093547 -17.112080993
-69.482808391 -17.101745707
-69.454153809 -17.096578064
-69.427437093 -17.086862895
-69.406017212 -17.062988383
-69.401262981 -17.047175395
-69.406017212 -17.040870869
-69.413303589 -17.037770284
-69.416559205 -17.031982523
-69.41358781 -17.022267354
-69.407154094 -17.015652771
-69.364314332 -16.991158142
-69.352454591 -16.97772227
-69.32594458 -16.922221781
-69.224452067 -16.8182488
-69.21065446 -16.797061462
-69.191663371 -16.743007914
-69.182361613 -16.728745219
-69.166367758 -16.719133403
-69.130581828 -16.715826111
-69.112055827 -16.71148529
-69.053816488 -16.682339783
-69.037073324 -16.670247497
-69.020511027 -16.649473572
-69.008341228 -16.634177348
-69.035135458 -16.598003845
-69.040122234 -16.581364034
-69.037641765 -16.550254822
-69.038881999 -16.491860453
-69.036814942 -16.471499939
-69.027874919 -16.454136658
-69.001726644 -16.42282074
-68.968369507 -16.406387634
-68.855844076 -16.363186136
-68.833494019 -16.328976339
-68.843648438 -16.302001241
-68.866670288 -16.286911723
-68.918760132 -16.266654561
-68.959506999 -16.223349711
-68.982037924 -16.210017191
-69.010149903 -16.219112244
-69.042731894 -16.209293722
-69.053558106 -16.208363546
-69.06451351 -16.212084249
-69.083892172 -16.22655365
-69.095183472 -16.231204529
-69.120814983 -16.231204529
-69.144689495 -16.223453064
-69.166264405 -16.210430603
-69.18486792 -16.195031026
-69.21964616 -16.152759705
-69.242125408 -16.098189392
-69.284577596 -15.995043233
-69.327133139 -15.892000427
-69.369611166 -15.788957621
-69.412218384 -15.685811463
-69.424336508 -15.656252543
-69.430020916 -15.626280212
-69.421184245 -15.596411235
-69.356407838 -15.501429952
-69.351111003 -15.481896261
-69.348527181 -15.461845805
-69.343411215 -15.442208761
-69.330362915 -15.424225362
-69.320260173 -15.418851013
-69.29292334 -15.409859314
-69.285921183 -15.405415141
-69.285404419 -15.3967335
-69.296954102 -15.366967875
-69.291166342 -15.350844828
-69.275198324 -15.330277608
-69.255897177 -15.313327739
-69.222591716 -15.302165629
-69.209130006 -15.263615011
-69.189725505 -15.262374776
-69.166135214 -15.263925069
-69.150425578 -15.251626079
-69.148100139 -15.233332621
-69.171767945 -15.210801697
-69.196495117 -15.176591898
-69.212669841 -15.161295675
-69.272201091 -15.11819753
-69.28858252 -15.10197113
-69.346098389 -15.016498312
-69.362815715 -15.00130544
-69.384313111 -14.981771749
-69.390669312 -14.964408467
-69.386225139 -14.945804952
-69.36984371 -14.908287862
-69.367750814 -14.900536397
-69.371988282 -14.818680929
-69.370541342 -14.801524353
-69.361420451 -14.787985128
-69.339044556 -14.774755961
-69.28351823 -14.759666443
-69.267627727 -14.750674743
-69.253830119 -14.721839294
-69.247499756 -14.593681742
-69.234658163 -14.574251404
-69.214943604 -14.572287699
-69.192231812 -14.576938578
-69.170398519 -14.577558696
-69.164507406 -14.566396586
-69.167427125 -14.520301208
-69.164274862 -14.50304128
-69.158202881 -14.498493754
-69.141149659 -14.494152933
-69.134018311 -14.49074229
-69.094563355 -14.44640391
-69.075133016 -14.432451273
-69.010149903 -14.397104594
-68.990254476 -14.379017843
-68.994621135 -14.358967387
-69.008315389 -14.339020284
-69.016170207 -14.321140238
-69.017229574 -14.282486267
-69.015705119 -14.263159281
-69.010149903 -14.245899353
-68.984905965 -14.228329366
-68.951316284 -14.219957784
-68.883723511 -14.211482849
-68.864448202 -14.191225687
-68.868892375 -14.156189066
-68.893722901 -14.089216411
-68.899975749 -14.054799906
-68.905763509 -14.039296976
-68.91617631 -14.024930928
-68.969713095 -13.990514425
-68.982968099 -13.972220968
-68.989040081 -13.940078227
-68.989195109 -13.903698019
-68.992993328 -13.869798279
-69.010149903 -13.844373474
-69.023094849 -13.806029562
-69.024283407 -13.792490336
-69.020821086 -13.776367289
-69.015963501 -13.764585062
-69.015963501 -13.753112895
-69.027048096 -13.738230082
-69.081049968 -13.695441996
-69.10159135 -13.666606547
-69.087587037 -13.643868917
-69.074538737 -13.642628682
-69.044023804 -13.648003032
-69.032629151 -13.645935974
-69.023844158 -13.63498057
-69.023611614 -13.623301697
-69.025523642 -13.610692647
-69.023198202 -13.596946716
-69.01539506 -13.585474548
-68.994259399 -13.563046976
-68.985655274 -13.550231222
-68.976818604 -13.526253357
-68.970746623 -13.501448669
-68.974441488 -13.478814392
-68.962788453 -13.28358083
-68.97702531 -13.204929301
-68.979660808 -13.164570007
-68.972141887 -13.046127624
-68.973936246 -13.031759583
-68.986223715 -12.93336965
-68.986585449 -12.89047821
-68.980952718 -12.867947286
-68.949430095 -12.843866068
-68.938733074 -12.819681498
-68.92661495 -12.80097463
-68.904626628 -12.803971863
-68.89199174 -12.775756531
-68.876566326 -12.754982605
-68.856205811 -12.741443379
-68.773730225 -12.719429219
-68.766133789 -12.710540873
-68.74295691 -12.665789083
-68.752982138 -12.654730326
-68.785331584 -12.645945333
-68.794607504 -12.636540222
-68.793418946 -12.62021047
-68.783884644 -12.605741069
-68.770112875 -12.594372253
-68.740269735 -12.578559265
-68.726058716 -12.565950216
-68.714534872 -12.551170756
-68.706266643 -12.535977885
-68.7002205 -12.516030782
-68.694381063 -12.506832377
-68.684252483 -12.502491557
-68.689463238 -12.493417656
-68.714224814 -12.45029836
-68.81855953 -12.269224142
-68.922868409 -12.088149923
-69.02728064 -11.907075703
-69.131589519 -11.726001485
-69.235950073 -11.544927266
-69.340336467 -11.363749695
-69.444567831 -11.182675476
-69.548954224 -11.00170461
-69.55249406 -10.995606792
-69.55611141 -10.989405619
-69.55972876 -10.983101094
-69.563268596 -10.976899923
-69.566834269 -10.970698751
-69.570503296 -10.964600932
-69.574017294 -10.958503113
-69.577634644 -10.952301941
-69.502884685 -10.955299174
-69.463378052 -10.951268412
-69.395940308 -10.935042012
-69.363074097 -10.940106302
-69.329587769 -10.94940806
-69.293517619 -10.954989115
-69.236802735 -10.952922058
-69.15851294 -10.962120463
-69.121486776 -10.970595398
-69.086889405 -10.967184753
-69.071308961 -10.96997528
-68.996998251 -11.00170461
-68.992502401 -11.00242808
-68.983381511 -11.00242808
-68.978937338 -11.00170461
-68.955424561 -11.000464376
-68.908140625 -11.013383484
-68.88403357 -11.016380717
-68.858918824 -11.010489604
-68.831685344 -11.000361022
-68.80465857 -10.994676616
-68.774557048 -11.003461609
-68.757633017 -11.011936544
-68.773988607 -11.035087585
-68.785641643 -11.059272155
-68.791171021 -11.085110372
-68.787011068 -11.126038106
-68.783987997 -11.135339864
-68.775926474 -11.14061086
-68.758330649 -11.141127624
-68.615729533 -11.112498881
-68.588030966 -11.098649597
-68.536096151 -11.061545919
-68.493308065 -11.047386576
-68.476564901 -11.044802754
-68.459666708 -11.044802754
-68.442406779 -11.047696635
-68.428195761 -11.043665873
-68.396414755 -11.014417012
-68.378276327 -11.005011901
-68.33114742 -11.000464376
-68.313835816 -10.993436381
-68.293320272 -10.97896698
-68.274355022 -10.960053406
-68.257508505 -10.938762715
-68.243762574 -10.916955261
-68.217562622 -10.858044128
-68.203558309 -10.838923849
-68.147282675 -10.779599304
-68.112091024 -10.714073588
-68.097880005 -10.697743835
-68.074573934 -10.681724141
-68.043774781 -10.666944682
-68.02713497 -10.661777039
-68.010236776 -10.659709981
-67.981814739 -10.66436086
-67.862648886 -10.658779805
-67.847766073 -10.660950216
-67.833348348 -10.664980977
-67.814279745 -10.675936381
-67.77495398 -10.706528829
-67.755782023 -10.714176941
-67.721727255 -10.7054953
-67.70513912 -10.676659851
-67.696044068 -10.640486348
-67.684675252 -10.610514018
-67.673823202 -10.599351908
-67.643489136 -10.57454722
-67.630828411 -10.559561055
-67.61113969 -10.528761901
-67.599977581 -10.515429382
-67.584629679 -10.501786804
-67.565095988 -10.495895691
-67.529335898 -10.47853241
-67.488201457 -10.464786478
-67.468047649 -10.452280782
-67.450529338 -10.435951029
-67.436628378 -10.417450867
-67.432235881 -10.406082052
-67.431874146 -10.397917175
-67.429290325 -10.390372416
-67.41833492 -10.38148407
-67.409188192 -10.378796895
-67.365004842 -10.378073425
-67.353480998 -10.376213074
-67.342835653 -10.372492371
-67.335290894 -10.366291199
-67.333688924 -10.356679383
-67.339425009 -10.334871928
-67.337823039 -10.326086934
-67.323508667 -10.318852234
-67.300667684 -10.31513153
-67.259171509 -10.313684591
-67.241033082 -10.316371765
-67.201758993 -10.326810404
-67.18470577 -10.326707052
-67.172303427 -10.319575704
-67.16486202 -10.308516948
-67.15907426 -10.297148132
-67.151736207 -10.288983255
-67.141762655 -10.285572612
-67.120730347 -10.284539083
-67.110033326 -10.282575378
-67.064299683 -10.256943868
-66.902655803 -10.093129577
-66.770622518 -9.992567241
-66.751605592 -9.982645365
-66.670008504 -9.951536153
-66.660086629 -9.945334981
-66.654815634 -9.937170105
-66.652490194 -9.926111349
-66.64892452 -9.915879415
-66.648904346 -9.915853949
-66.642619996 -9.907921244
-66.631871298 -9.904303894
-66.513842326 -9.88394338
-66.452864136 -9.888697612
-66.432710328 -9.886113789
-66.413279989 -9.879189148
-66.371732137 -9.855934753
-66.355273194 -9.849630228
-66.257320516 -9.834850769
-66.238975383 -9.828132832
-66.207969524 -9.808082377
-66.190657919 -9.800847677
-66.135467489 -9.795163269
-66.131695109 -9.797023621
-66.12792273 -9.801157735
-66.123581909 -9.805085144
-66.118181722 -9.80601532
-66.113117432 -9.802397969
-66.106063599 -9.790409037
-66.101981161 -9.787411805
-66.086994996 -9.784517924
-66.081724 -9.785654805
-66.069321655 -9.790098979
-66.042785808 -9.804878438
-66.029479127 -9.808289083
-66.010384685 -9.804051615
-65.965658732 -9.776766459
-65.946951864 -9.77139211
-65.929330201 -9.770255228
-65.915274211 -9.771702169
-65.874423991 -9.781313985
-65.862460897 -9.781830749
-65.850420289 -9.775319519
-65.834064697 -9.758266296
-65.831661744 -9.765294291
-65.827398438 -9.773975931
-65.822127442 -9.781830749
-65.816520549 -9.785964864
-65.806417806 -9.784414571
-65.803704794 -9.775526225
-65.803885661 -9.764777527
-65.802645427 -9.757336121
-65.794506388 -9.737699076
-65.788563599 -9.733048197
-65.782207398 -9.746277364
-65.779959473 -9.755992533
-65.777349813 -9.76343394
-65.772440553 -9.768808288
-65.76319047 -9.772322286
-65.725492514 -9.756819356
-65.709963745 -9.755992533
-65.713736125 -9.778730163
-65.717301799 -9.79123586
-65.713116008 -9.794233093
-65.705054485 -9.793302917
-65.697070475 -9.794336446
-65.694357463 -9.793716329
-65.683608765 -9.789892273
-65.678957887 -9.789375508
-65.672627524 -9.792579447
-65.663713338 -9.802914733
-65.658494019 -9.807358907
-65.628883423 -9.826892598
-65.614388184 -9.833920593
-65.596120565 -9.837951354
-65.583976604 -9.837227885
-65.579377401 -9.832783711
-65.577051962 -9.826169129
-65.571884319 -9.818831075
-65.570618246 -9.815833842
-65.569920614 -9.80601532
-65.567982748 -9.802087911
-65.562815105 -9.79919403
-65.550800334 -9.797023621
-65.546821248 -9.795163269
-65.535323242 -9.782450866
-65.525427206 -9.767878112
-65.521396444 -9.758576355
-65.517133138 -9.743176778
-65.510776937 -9.734081726
-65.465224162 -9.696461283
-65.451839967 -9.681371765
-65.442486532 -9.679821472
-65.416234905 -9.680131531
-65.397993124 -9.686746114
-65.370501262 -9.710620626
-65.356057699 -9.741626485
-65.35373226 -9.745037129
-65.340063843 -9.789685567
-65.330322836 -9.800744324
-65.316602743 -9.81252655
-65.304381267 -9.825652364
-65.299110271 -9.841258646
-65.303580282 -9.864513041
-65.325232707 -9.905130717
-65.33329423 -9.926834818
-65.336834066 -9.967245789
-65.332932496 -10.008380229
-65.324147502 -10.046414082
-65.305569825 -10.098400573
-65.301461548 -10.119691264
-65.299110271 -10.162996114
-65.296810669 -10.173331401
-65.286837118 -10.196482442
-65.284821737 -10.206817728
-65.288077352 -10.216222839
-65.305363119 -10.242164409
-65.315620891 -10.291257019
-65.327816529 -10.314408061
-65.36502356 -10.332184753
-65.379234579 -10.351408386
-65.390189982 -10.374042663
-65.394646196 -10.39207007
-65.394737509 -10.392439473
-65.393083862 -10.400190938
-65.391430217 -10.403498229
-65.387270264 -10.406702169
-65.41093807 -10.449180196
-65.425381633 -10.463132833
-65.449979615 -10.46809377
-65.449979615 -10.47491506
-65.437913168 -10.492588399
-65.435691082 -10.499202983
-65.436724609 -10.504060567
-65.441478841 -10.513362325
-65.442486532 -10.519356791
-65.441633871 -10.527831726
-65.439308432 -10.538167012
-65.435897787 -10.546952006
-65.431996216 -10.550672709
-65.429231527 -10.561421407
-65.435639405 -10.610824076
-65.435691082 -10.625810242
-65.418612021 -10.64451711
-65.400783651 -10.655472513
-65.386753499 -10.669528503
-65.381069092 -10.698053894
-65.38225765 -10.715623881
-65.389776571 -10.753761088
-65.404736898 -10.799236349
-65.399698446 -10.812258809
-65.360295166 -10.822594096
-65.342182577 -10.834893086
-65.327118897 -10.850499369
-65.318979859 -10.865382182
-65.312778687 -10.950958353
-65.31011735 -10.956539408
-65.304510458 -10.96201711
-65.299601196 -10.969665222
-65.299110271 -10.982067566
-65.302986003 -10.990749206
-65.309652262 -10.996640319
-65.317842977 -11.002014669
-65.326447103 -11.009352722
-65.341975872 -11.032813822
-65.342699341 -11.050590515
-65.337040772 -11.06774709
-65.33329423 -11.088521017
-65.341045696 -11.106607768
-65.379673828 -11.136373392
-65.394737509 -11.153426615
-65.398148153 -11.178024597
-65.385203207 -11.19363088
-65.368330851 -11.205413106
-65.360010946 -11.218848979
-65.366057089 -11.234041849
-65.378614461 -11.24200002
-65.388613851 -11.25316213
-65.387270264 -11.277553405
-65.374480347 -11.295846862
-65.353913127 -11.310626323
-65.334818685 -11.321168314
-65.326447103 -11.327782898
-65.330064454 -11.340495301
-65.34750525 -11.360752461
-65.35373226 -11.372431335
-65.354765788 -11.38235321
-65.35300879 -11.390621439
-65.3195483 -11.476404317
-65.292469849 -11.504723002
