-64.676096158 32.388657945
-64.679310676 32.377427476
-64.686634895 32.368638414
-64.704009569 32.354559637
-64.704741991 32.338080145
-64.720326301 32.317694403
-64.740589973 32.300441799
-64.7548722 32.29311758
-64.767567512 32.288763739
-64.794667121 32.26947663
-64.8095597 32.265122789
-64.836781379 32.264715887
-64.849273241 32.266791083
-64.86046302 32.272650458
-64.80577552 32.279364325
-64.780913866 32.287543036
-64.792144335 32.299953518
-64.780140754 32.303412177
-64.761830207 32.310939846
-64.75121009 32.313625393
-64.697255012 32.373521226
-64.676096158 32.388657945
