-87.696996276 13.178063536
-87.693193512 13.16786244
-87.701673411 13.163412359
-87.714584806 13.167903057
-87.723110911 13.164077582
-87.723028399 13.174895253
-87.72835188 13.185678928
-87.726293427 13.198387437
-87.72718744 13.211114757
-87.719913326 13.216190972
-87.706086588 13.211726236
-87.697564971 13.193313885
-87.696996276 13.178063536
-87.757267369 13.22065165
-87.763804818 13.214287112
-87.776890197 13.225736371
-87.78016882 13.24164343
-87.774286186 13.247372301
-87.765782055 13.248011011
-87.757933197 13.243557905
-87.751386788 13.228924729
-87.757267369 13.22065165
-87.624338345 13.252915757
-87.646555142 13.249172268
-87.658558723 13.250962632
-87.662749804 13.252752997
-87.667062955 13.256008205
-87.667062955 13.262193101
-87.660145637 13.262193101
-87.663970507 13.267482815
-87.670033332 13.278550523
-87.673817512 13.283880927
-87.657622851 13.28912995
-87.644846158 13.290838934
-87.615142382 13.290106512
-87.611968554 13.282863674
-87.613880989 13.267320054
-87.624338345 13.252915757
-87.62230384 13.368882554
-87.612416145 13.366034247
-87.585438606 13.371730861
-87.570790168 13.372015692
-87.570790168 13.365871486
-87.588124153 13.357977606
-87.576283332 13.318548895
-87.591297981 13.304388739
-87.637562629 13.319159247
-87.659006314 13.331691799
-87.656483528 13.349066473
-87.643462694 13.367743231
-87.634429491 13.373480536
-87.62230384 13.368882554
-85.689605273 15.946437893
-85.687001106 15.935492255
-85.679554817 15.935492255
-85.680083788 15.942206122
-85.678049283 15.94537995
-85.675038215 15.947088934
-85.672718879 15.94916413
-85.656220703 15.948768477
-85.647334406 15.935942688
-85.629563116 15.92204259
-85.608463943 15.907071985
-85.564054793 15.888874601
-85.488577668 15.86956658
-85.436394407 15.87376296
-85.361990542 15.881110034
-85.254250157 15.884084998
-85.196354781 15.90744777
-85.123782969 15.958574594
-85.075780236 15.986247321
-84.999948697 15.987941799
-84.950774183 15.972006975
-84.854464301 15.929750654
-84.733589442 15.89502935
-84.676551751 15.876203025
-84.662276816 15.865637092
-84.668480616 15.853211763
-84.680854079 15.834916739
-84.680939235 15.819181622
-84.681079926 15.794266759
-84.660053914 15.774494092
-84.640297129 15.771775004
-84.615713246 15.779518356
-84.612188506 15.799820681
-84.609409106 15.808983062
-84.599870327 15.808277578
-84.593129225 15.795787892
-84.575485153 15.783895482
-84.550255367 15.787693059
-84.526432807 15.784936377
-84.477436546 15.778755998
-84.468516405 15.789188903
-84.452811171 15.795647751
-84.473867338 15.804293073
-84.499033205 15.809683259
-84.577974541 15.822580437
-84.60788739 15.835195009
-84.633054967 15.847125321
-84.64182971 15.862907079
-84.601645593 15.85482479
-84.464167582 15.829792031
-84.374315458 15.820715618
-84.315041912 15.817703802
-84.294638383 15.811010146
-84.240394392 15.767350999
-84.167070509 15.709697431
-84.058306092 15.620248106
-83.952933207 15.532886512
-83.89417074 15.485180693
-83.81753496 15.439886786
-83.799061653 15.429348049
-83.780873176 15.421535549
-83.745676236 15.415838934
-83.736805793 15.411322333
-83.729969856 15.401556708
-83.729359504 15.393744208
-83.735910611 15.388617255
-83.750803189 15.3867862
-83.768299934 15.393377997
-83.806223111 15.422349351
-83.834462043 15.431789455
-83.853423632 15.444769598
-83.862782356 15.448879299
-83.893137174 15.44916413
-83.906361457 15.451971747
-83.918080207 15.463120835
-83.913400845 15.46482982
-83.909169075 15.467840887
-83.904408332 15.469387111
-83.913075325 15.481838283
-83.945952929 15.517767645
-83.952788866 15.517767645
-83.963734504 15.512518622
-83.977162239 15.520209052
-83.991200325 15.531683661
-84.004017707 15.537583726
-84.02452552 15.53510163
-84.033924934 15.528876044
-84.041167773 15.520209052
-84.055246549 15.510931708
-84.061594205 15.515082098
-84.089344856 15.524603583
-84.076568163 15.535549221
-84.071156379 15.541652736
-84.068837043 15.548163153
-84.073638476 15.550482489
-84.084380663 15.552191473
-84.096180793 15.552639065
-84.103627082 15.551214911
-84.1064347 15.540432033
-84.100005663 15.523260809
-84.088368293 15.504868882
-84.075754361 15.490423895
-84.078236457 15.48822663
-84.07933509 15.487534898
-84.080311653 15.486395575
-84.082508918 15.482977606
-84.089344856 15.482977606
-84.119292773 15.53929271
-84.130360481 15.551214911
-84.14175371 15.553127346
-84.154896614 15.55068594
-84.171945767 15.545070705
-84.183827278 15.545884507
-84.200998502 15.549872137
-84.212880012 15.551214911
-84.205148892 15.528509833
-84.198719856 15.520738023
-84.180409309 15.514471747
-84.180165168 15.506170966
-84.183461067 15.494940497
-84.185536262 15.482977606
-84.178700325 15.482977606
-84.175607877 15.498277085
-84.155588345 15.507391669
-84.146555142 15.53510163
-84.137115038 15.538072007
-84.127797004 15.532619533
-84.1142472 15.49990469
-84.098052538 15.473456122
-84.092152473 15.450913804
-84.113596158 15.44139232
-84.124175585 15.430243231
-84.116525845 15.404974677
-84.099517382 15.377590236
-84.082508918 15.360093492
-84.056711392 15.346828518
-84.035389778 15.341864325
-84.025868293 15.351223049
-84.035389778 15.380560614
-84.021962043 15.370306708
-84.010080533 15.356756903
-84.005360481 15.341294664
-84.013579882 15.325344143
-83.999908007 15.30882396
-83.980620898 15.305731512
-83.931752082 15.311672268
-83.931752082 15.30487702
-83.941395637 15.305243231
-83.947906054 15.303412177
-83.958973762 15.298041083
-83.958973762 15.291815497
-83.950672981 15.274807033
-83.938384569 15.259222723
-83.921986457 15.247870184
-83.900990364 15.243394273
-83.882801887 15.245550848
-83.859527148 15.251288153
-83.83714759 15.259995835
-83.821888801 15.270697333
-83.834543424 15.282619533
-83.877064582 15.30487702
-83.884266731 15.311712958
-83.887603319 15.318345445
-83.89167233 15.323391018
-83.900990364 15.325344143
-83.911732551 15.326117255
-83.988148567 15.352362372
-84.000599739 15.360093492
-84.023793098 15.392564195
-84.035389778 15.401068427
-84.026519335 15.408677476
-84.01671302 15.413723049
-83.994374153 15.421535549
-83.905140754 15.383530992
-83.890736457 15.36322663
-83.885080533 15.352606512
-83.871327278 15.342840887
-83.854400194 15.335598049
-83.825917121 15.329738674
-83.814076301 15.321682033
-83.803863085 15.310492255
-83.795155403 15.298041083
-83.80182858 15.293687242
-83.809925911 15.286688544
-83.815663215 15.284369208
-83.815663215 15.278143622
-83.799224413 15.274603583
-83.785308398 15.284409898
-83.77452552 15.285711981
-83.767201301 15.256415106
-83.769439257 15.219224351
-83.767201301 15.209295966
-83.759836392 15.202093817
-83.752268033 15.202541408
-83.74718177 15.209702867
-83.74738522 15.22288646
-83.739898241 15.22288646
-83.731027799 15.203436591
-83.722645637 15.208075262
-83.705799934 15.237209377
-83.690256314 15.245917059
-83.669545051 15.251898505
-83.63377845 15.256415106
-83.629383918 15.261135158
-83.631459114 15.283840236
-83.63003496 15.291815497
-83.623361783 15.296087958
-83.617014127 15.295599677
-83.609486457 15.293280341
-83.544667121 15.280991929
-83.527658658 15.284369208
-83.527658658 15.278143622
-83.533599413 15.272162177
-83.532948371 15.268133856
-83.529652473 15.263739325
-83.527658658 15.256415106
-83.527658658 15.226304429
-83.532866991 15.211249091
-83.544422981 15.204982815
-83.55589759 15.209295966
-83.561146614 15.226304429
-83.564808723 15.231390692
-83.573475715 15.234767971
-83.583851692 15.236639716
-83.592518684 15.237209377
-83.598500129 15.233099677
-83.603911913 15.224025783
-83.610218879 15.209295966
-83.614735481 15.204087632
-83.619130012 15.200873114
-83.622466601 15.195949611
-83.623850064 15.185370184
-83.621449348 15.176174221
-83.615793424 15.174505927
-83.608998176 15.177394924
-83.603382942 15.181952216
-83.608469205 15.190415757
-83.609486457 15.196926174
-83.607492642 15.202826239
-83.603382942 15.209295966
-83.595936653 15.209295966
-83.593861457 15.184759833
-83.58702552 15.167181708
-83.574452278 15.160467841
-83.554921028 15.168280341
-83.549549934 15.174017645
-83.540435351 15.188666083
-83.534494595 15.195013739
-83.526600715 15.199896552
-83.481800911 15.215562242
-83.482167121 15.219061591
-83.486683723 15.229722398
-83.490874804 15.235907294
-83.496571418 15.240464585
-83.502308723 15.24628327
-83.506499804 15.256415106
-83.509877082 15.270575262
-83.517201301 15.289699611
-83.529611783 15.30101146
-83.54816647 15.291815497
-83.577870246 15.309068101
-83.592640754 15.312241929
-83.610218879 15.30487702
-83.616363085 15.311672268
-83.614125129 15.315415757
-83.610218879 15.325344143
-83.626332161 15.327460028
-83.669585741 15.342922268
-83.678456184 15.349269924
-83.688954231 15.360581773
-83.709828254 15.36709219
-83.725331184 15.375881252
-83.719390429 15.394232489
-83.702992317 15.402004299
-83.687408007 15.393744208
-83.673329231 15.380601304
-83.66136634 15.373765367
-83.650624153 15.370306708
-83.542591926 15.315741278
-83.408029752 15.266424872
-83.356312629 15.229722398
-83.344553189 15.21088288
-83.328439908 15.146633205
-83.310861783 15.106431382
-83.284291145 15.068345445
-83.253814257 15.044623114
-83.130441861 14.997015692
-83.1304444725 14.9970120213
-83.143654135 14.994899801
-83.177398844 14.996811829
-83.191325643 14.994253845
-83.217732301 14.982497457
-83.262019003 14.983195089
-83.266153117 14.982497457
-83.278322917 14.987122498
-83.285660971 14.992109274
-83.284885824 14.997380269
-83.272974406 15.003038839
-83.317054403 15.007560526
-83.334236817 15.006449483
-83.349352173 14.996811829
-83.354545654 15.010066834
-83.364984294 15.016345521
-83.377825887 15.021254781
-83.390305746 15.03096995
-83.399891724 15.013632508
-83.415472168 14.99694102
-83.43572933 14.985184631
-83.45919043 14.982497457
-83.468388835 14.987406719
-83.480558635 15.005545146
-83.485855469 15.010480245
-83.499007121 15.012650655
-83.509084025 15.011539612
-83.512468832 15.00650116
-83.505725057 14.996811829
-83.510996053 14.990171407
-83.512623861 14.984021911
-83.51321814 14.968854879
-83.523036662 14.977691548
-83.528617717 14.973402405
-83.529909628 14.961775207
-83.526860718 14.948365174
-83.532493449 14.951026509
-83.547350424 14.955212301
-83.545128337 14.952163391
-83.542441162 14.94508372
-83.540477459 14.941569723
-83.554869344 14.93740977
-83.579777385 14.918108623
-83.604272014 14.909194437
-83.609181275 14.898368225
-83.611300009 14.884906514
-83.615614991 14.872685038
-83.623056397 14.872685038
-83.63155717 14.883201192
-83.64995398 14.888498027
-83.672149008 14.889634908
-83.691966919 14.886973572
-83.710622111 14.878343607
-83.714497844 14.867233175
-83.705015219 14.838526917
-83.712430786 14.838526917
-83.716203166 14.847053528
-83.723618734 14.851575216
-83.733928182 14.85297048
-83.74656307 14.852195333
-83.744521852 14.836666565
-83.765295777 14.828785909
-83.821054647 14.825478618
-83.8139233 14.813773906
-83.8089882 14.808890483
-83.801210897 14.803774516
-83.819659384 14.803619486
-83.839503133 14.797418315
-83.857305665 14.787780661
-83.869475464 14.777109477
-83.875263225 14.784266663
-83.878751384 14.786747132
-83.882678792 14.787832337
-83.889939331 14.790726216
-83.885004232 14.781346944
-83.883763998 14.777109477
-83.896553915 14.780442606
-83.912651123 14.797185771
-83.92471757 14.803774516
-83.92965267 14.780881857
-83.929859376 14.771657613
-83.92471757 14.763441061
-84.023574585 14.758325094
-84.040756999 14.760340474
-84.042669027 14.768066101
-84.047810833 14.770804952
-84.064683187 14.770262349
-84.075199341 14.771631775
-84.078971721 14.775171611
-84.081555542 14.779796651
-84.104448202 14.793930156
-84.111760417 14.793413392
-84.122715821 14.784525045
-84.111114462 14.761038106
-84.10418982 14.75186554
-84.095430664 14.74359731
-84.095430664 14.736104228
-84.102277792 14.73186676
-84.106515259 14.732331848
-84.111217815 14.734708964
-84.119615235 14.736104228
-84.128736125 14.7341922
-84.133852092 14.730032247
-84.137882854 14.725226339
-84.143799805 14.721867371
-84.168191082 14.714968567
-84.182893027 14.713857523
-84.195011149 14.718715108
-84.218678956 14.743442282
-84.226378744 14.749772644
-84.235396281 14.754733582
-84.249219727 14.759410298
-84.261802939 14.758531799
-84.267332317 14.746672058
-84.262164673 14.699749858
-84.26728064 14.677735698
-84.287796184 14.667219544
-84.298880778 14.66799469
-84.323168702 14.673317363
-84.338387411 14.674686788
-84.346035523 14.679983622
-84.353192709 14.705976868
-84.362933716 14.715614523
-84.376137045 14.696726787
-84.390012167 14.671482849
-84.408434815 14.649417013
-84.445719361 14.636678772
-84.471609253 14.622622783
-84.482693848 14.61947052
-84.49801591 14.623914693
-84.508480388 14.632622172
-84.519048218 14.638280742
-84.534215251 14.633733215
-84.531218018 14.653318583
-84.5274198 14.660398254
-84.600438599 14.662516989
-84.622969524 14.667219544
-84.66170101 14.683445943
-84.680847128 14.685461325
-84.699321452 14.674686788
-84.714410971 14.708922424
-84.72484961 14.72563975
-84.745287638 14.739101461
-84.744279948 14.752408142
-84.747044638 14.76447459
-84.766940064 14.766903381
-84.766397462 14.768867086
-84.758568482 14.77865977
-84.755467896 14.781476135
-84.770169841 14.805143942
-84.792132325 14.821060283
-84.818099732 14.828656718
-84.844428874 14.827545675
-84.904218507 14.816977844
-84.920625773 14.807701925
-84.966462769 14.764629618
-84.984368652 14.752227275
-84.99994829 14.742015988
-85.001990317 14.740677592
-85.015658733 14.728171896
-85.024547079 14.712539775
-85.029792237 14.675539449
-85.033047852 14.669570821
-85.038215495 14.667219544
-85.053925131 14.663059591
-85.048524944 14.653318583
-85.020206258 14.633733215
-85.042220419 14.613476054
-85.048163208 14.605776266
-85.02222164 14.605802104
-85.023657182 14.602540872
-85.029637207 14.588955587
-85.065242269 14.554254862
-85.08637793 14.544539693
-85.103353638 14.556864522
-85.119321656 14.573969422
-85.137537599 14.578491109
-85.14546993 14.564254252
-85.149810751 14.536504008
-85.151826132 14.485964457
-85.155391806 14.479479065
-85.178491171 14.455604553
-85.179679729 14.449248352
-85.177354289 14.433977966
-85.178491171 14.427647603
-85.205828003 14.407157899
-85.189730795 14.39684845
-85.171876588 14.381009623
-85.159034994 14.36106252
-85.158027303 14.338273214
-85.169628663 14.321762594
-85.190195883 14.30964447
-85.215207275 14.301582947
-85.239960287 14.297319641
-85.277813274 14.297319641
-85.288200237 14.295149231
-85.311971395 14.283651225
-85.321350667 14.281325786
-85.32682837 14.275744731
-85.330884969 14.269000957
-85.33796464 14.26068105
-85.340806844 14.253368836
-85.34362321 14.250113221
-85.347809001 14.249234721
-85.358531861 14.250888367
-85.362872681 14.250113221
-85.372510336 14.241095683
-85.384008342 14.226445414
-85.393620158 14.210761617
-85.400880697 14.185181783
-85.409123088 14.166164856
-85.420156006 14.146863708
-85.431731527 14.132833557
-85.45762142 14.113041483
-85.474674642 14.103403829
-85.510641439 14.093792013
-85.516403362 14.080537008
-85.518625448 14.064594828
-85.527953044 14.050900574
-85.546634075 14.044906108
-85.563145913 14.042012281
-85.571697144 14.040513611
-85.593607951 14.033459778
-85.603064738 14.01953298
-85.612805746 14.009740295
-85.647868205 13.999301657
-85.64461259 13.988785503
-85.6476615 13.98780365
-85.650400351 13.987855327
-85.651950644 13.986692607
-85.651485556 13.981990052
-85.657660889 13.981990052
-85.666187501 13.98447052
-85.686496338 13.967339783
-85.699234579 13.961500346
-85.716985434 13.962688904
-85.727346558 13.965014344
-85.732204143 13.959536641
-85.7333927 13.937625834
-85.743288738 13.907550151
-85.74744869 13.888274842
-85.74367631 13.879567363
-85.728690145 13.875019837
-85.723005738 13.863418478
-85.725124472 13.847941386
-85.7333927 13.831792501
-85.740293112 13.825639142
-85.742461914 13.823705139
-85.743114603 13.823958222
-85.74499406 13.824686991
-85.758300741 13.839285584
-85.778661255 13.84093923
-85.802019002 13.84021576
-85.824162354 13.847683004
-85.840104533 13.86657074
-85.849871379 13.887086283
-85.861601929 13.904423727
-85.883564413 13.913854675
-85.897206991 13.913027853
-85.906302043 13.909358826
-85.915500448 13.907446798
-85.929401408 13.912097677
-85.936119345 13.918195496
-85.957771769 13.946100769
-86.028413453 13.996071879
-86.031255656 14.022581889
-86.020455282 14.044079284
-86.0201969 14.055163879
-86.096729696 14.044079284
-86.110475627 14.037128805
-86.121689413 14.02720693
-86.126908732 14.018551127
-86.130836142 14.008913473
-86.138019166 13.996175232
-86.14969804 13.984263815
-86.161790325 13.978114319
-86.173572551 13.973670146
-86.184062867 13.966874695
-86.218582723 13.91437144
-86.28410844 13.845719299
-86.299921428 13.821328023
-86.307776245 13.791691589
-86.313564006 13.776602072
-86.325191203 13.763760478
-86.340125692 13.756654968
-86.358470826 13.752262472
-86.410095581 13.749032695
-86.4170719 13.750014547
-86.426528687 13.752985942
-86.432471477 13.757120056
-86.448232789 13.772958883
-86.462857219 13.770943502
-86.476293092 13.76401886
-86.490814169 13.759497172
-86.508539185 13.764380595
-86.541663778 13.78213145
-86.581144572 13.779857687
-86.662689983 13.764690654
-86.706304892 13.770013326
-86.727233847 13.768256327
-86.7499198 13.757120056
-86.761443645 13.749342753
-86.766197877 13.745260315
-86.767903199 13.739162496
-86.770228638 13.725235698
-86.771167593 13.707890404
-86.774052694 13.654594015
-86.772140666 13.645524801
-86.768213257 13.640357158
-86.764129565 13.637335555
-86.755397502 13.630874532
-86.751573446 13.624414978
-86.750901652 13.608421122
-86.757102824 13.576407573
-86.75658606 13.559380188
-86.72428829 13.439413351
-86.725941936 13.423832906
-86.738654338 13.396211853
-86.740204631 13.38192332
-86.736380575 13.371949768
-86.730437785 13.368900858
-86.723616497 13.367324727
-86.717156942 13.36164032
-86.709922242 13.348902079
-86.707803508 13.342830099
-86.701860718 13.314201355
-86.704031129 13.298827616
-86.711782593 13.285675965
-86.725476848 13.273299459
-86.732715272 13.268469503
-86.739842896 13.263713481
-86.749299683 13.261284688
-86.758653118 13.264178569
-86.816220663 13.291928813
-86.833428915 13.293349915
-86.849500285 13.288828227
-86.862729452 13.27993988
-86.910788534 13.239580587
-86.918850058 13.229762065
-86.925981405 13.216352031
-86.933216105 13.188188375
-86.934921428 13.185527038
-86.933061077 13.17971344
-86.925516318 13.16364207
-86.923707642 13.161135763
-86.932337606 13.108529155
-86.929805461 13.10222463
-86.92417273 13.099795838
-86.920245321 13.096178487
-86.922932495 13.086385804
-86.927996786 13.081243998
-86.942724569 13.074060975
-86.948408977 13.069694316
-86.971818401 13.033882548
-86.983187215 13.021867777
-87.00876705 13.006080628
-87.02961849 12.996081238
-87.035044516 12.979777324
-87.04685258 12.98055247
-87.069848593 12.994375915
-87.084653891 12.995926209
-87.3140324553 12.9815556622
-87.31362871 12.981838283
-87.303944465 12.98847077
-87.300811327 13.001247463
-87.293568489 13.011053778
-87.282826301 13.018215236
-87.269154426 13.023220119
-87.269154426 13.029445705
-87.296783007 13.030340887
-87.316680468 13.034206447
-87.331776496 13.042669989
-87.34483802 13.057318427
-87.351348437 13.067206122
-87.35281328 13.072536526
-87.351063606 13.088405666
-87.34471595 13.090765692
-87.314076301 13.095404364
-87.303944465 13.098334052
-87.361805793 13.1133487
-87.394561327 13.116848049
-87.413116015 13.111354885
-87.419341601 13.111354885
-87.422108528 13.149929104
-87.435780403 13.189398505
-87.455067512 13.224310614
-87.474598762 13.249172268
-87.480824348 13.265163479
-87.482045051 13.265936591
-87.484527148 13.270086981
-87.490345832 13.26972077
-87.496978319 13.268337307
-87.501942512 13.2695987
-87.50890052 13.278631903
-87.512237108 13.286688544
-87.510487434 13.294948635
-87.501942512 13.304388739
-87.49343828 13.309759833
-87.476673957 13.317328192
-87.467762825 13.324896552
-87.447783983 13.352565822
-87.440419075 13.359035549
-87.42690996 13.356024481
-87.4111222 13.359808661
-87.379017707 13.372015692
-87.380401171 13.380438544
-87.380360481 13.386297919
-87.379017707 13.393133856
-87.393788215 13.40643952
-87.400624153 13.411159572
-87.409779426 13.413031317
-87.429839648 13.409369208
-87.437774218 13.411037502
-87.447295702 13.420477606
-87.464385546 13.408270575
-87.469634569 13.402980861
-87.474598762 13.393133856
-87.476429817 13.379706122
-87.473052538 13.372463283
-87.472279426 13.367010809
-87.482045051 13.359035549
-87.488270637 13.358303127
-87.522979296 13.359035549
-87.538604296 13.355292059
-87.547596809 13.355007229
-87.557158983 13.359035549
-87.557158983 13.365871486
-87.542836067 13.365871486
-87.542836067 13.372015692
-87.561797655 13.376003322
-87.581328905 13.38287995
-87.59886634 13.384344794
-87.611805793 13.372015692
-87.618560351 13.372015692
-87.616729296 13.381862697
-87.605580207 13.406805731
-87.619252082 13.412014065
-87.622425911 13.423000393
-87.618560351 13.451198635
-87.624012825 13.466253973
-87.636463996 13.463690497
-87.650380012 13.452297268
-87.660145637 13.440944729
-87.650990364 13.412543036
-87.665679491 13.386013088
-87.692779101 13.366481838
-87.720977343 13.359035549
-87.738880989 13.362372137
-87.762237108 13.376369533
-87.781361457 13.382595119
-87.782948371 13.389431057
-87.782948371 13.396266994
-87.786488411 13.399359442
-87.796254036 13.399847723
-87.803008593 13.401393947
-87.8171587349 13.4065579362
-87.738412435 13.441687113
-87.721152507 13.460833232
-87.718801229 13.473674825
-87.720584066 13.486981507
-87.725725872 13.498970439
-87.73342566 13.507703756
-87.747972575 13.513233135
-87.769159912 13.506360168
-87.779469361 13.509977519
-87.789933839 13.532818502
-87.784068564 13.560465394
-87.760090699 13.616947734
-87.757816936 13.635163676
-87.758643758 13.672267355
-87.755026408 13.689914857
-87.74631893 13.702188009
-87.736293701 13.711463929
-87.731358603 13.722212627
-87.737843994 13.738774923
-87.732805542 13.755104676
-87.712625896 13.800450745
-87.703608358 13.814997661
-87.721204184 13.821896464
-87.749528723 13.845627388
-87.765335856 13.858870952
-87.771433675 13.862126567
-87.785412151 13.867397562
-87.790605632 13.87047231
-87.798718832 13.882332051
-87.80845984 13.908635356
-87.817890788 13.915870057
-87.832902792 13.915249939
-87.842953858 13.907110901
-87.851222088 13.896878968
-87.860911418 13.89018687
-87.870549073 13.889566752
-87.890108603 13.893545837
-87.900107992 13.894140117
-87.907885295 13.891530457
-87.920752726 13.881866963
-87.925326091 13.879619039
-87.932173218 13.881556905
-87.94692684 13.890910339
-87.952594894 13.892029035
-87.954781657 13.892460633
-87.969741985 13.888533223
-88.015320598 13.866364035
-88.023640503 13.891168722
-88.039970256 13.910133972
-88.058392904 13.926489563
-88.072888144 13.943413595
-88.087538412 13.980543112
-88.099036418 13.989819031
-88.125391398 13.991265971
-88.177532919 13.98519399
-88.193475098 13.985555725
-88.217658813 13.990796705
-88.220062623 13.991317647
-88.235074626 13.992867941
-88.244893148 13.989250591
-88.245358236 13.985891622
-88.244376384 13.966099548
-88.242309327 13.962533875
-88.233369304 13.95449819
-88.231586467 13.951811015
-88.236366537 13.938142599
-88.242774415 13.936695658
-88.251636922 13.938090922
-88.263600016 13.933104146
-88.270162923 13.926024475
-88.274170773 13.919119724
-88.277526815 13.913337911
-88.285433309 13.905974019
-88.296311198 13.902356669
-88.308429322 13.90147817
-88.319255534 13.897602437
-88.326206015 13.885070903
-88.332613892 13.887706401
-88.340572063 13.89003184
-88.348556072 13.891375427
-88.355067302 13.890962016
-88.358193726 13.887396343
-88.358917196 13.88119517
-88.358917196 13.875278219
-88.360105754 13.872384338
-88.367417969 13.873107809
-88.383360149 13.879257304
-88.392946127 13.879774068
-88.433227906 13.87106659
-88.451443848 13.863573507
-88.470150716 13.852488912
-88.496815755 13.851197002
-88.488004924 13.865330506
-88.488676717 13.8813502
-88.499502931 13.907601827
-88.502293458 13.917110291
-88.5002264 13.931863912
-88.496815755 13.944033712
-88.496092286 13.955686747
-88.501198106 13.966600438
-88.502293458 13.968941752
-88.498182577 13.968409755
-88.497900961 13.968373311
-88.497085349 13.969068092
-88.496505697 13.96956187
-88.496195639 13.971990662
-88.495420492 13.975142924
-88.504360515 13.983695374
-88.514049846 13.987648621
-88.558104004 13.990904236
-88.633861654 14.014468689
-88.659338136 14.016122335
-88.684814616 14.012298279
-88.690938273 14.009998678
-88.690811758 14.011789871
-88.690447347 14.016949157
-88.692695273 14.025294902
-88.69765621 14.032012838
-88.704865072 14.038033142
-88.709515951 14.039686788
-88.73096167 14.042477316
-88.746645467 14.052476705
-88.746077027 14.066558533
-88.740056723 14.083017477
-88.7392299 14.099941508
-88.746387086 14.111336162
-88.755120402 14.110457662
-88.765429851 14.10425649
-88.777341269 14.099734802
-88.821188721 14.102938741
-88.838758708 14.100406596
-88.845321615 14.128621928
-88.860333619 14.158516744
-88.881262573 14.184199931
-88.906015585 14.19957367
-88.921647705 14.199883728
-88.935626181 14.194018453
-88.947485922 14.187274679
-88.957175253 14.185181783
-88.965986084 14.191382955
-88.9692417 14.202002462
-88.970228476 14.210176262
-88.970791992 14.214844056
-88.974564372 14.22737559
-88.983530233 14.242129211
-88.992754476 14.252955424
-89.018127605 14.271688131
-89.022623454 14.280653992
-89.02660254 14.311298117
-89.032984579 14.323674622
-89.048978435 14.331451925
-89.08308488 14.335327657
-89.094479533 14.344861959
-89.090552124 14.35470632
-89.089673625 14.364886577
-89.091844036 14.37483429
-89.096830811 14.384006856
-89.102566895 14.391525777
-89.107476156 14.395969951
-89.113341431 14.397055156
-89.122178101 14.39467804
-89.130110433 14.386745707
-89.14450232 14.359718933
-89.153984945 14.351295675
-89.200157837 14.36467987
-89.225530966 14.382146505
-89.276535605 14.392740173
-89.307567302 14.407054546
-89.34620629 14.413075726
-89.36162085 14.415477804
-89.36379126 14.446561178
-89.361982585 14.462400004
-89.355497193 14.475448303
-89.345265259 14.481959534
-89.323044393 14.487463074
-89.314802002 14.495963847
-89.304854289 14.513352966
-89.29092749 14.528003235
-89.259611572 14.554254862
-89.250542359 14.565184428
-89.245684775 14.57298757
-89.238114177 14.577948507
-89.221086792 14.580093079
-89.20881364 14.577948507
-89.183698894 14.569525248
-89.172149211 14.570403747
-89.160392823 14.581281637
-89.155741944 14.597843934
-89.15522518 14.615594788
-89.159410971 14.665979309
-89.155845296 14.672257995
-89.14522579 14.683445943
-89.142693645 14.691274923
-89.14450232 14.708302308
-89.146213234 14.710857664
-89.150522625 14.717294007
-89.159669353 14.725122986
-89.170547241 14.738791403
-89.18940914 14.78300059
-89.19881425 14.798090108
-89.218968059 14.8216804
-89.227675538 14.83457367
-89.232429769 14.848500468
-89.231447917 14.86731069
-89.223618938 14.879015401
-89.19881425 14.899815165
-89.189214956 14.913059034
-89.181528483 14.923663839
-89.169151978 14.952060038
-89.169100301 14.978415019
-89.188582317 14.996088359
-89.172769329 15.042209575
-89.160806235 15.060244649
-89.146940319 15.071284391
-89.140523235 15.076393534
-89.109827434 15.091457214
-89.008283244 15.12440094
-88.973427491 15.140394796
-88.847026937 15.235298564
-88.760899402 15.299961814
-88.674195109 15.365058086
-88.587378703 15.430299581
-88.500019694 15.495902812
-88.500019694 15.495954489
-88.467433936 15.520739666
-88.39899227 15.572797343
-88.352560995 15.616903178
-88.322304444 15.667261861
-88.316671713 15.674599914
-88.295587729 15.675013326
-88.279697225 15.68074941
-88.26499528 15.688604228
-88.247761191 15.695683899
-88.241585856 15.688242493
-88.234919597 15.701575013
-88.23574642 15.712427063
-88.232619996 15.721418762
-88.2209221351 15.7256473379
-88.215077278 15.723211981
-88.169748502 15.691961981
-88.145253059 15.684515692
-88.118885871 15.695868231
-88.060902473 15.755764065
-88.03628496 15.770941473
-88.041615364 15.786688544
-88.031605598 15.789862372
-87.992258267 15.784613348
-87.933908658 15.818793036
-87.926665819 15.832342841
-87.924549934 15.842189846
-87.930165168 15.846747137
-87.941314257 15.849839585
-87.95042884 15.856919664
-87.954579231 15.863999742
-87.950998502 15.86717357
-87.908762174 15.868068752
-87.891957161 15.872951565
-87.875559049 15.884263414
-87.846058723 15.893866278
-87.760080533 15.899562893
-87.742095507 15.904486395
-87.736317512 15.918605861
-87.728342252 15.921006578
-87.722157356 15.922919012
-87.70433509 15.920721747
-87.687489387 15.914984442
-87.643055793 15.889227606
-87.62604733 15.887681382
-87.62604733 15.893947658
-87.636301236 15.903509833
-87.62596595 15.914943752
-87.591297981 15.935492255
-87.61042233 15.91010163
-87.617298957 15.8945987
-87.608631965 15.887681382
-87.603138801 15.880764065
-87.509632942 15.798651434
-87.479400194 15.786037502
-87.447336392 15.792141018
-87.441761848 15.797756252
-87.431548632 15.813950914
-87.42682858 15.818793036
-87.417144335 15.819525458
-87.391184049 15.818426825
-87.385853645 15.822495835
-87.37995358 15.839504299
-87.364979621 15.848334052
-87.345082161 15.850327867
-87.241769986 15.827378648
-87.151722786 15.79686107
-87.058990038 15.787014065
-86.952504036 15.763332424
-86.916859504 15.760402736
-86.878732877 15.764146226
-86.8173722 15.781887111
-86.799631314 15.784613348
-86.796864387 15.787583726
-86.780181444 15.800197658
-86.776356575 15.801988023
-86.77065996 15.806545315
-86.758452929 15.802313544
-86.746449348 15.795599677
-86.741566536 15.792141018
-86.699086067 15.788641669
-86.503814257 15.805080471
-86.470570442 15.804185289
-86.439930793 15.792141018
-86.437855598 15.790838934
-86.414662239 15.776434637
-86.399037239 15.772406317
-86.374745246 15.770941473
-86.354969856 15.773993231
-86.338286913 15.78139883
-86.24323483 15.838609117
-86.218495246 15.865057684
-86.207142707 15.874009507
-86.172596809 15.887518622
-86.13780677 15.895656643
-85.994862434 15.900702216
-85.982289192 15.904201565
-85.972157356 15.909165757
-85.933257616 15.936672268
-85.912180142 15.959295966
-85.903187629 15.983465887
-85.91917884 16.003729559
-85.982492642 16.012518622
-86.01276608 16.019964911
-86.007923957 16.031073309
-85.981841601 16.033148505
-85.904551558 16.01838336
-85.85100488 16.008733665
-85.81346595 16.004543361
-85.766331745 15.991582225
-85.719349739 15.979722398
-85.703195767 15.97646719
-85.692046679 15.971502997
-85.689442512 15.960028387
-85.689605273 15.946437893
-86.881174283 16.104559637
-86.878732877 16.093166408
-86.897572395 16.09381745
-86.913197395 16.090155341
-86.940174934 16.079494533
-86.96372051 16.066387834
-86.97893523 16.077789236
-86.997404699 16.083959264
-86.988735174 16.095466383
-86.944251204 16.116508342
-86.918365038 16.122056382
-86.903920051 16.124172268
-86.890533007 16.127834377
-86.878732877 16.127264716
-86.872547981 16.12099844
-86.881174283 16.104559637
-86.202208967 16.422471073
-86.223870071 16.412101045
-86.243112176 16.417881076
-86.273185838 16.410972052
-86.294341601 16.415269273
-86.312123176 16.412502346
-86.318918424 16.409328518
-86.332671679 16.400458075
-86.338856575 16.397853908
-86.347767707 16.397528387
-86.362205889 16.394254366
-86.380253569 16.381557601
-86.416959741 16.364231547
-86.453071273 16.351511373
-86.491021778 16.32548782
-86.525265548 16.315212384
-86.548152688 16.312852734
-86.563799278 16.298390453
-86.580649962 16.282767
-86.600504185 16.269449111
-86.606542221 16.285029102
-86.599332888 16.309298272
-86.570446807 16.332440401
-86.530681583 16.356180794
-86.499999802 16.368908871
-86.440390431 16.396545291
-86.375444226 16.417332689
-86.332125495 16.429448093
-86.302047368 16.432903318
-86.262351477 16.430582028
-86.231076866 16.428835329
-86.181750881 16.428225143
-86.202208967 16.422471073
-85.895699536 16.436496074
-85.947068221 16.403189644
-85.950847253 16.412307873
-85.940679119 16.4299027
-85.926691277 16.45478223
-85.911472684 16.462042911
-85.895569832 16.488744596
-85.884144661 16.502834377
-85.851131209 16.517217619
-85.832128227 16.510497688
-85.816949996 16.498308834
-85.822061114 16.48616301
-85.84425414 16.483778923
-85.849366858 16.469205087
-85.862720491 16.452220959
-85.882362562 16.45104698
-85.895699536 16.436496074
-83.912342903 17.411118882
-83.921945767 17.409084377
-83.930327929 17.409409898
-83.936879036 17.412543036
-83.941151496 17.418646552
-83.933583137 17.41787344
-83.926136848 17.416327216
-83.9189347 17.41404857
-83.912342903 17.411118882
