8.617437378 47.757318624
8.629839721 47.762796326
8.635007365 47.78460378
8.644102417 47.791011658
8.657021525 47.788117778
8.666633342 47.778273417
8.674488159 47.766697897
8.681929565 47.758739726
8.692264852 47.757163595
8.703323608 47.758713887
8.71314213 47.757421977
8.719756714 47.747319234
8.71706954 47.743546855
8.70373702 47.730033468
8.700429728 47.723496399
8.704667195 47.715331523
8.712625366 47.708691101
8.715105835 47.701068827
8.71706954 47.694557597
8.769882853 47.695074361
8.761717977 47.701249695
8.770709676 47.720860901
8.79758142 47.720034079
8.830240926 47.707192485
8.856079142 47.690681864
8.837682333 47.687787985
8.837785685 47.680837504
8.851935119 47.671281723
8.852668498 47.670786438
8.881710652 47.65613617
8.906205281 47.651795349
8.945376017 47.654301656
8.981756225 47.662156474
8.997672566 47.673835348
9.016586141 47.678899639
9.128103881 47.670424704
9.183397664 47.670424704
9.19693689 47.65613617
9.234350627 47.656162008
9.273211304 47.650090027
9.547481674 47.534547102
9.553058591 47.516891338
9.554951212 47.510899557
9.584510132 47.480720521
9.621717163 47.469196676
9.650345907 47.452091777
9.649519084 47.409717103
9.639803914 47.394524231
9.60104659 47.361270447
9.596395711 47.352304586
9.591228068 47.334682923
9.587404012 47.327809957
9.553297567 47.299853008
9.521154825 47.262801005
9.504618368 47.243732402
9.487358439 47.210013529
9.484981323 47.176346334
9.492629435 47.159809876
9.503481486 47.145392151
9.511853068 47.129372457
9.512369832 47.108030091
9.502861368 47.094697572
9.487565145 47.083948874
9.475886271 47.073226014
9.477023153 47.063898417
9.499554077 47.059350891
9.56063562 47.052400412
9.58120284 47.056870423
9.599909709 47.053485616
9.652309611 47.05792979
9.669052775 47.056198629
9.857981812 47.0154776
9.856328165 47.004082947
9.860565633 47.001602478
9.866766805 47.001938375
9.870590861 46.99883779
9.870590861 46.992946676
9.866456746 46.983386536
9.863976278 46.959925436
9.860772339 46.949150899
9.862425984 46.939771627
9.875138387 46.92742096
9.899943075 46.914398499
10.006913289 46.890756531
10.04556726 46.865564271
10.068098185 46.856624248
10.111299683 46.847115784
10.125187508 46.846751229
10.131970255 46.846573182
10.157808471 46.851611634
10.201423381 46.866830343
10.211655314 46.877036438
10.214342488 46.88468455
10.215169311 46.893107809
10.219923543 46.905768535
10.235116415 46.923312684
10.251342814 46.92537974
10.270773152 46.921891581
10.295681193 46.922692566
10.296197957 46.941373597
10.313664592 46.964317933
10.338882691 46.984110006
10.367924846 46.995504659
10.373402547 46.996253967
10.378983602 46.995504659
10.384254598 46.993153382
10.38435795 46.993153382
10.38435795 46.992998352
10.394693237 46.985401916
10.415570516 46.962405905
10.449573608 46.943905742
10.458461955 46.936619365
10.463836303 46.919747009
10.45143396 46.885769756
10.453811076 46.864427389
10.44854008 46.832232971
10.44492273 46.823241272
10.439031616 46.816885071
10.417224162 46.798849997
10.419084513 46.783967183
10.426215861 46.769420268
10.42869633 46.755648499
10.416604044 46.743013611
10.399654175 46.735546367
10.395623413 46.726399639
10.396553588 46.715004984
10.394383179 46.700819804
10.384771363 46.689011739
10.373919312 46.68190623
10.36916508 46.672397766
10.377536662 46.653277486
10.395623413 46.638808085
10.438204793 46.635655823
10.459082072 46.623563538
10.466626831 46.604288229
10.465903361 46.578475851
10.45794519 46.553697001
10.451832679 46.546701572
10.443992554 46.537728984
10.425905803 46.53532603
10.354282267 46.548322653
10.319452351 46.546048889
10.306636597 46.547495829
10.295371135 46.551087341
10.289066609 46.555686544
10.283795614 46.560724996
10.275940795 46.565530905
10.234703003 46.57529775
10.23025883 46.586149801
10.235736531 46.606691183
10.233772827 46.617982484
10.217856486 46.626974182
10.192121623 46.626819154
10.097450398 46.60803477
10.087838582 46.604391582
10.083497762 46.597001851
10.071198771 46.564394023
10.062930542 46.556745911
10.041329793 46.541863098
10.032751506 46.532974752
10.031407919 46.525791728
10.031201212 46.503829245
10.026860392 46.4931839
10.028100627 46.483933818
10.030477743 46.476673279
10.035335327 46.471066386
10.044016968 46.466983948
10.026343627 46.446261699
10.042053263 46.432722474
10.071405477 46.42481598
10.116157267 46.418821514
10.133417195 46.414015605
10.140755249 46.402905172
10.13321049 46.381097717
10.125975789 46.374379782
10.104995158 46.361357321
10.097450398 46.351642151
10.092386108 46.338102926
10.091765991 46.328956198
10.095796753 46.320532939
10.104891805 46.30937083
10.146129598 46.280276998
10.158945353 46.262448629
10.145819539 46.243328349
10.117914266 46.231132711
10.075746297 46.220022278
10.04267338 46.220487366
10.041846557 46.243069967
10.031717977 46.260071513
9.992237182 46.284359436
9.977561076 46.298105367
9.971049846 46.320016175
9.970636434 46.339808249
9.964021851 46.356086325
9.939010457 46.36745514
9.918443237 46.371150004
9.899012899 46.372157695
9.85539799 46.366964213
9.788838745 46.343296408
9.768064819 46.33861969
9.755249064 46.340531718
9.730857788 46.350711975
9.72010909 46.350892843
9.709257039 46.34239207
9.707293335 46.330971579
9.708843628 46.319628601
9.708430217 46.311747946
9.693133992 46.297071839
9.674323771 46.291800842
9.559705444 46.292731018
9.53645105 46.298622132
9.515263713 46.308595683
9.50255131 46.320739645
9.482604207 46.356809794
9.473715861 46.361874085
9.451598348 46.370374858
9.444363648 46.375284119
9.442399943 46.380891012
9.443846883 46.396135559
9.437852417 46.492047018
9.434648478 46.498325704
9.42679366 46.497111308
9.410670614 46.488894756
9.403849324 46.482512716
9.400335327 46.475407207
9.395477742 46.46941274
9.384625691 46.466415508
9.377080933 46.46868927
9.351552775 46.485484111
9.350829305 46.497860616
9.330985555 46.501503805
9.282306355 46.497369691
9.263186076 46.485122376
9.245822794 46.461041158
9.237967977 46.43654653
9.247579794 46.423033142
9.260912313 46.416651103
9.262876017 46.406625875
9.260292195 46.394016826
9.260395548 46.379728292
9.27383142 46.344252421
9.275175008 46.33138499
9.268973836 46.30937083
9.239724975 46.266996155
9.224842163 46.231184387
9.215747111 46.221055807
9.20417159 46.213562724
9.192182658 46.209635315
9.181330607 46.20405426
9.175749552 46.194132385
9.171098673 46.182608541
9.163788025 46.172989267
9.163243856 46.172273255
9.090586792 46.138166809
9.072086629 46.1188915
9.06815922 46.105972392
9.070329631 46.083441467
9.067125692 46.071142477
9.059167521 46.061789043
9.049659057 46.05791331
9.02774825 46.053107402
9.00211674 46.039309795
8.997775919 46.027940979
9.015552612 45.993111064
8.982686401 45.971975403
8.980515991 45.969494934
8.979792521 45.966911113
8.980515991 45.964378968
8.982686401 45.961846822
8.993435099 45.954250387
9.001703329 45.936060283
9.01079838 45.926655172
9.020513549 45.92277944
9.042321004 45.91973053
9.051726115 45.915544739
9.06309493 45.898956604
9.059270874 45.881955058
9.034362834 45.848106995
9.002426798 45.820718486
8.972351115 45.824645895
8.939588257 45.834826152
8.900004109 45.826402893
8.903724812 45.84180247
8.909719279 45.85368805
8.913750041 45.866090393
8.912096394 45.883401998
8.90651534 45.896476135
8.898143758 45.909550273
8.880780476 45.931099345
8.870961954 45.947067363
8.864450724 45.953423564
8.857732788 45.957092591
8.800371948 45.97853831
8.785075724 45.98231069
8.767919149 45.983085836
8.769572794 45.98577301
8.77339685 45.990578919
8.790966838 46.018690898
8.819595581 46.042927145
8.834375041 46.066388245
8.808950236 46.089745993
8.793860717 46.093415019
8.763164917 46.092898255
8.747145223 46.094448548
8.739497111 46.098065898
8.732159057 46.107419332
8.728983368 46.108233103
8.723890828 46.109538066
8.717689656 46.107522685
8.702186727 46.097962545
8.695055379 46.095172018
8.677485392 46.095792135
8.63087325 46.114705709
8.611546264 46.119356588
8.601831095 46.122818909
8.538682495 46.187621155
8.510260457 46.207878317
8.482665242 46.217541809
8.456516968 46.224828187
8.438120158 46.235370178
8.427164754 46.251441549
8.423237345 46.275832825
8.42664799 46.301567688
8.442874389 46.353373312
8.446285034 46.382182923
8.44576827 46.412361959
8.441634155 46.43494456
8.427888224 46.448690491
8.399156128 46.45217865
8.385906925 46.450206018
8.343448934 46.443884583
8.31626713 46.433652649
8.294976441 46.418046366
8.286604859 46.405359803
8.290428914 46.401122335
8.297043497 46.397634176
8.297456909 46.387505596
8.291462443 46.378358866
8.281540568 46.370116475
8.2700684 46.364044495
8.241749715 46.35412262
8.192553752 46.309164124
8.171883178 46.299190573
8.128474975 46.292472636
8.106874227 46.285547995
8.087340535 46.271802063
8.077315307 46.262035218
8.07307784 46.253611959
8.076591837 46.249736226
8.099949585 46.235628561
8.129508504 46.196044413
8.132299032 46.159354147
8.11059493 46.126953023
8.066876668 46.100598043
8.056024617 46.098065898
8.035354044 46.096515605
8.025328817 46.091141256
8.018197469 46.080857646
8.016027059 46.069385478
8.015923706 46.058171692
8.01065271 46.029697978
8.008792358 46.027682597
7.999077189 46.012799784
7.998353719 46.010629375
7.985848022 45.999312236
7.978716674 45.995178121
7.969104858 45.993111064
7.898204794 45.981948954
7.871643107 45.96897817
7.849620116 45.939712062
7.848388712 45.938075663
7.845288127 45.927792053
7.846114949 45.922572733
7.843737833 45.919213766
7.831232137 45.914459534
7.825444376 45.914666239
7.807564331 45.918490296
7.780072469 45.918128561
7.732013387 45.930375875
7.722194865 45.929600728
7.714650105 45.92712026
7.706278523 45.925724997
7.693979533 45.928670553
7.692532593 45.931202698
7.673722371 45.950322978
7.658736206 45.960038147
7.643026571 45.966342672
7.541120646 45.984119365
7.524377482 45.978073223
7.514662312 45.966704407
7.503706909 45.956730855
7.482726278 45.954870504
7.452960652 45.945878805
7.393842814 45.915699768
7.361803426 45.907844951
7.286665893 45.913426005
7.273540079 45.910273743
7.2454281 45.898129782
7.18372644 45.880456442
7.153547404 45.876529033
7.120887899 45.876115621
7.090192097 45.880508118
7.066937703 45.890223288
7.02208256 45.925259909
7.015157918 45.933321431
7.009783569 45.943398336
7.002755575 45.961691793
6.991283406 45.982465719
6.987666056 45.993111064
6.982808471 45.995384827
6.915112345 46.048611553
6.892374715 46.055587871
6.884003133 46.053210755
6.876871786 46.048094788
6.869223673 46.044064026
6.85971521 46.044994202
6.850930216 46.049645081
6.850310099 46.052745667
6.852377156 46.056931458
6.851963745 46.064682922
6.853410685 46.065664775
6.853100627 46.076103414
6.851343628 46.08602529
6.8485531 46.085043437
6.853100627 46.090211081
6.86116215 46.097032369
6.868190144 46.104680482
6.869223673 46.112328593
6.853927449 46.122612203
6.774345743 46.134807841
6.765664103 46.151602681
6.774862508 46.185864156
6.792225789 46.221675924
6.827675822 46.269476624
6.804938192 46.296606751
6.769488159 46.322677511
6.750367879 46.345518494
6.755742228 46.357068177
6.782097209 46.37846222
6.789228556 46.395205383
6.788106733 46.405007978
6.787058146 46.414170635
6.777756388 46.424092509
6.777715554 46.424106493
6.76266687 46.429260152
6.613683716 46.455899354
6.547021118 46.457372132
6.482942342 46.448587138
6.397676229 46.408176168
6.36522343 46.402440084
6.332357218 46.401380717
6.301558065 46.394481914
6.269105265 46.375025737
6.240579874 46.348954977
6.21949589 46.329111227
6.214121541 46.315468649
6.218255656 46.305495097
6.22745406 46.288493551
6.227970825 46.284462789
6.237582642 46.267926331
6.241820109 46.263688864
6.252258748 46.259916484
6.269001912 46.265239156
6.276029907 46.263120423
6.28119755 46.240072734
6.255359335 46.221107484
6.191383911 46.191703594
6.140327596 46.150207418
6.107874796 46.138631897
6.073871704 46.14917389
6.02829309 46.147933655
5.982921183 46.140440572
5.958839966 46.130467021
5.972172485 46.152171122
5.979820597 46.162248027
5.982921183 46.170826314
5.965247843 46.186225891
5.954809204 46.199920146
5.958529907 46.211960754
5.982921183 46.222709452
6.042865844 46.243069967
6.044519491 46.243431702
6.046173136 46.243535055
6.048033488 46.243431702
6.055888305 46.241674704
6.061882772 46.241157939
6.067670532 46.241623027
6.089684692 46.246377259
6.094025513 46.253043518
6.093095337 46.2622936
6.093612101 46.273093974
6.100743448 46.301412659
6.10405074 46.3092158
6.118607037 46.331771085
6.136400187 46.35934194
6.1350566 46.370400696
6.122860962 46.385541891
6.108184855 46.396497294
6.059019361 46.417383211
6.05423466 46.419415792
6.065706827 46.427012228
6.067567179 46.433600973
6.065500122 46.440370586
6.065500122 46.447992859
6.064776652 46.451067607
6.062399536 46.455201722
6.060229126 46.459904277
6.060229126 46.465020244
6.064156535 46.471118063
6.075525349 46.479592998
6.110355265 46.52083079
6.145701945 46.551629944
6.121517375 46.570285137
6.118416789 46.583462626
6.131852661 46.595606588
6.266314738 46.680355937
6.337938273 46.70740855
6.347860148 46.713170472
6.374215128 46.733608501
6.407391398 46.745700786
6.41793339 46.751100973
6.429198853 46.760816142
6.433022908 46.76911021
6.432609497 46.785982565
6.42516809 46.791615296
6.419897095 46.796524557
6.417106568 46.802157288
6.418553507 46.807014872
6.434263143 46.839545187
6.441187785 46.848149313
6.443117662 46.851455121
6.446768839 46.857709453
6.448422486 46.871558737
6.445218546 46.882617493
6.431886027 46.900032451
6.427751913 46.909075827
6.442634725 46.944164124
6.491107218 46.963387757
6.59869755 46.986538798
6.665411824 47.021291199
6.688252807 47.043847961
6.676263875 47.062399801
6.689699747 47.078290304
6.699104858 47.084620667
6.724219604 47.090770162
6.727940307 47.097126363
6.731661011 47.098883363
6.746027059 47.103947653
6.744786824 47.121052551
6.774759155 47.128183899
6.838076256 47.168131597
6.840284871 47.169525045
6.859301798 47.190919088
6.888343953 47.211305441
6.956246785 47.245231018
6.952216024 47.270035705
6.958623901 47.29055125
6.977434123 47.303728739
6.986529174 47.304503887
6.991903524 47.305950827
7.006476278 47.31936086
7.016914917 47.323520813
7.02714685 47.325432841
7.036551961 47.329515279
7.044303426 47.340496521
7.033864787 47.35065094
7.018878621 47.359901021
7.003995809 47.368143413
6.985598999 47.362123108
6.866639852 47.354164937
6.871600789 47.366954855
6.884003133 47.382586976
6.898782593 47.39571279
6.924517456 47.4059964
6.926067749 47.424858297
6.952319376 47.428837383
6.968545777 47.435193583
6.983428589 47.443797709
6.990973348 47.452220968
6.986115763 47.464132385
6.975780477 47.477955831
6.973300008 47.489092103
6.991903524 47.492941997
7.00079187 47.49767039
7.009783569 47.499246522
7.018878621 47.49767039
7.027973674 47.492941997
7.053915242 47.490384013
7.103731323 47.496275126
7.127295776 47.492941997
7.140318237 47.487851868
7.142169389 47.487650968
7.153650757 47.486404928
7.18083256 47.48826528
7.162642456 47.459894918
7.168326863 47.443565165
7.190030965 47.434728496
7.219383179 47.428475647
7.223517293 47.426227723
7.22630782 47.422636211
7.230338583 47.419018861
7.238090047 47.416796773
7.244807984 47.417726949
7.282635132 47.428889059
7.309093465 47.432661438
7.336930048 47.43185368
7.37854659 47.430646058
7.388218887 47.43328886
7.406348511 47.438242493
7.42056312 47.450857028
7.426088908 47.455760803
7.429292847 47.465114238
7.4276392 47.470746969
7.422781616 47.475423686
7.419474325 47.477852478
7.414410034 47.484027812
7.414306681 47.490177307
7.425985555 47.492502747
7.441488485 47.48883372
7.445995797 47.486884129
7.454510946 47.483200989
7.467430053 47.481909078
7.482726278 47.491262512
7.484483276 47.492941997
7.485826864 47.4957842
7.485930217 47.49839386
7.485776134 47.498767511
7.484896688 47.500900167
7.47776534 47.507695618
7.47559493 47.511726379
7.476938517 47.514878643
7.482726278 47.516997376
7.493061564 47.515498759
7.501123087 47.517307434
7.505463908 47.523017681
7.50515385 47.53301707
7.501743205 47.532965394
7.485103394 47.541595357
7.482726278 47.542267151
7.520866596 47.563416048
7.526341186 47.566451721
7.550319051 47.575495097
7.585482836 47.584479135
7.586028488 47.584618544
7.637032104 47.594977112
7.659666382 47.596579082
7.646540568 47.57154185
7.635895223 47.56459137
7.612337281 47.564731041
7.609746948 47.564746399
7.646901035 47.551445236
7.66142338 47.546246236
7.68343754 47.544256694
7.727320447 47.550422624
7.766739949 47.555961406
7.785550171 47.563196106
7.801466512 47.576089376
7.819656616 47.595338847
7.833712606 47.590481263
7.898204794 47.587845764
7.904302613 47.583556621
7.907506551 47.574177348
7.909470256 47.564798076
7.91215743 47.560560608
8.042278686 47.560560608
8.087237182 47.567381897
8.096952351 47.571851909
8.101396525 47.576192729
8.105427286 47.581257019
8.113902221 47.587845764
8.122067098 47.592134908
8.143771199 47.600067241
8.162064656 47.603762105
8.168885946 47.608645528
8.173846883 47.613528951
8.179014526 47.615802715
8.232964721 47.62195221
8.251051473 47.622003886
8.276993042 47.616629537
8.288568562 47.615802715
8.293942912 47.611461894
8.29931726 47.601824239
8.306345255 47.592186585
8.316163777 47.587845764
8.354094279 47.581024475
8.418069702 47.580766094
8.421100326 47.58111187
8.448868856 47.584280091
8.45010909 47.589034323
8.461787964 47.606139221
8.492380411 47.619833476
8.522352742 47.621900534
8.537752319 47.612133688
8.549637899 47.598594462
8.551719149 47.596863329
8.560696655 47.589396057
8.574132527 47.592444967
8.576305366 47.595023058
8.580643758 47.600170594
8.581780639 47.607663677
8.581263875 47.614769186
8.58250411 47.621590475
8.582090698 47.625026957
8.579713583 47.628928529
8.578059936 47.633476054
8.580333699 47.639005432
8.58395105 47.641124166
8.589222046 47.642467754
8.593562866 47.642571106
8.594493042 47.640969137
8.595113159 47.634819641
8.60162439 47.632597555
8.607308797 47.656291199
8.598213745 47.656885478
8.593588683 47.65816856
8.582194051 47.661329651
8.568241414 47.662931621
8.519665568 47.657350566
8.504679402 47.652260437
8.490830119 47.645568339
8.476050659 47.640400696
8.458273966 47.639883932
8.437603394 47.647842102
8.411971883 47.66104543
8.407010945 47.661562195
8.39130131 47.665463765
8.397709188 47.676289979
8.395228719 47.68481659
8.390991251 47.692128805
8.392128133 47.699518535
8.401946655 47.707089132
8.427268107 47.716468404
8.437913452 47.723186341
8.445458211 47.74318512
8.45010909 47.750471497
8.463648315 47.76390737
8.471503133 47.767059632
8.482665242 47.766852926
8.536512085 47.774087626
8.551601603 47.77925527
8.542299846 47.795016581
8.558216187 47.801166077
8.583124227 47.800235901
8.60162439 47.79460317
8.603174682 47.787316793
8.604104858 47.774397685
8.607618856 47.762253723
8.617437378 47.757318624
