-4.612131314 54.056952216
-4.620757616 54.069647528
-4.631255663 54.070624091
-4.643218554 54.06659577
-4.656402148 54.063788153
-4.671009895 54.067043361
-4.689686653 54.081529039
-4.704497851 54.084865627
-4.725982226 54.079006252
-4.745594856 54.067368882
-4.766224739 54.059230861
-4.79015052 54.063788153
-4.79015052 54.071234442
-4.784820116 54.073065497
-4.781320767 54.074774481
-4.777088996 54.076239325
-4.769683398 54.077460028
-4.770863411 54.096828518
-4.737172004 54.12490469
-4.728138801 54.142564195
-4.72765052 54.172593492
-4.72378496 54.185451565
-4.714466926 54.200344143
-4.711089648 54.209906317
-4.712269661 54.216620184
-4.710275845 54.220648505
-4.688140429 54.223781643
-4.663970507 54.233547268
-4.643055793 54.249416408
-4.612456835 54.265448309
-4.598378059 54.276597398
-4.554595507 54.339178778
-4.530995246 54.366115627
-4.495350715 54.385891018
-4.442005989 54.404364325
-4.404449023 54.409654039
-4.385731575 54.415716864
-4.367787239 54.419012762
-4.351307746 54.413804429
-4.357085741 54.399400132
-4.377552864 54.361883856
-4.375599739 54.348334052
-4.370228645 54.340887762
-4.363758918 54.3242862
-4.358225064 54.317613023
-4.350493944 54.314764716
-4.332183398 54.313421942
-4.324696418 54.310207424
-4.319406705 54.30459219
-4.313221809 54.295599677
-4.311919726 54.287176825
-4.320952929 54.283514716
-4.326730924 54.280340887
-4.3408097 54.263006903
-4.348255989 54.259507554
-4.354359504 54.251532294
-4.359771288 54.24225495
-4.365630663 54.235052802
-4.371815559 54.231268622
-4.399159309 54.222072658
-4.390777148 54.194728908
-4.412587043 54.180080471
-4.446888801 54.169134833
-4.475493944 54.153143622
-4.474598762 54.14081452
-4.529286262 54.119086005
-4.543771939 54.108465887
-4.549794075 54.100653387
-4.563832161 54.096828518
-4.579579231 54.094427802
-4.59093177 54.091050523
-4.59894772 54.083889065
-4.612131314 54.056952216
