33.905867961 35.090882466
33.913619425 35.090882466
33.921474244 35.08070221
33.914446249 35.073054098
33.908245077 35.070728658
33.90652383 35.069121576
33.9065057114 35.0691046596
33.898116496 35.061271872
33.880133098 35.073054098
33.874655396 35.067524719
33.867627401 35.060496724
33.855121704 35.053417053
33.841169067 35.051091613
33.834864542 35.056620993
33.827113079 35.061271872
33.813780558 35.055794169
33.804375447 35.049541321
33.799001099 35.038534241
33.822358847 35.030059306
33.830213664 35.023031311
33.829387 35.001176385
33.829386841 35.00117218
33.840342244 34.993369039
33.859049113 34.991818745
33.859049113 34.974662171
33.850470825 34.973008525
33.838068481 34.963706767
33.845819946 34.959727682
33.864423462 34.962983297
33.8918406396 34.9581390667
33.883799675 34.94912344
33.874522332 34.941229559
33.8623153 34.937892971
33.847422722 34.942450262
33.819672071 34.96474844
33.804209832 34.97260163
33.7818956898 34.9762124638
33.78494511 34.976212464
33.788045694 34.97698761
33.792799926 34.977762757
33.79435022 34.977762757
33.791146281 34.982413636
33.786495402 34.984687399
33.782567994 34.984687399
33.777917115 34.984687399
33.773989705 34.988666484
33.766134888 34.990268454
33.761484009 34.990268454
33.759210246 34.988666484
33.765411418 34.985565899
33.769338826 34.983963929
33.77088912 34.980088196
33.775539999 34.980088196
33.780190878 34.97931305
33.780986131 34.9763381591
33.780935092 34.976345119
33.76042728 34.979681708
33.717295769 34.977769273
33.701519536 34.972890025
33.702934611 34.987943014
33.711461222 34.985565899
33.715440308 34.997296448
33.699730672 35.002722473
33.696630086 35.008975322
33.705311727 35.01522817
33.702211141 35.022256165
33.68500289 35.02928416
33.679443836 35.03389111
33.679434599 35.033898764
33.675649455 35.037035624
33.674099162 35.046440734
33.678853394 35.055794169
33.694459675 35.058171285
33.705311727 35.066749573
33.714716838 35.066749573
33.719367716 35.062770487
33.711461222 35.040963033
33.707585489 35.02928416
33.718489217 35.032384745
33.739676554 35.047215882
33.766134888 35.031609599
33.775539999 35.040187887
33.786495402 35.038534241
33.79435022 35.040187887
33.798277628 35.052641907
33.824012492 35.066749573
33.834864542 35.063597311
33.84271936 35.056620993
33.853571411 35.058171285
33.86690393 35.066749573
33.87155481 35.073054098
33.876929159 35.076826477
33.87155481 35.085456442
33.87155481 35.100235901
33.876205689 35.118994446
33.889434855 35.118994446
33.891811971 35.110467834
33.898839966 35.108814189
33.903594198 35.099512431
33.905867961 35.096360169
33.905867961 35.090882466
33.742792014 35.001232847
33.746688555 35.002710845
33.752063096 35.004323207
33.752063096 35.01440047
33.746151101 35.015206651
33.741314015 35.013728653
33.740239107 35.010100838
33.738761108 35.005263752
33.739701653 35.002576482
33.742792014 35.001232847
