16.343425741 46.714178162
16.357275024 46.715831808
16.357585082 46.699011129
16.365383073 46.696712468
16.366216373 46.696466831
16.371434367 46.694928691
16.390037882 46.694153545
16.405024048 46.687254741
16.410501749 46.668367005
16.402607057 46.663108786
16.396652466 46.659142762
16.377635539 46.652864075
16.368437133 46.642993876
16.372245692 46.636341263
16.376395304 46.629092916
16.394585408 46.619016012
16.430242147 46.604391582
16.467139119 46.564704082
16.500832153 46.544808655
16.515301554 46.50171051
16.491116984 46.515146383
16.481298462 46.519022115
16.470756469 46.52026235
16.449052368 46.518350322
16.440370727 46.519022115
16.431999145 46.523207906
16.415152628 46.535558574
16.406264282 46.539485982
16.394895467 46.5401061
16.382183065 46.53938263
16.369470662 46.540571188
16.357895142 46.546979065
16.35169397 46.539485982
16.351254482 46.53992246
16.34414921 46.546979065
16.340276431 46.543827132
16.329989868 46.535455221
16.310662883 46.530985209
16.295366659 46.524448141
16.263947388 46.51592153
16.260931084 46.513576112
16.234905233 46.493338928
16.234187647 46.484892336
16.233664999 46.478740336
16.237489054 46.46507192
16.249374634 46.437528382
16.250098103 46.42944102
16.248237752 46.413343811
16.250924927 46.404998068
16.257022746 46.399907939
16.274075968 46.392104798
16.278726847 46.387350566
16.279936481 46.378661362
16.28027714 46.376214294
16.275626262 46.373165385
16.252785279 46.373423767
16.21712854 46.367351787
16.208653605 46.367093404
16.191807088 46.369780579
16.177544393 46.375594178
16.153566528 46.391433004
16.143851359 46.394714458
16.131552368 46.393060811
16.123180786 46.386885478
16.115532674 46.379289042
16.106024211 46.373733826
16.094345337 46.372261047
16.088654305 46.3730856
16.057965128 46.377532044
16.057448365 46.359651998
16.059722127 46.345311788
16.059618774 46.332315166
16.052384073 46.318595073
16.049922398 46.316734615
16.038948201 46.308440654
16.019207804 46.298828837
15.998433879 46.29154246
15.99366824 46.290613311
15.982000773 46.288338522
15.94872115 46.284204407
15.918903311 46.272827171
15.883712199 46.25939972
15.880894659 46.259340899
15.879323324 46.259308094
15.834206176 46.258366191
15.818289835 46.255523987
15.803096965 46.250511373
15.799526193 46.248606961
15.789144328 46.243069967
15.768887166 46.219350484
15.749766886 46.210772197
15.677975292 46.214462419
15.661296834 46.215319723
15.639799438 46.20767161
15.626571312 46.195209748
15.622849568 46.191703594
15.604349406 46.167002258
15.589983358 46.138683574
15.589880005 46.113517151
15.603832641 46.090986227
15.623604838 46.076415298
15.631531209 46.070574036
15.643726847 46.065509746
15.671735474 46.057396546
15.683931112 46.051143697
15.692879847 46.041635666
15.697987101 46.036209208
15.693646281 46.02577057
15.681967407 46.013523255
15.674319295 45.99331777
15.674215943 45.99316274
15.675380807 45.972486394
15.677109822 45.941796366
15.67555953 45.925156556
15.670391887 45.912650859
15.663363892 45.900816956
15.659436483 45.888828024
15.66367395 45.876063945
15.675456177 45.855961813
15.676076294 45.841699117
15.666051066 45.83167389
15.645587199 45.82412913
15.626053508 45.820201721
15.587296183 45.81921987
15.549748079 45.82369278
15.523527466 45.826816305
15.513915649 45.823405661
15.495312133 45.812656963
15.485390259 45.810176494
15.473918091 45.811571757
15.462549275 45.814207255
15.451283813 45.815137431
15.44032841 45.811468404
15.435574178 45.80211497
15.439501587 45.79167633
15.441051879 45.782167868
15.429754502 45.775691354
15.429062947 45.775294902
15.331031283 45.752485554
15.303799276 45.746149394
15.263491658 45.730388083
15.255016723 45.72346344
15.249912989 45.713731743
15.248918904 45.711836243
15.250882609 45.707650452
15.258220663 45.705118307
15.267832479 45.698452047
15.277754354 45.685016175
15.28302535 45.680106913
15.291913696 45.675559388
15.304936158 45.672148743
15.309070272 45.674164124
15.310413859 45.678194885
15.314961385 45.68088206
15.32705367 45.683155823
15.330774373 45.684551087
15.33387496 45.682639059
15.350034463 45.669619116
15.351961711 45.668066305
15.368291463 45.649049378
15.373769165 45.640212708
15.353098592 45.64031606
15.339145955 45.636905417
15.326743612 45.632254538
15.297391398 45.625691631
15.291603637 45.618250224
15.287882934 45.61034373
15.281061646 45.606157939
15.268555948 45.601662089
15.269589477 45.593445537
15.276720825 45.582696839
15.282178582 45.571494074
15.282611938 45.570604553
15.288606405 45.544559632
15.296667928 45.522958883
15.311033977 45.50590566
15.361366821 45.482031149
15.351755004 45.476140036
15.33387496 45.458518372
15.325193318 45.452833964
15.314031209 45.450508525
15.28157841 45.450973612
15.225849152 45.436449693
15.184220011 45.425600485
15.139261515 45.430044658
15.066128234 45.473933723
15.056165812 45.479912415
15.00738326 45.480842591
14.997461385 45.487198792
14.986299275 45.490867818
14.977340822 45.491728455
14.96263147 45.493141581
14.945371541 45.504510397
14.922633911 45.514949036
14.904443807 45.514432272
14.900826456 45.493141581
14.881602823 45.469783834
14.838814738 45.45898346
14.797163533 45.465184632
14.781453898 45.493141581
14.781350545 45.493193258
14.781247192 45.493348288
14.781143839 45.493348288
14.688332967 45.522028707
14.668489217 45.533965963
14.668179158 45.539133607
14.671693156 45.556806946
14.669832804 45.564558411
14.664045044 45.570036113
14.663674874 45.570187028
14.657327107 45.572774964
14.650299113 45.574842021
14.615985962 45.594065654
14.603066853 45.603574117
14.593868449 45.616183167
14.592938273 45.629670716
14.594075155 45.648015849
14.591904744 45.66336375
14.580949341 45.667807922
14.569094979 45.664251613
14.563896118 45.662691955
14.556144654 45.65669749
14.543638956 45.636440329
14.533096964 45.625691631
14.507878866 45.60584788
14.498577108 45.596184388
14.492272583 45.583420309
14.491501829 45.579164764
14.487414999 45.55660024
14.482144002 45.542440898
14.468914835 45.525594381
14.4297441 45.505388896
14.411243937 45.493193258
14.372796671 45.477845358
14.326804646 45.474899801
14.280399211 45.481100973
14.240608358 45.493348288
14.218697551 45.497172344
14.19306604 45.491901347
14.145523722 45.476243388
14.119685506 45.47288442
14.117320712 45.472975725
14.116747016 45.472997875
14.092917114 45.473917948
14.066665487 45.48027415
14.041550741 45.493141581
14.041550741 45.493193258
14.028321574 45.502650045
14.013955526 45.507972717
13.98747649 45.51190879
13.97189091 45.514225566
13.964966268 45.510969951
13.96145227 45.503890279
13.96145227 45.493141581
13.982639608 45.475313212
13.969823852 45.462962545
13.923005004 45.448958232
13.908432251 45.438881327
13.899647257 45.429217835
13.889001912 45.42363678
13.835568481 45.429114482
13.819858846 45.43262848
13.806526327 45.442136943
13.759294068 45.463169251
13.659969793 45.459977951
13.629017781 45.45898346
13.589528842 45.488836981
13.591644727 45.493109442
13.589121941 45.501613674
13.595957879 45.51190827
13.595957879 45.518133856
13.586192254 45.51947663
13.578623894 45.52338288
13.572764519 45.529974677
13.568614129 45.53925202
13.589610222 45.535793361
13.675140821 45.544745184
13.7529403 45.552883205
13.7529403 45.559068101
13.742360873 45.569769598
13.727386915 45.581203518
13.711761915 45.593207098
13.761051066 45.596236064
13.80053186 45.581249899
13.847764119 45.584660543
13.867925706 45.602169289
13.887038208 45.618766988
13.89468632 45.631841125
13.89364053 45.633758406
13.893136027 45.634683329
13.884144327 45.635148417
13.869158163 45.641142884
13.858409465 45.649359436
13.778724406 45.743410543
13.709477986 45.765321351
13.699908416 45.770523736
13.660333699 45.792038066
13.643590535 45.795655416
13.609174032 45.798600973
13.581268758 45.809246318
13.574172202 45.819028057
13.565972534 45.830330303
13.569279826 45.864540101
13.599306242 45.912327499
13.608243856 45.926551819
13.615325176 45.945912448
13.62281661 45.966394349
13.60586674 45.985411276
13.600734872 45.984574053
13.571656942 45.979830221
13.539410848 45.969029847
13.509438517 45.967427877
13.482256713 45.989235332
13.481843302 45.990372213
13.481223186 45.991354065
13.480396362 45.992284241
13.479466186 45.993111064
13.474815307 45.995746562
13.461792846 46.006391907
13.47708907 46.0160554
13.482256713 46.018432515
13.490008179 46.025563863
13.492798706 46.032488505
13.490318237 46.038948059
13.482256713 46.044839173
13.505097697 46.06602651
13.522585297 46.075298023
13.616408732 46.125040995
13.645037475 46.161731263
13.641071451 46.171405145
13.637389363 46.180386455
13.627366324 46.181733163
13.613928264 46.183538717
13.584472697 46.181316631
13.559047892 46.184107158
13.528972208 46.204829407
13.510161988 46.213976136
13.482256713 46.217903545
13.468304077 46.223432923
13.438331746 46.224879863
13.422828816 46.228600566
13.43740157 46.210927226
13.410116415 46.20798167
13.40164148 46.21666331
13.398127482 46.230512594
13.384898316 46.243121644
13.384794963 46.243224996
13.38469161 46.243328349
13.37859379 46.268391419
13.373012736 46.280276998
13.365261271 46.290302226
13.391306193 46.301567688
13.395637648 46.306727928
13.409806355 46.323607687
13.423242229 46.3448467
13.434094279 46.353864238
13.447323445 46.35484609
13.45972579 46.359031881
13.483703654 46.371150004
13.530005737 46.388332418
13.554397013 46.405954081
13.575687703 46.426676331
13.600182332 46.442644349
13.634082072 46.445719097
13.658783407 46.445124817
13.677490275 46.452075297
13.685852877 46.464047231
13.688445678 46.467759095
13.689892619 46.493338928
13.695473673 46.498635762
13.699194376 46.504836935
13.701054728 46.511890768
13.700951375 46.519745586
13.71609257 46.518867087
13.782135051 46.507782492
13.795777629 46.507885845
13.860683228 46.515249736
13.890862264 46.511787415
13.982329549 46.481918437
13.998762654 46.480523174
14.014921609 46.482530652
14.032455688 46.484708965
14.050025676 46.484398905
14.066355428 46.481039938
14.081031535 46.475949809
14.137255493 46.442437643
14.147933084 46.440424654
14.149864543 46.440060527
14.242323222 46.438237462
14.362151327 46.435874736
14.395844361 46.440990702
14.406489705 46.439337057
14.411243937 46.434634502
14.414447876 46.42900177
14.420028931 46.424350892
14.437144752 46.418884133
14.450931437 46.414480693
14.467674601 46.412672018
14.502194458 46.418356426
14.515837036 46.405359803
14.527102498 46.388229065
14.540331665 46.378643087
14.557694946 46.383939921
14.562108198 46.391736666
14.566996704 46.400373027
14.575368286 46.419725851
14.590147746 46.434427795
14.599862915 46.437166646
14.621567017 46.438510234
14.631695597 46.440577291
14.642030884 46.44522817
14.662081339 46.459697571
14.666628865 46.460524394
14.67254584 46.459790506
14.679961385 46.458870748
14.687092733 46.471221416
14.698771607 46.480962423
14.703732544 46.487757874
14.70972701 46.492512106
14.726366821 46.497705587
14.735255167 46.493338928
14.760886678 46.496284485
14.783004191 46.503260804
14.788585245 46.50664561
14.796662504 46.519400947
14.807188762 46.536023662
14.814519309 46.551337476
14.822278279 46.567546285
14.833647095 46.584392802
14.850390259 46.601135967
14.862999308 46.604830831
14.877055298 46.603642274
14.894062722 46.605215461
14.897725871 46.605554302
14.919506769 46.615016752
14.933589315 46.621134746
14.947955362 46.619274394
14.967178995 46.600257467
15.004386027 46.636844381
15.061953572 46.649556783
15.085722504 46.647795167
15.105591442 46.646322596
15.172556751 46.641359513
15.204890585 46.638963115
15.332783734 46.643579675
15.388135214 46.645577698
15.41759078 46.637955424
15.435380874 46.627195287
15.440018352 46.624390361
15.462652628 46.614649353
15.492624959 46.618292542
15.511228475 46.628369446
15.51393945 46.632545221
15.517636353 46.638239645
15.520308138 46.647720171
15.520840292 46.64960846
15.530658814 46.663845317
15.545955037 46.671881002
15.56734908 46.675756735
15.588639771 46.67596344
15.603729288 46.673017884
15.616648397 46.675550028
15.621745271 46.678174918
15.626983684 46.680872701
15.63297815 46.689631857
15.632874796 46.70247345
15.635975382 46.717562968
15.652098429 46.710819193
15.728682902 46.702990215
15.755141235 46.704023743
15.78460991 46.712199503
15.822940714 46.722833964
15.850742635 46.724487611
15.878544555 46.720715231
15.946344034 46.697150777
15.98696171 46.69218984
15.997917114 46.686918844
16.016593059 46.670756969
16.016727336 46.670640768
16.016722579 46.670691342
16.014556925 46.693714295
16.003291463 46.709191386
15.982000773 46.71854482
15.970528606 46.743013611
15.969701782 46.760531922
15.970984665 46.775049879
15.971252075 46.77807607
15.978176717 46.809133607
15.977349894 46.816213277
15.972905721 46.818435364
15.971975545 46.820631612
15.981690715 46.827685446
15.987581828 46.830010885
16.028440945 46.836947433
16.03202356 46.837555644
16.052935546 46.846059852
16.094035278 46.862773743
16.130245696 46.856708498
16.135376424 46.855849101
16.179486395 46.858468339
16.272008911 46.863962301
16.282240845 46.859931539
16.297392209 46.847032943
16.301877889 46.843214213
16.310662883 46.840010275
16.325338989 46.839441834
16.329783162 46.834403382
16.3275094 46.825463359
16.321824992 46.813267721
16.31490035 46.802002259
16.311097363 46.797519062
16.302187948 46.787016093
16.299489884 46.779509942
16.298157186 46.775802308
16.300430949 46.772081605
16.314176879 46.74332367
16.325545695 46.733272604
16.334123983 46.721748759
16.343425741 46.714178162
