179.906097852 -9.418633722
179.90528405 -9.420668227
179.904063347 -9.400485935
179.898610873 -9.38681406
179.90121504 -9.387953383
179.906748894 -9.399346613
179.906097852 -9.418633722
179.878428582 -9.360772394
179.876963738 -9.362969659
179.871755405 -9.350192967
179.867442254 -9.344333592
179.867849155 -9.343194269
179.873301629 -9.346856378
179.878428582 -9.360772394
179.20972741 -8.529961847
179.191254102 -8.542087498
179.200043165 -8.529554946
179.204112175 -8.518975519
179.202321811 -8.509698175
179.19809004 -8.497816665
179.197520379 -8.481540623
179.199392123 -8.460625909
179.206390821 -8.474053644
179.207204623 -8.498467706
179.215505405 -8.511325779
179.21753991 -8.520603123
179.20972741 -8.529961847
178.390635613 -8.026543878
178.380544467 -8.070000909
178.373301629 -8.069024347
178.375498894 -8.056084894
178.383148634 -8.039239191
178.390635613 -8.026543878
178.69410241 -7.493829034
178.691416863 -7.498630467
178.682790561 -7.491469008
178.667979363 -7.463636977
178.665212436 -7.454034113
178.688324415 -7.474379165
178.691091342 -7.475355727
178.693369988 -7.483982029
178.69410241 -7.493829034
177.153330925 -7.1991513
177.152598504 -7.200290623
177.152598504 -7.197360935
177.152354363 -7.19508229
177.150401238 -7.190362238
177.150075717 -7.188164972
177.153005405 -7.195000909
177.153330925 -7.1991513
176.322438998 -6.295098566
176.314300977 -6.302341404
176.31918379 -6.289239191
176.32292728 -6.28883229
176.322438998 -6.295098566
177.356293165 -6.118747654
177.344086134 -6.1210263
177.339854363 -6.114515883
177.338145379 -6.111016534
177.337168816 -6.108168227
177.348806186 -6.110528253
177.356618686 -6.114515883
177.356293165 -6.118747654
176.140391472 -5.687188409
176.148448113 -5.706719659
176.135264519 -5.692803644
176.125254754 -5.679131769
176.129893425 -5.677504165
176.140391472 -5.687188409
