34.108026164 3.868938091
34.123735799 3.872038676
34.163423299 3.886198019
34.182853637 3.886094666
34.204971151 3.874544983
34.207554973 3.860876567
34.196702922 3.847389018
34.148953898 3.822687683
34.15081425 3.817209981
34.166523885 3.811318868
34.179029582 3.796100159
34.159082479 3.783361919
34.152467895 3.775636292
34.165180298 3.770830383
34.173655233 3.771398824
34.190915161 3.775842997
34.210552205 3.777134908
34.230395956 3.782741801
34.240937947 3.7836203
34.241558065 3.778736878
34.26377893 3.750056457
34.278868449 3.709723002
34.290443969 3.703160095
34.295094848 3.707345886
34.299435669 3.716931864
34.309874309 3.72669871
34.337056112 3.734579366
34.35503951 3.727370504
34.38749231 3.692747294
34.406302531 3.682928772
34.425009399 3.677192688
34.439685506 3.667735901
34.446403443 3.646703593
34.443922974 3.566295065
34.434517863 3.526219991
34.415500936 3.497022807
34.406199178 3.492294414
34.395967244 3.489607239
34.386872192 3.485628153
34.381291138 3.476868998
34.38211796 3.466042786
34.394416952 3.444622904
34.398551066 3.433641662
34.397000773 3.424159037
34.386975546 3.399664409
34.383978312 3.38834727
34.386562134 3.376384176
34.394416952 3.365661316
34.403822062 3.355403544
34.411160116 3.344706523
34.424079223 3.304812317
34.434001099 3.182029114
34.44485315 3.159136455
34.465730428 3.145855611
34.512859334 3.132368063
34.533839966 3.118467102
34.545556343 3.097500953
34.545622192 3.097383118
34.574664347 2.9461262
34.584689575 2.928711243
34.616418905 2.893416239
34.63140507 2.869541728
34.640500122 2.860136617
34.6541427 2.856519267
34.660343872 2.858638001
34.671505981 2.867784729
34.675640096 2.86980011
34.678120565 2.871557109
34.682564738 2.87936025
34.685045207 2.88096222
34.688869263 2.879153545
34.691039673 2.875691223
34.692693319 2.872228903
34.694657023 2.870420227
34.696517374 2.867733053
34.72483606 2.854142151
34.730107056 2.85285024
34.736928345 2.844375305
34.740959106 2.835538635
34.761319621 2.772493388
34.776512492 2.685625306
34.818680461 2.597982076
34.828085571 2.588783671
34.841831503 2.587750142
34.849893025 2.595139872
34.856507609 2.603459778
34.865602661 2.604855042
34.875627889 2.591212464
34.881312296 2.541448059
34.887100057 2.522379456
34.914385213 2.494370829
34.923583619 2.477317607
34.920896443 2.454631653
34.906116984 2.436906637
34.885963175 2.425434469
34.867876424 2.411481832
34.859091431 2.386780497
34.865602661 2.347506409
34.904284074 2.254255316
34.922343383 2.210718893
34.967508586 2.101914164
34.967611938 2.08256134
34.958206828 2.03796458
34.956656535 2.018508403
34.957896769 1.99783783
34.962030883 1.977813212
34.969162231 1.960294902
34.977947225 1.949907939
35.001408325 1.927997132
35.006472615 1.91686086
35.002751912 1.906138001
34.984045044 1.882470194
34.979704224 1.870300395
34.978670695 1.675945333
34.972676229 1.654241231
34.940946899 1.587036031
34.933712199 1.575693054
34.923480265 1.566107076
34.91355839 1.56155955
34.892577759 1.557270406
34.88255253 1.552231954
34.859504842 1.517918803
34.838420858 1.437174378
34.778992961 1.388546855
34.780746677 1.371789122
34.782713664 1.352993469
34.800076945 1.312324117
34.810515585 1.272533264
34.797906535 1.231915588
34.766073853 1.217497864
34.683804973 1.209074606
34.663031046 1.196362203
34.628924601 1.163599345
34.580452108 1.152540589
34.573630818 1.134247131
34.571977173 1.111716207
34.566882918 1.103021686
34.561228475 1.093371074
34.560064932 1.09314931
34.540351197 1.089391988
34.524021444 1.098642069
34.507484985 1.102517802
34.487021118 1.082467347
34.477202596 1.064587301
34.468831014 1.044226787
34.463663371 1.022936096
34.463043254 0.978080953
34.457152141 0.957617086
34.431210571 0.89353831
34.402375122 0.856072896
34.388009074 0.815816955
34.370852498 0.800210673
34.30667037 0.768067932
34.29840214 0.759282938
34.296251876 0.746745807
34.292304321 0.723729553
34.276181275 0.680838114
34.252100057 0.654999898
34.219750611 0.638566793
34.179132934 0.623890686
34.149574016 0.603633524
34.132417439 0.572834371
34.131587748 0.569432983
34.1075094 0.470721741
34.104408813 0.462246806
34.097380818 0.451808166
34.08012089 0.4313443
34.075676717 0.422249247
34.076710246 0.403852438
34.087975708 0.367368876
34.08518518 0.347008362
34.076606893 0.333779196
34.040640096 0.305873921
33.960265924 0.198677206
33.951756633 0.187328186
33.893568969 0.109813538
33.890468384 0.09007314
33.921577596 -0.0129696649999
33.952480102 -0.115702413
33.953513631 -0.154356384
33.935116821 -0.313106384
33.911345662 -0.519295349
33.894809204 -0.662749125
33.898529907 -0.799071554
33.904214315 -1.002573344
33.822255493 -1.002573344
33.639269246 -1.002573344
33.631776971 -1.002573344
33.45612797 -1.002573344
33.426414846 -1.002573344
33.273090047 -1.002573344
33.089948771 -1.002573344
32.906962524 -1.002573344
32.847225376 -1.002573344
32.723872925 -1.002573344
32.722267718 -1.002573344
32.540835002 -1.002573344
32.35764205 -1.002573344
32.174552449 -1.002573344
31.991411173 -1.002573344
31.986192661 -1.002573344
31.808373251 -1.002573344
31.625335327 -1.002573344
31.442245727 -1.002573344
31.280492691 -1.002573344
31.259156128 -1.002573344
31.076118204 -1.002573344
30.892976928 -1.002573344
30.828381388 -1.002573344
30.812465048 -0.994718526
30.777118367 -0.98583018
30.739497925 -1.005467224
30.701567424 -1.017456156
30.687098023 -1.025000915
30.651337931 -1.062828064
30.638625529 -1.073370056
30.614544311 -1.065825297
30.592736857 -1.063448181
30.54230066 -1.06809906
30.523697143 -1.072439881
30.511656535 -1.073370056
30.506023803 -1.070786234
30.50085616 -1.06520518
30.493414754 -1.060244242
30.481012411 -1.059107361
30.472950887 -1.065618591
30.471785843 -1.066836592
30.460828623 -1.06342755
30.445614054 -1.058693949
30.432023153 -1.060554301
30.418897339 -1.066445414
30.403187703 -1.070372823
30.386341186 -1.068202413
30.369287964 -1.063241475
30.352751505 -1.060761007
30.337455282 -1.066238708
30.329032023 -1.080501403
30.322572469 -1.12184255
30.317404826 -1.13703542
30.311307007 -1.142099711
30.294563843 -1.14964447
30.290949658 -1.152620857
30.287535848 -1.15543223
30.284641968 -1.161426696
30.282419882 -1.175792745
30.280507853 -1.182407328
30.269759156 -1.20049408
30.256685018 -1.217237244
30.21219161 -1.259508565
30.196740356 -1.26870697
30.189350627 -1.27087738
30.181392456 -1.271497498
30.173434286 -1.272841085
30.165579468 -1.277491964
30.15844812 -1.291134542
30.152350301 -1.329891866
30.147182658 -1.345084737
30.136330607 -1.355213318
30.095506226 -1.371129659
30.065984343 -1.386944954
30.060779663 -1.389733175
30.047757202 -1.403169047
30.03866215 -1.424976501
30.028326863 -1.427146912
29.960424032 -1.464767354
29.938461548 -1.472932231
29.91742924 -1.475205994
29.897895548 -1.469624939
29.880738973 -1.453605245
29.871023804 -1.432417907
29.868646688 -1.391283467
29.864202514 -1.370302836
29.836090536 -1.329478455
29.825135132 -1.3238974
29.825024114 -1.323880811
29.816143432 -1.322553813
29.807461792 -1.325137634
29.798211711 -1.330925395
29.789168335 -1.341674093
29.783173869 -1.361414489
29.774905639 -1.366272074
29.767980997 -1.363791605
29.746690308 -1.350872497
29.734804728 -1.348185323
29.710516805 -1.352526143
29.693773641 -1.361207784
29.678322388 -1.372369893
29.657703491 -1.383945414
29.639099976 -1.389009704
29.618119344 -1.390559997
29.57791508 -1.388389588
29.587320191 -1.32968516
29.587113484 -1.31056488
29.583186076 -1.299299418
29.571507202 -1.279248962
29.570990438 -1.268603617
29.580447225 -1.243282165
29.581429077 -1.23480723
29.575537964 -1.213206481
29.565254354 -1.197910258
29.557037801 -1.181787211
29.556934448 -1.157705993
29.569130087 -1.09590098
29.570060262 -1.077917582
29.565926148 -1.058590596
29.551198364 -1.020143331
29.548459513 -1.002573344
29.551353394 -0.990584412
29.551517572 -0.990305309
29.556521037 -0.981799418
29.560345093 -0.972084248
29.559156535 -0.957304789
29.555280802 -0.938494568
29.554660686 -0.928572692
29.556004273 -0.919477641
29.567166382 -0.901907654
29.596725301 -0.891882426
29.607990764 -0.878446554
29.610781291 -0.863977153
29.613365112 -0.803825785
29.611091349 -0.7827418
29.602203003 -0.743777771
29.603029826 -0.722900492
29.615535522 -0.644145609
29.618842814 -0.638977966
29.624423868 -0.634843852
29.629281453 -0.629779561
29.630573364 -0.622028096
29.628247925 -0.61603363
29.62049646 -0.605388285
29.618842814 -0.599393819
29.622873576 -0.588438415
29.632175334 -0.585751241
29.642820679 -0.585027771
29.650882202 -0.579550069
29.653052612 -0.565597432
29.64974532 -0.504309183
29.645094442 -0.488909607
29.634614925 -0.466968119
29.631865275 -0.461211039
29.629384806 -0.442400818
29.650980745 -0.316454753
29.653982788 -0.298947042
29.670569225 -0.20086743
29.676617066 -0.165105082
29.694032023 -0.063095805
29.709018188 -0.0263021849999
29.714340861 -0.00749196299996
29.713462362 0.011628316
29.701628458 0.0552432260001
29.703075399 0.0725031540001
29.711808715 0.0995816040001
29.755785359 0.160869853
29.761263062 0.172135315
29.773045288 0.167484436
29.780383342 0.161179911
29.78720463 0.158492737
29.797126506 0.164797261
29.800640502 0.172445374
29.832628215 0.336983134
29.839604533 0.35848053
29.851076701 0.377187399
29.903908655 0.438229209
29.922906942 0.460179748
29.926082856 0.467073351
29.940476928 0.498316956
29.93799646 0.537280985
29.919496297 0.618102925
29.920013061 0.638670145
29.932312053 0.723161113
29.92683435 0.774889221
29.92828129 0.785017802
29.947298218 0.82460195
29.960217326 0.832095032
29.98219404 0.849017102
29.996390829 0.859948629
30.038352092 0.878913879
30.1451156 0.903150126
30.15483077 0.908679505
30.16568282 0.921443583
30.183769572 0.955136617
30.186870158 0.958753968
30.191521037 0.974877014
30.214051961 0.99854482
30.220976603 1.01709666
30.215602255 1.057766012
30.215292195 1.077092997
30.228004598 1.089030253
30.231518596 1.09776357
30.234102417 1.108098857
30.236169475 1.1294929
30.238856649 1.13600413
30.269345744 1.167268371
30.277975708 1.171609192
30.286502319 1.174296366
30.295700724 1.172642721
30.306552775 1.163909404
30.323812703 1.15584788
30.336060018 1.168870341
30.34820398 1.18902415
30.364947143 1.202046611
30.376626017 1.20308014
30.399260295 1.20059967
30.412696167 1.202046611
30.431609741 1.207007548
30.445562378 1.212795309
30.45827478 1.221683655
30.47827356 1.238633525
30.553704453 1.335632478
30.597284383 1.391673279
30.681723673 1.500348816
30.817012573 1.609515279
30.954420207 1.720671285
31.025837036 1.778238831
31.096017547 1.866363001
31.119112996 1.895363464
31.183295125 1.976211243
31.242826376 2.051167908
31.271455119 2.10299937
31.280095681 2.151441144
31.280446818 2.153409729
31.278739869 2.156021156
31.267476033 2.173253479
31.21089034 2.205344543
31.190116415 2.221519267
31.182468302 2.238727519
31.179057658 2.259759827
31.177559041 2.302909648
31.129241577 2.284667868
31.112601766 2.282084045
31.09906254 2.282704163
31.055240926 2.290248922
31.040668172 2.297897033
31.035500529 2.306940409
31.03880782 2.310971171
31.044388875 2.313916728
31.045939168 2.319652812
31.043562052 2.327042542
31.041288289 2.331228333
30.984857626 2.394635315
30.968011109 2.405435689
30.93090743 2.405590719
30.914474324 2.378150534
30.900573364 2.345956116
30.871789592 2.332055155
30.854943075 2.339703268
30.836339559 2.356343078
30.819803101 2.375980123
30.80967452 2.392361552
30.806987345 2.406985982
30.807142375 2.422178853
30.804920288 2.434374491
30.794998413 2.440110575
30.724925171 2.440782369
30.710559123 2.445123189
30.707665243 2.462279765
30.716760294 2.483105367
30.729369344 2.503465882
30.737017456 2.519537252
30.737844279 2.537468974
30.734020223 2.5744693
30.735260458 2.593072815
30.739394572 2.603304749
30.758928263 2.633793844
30.761253703 2.641596985
30.762013299 2.645781198
30.764302613 2.658391825
30.797685587 2.748360495
30.798925822 2.753528138
30.799132528 2.763450012
30.801612997 2.769082743
30.805850464 2.771873271
30.817942749 2.77419871
30.821870157 2.776162415
30.828691447 2.78608429
30.853392782 2.853367005
30.854839722 2.893209534
30.843987671 2.932793681
30.820939982 2.973152975
30.803628377 2.989069316
30.757067912 3.021470439
30.74507898 3.036301575
30.743838745 3.055473531
30.747869507 3.076712545
30.763415783 3.12343695
30.804196818 3.246004537
30.82212854 3.281402893
30.82574589 3.283676656
30.837786499 3.286415507
30.842437377 3.288740946
30.845641317 3.293908589
30.846881551 3.304398906
30.848690226 3.30925649
30.8684823 3.343337097
30.897317749 3.37501475
30.904932931 3.386035094
30.910030152 3.39341156
30.916334676 3.414805603
30.914474324 3.426484477
30.904449097 3.447465108
30.902898804 3.458911438
30.90961674 3.487178447
30.909306681 3.496144307
30.896387573 3.519967143
30.880161174 3.514411927
30.861247599 3.498211365
30.839543498 3.490201518
30.843780966 3.505911153
30.865691773 3.548957621
30.931734253 3.645101624
30.936281779 3.656858012
30.939382365 3.668407695
30.944446655 3.679285583
30.955505412 3.689000753
30.965995727 3.692618103
30.985787801 3.692127177
30.995968058 3.69352244
31.00955896 3.699775289
31.040358114 3.724218242
31.049659871 3.727990621
31.068676798 3.731737162
31.077668498 3.735302836
31.104408487 3.756175184
31.141488892 3.785118917
31.16758549 3.792405294
31.214817749 3.792353617
31.255745483 3.78666921
31.295019572 3.774189352
31.377701863 3.72930837
31.505446004 3.659855245
31.523739461 3.656082866
31.534519828 3.665562968
31.535521688 3.66644399
31.547200562 3.680990906
31.564770549 3.689801737
31.668536825 3.705020447
31.686830282 3.712823589
31.696132039 3.721272685
31.775713745 3.810698751
31.777884155 3.816434835
31.780984741 3.815814718
31.801106597 3.806472428
31.807029663 3.803722433
31.830697469 3.783878683
31.901907593 3.704296977
31.916273641 3.680267436
31.920046021 3.661302185
31.92309493 3.615284323
31.930019572 3.59836029
31.94366215 3.591254781
32.022235907 3.586420195
32.030168497 3.585932109
32.041537313 3.579860128
32.054225978 3.559571835
32.060864299 3.548957621
32.076160523 3.533170471
32.09300704 3.524462993
32.155845581 3.511776428
32.167989542 3.512241516
32.174552449 3.520897318
32.175928558 3.527233818
32.178996623 3.541361185
32.179203328 3.556864115
32.174862508 3.592650045
32.175947713 3.605594991
32.187781616 3.619160054
32.371801391 3.731065369
32.41557133 3.741297303
32.599281047 3.756283468
32.756429077 3.769021708
32.840351603 3.794291484
32.918899781 3.834159851
32.979567912 3.879195862
32.997241251 3.885526225
33.017240031 3.877180481
33.143485555 3.774085999
33.164466186 3.76305308
33.195420369 3.757058614
33.286525919 3.752536926
33.447342977 3.744372051
33.490647827 3.749746399
33.527716349 3.771430572
33.53260909 3.774292705
33.606196329 3.84808665
33.701901082 3.944075623
33.813677205 4.056032614
33.896049438 4.13835317
33.977078085 4.219691875
34.006016887 4.205713399
34.028547811 4.188014221
34.041053508 4.164811503
34.039709921 4.134038187
34.040950155 4.120421448
34.049735148 4.109466044
34.060897257 4.099259949
34.069268839 4.088020325
34.072369426 4.076418966
34.072679484 4.064662577
34.069785603 4.041356506
34.065858195 4.027429708
34.061517375 4.017921245
34.061103963 4.007766825
34.068958781 3.991876323
34.080844361 3.980791728
34.095520467 3.970999044
34.107095988 3.959501037
34.109576456 3.943352152
34.098931112 3.917720642
34.086218709 3.894672953
34.084771769 3.87733551
34.108026164 3.868938091
