-130.086252408 -25.075127863
-130.095936653 -25.077080988
-130.105336067 -25.076755467
-130.113677538 -25.073825779
-130.120350715 -25.068291925
-130.11046302 -25.064385675
-130.101144986 -25.064385675
-130.093006965 -25.067966404
-130.086252408 -25.075127863
-124.785511848 -24.66399505
-124.780588345 -24.664646092
-124.778920051 -24.667413019
-124.778065559 -24.672539972
-124.778797981 -24.668715102
-124.780588345 -24.666599217
-124.785389778 -24.664483331
-124.78616289 -24.664564711
-124.797108528 -24.667087498
-124.786529101 -24.66399505
-124.785511848 -24.66399505
-128.29015052 -24.39837005
-128.300119595 -24.413669529
-128.320668098 -24.400648696
-128.342193163 -24.371758722
-128.350249804 -24.341241144
-128.330189582 -24.32431406
-128.303700325 -24.334649347
-128.290842252 -24.365655206
-128.29015052 -24.39837005
-130.741363085 -23.924411717
-130.742095507 -23.927829685
-130.746978319 -23.932793878
-130.750843879 -23.934665623
-130.753081835 -23.92962005
-130.750843879 -23.927178644
-130.748036262 -23.927341404
-130.745269335 -23.924411717
-130.741363085 -23.924411717
