25.259780721 -17.794106547
25.219369751 -17.879786072
25.219369751 -17.908001404
25.226087687 -17.931875915
25.255026489 -18.001122335
25.296367635 -18.068611756
25.323446086 -18.096620382
25.357449178 -18.115844014
25.387524861 -18.138995056
25.408815552 -18.175995382
25.440854939 -18.253199972
25.473204386 -18.303429463
25.481162557 -18.323376566
25.490515991 -18.365544535
25.495580281 -18.378877055
25.50849939 -18.399134216
25.574438518 -18.465693461
25.60844161 -18.487707621
25.622084188 -18.501143493
25.669523153 -18.566049092
25.698255249 -18.590233663
25.73690922 -18.608733826
25.761920613 -18.630334575
25.773392782 -18.665577901
25.779490601 -18.738751729
25.815250691 -18.813992615
25.940721069 -18.921272888
25.967448582 -18.999925226
25.96779952 -19.000957947
25.964388875 -19.02162852
25.948059123 -19.058732198
25.944855184 -19.079196065
25.948575887 -19.103277283
25.956534058 -19.122087504
25.981132039 -19.161775004
26.011414429 -19.199808858
26.034358765 -19.243733825
26.130270223 -19.501082459
26.155488322 -19.537152609
26.194452352 -19.560200297
26.239100789 -19.571465759
26.292637573 -19.572499288
26.303489624 -19.57725352
26.313204793 -19.584178162
26.321059611 -19.592032979
26.330981486 -19.604952087
26.333461955 -19.613013611
26.326330607 -19.63389089
26.319095906 -19.646293233
26.312481323 -19.649600525
26.312171264 -19.651357523
26.324366903 -19.659108989
26.332325073 -19.66241628
26.362710815 -19.667583923
26.38524174 -19.679056091
26.412836955 -19.719570414
26.431853882 -19.736520284
26.450250692 -19.743341573
26.489731486 -19.751919861
26.508851766 -19.759257914
26.549262736 -19.784062601
26.566315958 -19.800805765
26.574790893 -19.819512634
26.581922241 -19.842146912
26.595564819 -19.855582784
26.614064982 -19.863437601
26.659436889 -19.875736592
26.673802937 -19.883384705
26.677169969 -19.886815265
26.684758341 -19.894546814
26.698607625 -19.912530212
26.71390385 -19.927413025
26.730957072 -19.935887959
26.750800822 -19.939608663
26.774468628 -19.939815369
26.811882365 -19.946429952
26.925053752 -20.000896911
26.961072225 -20.007201436
26.994300171 -20.006788025
27.026649617 -20.010095317
27.060135946 -20.02756195
27.069230997 -20.037380472
27.086490926 -20.060531515
27.097342977 -20.068903097
27.109641968 -20.073243917
27.119770548 -20.073864034
27.129692423 -20.072933858
27.141888062 -20.073347269
27.16292037 -20.076551208
27.183745971 -20.082338969
27.201781047 -20.092984314
27.214906861 -20.110450948
27.266014852 -20.234164327
27.28399825 -20.351469828
27.268391967 -20.495750428
27.306012411 -20.477353617
27.340738973 -20.473012797
27.453910359 -20.473322856
27.534112183 -20.483038025
27.590852905 -20.473322856
27.625786174 -20.48861908
27.665990438 -20.489135844
27.683767131 -20.496060486
27.698133179 -20.509082947
27.705574585 -20.526652933
27.702629028 -20.566133728
27.690381713 -20.601480407
27.682475219 -20.637343852
27.707331583 -20.716718852
27.709605346 -20.75671641
27.694412476 -20.837745056
27.689038126 -20.849010519
27.681803426 -20.857588806
27.676015666 -20.866683858
27.674775431 -20.879913025
27.67508549 -20.89128184
27.672605021 -20.913709411
27.672656697 -20.923527933
27.680356486 -20.979648539
27.678961222 -21.000732523
27.666817261 -21.053752543
27.666610555 -21.071219177
27.674775431 -21.090132752
27.709191935 -21.13447113
27.724384807 -21.149664001
27.793837931 -21.197413024
27.823603556 -21.231726176
27.849131714 -21.269656677
27.884995158 -21.310171
27.894400269 -21.324330343
27.896674032 -21.332391866
27.896157267 -21.347894795
27.897810913 -21.355439555
27.904218791 -21.364741312
27.920548543 -21.381174418
27.950210815 -21.438328552
27.953001343 -21.448663839
27.949642375 -21.456518656
27.941942586 -21.468507588
27.939875529 -21.478016052
27.94333785 -21.479876404
27.950417521 -21.482046814
27.954448282 -21.487834574
27.949280639 -21.500753682
27.953208048 -21.510468852
27.958065633 -21.51150238
27.963698365 -21.510468852
27.97057133 -21.51439626
27.975738973 -21.522561137
27.984730673 -21.542921651
27.990415079 -21.55191335
28.002559041 -21.564212342
28.016563355 -21.572893982
28.032893107 -21.577854919
28.090770711 -21.581265564
28.165701538 -21.5952182
28.284867391 -21.596871847
28.321919393 -21.60348643
28.361761922 -21.616302185
28.443100627 -21.65578298
28.464598023 -21.660330505
28.481392863 -21.657436625
28.497309204 -21.651545512
28.532500855 -21.643070577
28.542939493 -21.638316345
28.553998251 -21.636559347
28.585934285 -21.644414164
28.615699911 -21.647101338
28.629704224 -21.651338806
28.668409872 -21.67996755
28.71419519 -21.693506775
28.860852905 -21.757378845
28.891031942 -21.764923604
28.951906779 -21.768334249
28.980845581 -21.774845479
28.998725626 -21.786007589
29.038723186 -21.797893168
29.055259643 -21.809985454
29.057636759 -21.829209086
29.045441121 -21.852566834
29.028904663 -21.876648051
29.017949259 -21.898145447
29.013815145 -21.940416769
29.021566609 -21.982791443
29.040531861 -22.020928649
29.070762573 -22.051004333
29.107969604 -22.069194437
29.144866577 -22.075292257
29.239331095 -22.072605082
29.244395386 -22.075705668
29.254110555 -22.087074483
29.259588257 -22.096066183
29.267339721 -22.115806579
29.273644246 -22.125108337
29.350073689 -22.186706645
29.33152185 -22.192804464
29.302893107 -22.190220642
29.248219441 -22.179265239
29.222071167 -22.182159118
29.202795858 -22.194458109
29.186621134 -22.207687276
29.168844442 -22.213991801
29.047818237 -22.220296326
29.038723186 -22.223913676
29.017845906 -22.250372009
29.018052612 -22.255022888
29.002756388 -22.263394471
28.983739461 -22.281997986
28.960226685 -22.310213317
28.967926473 -22.380389913
28.963378947 -22.392172139
28.953457072 -22.400750427
28.930409383 -22.440851339
28.912529338 -22.453667094
28.869379517 -22.448912862
28.84659021 -22.449946391
28.836771688 -22.463175557
28.831190634 -22.482295837
28.816824585 -22.492941182
28.796774129 -22.498212178
28.774759969 -22.501416117
28.731351766 -22.513921814
28.659004761 -22.551955668
28.623864787 -22.562807719
28.597199747 -22.562704366
28.577562703 -22.560017192
28.559837687 -22.563014425
28.538495321 -22.580274353
28.522475626 -22.584821879
28.459378703 -22.569629007
28.376851441 -22.575003357
28.338559204 -22.584615173
28.301817261 -22.603838806
28.286831095 -22.615827739
28.25055424 -22.655618591
28.240684041 -22.660889587
28.216344442 -22.66316335
28.205492391 -22.665953877
28.196190633 -22.671638285
28.16466801 -22.708638611
28.159707072 -22.718147075
28.157743367 -22.731066182
28.159707072 -22.74326182
28.162704305 -22.751013285
28.162497599 -22.758971456
28.15495284 -22.771993916
28.145857788 -22.779745382
28.135625855 -22.783362732
28.125600626 -22.785533142
28.117435751 -22.789460551
28.113198283 -22.795351664
28.107720581 -22.810647888
28.103689819 -22.816745707
28.088807007 -22.82263682
28.065759318 -22.828837992
28.047155802 -22.836899516
28.045398804 -22.847751566
28.053977091 -22.86914561
28.049739624 -22.891366475
28.037440633 -22.911416931
28.02183435 -22.926609803
28.008295125 -22.934774678
27.989381551 -22.943766378
27.96840092 -22.951001078
27.949177287 -22.953894958
27.937498413 -22.963816833
27.937911825 -22.986657816
27.9460767 -23.029032491
27.930057007 -23.057041118
27.89553715 -23.079468689
27.853782593 -23.095591736
27.815748738 -23.104686788
27.822259969 -23.122980245
27.806446981 -23.128354594
27.784949585 -23.127011007
27.774200887 -23.125150655
27.771720418 -23.133005473
27.774614298 -23.140756937
27.779058472 -23.14768158
27.781022176 -23.152539164
27.783037557 -23.155433044
27.787378377 -23.159773865
27.789290405 -23.163804626
27.78458785 -23.165561625
27.783295939 -23.166905213
27.77575118 -23.172486267
27.774200887 -23.173003031
27.759421428 -23.211450297
27.753633667 -23.220752054
27.739164266 -23.227573344
27.725728394 -23.22168223
27.698443237 -23.193466899
27.658755737 -23.22343923
27.64712854 -23.227573344
27.633434285 -23.22343923
27.61917159 -23.217031351
27.608009481 -23.216721293
27.599224487 -23.244626566
27.580414266 -23.263850199
27.576073446 -23.279146423
27.575246623 -23.284830831
27.573076212 -23.290515238
27.569613892 -23.294856059
27.565893189 -23.296509704
27.563309367 -23.299196879
27.564911336 -23.305811462
27.56775354 -23.313769633
27.569355509 -23.320384216
27.563671102 -23.342811788
27.548891642 -23.360795187
27.528841186 -23.373094177
27.507240438 -23.379088644
27.465692586 -23.380432231
27.452670125 -23.385289815
27.443161661 -23.395108337
27.434996786 -23.406580506
27.425178263 -23.412678325
27.411122274 -23.405753682
27.418460327 -23.391284281
27.410502156 -23.389320577
27.39582605 -23.394074809
27.383733765 -23.399552511
27.380839885 -23.405340271
27.371331421 -23.417019144
27.36120284 -23.422496847
27.349989055 -23.391490987
27.33557133 -23.402446391
27.312006877 -23.4370696
27.295573771 -23.451745707
27.278107137 -23.463631287
27.239711548 -23.48140798
27.202504516 -23.492053324
27.191497437 -23.503835551
27.205656779 -23.523059184
27.195631551 -23.527089946
27.186639852 -23.527296651
27.178681681 -23.523575948
27.171446981 -23.515617777
27.168966512 -23.521612244
27.161525106 -23.529880473
27.157184285 -23.536701762
27.149122762 -23.527503357
27.137650594 -23.523369242
27.127418661 -23.525022888
27.12307784 -23.532981058
27.127418661 -23.54528005
27.135686889 -23.551894633
27.141164591 -23.55830251
27.136720418 -23.57018809
27.124421427 -23.563160095
27.113362671 -23.564296976
27.103750855 -23.571738383
27.095792684 -23.583830668
27.10251062 -23.583830668
27.084113811 -23.596026306
27.07832605 -23.602020773
27.075225464 -23.611219177
27.068404175 -23.607291768
27.061531209 -23.604397888
27.063133178 -23.624241638
27.069437703 -23.641708273
27.070057821 -23.65607432
27.054761596 -23.666409607
27.037605021 -23.665686136
27.029853557 -23.654730733
27.024272502 -23.642535095
27.013833862 -23.638504334
27.00417037 -23.645842387
26.986548706 -23.686976827
26.967170044 -23.718706156
26.962054077 -23.737413025
26.964542365 -23.74713997
26.966601603 -23.755189718
26.938127889 -23.802887065
26.945000854 -23.823247579
26.941176798 -23.850222677
26.870896851 -24.115839538
26.868933146 -24.160384623
26.849709513 -24.248131205
26.839167522 -24.265597839
26.82325118 -24.278827006
26.802270549 -24.289679056
26.714007202 -24.315930684
26.692923218 -24.326576029
26.684086547 -24.341458842
26.623470093 -24.399439799
26.558357788 -24.438197123
26.531175985 -24.458660991
26.506061238 -24.488840027
26.476812378 -24.559946798
26.469474325 -24.571418966
26.40436202 -24.632810567
26.404001092 -24.632758068
26.38162439 -24.629503275
26.363537638 -24.628056335
26.344520711 -24.624025574
26.32571049 -24.622371928
26.27878829 -24.628469746
26.165910617 -24.660846195
26.013584839 -24.704537456
25.981132039 -24.72634491
25.966042521 -24.733579611
25.914676148 -24.731822611
25.881706583 -24.742157898
25.874058472 -24.743398133
25.868374064 -24.748152364
25.866927124 -24.772646993
25.877262411 -24.845717469
25.876745646 -24.886025085
25.866203654 -24.918167827
25.837058146 -24.979146016
25.835197795 -25.016353048
25.804915405 -25.064825541
25.782901245 -25.131384785
25.695464722 -25.309978536
25.663528687 -25.439996439
25.652837702 -25.46331855
25.608855021 -25.559265645
25.587254272 -25.619520365
25.458424927 -25.711194356
25.386491333 -25.743543803
25.177821899 -25.7632842
25.13596399 -25.756566264
25.090282023 -25.743647155
25.051731405 -25.737859395
25.013284139 -25.743027039
24.967912231 -25.762870788
24.908380982 -25.804108581
24.888537231 -25.811653341
24.828902629 -25.826019389
24.798620239 -25.829223327
24.770714966 -25.822608744
24.737952107 -25.815890808
24.664984985 -25.823332214
24.629638306 -25.816097513
24.576721639 -25.783334656
24.500851117 -25.757848434
24.456728963 -25.743027039
24.436781861 -25.745300802
24.416731405 -25.753052266
24.389239542 -25.759460144
24.338906698 -25.751812032
24.296738729 -25.723493348
24.227699015 -25.648975932
24.18346399 -25.625928243
24.130960734 -25.626238302
24.027091105 -25.651766459
24.005697062 -25.654660339
24.004250122 -25.649906108
24.009624471 -25.641327819
24.008694296 -25.633162944
23.998255656 -25.625308126
23.988023723 -25.619520365
23.976448202 -25.617556661
23.924771769 -25.629235534
23.905754842 -25.618486836
23.890665324 -25.598849792
23.845396769 -25.569084167
23.807466268 -25.523608907
23.798577921 -25.518544617
23.77832076 -25.512550151
23.769019002 -25.507382507
23.762301066 -25.498494161
23.752069133 -25.477616883
23.742664022 -25.46996877
23.686750122 -25.454362487
23.674244425 -25.442580262
23.666699666 -25.432658386
23.561073038 -25.357314148
23.53585494 -25.343258158
23.506606079 -25.330959167
23.496580851 -25.324241231
23.483455037 -25.311528829
23.468158813 -25.290238139
23.459270467 -25.282176616
23.444904419 -25.278145853
23.43198531 -25.280316264
23.399222453 -25.29137502
23.38144576 -25.292615254
23.365942831 -25.289307963
23.320364217 -25.273391622
23.265690551 -25.263986511
23.216081176 -25.26719045
23.168538859 -25.280006205
23.093401327 -25.312459005
23.083892863 -25.319693706
23.071697225 -25.32599823
23.065496053 -25.320830587
23.061155233 -25.310702006
23.054540649 -25.302537129
23.030666138 -25.299436544
23.006998332 -25.310805359
22.968034302 -25.346875508
22.9625566 -25.355763855
22.960282837 -25.364342143
22.956148722 -25.372093607
22.944779907 -25.378708191
22.930930623 -25.384289245
22.920491984 -25.390490417
22.911913696 -25.399068705
22.903645467 -25.411367696
22.887625773 -25.450228373
22.876773722 -25.4620106
22.851348918 -25.471312357
22.844630981 -25.48113088
22.824683879 -25.543039246
22.816829061 -25.558438823
22.814038534 -25.566603698
22.813418416 -25.575078633
22.819206177 -25.584897156
22.82871464 -25.5955425
22.833365519 -25.606084493
22.824373819 -25.615799662
22.810834594 -25.625308126
22.80959436 -25.633266297
22.813418416 -25.641947937
22.81496871 -25.652799988
22.812798299 -25.667062683
22.810214478 -25.677397969
22.804426717 -25.687216491
22.75977828 -25.734862162
22.74644576 -25.755326029
22.740451294 -25.777030131
22.741174764 -25.790879414
22.74499882 -25.794083354
22.750889934 -25.796047058
22.757917928 -25.805968933
22.7641191 -25.820334981
22.765462687 -25.826536153
22.754713989 -25.84338267
22.739521118 -25.858472188
22.719470662 -25.874285177
22.708825318 -25.89102834
22.721641072 -25.909011739
22.726808716 -25.921620789
22.727222127 -25.943945007
22.724224894 -25.96750946
22.719367309 -25.984252625
22.710478963 -25.996861674
22.700660441 -26.003269552
22.672238403 -26.012881368
22.661593058 -26.020942891
22.662109823 -26.029831238
22.665830526 -26.039856466
22.665003702 -26.051431986
22.623249146 -26.10930959
22.620863103 -26.111532485
22.611156861 -26.120575053
22.591519816 -26.133184102
22.580254354 -26.146516622
22.563821248 -26.181139831
22.54511438 -26.207391459
22.527957805 -26.213695984
22.482585897 -26.204807638
22.450856568 -26.210078634
22.428842407 -26.226511739
22.39504602 -26.271883646
22.342852824 -26.317358907
22.318771606 -26.328831075
22.303165324 -26.333585306
22.257276652 -26.340923361
22.248284953 -26.346917827
22.237742961 -26.366761576
22.197435344 -26.40407196
22.178315064 -26.439935405
22.146172322 -26.519207051
22.108138469 -26.571917012
22.057702271 -26.617598979
21.998997843 -26.650258484
21.935849243 -26.663901062
21.838800903 -26.664521179
21.80727828 -26.669585469
21.780613241 -26.678163757
21.768727661 -26.688705749
21.767487427 -26.704312032
21.776479126 -26.749167175
21.777512654 -26.768494161
21.77337854 -26.786787618
21.762319784 -26.804460958
21.74381962 -26.820480652
21.687182251 -26.855207214
21.664547974 -26.863062032
21.643360636 -26.862751973
21.583932739 -26.848385925
21.498666626 -26.846422221
21.449470662 -26.826371765
21.426629679 -26.822651062
21.38084436 -26.823994649
21.296921834 -26.844458516
21.282865845 -26.844975281
21.254857218 -26.841771342
21.240594523 -26.841978048
21.153468058 -26.864508972
21.122462199 -26.865335795
20.990377238 -26.838567403
20.950172973 -26.816036479
20.907694946 -26.800016784
20.8518844 -26.806528015
20.826046183 -26.818827006
20.779434042 -26.848075867
20.714941854 -26.875050965
20.69354781 -26.889003601
20.690757283 -26.891794128
20.685692993 -26.8817689
20.675461059 -26.850039571
20.665642537 -26.839084168
20.650553019 -26.829679057
20.644868612 -26.824511414
20.63866744 -26.816966654
20.624818156 -26.789371439
20.614689575 -26.753197937
20.609211873 -26.716197612
20.608901815 -26.686121928
20.630709269 -26.618322449
20.632362915 -26.59527476
20.627712036 -26.580805359
20.611485636 -26.55992808
20.605284464 -26.547732442
20.602287232 -26.522204285
20.605284464 -26.493265483
20.618203573 -26.439728699
20.622544392 -26.42753306
20.652103312 -26.407792664
20.665952596 -26.39177297
20.695511515 -26.341956888
20.753285767 -26.276224467
20.776230103 -26.240567728
20.794730265 -26.201913757
20.837931763 -26.146826681
20.84144576 -26.131323751
20.80392867 -26.071275736
20.800518026 -26.052465515
20.802791789 -25.980531922
20.794110148 -25.893922221
20.76713505 -25.834390971
20.766928344 -25.830670267
20.755766235 -25.818991394
20.749978475 -25.818474629
20.7400566 -25.823125508
20.726517375 -25.827362976
20.727137492 -25.818164571
20.737782837 -25.798940938
20.716698853 -25.732588399
20.70688033 -25.714811706
20.696545044 -25.707060242
20.671016887 -25.695484721
20.66285201 -25.685252787
20.662748657 -25.674917501
20.671430298 -25.653316752
20.670810181 -25.642257995
20.663058716 -25.636263529
20.651379842 -25.634609884
20.641044556 -25.631199239
20.637943969 -25.620347188
20.643318319 -25.613215841
20.665229126 -25.601020203
20.671430298 -25.591201681
20.663368774 -25.564743347
20.618513631 -25.528466492
20.620373983 -25.500561219
20.626885213 -25.48474823
20.656547486 -25.46779836
20.643525024 -25.457359721
20.634429972 -25.457669779
20.625644979 -25.46273407
20.616549927 -25.466144714
20.606628051 -25.4620106
20.605904582 -25.451778666
20.611382283 -25.439376322
20.612002401 -25.43100474
20.596912882 -25.432865092
20.59360559 -25.413228047
20.588024536 -25.404029643
20.558775676 -25.392040711
20.542239217 -25.382222189
20.53583134 -25.371163431
20.529216756 -25.34005422
20.525082642 -25.332199402
20.514644002 -25.319280293
20.510509888 -25.312252299
20.510406534 -25.30470754
20.514850708 -25.299126485
20.518571411 -25.293028667
20.516401001 -25.283623556
20.50988977 -25.277525737
20.491803019 -25.269050802
20.485498495 -25.263159688
20.48353479 -25.256648457
20.481674439 -25.230500183
20.462450806 -25.223678894
20.44384729 -25.213343607
20.434442179 -25.199804382
20.443227173 -25.183061218
20.444777466 -25.168385111
20.433925415 -25.146784363
20.406846965 -25.107820333
20.375531047 -25.046118673
20.364885702 -25.033199565
20.235694621 -24.936047871
20.159316853 -24.893673197
20.14908492 -24.890986023
20.128414348 -24.889745788
20.118905884 -24.887368673
20.107847128 -24.880340678
20.081078735 -24.85264211
20.02929895 -24.815228373
20.010488729 -24.78804657
19.992918742 -24.775850932
19.986407511 -24.768822937
19.981446574 -24.752493184
19.981343221 -24.580410665
19.981136516 -24.408431498
19.980826456 -24.236555684
19.980723104 -24.064473165
19.980516398 -23.892493998
19.980482728 -23.864488702
19.980309692 -23.720566508
19.980102987 -23.548587341
19.979896281 -23.376504822
19.979855443 -23.308551121
19.979792928 -23.204525655
19.979586222 -23.032546488
19.979276164 -22.860670675
19.979172811 -22.688588155
19.978966105 -22.538106384
19.978862753 -22.387624614
19.978656046 -22.237246196
19.97844934 -22.086764425
19.978345988 -22.000671489
20.212440226 -22.000671489
20.446534465 -22.000671489
20.680628703 -22.000671489
20.914722941 -22.000671489
20.971980428 -22.000671489
20.984796183 -21.963981221
20.984692831 -21.922846781
20.984486125 -21.865175883
20.984279418 -21.807608338
20.984072713 -21.750040792
20.983866007 -21.692369893
20.983659302 -21.634698995
20.983452596 -21.577028096
20.983142538 -21.519357198
20.983039184 -21.461789653
20.982832479 -21.404118754
20.982625773 -21.346447855
20.982419067 -21.28888031
20.982212362 -21.231209412
20.982109009 -21.173641866
20.981902303 -21.11607432
20.981592244 -21.058403422
20.981488891 -21.000732523
20.981486329 -20.999958184
20.98107548 -20.87577891
20.980662068 -20.750721944
20.980248657 -20.62576833
20.979835246 -20.500711365
20.979421834 -20.375757751
20.97936047 -20.351028107
20.979111775 -20.250804138
20.978698364 -20.125850525
20.978284953 -20.000793559
20.977974894 -19.875839945
20.977561483 -19.750782979
20.977044718 -19.625829366
20.97673466 -19.500875753
20.976321248 -19.375818787
20.975804484 -19.250865173
20.975609052 -19.17210601
20.975494425 -19.12591156
20.975081014 -19.000957947
20.975081014 -18.960030212
20.975081014 -18.919205831
20.975081014 -18.878381449
20.975081014 -18.837660421
20.975081014 -18.796836039
20.975081014 -18.756011658
20.975081014 -18.715187276
20.975081014 -18.674362895
20.975081014 -18.633538513
20.975081014 -18.592714131
20.975081014 -18.551993103
20.975081014 -18.511065369
20.975081014 -18.470137634
20.975081014 -18.429313253
20.975081014 -18.388592224
20.975081014 -18.347767842
20.975081014 -18.319345805
20.993436476 -18.318611586
21.024173625 -18.3173821
21.080604288 -18.31521169
21.1369316 -18.312937927
21.193465617 -18.310767517
21.249896281 -18.308493754
21.296818482 -18.306633402
21.343947388 -18.304773051
21.390869588 -18.302912699
21.437895142 -18.301052348
21.456808715 -18.300225525
21.47572229 -18.299502055
21.492878865 -18.296401469
21.509828735 -18.29319753
21.526985311 -18.289993591
21.544038534 -18.286789653
21.628477824 -18.27118337
21.712710409 -18.255577088
21.797149699 -18.239867452
21.881485637 -18.224157817
21.96602828 -18.208551534
22.050260865 -18.192841899
22.134596801 -18.177235616
22.219036092 -18.161525981
22.303475383 -18.145816345
22.38781132 -18.130210063
22.472147257 -18.114500427
22.556483195 -18.098790792
22.640922485 -18.083184509
22.725258423 -18.067474874
22.809697713 -18.051868591
22.89403365 -18.036158956
22.981366822 -18.020035909
23.099602499 -18.010217387
23.185798787 -18.003086039
23.254941854 -17.997401632
23.292769002 -17.998951925
23.305688111 -18.005463155
23.31147587 -18.009803975
23.312819458 -18.016521912
23.312716105 -18.029957784
23.315920044 -18.037089132
23.323258097 -18.039156189
23.33059615 -18.039983012
23.33380009 -18.043290304
23.332559855 -18.067061462
23.33380009 -18.073986104
23.336590617 -18.079360454
23.348062785 -18.094449971
23.359534952 -18.119151306
23.389713989 -18.153257751
23.395811808 -18.163386332
23.396328573 -18.169380798
23.394468221 -18.186227315
23.395811808 -18.191394959
23.40128951 -18.194288839
23.410281209 -18.197389425
23.418859497 -18.198422953
23.429401489 -18.188501078
23.444284302 -18.200696716
23.458753703 -18.217646586
23.464128052 -18.225501404
23.47777063 -18.230875752
23.491309855 -18.233149516
23.501541789 -18.237490336
23.505675904 -18.249375916
23.511256958 -18.260331319
23.521695597 -18.268186137
23.527276652 -18.2776946
23.518801717 -18.293714294
23.551461222 -18.327510681
23.56076298 -18.348491313
23.546603637 -18.369471944
23.555491984 -18.383114523
23.571304972 -18.426005961
23.57915979 -18.467863871
23.592182251 -18.478199157
23.609855591 -18.477682393
23.645408976 -18.466003519
23.649853149 -18.463419698
23.656467733 -18.458252055
23.680135539 -18.431483663
23.700909464 -18.427969666
23.715792277 -18.419081319
23.809843384 -18.321722921
23.825553019 -18.317072042
23.837231892 -18.305806579
23.855215291 -18.280071716
23.867514283 -18.269426371
23.896969849 -18.250202738
23.91288619 -18.235733337
23.915986776 -18.201213481
23.950816691 -18.177649027
23.956604451 -18.176615499
23.9619788 -18.177855733
23.966733032 -18.180646261
23.971177206 -18.183850199
23.974897909 -18.177028911
23.979652141 -18.171861267
23.991744426 -18.163386332
24.020269816 -18.151604106
24.028124634 -18.145816345
24.056960083 -18.119047954
24.065124959 -18.115223897
24.101608521 -18.10881602
24.135094848 -18.085458272
24.183050578 -18.029441019
24.218293904 -18.012594502
24.238241007 -18.009907328
24.259221639 -18.012594502
24.270073689 -18.015798442
24.287436971 -18.024480082
24.29642867 -18.026237081
24.305833781 -18.019415792
24.334255819 -17.971563415
24.350585571 -17.956060485
24.365261678 -17.95078949
24.399471476 -17.952339782
24.421588989 -17.956473897
24.43388798 -17.967222595
24.451044556 -17.998951925
24.458485962 -18.005773214
24.465100545 -18.008667094
24.469751424 -18.014454854
24.471508422 -18.029957784
24.505614868 -18.060343526
24.518430623 -18.057346293
24.564422648 -18.052798767
24.574551229 -18.050421651
24.577755168 -18.044427185
24.591811157 -18.028407491
24.595015096 -18.022826436
24.598632446 -18.020759379
24.649171997 -17.962778422
24.664054809 -17.949859314
24.698471314 -17.928878683
24.725343058 -17.895909119
24.730717407 -17.891878357
24.738158814 -17.88764089
24.746840454 -17.884230245
24.756038859 -17.882783305
24.764513793 -17.879682719
24.770714966 -17.865523376
24.776916138 -17.862319438
24.797380005 -17.85808197
24.820841105 -17.839271749
24.838101033 -17.835034281
24.85742802 -17.833587341
24.931118612 -17.810539653
24.937629842 -17.807129008
24.945174601 -17.79999766
24.948585246 -17.793279724
24.953339477 -17.788422139
24.964294881 -17.786665141
24.958093709 -17.800927836
24.968635702 -17.807645772
24.975146932 -17.816327413
24.983311808 -17.820461527
24.99850468 -17.813950297
25.007082967 -17.825732523
25.019692016 -17.823768819
25.047493937 -17.807129008
25.057002401 -17.827696228
25.087904907 -17.826766052
25.120874471 -17.813536885
25.153947387 -17.781807556
25.194151652 -17.78232432
25.259780721 -17.794106547
