32.975108269 -26.009454034
32.964528842 -26.038018488
32.961273634 -26.044122003
32.95191491 -26.052992446
32.949392123 -26.053969008
32.946136915 -26.049899998
32.934743686 -26.044122003
32.930837436 -26.039483331
32.930349155 -26.032647394
32.926768425 -26.028252863
32.913584832 -26.030450128
32.913828972 -26.034600519
32.906748894 -26.057793878
32.895355665 -26.028415623
32.918304884 -26.001397394
32.954356316 -25.98056406
32.982595248 -25.969008071
32.981944207 -25.980157159
32.975108269 -26.009454034
35.455332879 -21.78134531
35.434906446 -21.782891534
35.427093946 -21.768812758
35.426605665 -21.748955988
35.437510613 -21.672946873
35.469574415 -21.549086196
35.480967644 -21.529554946
35.490000847 -21.530205988
35.495453321 -21.545505467
35.496836785 -21.569594008
35.490733269 -21.641859633
35.455332879 -21.78134531
39.903301701 -16.409805571
39.878475564 -16.416889711
39.856391488 -16.409869336
39.832454849 -16.390516822
39.817701677 -16.356180195
39.821337247 -16.317412412
39.832347012 -16.299772693
39.860823814 -16.286503207
39.90953714 -16.275827136
39.943576814 -16.279272035
39.946372178 -16.302192319
39.941800637 -16.322479136
39.915147536 -16.348977069
39.906923488 -16.378073931
39.908796099 -16.395697744
39.903301701 -16.409805571
40.464854363 -10.49586354
40.483734571 -10.50009531
40.51050866 -10.477715753
40.527028842 -10.488457941
40.532074415 -10.509454034
40.521494988 -10.526136977
40.50660241 -10.539320571
40.49903405 -10.550469659
40.50660241 -10.5663388
40.524750196 -10.572930597
40.54558353 -10.576918227
40.561045769 -10.584649347
40.568125847 -10.599786066
40.570485873 -10.633884373
40.577810092 -10.649834894
40.592133009 -10.657891534
40.631358269 -10.662855727
40.646739129 -10.670342706
40.65495853 -10.686944269
40.640391472 -10.6913388
40.602061394 -10.687676691
40.569834832 -10.696709894
40.485362175 -10.762139581
40.492198113 -10.79697031
40.500010613 -10.791599217
40.505625847 -10.785414321
40.509613477 -10.778415623
40.512705925 -10.76962656
40.531993035 -10.785821222
40.602061394 -10.820489191
40.620290561 -10.840915623
40.601573113 -10.859958592
40.546722852 -10.885674738
40.528575066 -10.901950779
40.508311394 -10.927666925
40.496104363 -10.955743097
40.50660241 -10.992771092
40.498383009 -11.0272763
40.50652103 -11.037204685
40.517914259 -11.034437758
40.531016472 -11.009535415
40.540537957 -11.003106378
40.566091342 -11.013929946
40.565765821 -11.042413019
40.552012566 -11.07431406
40.536875847 -11.095147394
40.504893425 -11.128594659
40.49903405 -11.139580988
40.498383009 -11.152520441
40.505869988 -11.177504165
40.50652103 -11.18743255
40.494151238 -11.204766534
40.427582227 -11.252862238
40.420095248 -11.265883071
40.405446811 -11.3007138
40.39722741 -11.310804946
40.384450717 -11.315199477
40.360524936 -11.315199477
40.348806186 -11.317071222
40.359060092 -11.33212656
40.367686394 -11.351250909
40.375498894 -11.358656508
40.382985873 -11.338148696
40.398122592 -11.346856378
40.413828972 -11.361504816
40.427500847 -11.377862238
40.436859571 -11.392185154
40.465830925 -11.385186456
40.47136478 -11.416761977
40.465098504 -11.450372003
40.458018425 -11.489027602
40.447520379 -11.520114842
40.439463738 -11.533786717
40.427582227 -11.547295831
40.423350457 -11.563164972
40.435069207 -11.578708592
40.450450066 -11.592868748
40.458018425 -11.605075779
40.45199629 -11.616306248
40.429453972 -11.641534113
40.427582227 -11.650079034
40.438324415 -11.664646092
40.441579623 -11.676364842
40.44434655 -11.708754165
40.448985222 -11.728448175
40.46745853 -11.74586354
40.470713738 -11.751234633
40.472015821 -11.75758229
40.473806186 -11.806247654
40.4795028 -11.823418878
40.492198113 -11.839043878
40.500824415 -11.834242446
40.506195509 -11.833265883
40.520192905 -11.839043878
40.493011915 -11.866143488
40.486175977 -11.895196222
40.493011915 -11.925062758
40.50652103 -11.954522394
40.536875847 -11.996840102
40.536875847 -12.006036066
40.521820509 -12.021742446
40.515472852 -12.032159113
40.512705925 -12.064385675
40.500824415 -12.112481378
40.49903405 -12.126560154
40.5029403 -12.14430104
40.521332227 -12.17180755
40.527028842 -12.187920831
40.524912957 -12.204522394
40.517344597 -12.225030206
40.505869988 -12.242608331
40.492198113 -12.25009531
40.477875196 -12.245782159
40.46371504 -12.239922784
40.453623894 -12.242608331
40.451182488 -12.263604425
40.475840691 -12.258070571
40.497813347 -12.274183852
40.513682488 -12.30055104
40.520192905 -12.325778904
40.517100457 -12.33961354
40.5107528 -12.351739191
40.50652103 -12.364353123
40.509532097 -12.380303644
40.51832116 -12.388441665
40.532074415 -12.39072031
40.561045769 -12.387139581
40.558116082 -12.397556248
40.552256707 -12.405938409
40.544118686 -12.411797784
40.521169467 -12.417575779
40.51465905 -12.426690363
40.50652103 -12.447930597
40.480316602 -12.48430755
40.478200717 -12.501071873
40.492198113 -12.516859633
40.50277754 -12.521416925
40.514903191 -12.52337005
40.556895379 -12.525323175
40.562022332 -12.530043227
40.561045769 -12.598565363
40.564789259 -12.61305104
40.573741082 -12.619398696
40.585134311 -12.622247003
40.614105665 -12.63681406
40.619639519 -12.645114842
40.612640821 -12.657484633
40.602712436 -12.658949477
40.585622592 -12.639825128
40.574717644 -12.639825128
40.568044467 -12.649590753
40.568695509 -12.662286066
40.578135613 -12.706312758
40.586436394 -12.706638279
40.597422722 -12.700941665
40.608897332 -12.701836847
40.61605879 -12.712172133
40.624522332 -12.7382138
40.629405144 -12.743422133
40.641449415 -12.746840102
40.646820509 -12.755303644
40.646820509 -12.766289972
40.643077019 -12.777520441
40.626963738 -12.793633722
40.605479363 -12.798272394
40.583994988 -12.792657159
40.567881707 -12.777520441
40.567067905 -12.785577081
40.568858269 -12.795586847
40.571950717 -12.803399347
40.574717644 -12.804864191
40.560069207 -12.813897394
40.531993035 -12.811455988
40.527028842 -12.818942967
40.533213738 -12.827325128
40.54558353 -12.835219008
40.554453972 -12.846856378
40.550547722 -12.866387628
40.539317254 -12.892998956
40.533213738 -12.901055597
40.524424675 -12.909356378
40.521739129 -12.91025156
40.519379102 -12.906426691
40.512705925 -12.901055597
40.513682488 -12.892673435
40.510264519 -12.886000258
40.49903405 -12.880547784
40.490244988 -12.879652602
40.484060092 -12.881280206
40.455332879 -12.896172784
40.434906446 -12.910332941
40.417979363 -12.926853123
40.410899285 -12.942071222
40.412608269 -12.96103281
40.417735222 -12.971856378
40.468272332 -13.017022394
40.48340905 -13.021905206
40.49903405 -13.016534113
40.512380405 -12.998955988
40.507090691 -12.984795831
40.496267123 -12.970961196
40.492198113 -12.955010675
40.500173373 -12.948011977
40.515472852 -12.947442316
40.532074415 -12.951592706
40.543711785 -12.958428644
40.558116082 -12.962334894
40.575043165 -12.957777602
40.589203321 -12.957940363
40.595225457 -12.975681248
40.589610222 -13.008070571
40.565684441 -13.066013279
40.561045769 -13.099053644
40.563487175 -13.116875909
40.572764519 -13.150567316
40.574717644 -13.16806406
40.567881707 -13.243340753
40.562266472 -13.262872003
40.54948978 -13.274509373
40.535492384 -13.284356378
40.527028842 -13.298272394
40.529633009 -13.310235284
40.542816602 -13.305271092
40.567881707 -13.284763279
40.567881707 -13.366631769
40.572520379 -13.364841404
40.583750847 -13.362237238
40.588389519 -13.360446873
40.584483269 -13.383233331
40.554209832 -13.415134373
40.546722852 -13.431817316
40.544688347 -13.474704685
40.538747592 -13.495538019
40.527028842 -13.510511977
40.527028842 -13.510593357
40.544444207 -13.524672133
40.559092644 -13.5429013
40.574554884 -13.5585263
40.595225457 -13.565199477
40.59644616 -13.571709894
40.583343946 -13.587009373
40.550547722 -13.616794529
40.539398634 -13.636407159
40.542653842 -13.658868097
40.569997592 -13.716403904
40.574961785 -13.734551691
40.590586785 -13.853285415
40.603526238 -13.880140883
40.60417728 -13.891045831
40.606211785 -13.902032159
40.621755405 -13.916680597
40.628428582 -13.925062758
40.633962436 -13.934502863
40.636241082 -13.942559503
40.638519727 -13.967461847
40.648692254 -14.011325779
40.650563998 -14.031914972
40.645681186 -14.05868906
40.634287957 -14.070733331
40.595225457 -14.085381769
40.606700066 -14.092054946
40.616465691 -14.10149505
40.621592644 -14.11337656
40.619476759 -14.127211196
40.609629754 -14.138604425
40.5966903 -14.143161717
40.567881707 -14.147393488
40.538584832 -14.164483331
40.545420769 -14.181329034
40.560069207 -14.201836847
40.554209832 -14.230075779
40.567881707 -14.225762628
40.579112175 -14.206638279
40.588063998 -14.206149998
40.594899936 -14.21461354
40.591807488 -14.224704685
40.590179884 -14.234795831
40.602061394 -14.243584894
40.587087436 -14.254489842
40.58090254 -14.257256769
40.591481967 -14.263278904
40.601898634 -14.263116144
40.61215254 -14.258233331
40.622569207 -14.250420831
40.622325066 -14.221286717
40.64714603 -14.202569269
40.696299675 -14.182549738
40.708506707 -14.190687758
40.720713738 -14.204766534
40.726247592 -14.219821873
40.724131707 -14.250176691
40.72934004 -14.261407159
40.746104363 -14.270928644
40.735036655 -14.28525156
40.730235222 -14.304131769
40.729991082 -14.323663019
40.732432488 -14.33993906
40.718760613 -14.344333592
40.695160352 -14.362725519
40.684580925 -14.36712005
40.67074629 -14.36305104
40.651621941 -14.34351979
40.636241082 -14.33993906
40.656586134 -14.4491513
40.638845248 -14.443536066
40.629649285 -14.449883722
40.630625847 -14.461114191
40.643077019 -14.470147394
40.622569207 -14.490655206
40.624522332 -14.49618906
40.629079623 -14.501560154
40.633799675 -14.504815363
40.636241082 -14.504327081
40.628754102 -14.5507138
40.629405144 -14.5663388
40.650563998 -14.547051691
40.665293816 -14.523858331
40.692637566 -14.439711196
40.700531446 -14.432061456
40.7607528 -14.403741144
40.773285352 -14.401299738
40.801442905 -14.410739842
40.828379754 -14.434258722
40.84253991 -14.464450779
40.832041863 -14.494073175
40.81902103 -14.502536717
40.788422071 -14.509372654
40.773285352 -14.514825128
40.760020379 -14.526136977
40.760996941 -14.53492604
40.771739129 -14.539727472
40.786957227 -14.53915781
40.797129754 -14.532159113
40.806162957 -14.522230727
40.816091342 -14.517185154
40.828623894 -14.524834894
40.833750847 -14.538750909
40.832204623 -14.555840753
40.81137129 -14.612969659
40.813243035 -14.623711847
40.821787957 -14.640801691
40.825043165 -14.644138279
40.83090254 -14.648125909
40.837168816 -14.653741144
40.842295769 -14.662041925
40.843516472 -14.668552342
40.843597852 -14.682305597
40.845713738 -14.689222915
40.847992384 -14.705010675
40.834157748 -14.763604425
40.832204623 -14.769138279
40.832692905 -14.774021092
40.8388778 -14.781426691
40.84245853 -14.787204685
40.84253991 -14.7929013
40.840098504 -14.798272394
40.835459832 -14.802341404
40.787608269 -14.821954034
40.78012129 -14.829522394
40.775157097 -14.838067316
40.739268425 -14.874281508
40.726247592 -14.886895441
40.70972741 -14.895277602
40.691661004 -14.900079034
40.674082879 -14.901543878
40.665700717 -14.895440363
40.654551629 -14.865166925
40.643077019 -14.853773696
40.646983269 -14.872653904
40.648122592 -14.891534113
40.653656446 -14.908461196
40.67090905 -14.922051691
40.686859571 -14.924574477
40.734385613 -14.924493097
40.746104363 -14.922051691
40.756358269 -14.938083592
40.767100457 -14.960381769
40.774424675 -14.982354425
40.773936394 -14.997735284
40.759043816 -14.985609633
40.74887129 -14.984551691
40.739268425 -14.98837656
40.726247592 -14.990980727
40.67090905 -14.97665781
40.661957227 -14.994886977
40.67457116 -15.023614191
40.711924675 -15.072930597
40.680837436 -15.083672784
40.649668816 -15.087660415
40.622243686 -15.098077081
40.602061394 -15.128106378
40.587657097 -15.122816665
40.567393425 -15.118340753
40.547211134 -15.11695729
40.533213738 -15.120700779
40.528005405 -15.131036066
40.519704623 -15.167250258
40.512705925 -15.182061456
40.548350457 -15.18743255
40.566091342 -15.193536066
40.58090254 -15.20322031
40.589528842 -15.173028253
40.609629754 -15.161309503
40.63542728 -15.164646092
40.660411004 -15.178969008
40.674164259 -15.201104425
40.681651238 -15.233005467
40.677500847 -15.260918878
40.656586134 -15.271579685
40.669281446 -15.286716404
40.66684004 -15.299248956
40.629405144 -15.339043878
40.624847852 -15.345635675
40.626638217 -15.361423435
40.623545769 -15.369805597
40.618337436 -15.378350519
40.612640821 -15.385023696
40.593435092 -15.4022763
40.588389519 -15.408623956
40.586680535 -15.416110935
40.588226759 -15.432305597
40.58464603 -15.439711196
40.576345248 -15.45305755
40.572764519 -15.468194269
40.576182488 -15.478610935
40.588389519 -15.477634373
40.581797722 -15.49212005
40.5732528 -15.504978123
40.561859571 -15.515883071
40.546722852 -15.525323175
40.533376498 -15.530938409
40.524261915 -15.531670831
40.49903405 -15.525323175
40.495941602 -15.551527602
40.480723504 -15.569105727
40.440684441 -15.597344659
40.425791863 -15.615004165
40.363617384 -15.7147763
40.164561394 -15.915622654
40.122243686 -15.939629816
40.11605879 -15.948418878
40.113942905 -15.96103281
40.109711134 -15.972263279
40.098399285 -15.977227472
40.089121941 -15.978610935
40.076182488 -15.982517185
40.064952019 -15.989190363
40.060801629 -15.998304946
40.072032097 -16.009535415
40.093516472 -15.997979425
40.129079623 -15.963555597
40.134776238 -15.986504816
40.126800977 -16.004082941
40.115244988 -16.020277602
40.109222852 -16.039239191
40.104746941 -16.064060154
40.093028191 -16.079522394
40.060801629 -16.108168227
40.019297722 -16.184991144
39.992360873 -16.22242604
39.957774285 -16.238539321
39.893728061 -16.239678644
39.875254754 -16.244805597
39.813324415 -16.276950779
39.783376498 -16.301934503
39.780935092 -16.306247654
39.782562696 -16.314873956
39.789398634 -16.318454685
39.800629102 -16.319919529
39.801280144 -16.331719659
39.7998153 -16.356377863
39.800629102 -16.368259373
39.807953321 -16.388929946
39.820648634 -16.406670831
39.837087436 -16.420505467
39.855967644 -16.42978281
39.810557488 -16.457614842
39.793793165 -16.463799738
39.792653842 -16.456719659
39.787608269 -16.443617446
39.786387566 -16.436455988
39.776866082 -16.440850519
39.766937696 -16.443291925
39.75668379 -16.444105727
39.746104363 -16.443291925
39.751312696 -16.447930597
39.7607528 -16.459079685
39.765961134 -16.463799738
39.739105665 -16.473077081
39.729014519 -16.479180597
39.718272332 -16.491143488
39.719574415 -16.492933852
39.720713738 -16.499200128
39.719899936 -16.507256769
39.715098504 -16.515069269
39.6982528 -16.532159113
39.67839603 -16.546075128
39.637461785 -16.568291925
39.607676629 -16.591892185
39.567393425 -16.604424738
39.557790561 -16.610935154
39.532562696 -16.635837498
39.356211785 -16.723890883
39.204356316 -16.816989842
39.187510613 -16.830987238
39.161468946 -16.867852472
39.14747155 -16.876641534
39.129161004 -16.867852472
39.129079623 -16.871840102
39.128916863 -16.888116144
39.117930535 -16.901788019
39.10043379 -16.910414321
39.08073978 -16.915704034
39.098317905 -16.92180755
39.113291863 -16.917250258
39.122325066 -16.917413019
39.122325066 -16.936781508
39.11622155 -16.954766534
39.104991082 -16.970961196
39.090505405 -16.983819269
39.074554884 -16.991387628
39.038584832 -16.995293878
39.003672722 -16.993259373
38.970469597 -16.996270441
38.912608269 -17.033868097
38.875498894 -17.045586847
38.718272332 -17.059665623
38.703135613 -17.054131769
38.679453972 -17.030205988
38.66293379 -17.025567316
38.684906446 -17.054131769
38.66675866 -17.075372003
38.629893425 -17.088962498
38.595469597 -17.094414972
38.599782748 -17.076104425
38.553070509 -17.121758722
38.537445509 -17.121514581
38.526621941 -17.114190363
38.518809441 -17.106540623
38.512217644 -17.104668878
38.504242384 -17.110935154
38.500336134 -17.118584894
38.500824415 -17.127129816
38.505381707 -17.135430597
38.222829623 -17.243584894
38.20980879 -17.252699477
38.187022332 -17.278008722
38.172862175 -17.287530206
38.155935092 -17.286797784
38.137705925 -17.263848566
38.136241082 -17.196465753
38.121755405 -17.176934503
38.128591342 -17.197442316
38.116709832 -17.201918227
38.104014519 -17.201104425
38.091807488 -17.196709894
38.08082116 -17.190687758
38.094737175 -17.211114191
38.118174675 -17.234551691
38.129649285 -17.256605727
38.10808353 -17.27320729
38.1279403 -17.286309503
38.104746941 -17.303643488
38.039886915 -17.327813409
37.90886478 -17.355157159
37.853688998 -17.383477472
37.724457227 -17.468357029
37.714366082 -17.469984633
37.717051629 -17.4569638
37.692067905 -17.467054946
37.65512129 -17.497816665
37.615244988 -17.523858331
37.580577019 -17.518975519
37.555918816 -17.545668227
37.427419467 -17.618747654
37.400645379 -17.6444638
37.38559004 -17.654880467
37.371104363 -17.658461196
37.360850457 -17.649997654
37.343923373 -17.673109633
37.333994988 -17.681084894
37.319834832 -17.684177342
37.293142123 -17.684747003
37.282969597 -17.690606378
37.278981967 -17.704278253
37.267832879 -17.720391534
37.242198113 -17.736504816
37.212412957 -17.745049738
37.189463738 -17.738702081
37.185069207 -17.775648696
37.156586134 -17.810235284
37.086436394 -17.869073175
37.013519727 -17.985528253
36.984060092 -18.012383722
36.983653191 -18.004652602
36.977224155 -17.985121352
36.970388217 -17.99195729
36.961436394 -17.979099217
36.952647332 -17.969496352
36.942393425 -17.962009373
36.929209832 -17.955336196
36.915049675 -17.944919529
36.911468946 -17.932549738
36.911631707 -17.918633722
36.908376498 -17.903252863
36.887950066 -17.881036066
36.859141472 -17.871270441
36.832774285 -17.877618097
36.819590691 -17.903252863
36.851735873 -17.88290781
36.873545769 -17.899021092
36.887461785 -17.932549738
36.895274285 -17.96461354
36.900075717 -18.001641534
36.907481316 -18.014418227
36.940928582 -18.022230727
36.952484571 -18.029229425
36.96355228 -18.038262628
36.977224155 -18.046563409
36.946625196 -18.101820571
36.932871941 -18.118829034
36.906993035 -18.144707941
36.898448113 -18.158868097
36.895274285 -18.176934503
36.887380405 -18.189060154
36.868418816 -18.186211847
36.845550977 -18.178969008
36.826426629 -18.177504165
36.81120853 -18.186944269
36.801036004 -18.201348566
36.785411004 -18.232110284
36.804209832 -18.225355727
36.833506707 -18.204766534
36.847504102 -18.198011977
36.835703972 -18.219008071
36.766286655 -18.300225519
36.72559655 -18.332940363
36.63168379 -18.437676691
36.58497155 -18.478936456
36.552012566 -18.486016534
36.544769727 -18.526299738
36.538340691 -18.540704034
36.531911655 -18.536228123
36.511078321 -18.527032159
36.51441491 -18.54680755
36.517914259 -18.553643488
36.505056186 -18.552422784
36.486664259 -18.552911066
36.472911004 -18.556410415
36.473480665 -18.564222915
36.4795028 -18.576429946
36.474457227 -18.588148696
36.456553582 -18.608982029
36.417491082 -18.688734633
36.401866082 -18.711358331
36.403656446 -18.698174738
36.401621941 -18.689385675
36.396250847 -18.686455988
36.388194207 -18.690850519
36.384287957 -18.698663019
36.381114129 -18.720472915
36.372406446 -18.741794529
36.380544467 -18.744561456
36.389903191 -18.740411066
36.388194207 -18.732517185
36.391856316 -18.734633071
36.398773634 -18.737399998
36.401866082 -18.739353123
36.403005405 -18.742445571
36.403168165 -18.752129816
36.416188998 -18.774997654
36.407481316 -18.784844659
36.390798373 -18.790785415
36.37769616 -18.797295831
36.358897332 -18.804131769
36.336273634 -18.797295831
36.313731316 -18.786065363
36.295420769 -18.780205988
36.27222741 -18.758477472
36.238129102 -18.694105727
36.236827019 -18.725030206
36.258555535 -18.794366144
36.264170769 -18.830254816
36.250336134 -18.862888279
36.259043816 -18.865411066
36.265472852 -18.870212498
36.269379102 -18.877211196
36.270843946 -18.886407159
36.266937696 -18.890883071
36.258148634 -18.889336847
36.244313998 -18.883233331
36.211436394 -18.888278904
36.182139519 -18.896905206
36.146739129 -18.900485935
36.13184655 -18.886325779
36.126963738 -18.828708592
36.129079623 -18.821221613
36.133067254 -18.811944269
36.133067254 -18.804131769
36.12378991 -18.8007138
36.114268425 -18.802178644
36.108571811 -18.805922133
36.078461134 -18.837823175
36.030609571 -18.905694269
36.009532097 -18.920830988
35.976735873 -18.924899998
35.982758009 -18.904554946
35.978851759 -18.893731378
35.968923373 -18.892998956
35.956797722 -18.903741144
35.950938347 -18.918226821
35.946787957 -18.936130467
35.940765821 -18.95322031
35.928965691 -18.965101821
35.907481316 -18.969821873
35.895518425 -18.961358331
35.886403842 -18.949476821
35.873545769 -18.944105727
35.863942905 -18.946384373
35.855316602 -18.951348566
35.849375847 -18.959079685
35.846934441 -18.968926691
35.85027103 -18.978692316
35.857758009 -18.976820571
35.866872592 -18.971937758
35.873545769 -18.9725888
35.867442254 -18.988457941
35.723399285 -19.082452081
35.714366082 -19.092380467
35.698985222 -19.114190363
35.688731316 -19.122816665
35.676117384 -19.119805597
35.662282748 -19.132989191
35.640879754 -19.170668227
35.648122592 -19.167087498
35.653819207 -19.165704034
35.668223504 -19.16383229
35.668223504 -19.170668227
35.640472852 -19.185479425
35.614024285 -19.205743097
35.56519616 -19.252618097
35.585703972 -19.252618097
35.577321811 -19.266371352
35.532725457 -19.315199477
35.525401238 -19.32008229
35.513926629 -19.322035415
35.505218946 -19.325372003
35.501475457 -19.333265883
35.49870853 -19.343194269
35.493174675 -19.352471613
35.441661004 -19.417657159
35.339854363 -19.520684503
35.222504102 -19.610121352
35.126800977 -19.705010675
35.092133009 -19.719414972
35.067067905 -19.726006769
35.012543165 -19.779473566
34.982269727 -19.801364842
34.973155144 -19.790948175
34.961761915 -19.798435154
34.934580925 -19.829278253
34.880056186 -19.86337656
34.848480665 -19.85165781
34.840017123 -19.844414972
34.832774285 -19.829278253
34.827403191 -19.80055104
34.82309004 -19.786716404
34.815684441 -19.780857029
34.80730228 -19.775567316
34.764984571 -19.739841404
34.717133009 -19.723077081
34.70582116 -19.715590102
34.666351759 -19.659274998
34.658050977 -19.650485935
34.642914259 -19.643812758
34.636241082 -19.628350519
34.632578972 -19.610121352
34.626719597 -19.595879816
34.616953972 -19.589450779
34.601084832 -19.582940363
34.583506707 -19.57789479
34.568614129 -19.575941665
34.553233269 -19.582289321
34.542735222 -19.610121352
34.530446811 -19.616306248
34.530446811 -19.623711847
34.546071811 -19.622735284
34.56511478 -19.606703383
34.582041863 -19.602715753
34.599619988 -19.604913019
34.613780144 -19.611586196
34.623220248 -19.623304946
34.630218946 -19.654229425
34.638845248 -19.669528904
34.691905144 -19.742933852
34.69809004 -19.746677342
34.708181186 -19.75009531
34.725922071 -19.753513279
34.735036655 -19.756768488
34.74122155 -19.764743748
34.750173373 -19.780857029
34.773610873 -19.806084894
34.777598504 -19.815036717
34.772959832 -19.841485284
34.757578972 -19.869073175
34.735118035 -19.886895441
34.709239129 -19.883884373
34.711761915 -19.901055597
34.721202019 -19.901055597
34.73316491 -19.893975519
34.743337436 -19.890069269
34.761078321 -19.895196222
34.764821811 -19.903252863
34.757009311 -19.931735935
34.757578972 -19.947930597
34.764170769 -19.98023854
34.764984571 -19.993096613
34.763845248 -20.001397394
34.761973504 -20.006768488
34.758799675 -20.011407159
34.753591342 -20.017266534
34.74887129 -20.026788019
34.750743035 -20.035332941
34.754730665 -20.043389581
34.757009311 -20.051446222
34.755625847 -20.073337498
34.757009311 -20.083103123
34.760020379 -20.090590102
34.768809441 -20.10523854
34.771983269 -20.120293878
34.776866082 -20.135023696
34.777598504 -20.143812758
34.774912957 -20.15211354
34.766856316 -20.161553644
34.764984571 -20.168389581
34.75652103 -20.180352472
34.73715254 -20.175062758
34.70582116 -20.157484633
34.689219597 -20.161553644
34.675140821 -20.167657159
34.663828972 -20.167087498
34.65528405 -20.151462498
34.656423373 -20.158949477
34.656260613 -20.164646092
34.65528405 -20.17180755
34.67074629 -20.188571873
34.743337436 -20.22649505
34.743337436 -20.232679946
34.735118035 -20.240817967
34.727549675 -20.252862238
34.720957879 -20.267022394
34.710297071 -20.30055104
34.70573978 -20.310967706
34.685313347 -20.332289321
34.679942254 -20.346937758
34.703461134 -20.362481378
34.698741082 -20.373223566
34.683278842 -20.383884373
34.670176629 -20.388360284
34.656911655 -20.386163019
34.640310092 -20.376071873
34.643890821 -20.390801691
34.649261915 -20.405531508
34.656260613 -20.418552342
34.664561394 -20.428480727
34.677582227 -20.437107029
34.698903842 -20.440850519
34.709239129 -20.445570571
34.712250196 -20.452406508
34.716319207 -20.466973566
34.71753991 -20.483656508
34.712657097 -20.497165623
34.673106316 -20.528903904
34.668304884 -20.541110935
34.703379754 -20.523858331
34.724294467 -20.519138279
34.739919467 -20.524346613
34.742442254 -20.550225519
34.749685092 -20.560153904
34.764984571 -20.548597915
34.773122592 -20.569512628
34.786468946 -20.578871352
34.80372155 -20.58587005
34.822113477 -20.599786066
34.832530144 -20.612074477
34.840098504 -20.62493255
34.844737175 -20.64072031
34.84644616 -20.661553644
34.851817254 -20.670830988
34.880381707 -20.651136977
34.8935653 -20.658461196
34.892588738 -20.674248956
34.879405144 -20.683770441
34.868011915 -20.694431248
34.872406446 -20.713067316
34.878103061 -20.704522394
34.886078321 -20.698825779
34.896169467 -20.69508229
34.907888217 -20.692559503
34.955577019 -20.695977472
34.960703972 -20.704278253
34.993337436 -20.730157159
34.997325066 -20.739922784
34.998057488 -20.754082941
34.996592644 -20.780694269
35.007497592 -20.774590753
35.016123894 -20.775160415
35.021983269 -20.781914972
35.023936394 -20.794366144
35.020681186 -20.801364842
35.00660241 -20.814873956
35.003428582 -20.825453383
35.009613477 -20.842868748
35.040212436 -20.869724217
35.051931186 -20.883884373
35.045095248 -20.895765883
35.039805535 -20.909112238
35.037119988 -20.923272394
35.037608269 -20.938409113
35.065603061 -20.916924738
35.079763217 -20.913750909
35.099619988 -20.924737238
35.106455925 -20.930433852
35.10816491 -20.932875258
35.109141472 -20.936455988
35.113291863 -20.945896092
35.112478061 -20.952650649
35.112478061 -20.952813409
35.107920769 -20.959242446
35.107758009 -20.964125258
35.1201278 -20.966403904
35.113291863 -20.988457941
35.107676629 -20.998711847
35.099619988 -21.00790781
35.08871504 -21.001234633
35.077647332 -21.000176691
35.06902103 -21.005547784
35.0654403 -21.017836196
35.068532748 -21.025079034
35.075368686 -21.026788019
35.082286004 -21.026625258
35.085948113 -21.027764581
35.086924675 -21.033868097
35.085703972 -21.041924738
35.085785352 -21.070000909
35.078786655 -21.085056248
35.065684441 -21.09384531
35.048106316 -21.096612238
35.041351759 -21.092705988
35.033213738 -21.086195571
35.024912957 -21.084893488
35.017751498 -21.096612238
35.016449415 -21.111097915
35.02230879 -21.117933852
35.031748894 -21.121758722
35.046641472 -21.131280206
35.050791863 -21.131931248
35.054372592 -21.13290781
35.057953321 -21.137627863
35.058604363 -21.142836196
35.056651238 -21.148695571
35.053965691 -21.152601821
35.051931186 -21.151950779
35.05355879 -21.163344008
35.053233269 -21.172295831
35.055430535 -21.179375909
35.0654403 -21.186130467
35.059418165 -21.197930597
35.066172722 -21.203301691
35.077647332 -21.20680104
35.085948113 -21.213311456
35.08855228 -21.227308852
35.081553582 -21.232598566
35.069672071 -21.235039972
35.057953321 -21.240655206
35.047536655 -21.252862238
35.051442905 -21.256768488
35.062266472 -21.259454034
35.072276238 -21.267998956
35.074880405 -21.279392185
35.072276238 -21.321954034
35.097178582 -21.297133071
35.126963738 -21.178643488
35.128428582 -21.196058852
35.121348504 -21.260674738
35.111827019 -21.289646092
35.1201278 -21.377211196
35.151621941 -21.453871352
35.212250196 -21.551446222
35.226817254 -21.568617446
35.240000847 -21.575860284
35.271006707 -21.644138279
35.273448113 -21.686781508
35.2685653 -21.773614191
35.277842644 -21.816664321
35.307790561 -21.878187758
35.311859571 -21.89462656
35.316579623 -21.958103123
35.32691491 -22.005547784
35.335785352 -22.089125258
35.305918816 -22.345961196
35.305674675 -22.388604425
35.31153405 -22.413018488
35.325694207 -22.424737238
35.343597852 -22.431247654
35.360362175 -22.439873956
35.379649285 -22.47275156
35.394053582 -22.487725519
35.400645379 -22.477146092
35.397797071 -22.43336354
35.40512129 -22.418552342
35.427989129 -22.405694269
35.404633009 -22.369398696
35.391123894 -22.320570571
35.390879754 -22.271579685
35.408050977 -22.23447031
35.403981967 -22.225355727
35.404551629 -22.217950128
35.408457879 -22.211602472
35.414886915 -22.206475519
35.426605665 -22.236016534
35.435883009 -22.242771092
35.449066602 -22.226820571
35.424082879 -22.184747003
35.414886915 -22.179131769
35.419932488 -22.167168878
35.441661004 -22.138278904
35.442556186 -22.132500909
35.441416863 -22.125583592
35.441416863 -22.119561456
35.445485873 -22.11712005
35.449717644 -22.115817967
35.455577019 -22.112969659
35.460622592 -22.109795831
35.462738477 -22.107517185
35.467133009 -22.095798435
35.477386915 -22.091485284
35.488942905 -22.092543227
35.496836785 -22.096612238
35.500824415 -22.106052342
35.500498894 -22.117771092
35.496836785 -22.141534113
35.517344597 -22.310153904
35.525157097 -22.29306406
35.529063347 -22.275811456
35.532888217 -22.219984633
35.54175866 -22.195896092
35.544688347 -22.179131769
35.551442905 -22.179131769
35.53785241 -22.302666925
35.53785241 -22.322849217
35.544688347 -22.388604425
35.542246941 -22.40992604
35.492686394 -22.564873956
35.489431186 -22.690036717
35.520762566 -22.907647394
35.53785241 -22.946954034
35.547618035 -22.934502863
35.550466342 -22.928643488
35.551442905 -22.919610284
35.568858269 -22.926853123
35.585134311 -22.927178644
35.593272332 -22.92180755
35.585703972 -22.912204685
35.585703972 -22.905938409
35.606130405 -22.914727472
35.600922071 -22.943617446
35.564626498 -23.012465102
35.542491082 -23.042168878
35.503672722 -23.131280206
35.485524936 -23.160902602
35.478526238 -23.176853123
35.475840691 -23.197035415
35.478037957 -23.218031508
35.487803582 -23.254815363
35.489431186 -23.275323175
35.482188347 -23.317315363
35.424082879 -23.480645441
35.408050977 -23.611016534
35.408050977 -23.697035415
35.405772332 -23.717217706
35.399261915 -23.739190363
35.390391472 -23.747979425
35.380137566 -23.727715753
35.381114129 -23.708672784
35.38550866 -23.690850519
35.38160241 -23.677666925
35.356944207 -23.672539972
35.340342644 -23.676202081
35.343597852 -23.684258722
35.3545028 -23.691582941
35.360362175 -23.693617446
35.366384311 -23.716729425
35.367198113 -23.727715753
35.365000847 -23.746677342
35.355723504 -23.785902602
35.353526238 -23.806573175
35.355235222 -23.839532159
35.353526238 -23.851820571
35.350108269 -23.861993097
35.34245853 -23.875909113
35.339854363 -23.886000258
35.340505405 -23.892022394
35.344981316 -23.911309503
35.346039259 -23.923272394
35.343923373 -23.934665623
35.33464603 -23.953708592
35.332367384 -23.964532159
35.341156446 -23.963636977
35.387705925 -23.912692967
35.371592644 -23.878187758
35.36996504 -23.859795831
35.380137566 -23.844414972
35.394786004 -23.841892185
35.4091903 -23.849867446
35.435394727 -23.871758722
35.454356316 -23.879978123
35.466075066 -23.880140883
35.472504102 -23.87118906
35.479991082 -23.801039321
35.475840691 -23.789808852
35.475840691 -23.782403253
35.516774936 -23.791761977
35.527354363 -23.802992446
35.531993035 -23.847344659
35.535004102 -23.855075779
35.541270379 -23.858086847
35.543223504 -23.8632138
35.485687696 -24.036390883
35.48324629 -24.056735935
35.485362175 -24.069756769
35.49480228 -24.090101821
35.496836785 -24.10133229
35.493500196 -24.110528253
35.486338738 -24.117364191
35.479014519 -24.122979425
35.475840691 -24.128106378
35.470550977 -24.147881769
35.458750847 -24.166599217
35.304372592 -24.375746352
35.191172722 -24.489027602
35.188324415 -24.498955988
35.187998894 -24.511976821
35.185801629 -24.521905206
35.180674675 -24.530694269
35.106455925 -24.597914321
34.812266472 -24.741387628
34.648936394 -24.812758071
34.482676629 -24.851250909
34.480153842 -24.852227472
34.349375847 -24.903090102
34.3232528 -24.9100888
34.212168816 -24.952732029
34.156504754 -24.96087005
33.933848504 -25.036228123
33.72917728 -25.105075779
33.585215691 -25.174574477
33.464691602 -25.213148696
33.317637566 -25.287041925
33.277191602 -25.29680755
33.277191602 -25.289971613
33.293467644 -25.283298435
33.310069207 -25.273125909
33.324066602 -25.261163019
33.332530144 -25.248467706
33.31918379 -25.252373956
33.278575066 -25.270765883
33.269786004 -25.280043227
33.257578972 -25.288344008
33.232920769 -25.290785415
33.214610222 -25.297295831
33.22144616 -25.318047784
33.227305535 -25.314548435
33.241953972 -25.309828383
33.227305535 -25.3319638
33.204356316 -25.345310154
33.153086785 -25.365817967
33.132009311 -25.379164321
32.872731967 -25.543877863
32.844737175 -25.572686456
32.792328321 -25.640069269
32.769541863 -25.681735935
32.751312696 -25.74586354
32.7373153 -25.767347915
32.744639519 -25.816989842
32.739919467 -25.825860284
32.740733269 -25.82008229
32.738780144 -25.813083592
32.734711134 -25.803969008
32.728526238 -25.803969008
32.72152754 -25.812188409
32.712250196 -25.817803644
32.704274936 -25.8241513
32.700694207 -25.834649347
32.699717644 -25.848890883
32.697032097 -25.862399998
32.692881707 -25.874688409
32.687022332 -25.885918878
32.639984571 -25.926934503
32.632334832 -25.938083592
32.626963738 -25.944024347
32.60059655 -25.964043878
32.591481967 -25.969008071
32.579600457 -25.969821873
32.571055535 -25.967054946
32.550547722 -25.955336196
32.533702019 -25.950372003
32.516612175 -25.949965102
32.500173373 -25.954766534
32.485199415 -25.965427342
32.476817254 -25.984551691
32.480804884 -26.003187758
32.491384311 -26.014092706
32.501963738 -26.009454034
32.500987175 -26.004571222
32.501963738 -25.972100519
32.508799675 -25.96851979
32.523610873 -25.970798435
32.538828972 -25.975274347
32.547129754 -25.978936456
32.552093946 -25.986586196
32.559418165 -26.003187758
32.564138217 -26.009454034
32.573903842 -26.014906508
32.595388217 -26.022393488
32.605723504 -26.030450128
32.612803582 -26.041436456
32.621755405 -26.064222915
32.628916863 -26.075290623
32.637543165 -26.082614842
32.645274285 -26.087579034
32.650726759 -26.093357029
32.656586134 -26.123955988
32.67465254 -26.166680597
32.680837436 -26.188164972
32.69809004 -26.173435154
32.723480665 -26.178317967
32.748057488 -26.19150156
32.762868686 -26.201836847
32.784434441 -26.225681248
32.797373894 -26.248467706
32.811696811 -26.268487238
32.8310653 -26.283786717
32.84245853 -26.288669529
32.852793816 -26.284600519
32.864512566 -26.278741144
32.879405144 -26.277520441
32.8701278 -26.245782159
32.868825717 -26.219414972
32.874196811 -26.192803644
32.88559004 -26.160821222
32.894786004 -26.114678644
32.903086785 -26.102634373
32.915293816 -26.094414972
32.954437696 -26.078871352
32.955088738 -26.105645441
32.929453972 -26.266045831
32.918223504 -26.544203383
32.904633009 -26.619886977
32.895518425 -26.642510675
32.893077019 -26.654229425
32.899261915 -26.69524505
32.893077019 -26.774346613
32.890879754 -26.784356378
32.879405144 -26.811944269
32.881195509 -26.822035415
32.889903191 -26.836602472
32.893077019 -26.846123956
32.738445679 -26.850246277
32.598092488 -26.85396698
32.468901408 -26.857377625
32.352216024 -26.860271504
32.295837036 -26.852003275
32.223024943 -26.841357931
32.194086141 -26.840324402
32.143184855 -26.845698751
32.113884318 -26.840014343
32.117398316 -26.582252299
32.107063029 -26.500293478
32.05983077 -26.414820658
32.052337687 -26.386812032
32.039883667 -26.283665873
32.044741252 -26.254520365
32.077814168 -26.175455424
32.081431519 -26.148790385
32.074558553 -26.114167176
32.06272465 -26.07716685
32.057453654 -26.041200053
32.070579468 -26.009780782
32.004020223 -25.994381205
31.975288127 -25.980428569
31.949243204 -25.95810435
31.909969116 -25.842969259
31.905835001 -25.812996928
31.91193282 -25.78529836
31.954410848 -25.684942729
31.962265666 -25.672850444
31.975081421 -25.661688334
31.98479659 -25.656313985
31.99161788 -25.650216166
31.995751994 -25.636883647
31.995648641 -25.615179545
31.98639856 -25.552444357
31.980559122 -25.531567077
31.970120484 -25.510896504
31.966399781 -25.479683939
31.967640015 -25.446817729
31.971670776 -25.421496277
31.988723999 -25.372610372
31.987225382 -25.15536265
31.986295207 -24.996302591
31.985623413 -24.876930033
31.984589885 -24.708464864
31.983763062 -24.569145202
31.991927938 -24.500415547
31.986553589 -24.423107605
31.96133549 -24.346316426
31.926310767 -24.276739755
31.869454793 -24.163795268
31.863046916 -24.121420593
31.856491137 -23.962958053
31.855812215 -23.946547546
31.850437866 -23.930631205
31.83865564 -23.91781545
31.774060099 -23.874097188
31.755198202 -23.857767435
31.741193888 -23.836786804
31.700627889 -23.749091899
31.662025594 -23.624034932
31.642285197 -23.58786143
31.546270386 -23.492363383
31.527615193 -23.456809997
31.521465699 -23.415572204
31.54244633 -23.187265727
31.536348511 -23.156983338
31.467618856 -22.958959248
31.426381063 -22.840103455
31.374911336 -22.691585388
31.323338257 -22.542860616
31.279103231 -22.415323182
31.288921753 -22.397339783
31.368710164 -22.345043233
31.433822469 -22.302048442
31.48580896 -22.248304952
31.538208862 -22.193941345
31.590712117 -22.139577739
31.643112019 -22.085214132
31.695511922 -22.030747172
31.747808471 -21.976383566
31.800311727 -21.922019958
31.852711629 -21.867552999
31.905214885 -21.813189392
31.957614786 -21.758825785
32.010014689 -21.704462178
32.062414591 -21.649995219
32.114814494 -21.595631612
32.167317749 -21.541268006
32.219717652 -21.486904399
32.272220906 -21.432540791
32.324517456 -21.378177185
32.37298995 -21.327947693
32.408543335 -21.290327251
32.447197306 -21.313684998
32.445849261 -21.3089938
32.444613485 -21.304693298
32.371749715 -21.187904562
32.37298995 -21.183977152
32.376865682 -21.178499451
32.380534709 -21.172194926
32.380638061 -21.16547699
32.377744182 -21.163409932
32.373351685 -21.163616638
32.368855835 -21.162996521
32.359864136 -21.151421
32.345343058 -21.142842712
32.33981368 -21.134057719
32.417121622 -21.040936788
32.467661173 -20.980165303
32.491018921 -20.936343689
32.497220093 -20.898103129
32.483474161 -20.7942335
32.469108113 -20.686849874
32.471071818 -20.645508728
32.48161381 -20.603030701
32.513136434 -20.564583435
32.556544637 -20.559312439
32.603673543 -20.564790141
32.64646163 -20.557968851
32.671783081 -20.531820577
32.704442587 -20.471772563
32.735861857 -20.414205017
32.800767456 -20.33855072
32.845209187 -20.286667582
32.852960653 -20.273851827
32.858438354 -20.259485779
32.865569702 -20.228893331
32.865052938 -20.220935161
32.858335001 -20.207499288
32.857094767 -20.200574646
32.859265177 -20.190859477
32.872907755 -20.167191671
32.877868693 -20.151688741
32.8853101 -20.103009542
32.894405151 -20.094017842
32.910683227 -20.091123962
32.926547892 -20.086473083
32.934299357 -20.072107035
32.940087117 -20.041514587
32.953729695 -20.030249125
33.00726648 -20.032006124
33.004372599 -20.024254659
32.998378133 -20.000896911
33.001995483 -19.926999613
33.021322469 -19.86808848
33.022872762 -19.826850688
33.029642375 -19.803389587
33.032794637 -19.784165954
33.022769409 -19.773107198
33.00060022 -19.764322205
32.979051147 -19.751403096
32.962411337 -19.735383402
32.954143107 -19.717813415
32.962411337 -19.679056091
32.960964396 -19.65879893
32.943187704 -19.649290467
32.924584188 -19.655284933
32.89471521 -19.684327088
32.872184286 -19.690218201
32.849136597 -19.689081319
32.831049846 -19.68515391
32.819629354 -19.674301859
32.816270385 -19.652080994
32.819474324 -19.641952413
32.825365438 -19.633270772
32.829602905 -19.623658955
32.828155965 -19.610636495
32.825675496 -19.600817972
32.825365438 -19.591619568
32.832496786 -19.519272563
32.832186727 -19.500875753
32.825365438 -19.479171652
32.811309448 -19.474520773
32.793119344 -19.476691182
32.773947388 -19.47586436
32.763353719 -19.46397878
32.762216838 -19.44341156
32.768521362 -19.402793884
32.766454305 -19.373441671
32.768831421 -19.363623149
32.806141805 -19.323418884
32.820714559 -19.301301371
32.82867273 -19.284558207
32.832186727 -19.266678161
32.833220255 -19.241976827
32.862262411 -19.118056742
32.85590621 -19.083743592
32.847482951 -19.073925069
32.838129517 -19.066897075
32.830223022 -19.059145609
32.825262085 -19.046846619
32.822988322 -19.035167745
32.819991088 -19.028346456
32.814203329 -19.02379893
32.803351278 -19.019561462
32.785987996 -19.017701111
32.723872925 -19.026589457
32.710282023 -19.02596934
32.698964884 -19.022248637
32.69105839 -19.014290466
32.688629598 -19.000957947
32.690283244 -18.988245544
32.688629598 -18.97729014
32.681084839 -18.954965922
32.682531779 -18.942666931
32.692246949 -18.934295349
32.705062703 -18.92747406
32.715759725 -18.919825948
32.703202352 -18.911867777
32.696794474 -18.897191671
32.689869833 -18.843241475
32.691420125 -18.834249776
32.787641643 -18.791254984
32.817924032 -18.787017517
32.858851766 -18.79001475
32.885206747 -18.78784434
32.902518351 -18.77451182
32.913267049 -18.753014424
32.920243368 -18.726246033
32.922310424 -18.693173116
32.91455896 -18.66588796
32.884483276 -18.609043884
32.871667521 -18.57318044
32.868256877 -18.55261322
32.870737346 -18.535766703
32.883139689 -18.522124125
32.900296265 -18.515302836
32.919313192 -18.51003184
32.937141561 -18.50104014
32.956623576 -18.489878031
32.97858606 -18.480059509
32.996414429 -18.467140401
33.003029012 -18.446883239
32.999515014 -18.436651306
32.986802612 -18.422285258
32.985355673 -18.412466736
32.988197876 -18.413190206
33.009230184 -18.383941345
33.038065633 -18.363064067
33.042768189 -18.35200531
33.034965047 -18.33288503
33.016878296 -18.313661397
32.970162801 -18.277487895
32.95496993 -18.256300557
32.950525757 -18.241314392
32.952282755 -18.233046163
32.958173869 -18.225398051
32.965925334 -18.212168884
32.974865356 -18.190774841
32.97553715 -18.183333435
32.972281535 -18.150260518
32.937089885 -18.04711436
32.934919474 -18.024583435
32.940293823 -18.004843038
32.941223999 -17.99626475
32.928976684 -17.982312113
32.927374716 -17.972907002
32.932439006 -17.964948832
32.940397176 -17.959987895
32.948148641 -17.953269958
32.952127727 -17.940247497
32.950267375 -17.922574158
32.938433472 -17.894565531
32.936883178 -17.87503184
32.939673706 -17.855498149
32.946081584 -17.834724223
32.957036987 -17.817981059
32.973573446 -17.810643005
32.999101603 -17.794313252
33.003184041 -17.757726339
33.000238485 -17.713904724
33.004062541 -17.675560811
33.020598999 -17.638457133
33.024526408 -17.6192335
33.020392294 -17.598562927
33.006646362 -17.58099294
32.969129272 -17.564559835
32.951662639 -17.551434021
32.947218465 -17.543165792
32.936676473 -17.509369405
32.93657312 -17.498310649
32.942980997 -17.491592712
32.951662639 -17.486218364
32.958173869 -17.478466898
32.997447958 -17.404983011
33.01165099 -17.383990616
33.016258178 -17.377181091
33.02245935 -17.361471456
33.021632528 -17.345555115
33.014656209 -17.336666769
32.992383667 -17.324677836
32.983598673 -17.317753194
32.973211711 -17.297909444
32.969439331 -17.27610199
32.969089675 -17.266114928
32.967785685 -17.22886973
32.954143107 -17.16716807
32.928511596 -17.109497172
32.88675704 -17.038183695
32.83011967 -16.941548767
32.828776083 -16.93514089
32.90050297 -16.867754822
32.916212606 -16.847911071
32.933369182 -16.815768331
32.961584513 -16.710348409
32.968509156 -16.681616312
32.956210164 -16.683063253
32.939570353 -16.689781189
32.909598023 -16.708074646
32.893371622 -16.712415466
32.862004028 -16.710451761
32.800664103 -16.697325948
32.769348185 -16.695465596
32.753845256 -16.697946065
32.739892619 -16.703217061
32.731314331 -16.708798116
32.730950339 -16.708656221
32.725216512 -16.706421
32.698654826 -16.686783956
32.688629598 -16.647303162
32.687906128 -16.624255473
32.683100219 -16.609889425
32.671783081 -16.599760844
32.552100464 -16.553355408
32.393660523 -16.4917571
32.290462687 -16.451759542
32.211759481 -16.440184021
32.014148804 -16.444938252
31.910279175 -16.428918559
31.894362834 -16.421477153
31.885629516 -16.406284281
31.880720256 -16.368043721
31.871935262 -16.350370382
31.860049682 -16.340758565
31.81808842 -16.319571228
31.798761434 -16.303654887
31.738196655 -16.239782816
31.710704794 -16.217872009
31.686106811 -16.207226664
31.519191935 -16.196477966
31.480641317 -16.177977804
31.465655151 -16.16774587
31.445708049 -16.164955343
31.4241073 -16.164748637
31.404573609 -16.162268168
31.402713257 -16.159374287
31.404056844 -16.154516703
31.404315226 -16.149865824
31.399612671 -16.147282002
31.395581909 -16.147695414
31.387727092 -16.149555765
31.384006389 -16.148832296
31.37775354 -16.142217712
31.374601278 -16.132915954
31.370260457 -16.12371755
31.360338582 -16.11689626
31.340908244 -16.106664327
31.328350871 -16.092815043
31.309592326 -16.059018656
31.29532963 -16.041655375
31.278896525 -16.03028656
31.259982951 -16.023465271
31.158490438 -16.000210876
31.114100382 -15.996903585
31.089037313 -16.01188975
31.080872436 -16.02594574
31.073327677 -16.025532328
31.065421183 -16.019641215
31.056894572 -16.017574158
31.042218465 -16.024912211
31.023718303 -16.045169373
31.012039429 -16.054884542
30.989766886 -16.064289653
30.973075399 -16.06201589
30.95829594 -16.051060486
30.942172892 -16.034524028
30.901865275 -16.007135518
30.857423543 -15.998143819
30.749729859 -15.998867289
30.586587362 -16.00000417
30.514808797 -16.000417583
30.402567587 -16.001244405
30.401327352 -15.931687928
30.399260295 -15.81200531
30.397710002 -15.716817321
30.396263061 -15.635995381
30.410370728 -15.630414327
30.412696167 -15.627933858
30.401223999 -15.598478292
30.395953003 -15.590623474
30.367427613 -15.56127126
30.365257202 -15.547421977
30.371768432 -15.525407817
30.390165242 -15.490784607
30.392852417 -15.480759379
30.389648478 -15.471147563
30.374920695 -15.451303812
30.371768432 -15.439831645
30.369184611 -15.37471934
30.364947143 -15.35415212
30.357919149 -15.335651957
30.347480509 -15.317875265
30.33487146 -15.304749451
30.320505412 -15.299478454
30.28794926 -15.278911234
30.263144572 -15.231265564
30.225834188 -15.106311951
30.220976603 -15.0630071
30.220976603 -15.018358663
30.213845255 -14.988489685
30.214420897 -14.981965751
30.214465373 -14.981461691
30.230898478 -14.977224223
30.318438355 -14.96699229
30.392490682 -14.931025493
30.485559937 -14.885963643
30.591806682 -14.848136495
30.676969441 -14.8176474
30.815772339 -14.768244731
30.915094442 -14.746023864
31.056584513 -14.714397888
31.074464559 -14.713054301
31.178024129 -14.688559672
31.306801799 -14.658173929
31.410878133 -14.633575948
31.496661011 -14.602570088
31.589678589 -14.554821065
31.658408244 -14.519577738
31.801345256 -14.473585713
31.932913452 -14.431107686
32.033269084 -14.398758239
32.108768351 -14.3648585
32.147060587 -14.353386332
32.227365763 -14.339020284
32.320383341 -14.308014425
32.425493204 -14.272977803
32.576801799 -14.222541605
32.744956909 -14.166421
32.917142782 -14.10906016
33.042923217 -14.067098897
33.130049683 -14.038056742
33.202706747 -14.013872172
33.257793824 -14.043637797
33.280221395 -14.060794372
33.291280151 -14.089216411
33.286215861 -14.138929138
33.290556682 -14.156912537
33.315568074 -14.197116801
33.323939656 -14.206315206
33.338254029 -14.215410258
33.347142375 -14.218820902
33.354325399 -14.225332132
33.357105492 -14.230565248
33.371016886 -14.256751404
33.388586874 -14.280625915
33.439178101 -14.380671488
33.457368205 -14.404339294
33.470287313 -14.414467875
33.512455282 -14.432968038
33.525787801 -14.444336853
33.532350708 -14.456222432
33.537466674 -14.468728129
33.54594161 -14.481647237
33.557413778 -14.49043223
33.584285522 -14.502627868
33.595757691 -14.511412862
33.604232625 -14.524021911
33.618405582 -14.561840567
33.624489787 -14.57807546
33.632964722 -14.591407979
33.644850302 -14.601743266
33.662420288 -14.607014262
33.67223881 -14.600192972
33.675442749 -14.582312928
33.675546102 -14.54779307
33.684072714 -14.518750916
33.699213908 -14.496219991
33.720401245 -14.489708761
33.774196411 -14.530016378
33.802411743 -14.532806905
33.830833781 -14.522678324
33.88891809 -14.488158467
33.9163066 -14.481337179
33.94555546 -14.481440531
34.050768677 -14.495186462
34.058623494 -14.490122172
34.070199015 -14.464904073
34.077537069 -14.45467214
34.109576456 -14.441442973
34.182440226 -14.439479268
34.281348918 -14.404959411
34.288893677 -14.404029236
34.30491337 -14.405786234
34.312871541 -14.404235942
34.320519653 -14.399378357
34.327754353 -14.393590596
34.335299113 -14.388836365
34.344084106 -14.387389425
34.372092733 -14.401962179
34.38043631 -14.413643187
34.393796834 -14.432347921
34.426456339 -14.497563578
34.449710734 -14.525468851
34.501800578 -14.575698344
34.51813033 -14.607427673
34.519370564 -14.640810648
34.505831339 -14.700341898
34.515339803 -14.734551697
34.532082967 -14.766797791
34.542831665 -14.796253357
34.548412719 -14.82777598
34.548722779 -14.901569926
34.551099895 -14.91831309
34.556991008 -14.938260193
34.565982707 -14.954279887
34.57693811 -14.969266052
34.584172811 -14.984458923
34.58231246 -15.00130544
34.574974406 -15.0160849
34.554613892 -15.043576762
34.548722779 -15.057632752
34.550996542 -15.071792093
34.557301066 -15.084297791
34.559884888 -15.095666605
34.550686482 -15.106622009
34.548309367 -15.123675231
34.55908512 -15.200177714
34.569083293 -15.27115977
34.565155884 -15.297308044
34.546759074 -15.323249613
34.533323202 -15.333068135
34.52030074 -15.339786072
34.50800175 -15.348054301
34.496632934 -15.362730408
34.491982056 -15.375132751
34.487021118 -15.400454203
34.480406535 -15.412856547
34.460252726 -15.424845479
34.440615682 -15.45554128
34.422632283 -15.464532979
34.410126587 -15.481276143
34.410023234 -15.514969177
34.419118286 -15.57532725
34.415914348 -15.615118103
34.404028768 -15.646847432
34.342217822 -15.730323011
34.341810343 -15.730873311
34.330958293 -15.737074483
34.31028772 -15.743275655
34.29333785 -15.751130473
34.275561157 -15.76435964
34.24713912 -15.794125264
34.236390422 -15.81924001
34.231326131 -15.854173278
34.233186483 -15.889830017
34.244038534 -15.917631938
34.256440877 -15.92817393
34.2897205 -15.943470153
34.304293254 -15.952151795
34.387699015 -16.037004496
34.404545532 -16.059742127
34.408989706 -16.087854105
34.389249308 -16.152449646
34.385218546 -16.186452739
34.426456339 -16.273889261
34.445990031 -16.293216247
34.480406535 -16.294456481
34.524744914 -16.300761007
34.547069132 -16.323085225
34.575077759 -16.392331645
34.585826456 -16.407834574
34.598332154 -16.419720153
34.6306816 -16.44338796
34.637399536 -16.450519308
34.642670533 -16.459717712
34.654969523 -16.489379984
34.661170695 -16.493927511
34.668715454 -16.496614685
34.73207076 -16.529170837
34.744989868 -16.542916768
34.762869914 -16.576403096
34.772998495 -16.589735616
34.819507283 -16.62776947
34.827568807 -16.641515401
34.834803508 -16.66311615
34.84462203 -16.678412374
34.859918254 -16.687197367
34.87748824 -16.694432068
34.886613111 -16.700848912
34.893507935 -16.70569753
34.897745402 -16.713965759
34.900949341 -16.733292745
34.905496867 -16.740837504
34.912318156 -16.744558207
34.92761438 -16.747245382
34.934435669 -16.74972585
34.948078247 -16.759337667
34.956656535 -16.768329366
34.975053345 -16.792100525
35.004508911 -16.814631449
35.033034301 -16.819178976
35.062799927 -16.816388448
35.09576949 -16.817318624
35.118300415 -16.83344167
35.12749882 -16.86444753
35.128118937 -16.900724385
35.125121704 -16.932867127
35.11344283 -16.960255636
35.09142867 -16.975345154
35.066107219 -16.987334086
35.044403117 -17.004697367
35.036548299 -17.035909932
35.069104451 -17.084072367
35.066003866 -17.109807231
35.081300089 -17.124069925
35.133906698 -17.132028096
35.234779094 -17.135335388
35.291672873 -17.129368229
35.291933228 -17.129340922
35.299477986 -17.117972107
35.304955689 -17.104226176
35.30753951 -17.087586365
35.306195923 -17.067329203
35.29741093 -17.02970876
35.298651164 -17.013585714
35.309296508 -16.995292257
35.3143608 -16.982269796
35.308366333 -16.973691508
35.276016887 -16.955191345
35.271366008 -16.950540467
35.270952596 -16.944235941
35.275810181 -16.939171651
35.281908 -16.934727478
35.285111938 -16.930076599
35.282838175 -16.892146098
35.285215291 -16.871062114
35.310226684 -16.850598247
35.305162394 -16.825690206
35.285111938 -16.786726176
35.281081177 -16.766882426
35.278187297 -16.700736592
35.275086711 -16.695465596
35.251005493 -16.670040792
35.248214966 -16.66818044
35.239740031 -16.66456309
35.236639445 -16.662599386
35.232712036 -16.657225036
35.227544393 -16.64688975
35.222996867 -16.642135519
35.21658899 -16.638724874
35.194678182 -16.630559997
35.185479777 -16.629009705
35.174317667 -16.625495707
35.168529908 -16.617124125
35.164395792 -16.606788838
35.148376099 -16.582087504
35.131942993 -16.537645772
35.144655396 -16.529067484
35.214418579 -16.484212341
35.22816451 -16.470259704
35.233642212 -16.452379659
35.233332153 -16.412588806
35.237253459 -16.399090463
35.238706502 -16.394088643
35.262270955 -16.366596781
35.266198365 -16.356468201
35.254209432 -16.328356222
35.251935669 -16.317814229
35.258756958 -16.271512146
35.277153768 -16.233995056
35.299156139 -16.208720957
35.304955689 -16.202059021
35.37461552 -16.140977478
35.39342574 -16.128575134
35.416060018 -16.122890727
35.435800415 -16.123924255
35.456367635 -16.129401958
35.472904093 -16.140150655
35.480138794 -16.156893819
35.488717082 -16.164645284
35.502049601 -16.170846456
35.514555298 -16.17136322
35.521066528 -16.162164815
35.524063762 -16.146661886
35.529024699 -16.140770772
35.553209269 -16.138393656
35.648603963 -16.110591736
35.658939249 -16.110074971
35.677852824 -16.113485616
35.687051229 -16.112658793
35.697593221 -16.107491149
35.77004358 -16.058811951
35.785133097 -16.042275492
35.794641561 -16.020674743
35.79567509 -16.004965108
35.790094035 -15.974476013
35.789680624 -15.958663025
35.796591428 -15.933197759
35.806733846 -15.895824483
35.816759074 -15.751957296
35.823063598 -15.663383891
35.831951945 -15.538430277
35.837558283 -15.459198533
35.837623211 -15.458280938
35.840530233 -15.417197367
35.812004842 -15.304852804
35.788582505 -15.211427613
35.784512981 -15.195195414
35.784202921 -15.171837666
35.790817505 -15.146826274
35.839289998 -15.036342061
35.866781861 -14.973090109
35.90429895 -14.886893819
35.882801554 -14.887513937
35.869882446 -14.885550232
35.863267863 -14.876661886
35.853035929 -14.667475687
35.847248169 -14.650422465
35.835569295 -14.635849711
35.786890096 -14.587893982
35.750539409 -14.543142708
35.714439738 -14.49870046
35.609433227 -14.369406026
35.522823527 -14.262745869
35.455747518 -14.136965434
35.370067993 -14.037229919
35.278704061 -13.930879821
35.171113729 -13.805719502
35.084090617 -13.704226989
34.996550741 -13.625988871
34.89443811 -13.534728292
34.863897596 -13.51628303
34.863122192 -13.515814717
34.829635865 -13.503929138
34.795426066 -13.498761495
34.66747522 -13.500931905
34.651352173 -13.497831319
34.640603475 -13.492353618
34.637606242 -13.488219503
34.63646936 -13.482225036
34.631715128 -13.47116628
34.611457967 -13.435819601
34.599779093 -13.420213318
34.582759733 -13.403625921
34.579418579 -13.400369568
34.578178345 -13.398405864
34.545312134 -13.325748799
34.542831665 -13.243789978
34.549342895 -13.159092306
34.537767375 -13.059356791
34.523918091 -12.939674174
34.507484985 -12.799424336
34.494462525 -12.687389832
34.439168742 -12.49505015
34.380360962 -12.291134949
34.355581017 -12.204939613
34.354005981 -12.199460958
34.358760213 -12.154399109
34.380050904 -12.103859558
34.487641235 -11.944076029
34.563812296 -11.830904642
34.604429972 -11.732616069
34.611974731 -11.693135274
34.613938436 -11.652724304
34.6072205 -11.609316101
34.607117147 -11.591125996
34.616728963 -11.578310242
34.65124882 -11.570042013
34.964614706 -11.57355601
35.381746866 -11.577690124
35.423501424 -11.576553243
35.425258423 -11.582030945
35.431873006 -11.588438822
35.441174764 -11.591436056
35.465772746 -11.592572937
35.470113566 -11.592159525
35.483446086 -11.586888529
35.483652791 -11.585958353
35.490164021 -11.584098002
35.494091431 -11.581824239
35.49874231 -11.582341003
35.507630656 -11.58905894
35.513005005 -11.596603699
35.515588826 -11.603528341
35.520136352 -11.609109395
35.531505168 -11.612726745
35.532745402 -11.59557017
35.543700806 -11.594743347
35.559823852 -11.601047872
35.576256958 -11.605181986
35.599718058 -11.592159525
35.60085494 -11.592262878
35.654805135 -11.578310242
35.664830363 -11.572005717
35.671858358 -11.551438496
35.68022994 -11.537589213
35.691288696 -11.524256693
35.703380981 -11.516505228
35.695629517 -11.494594421
35.714026326 -11.483845723
35.764255819 -11.474854024
35.781929158 -11.461211446
35.813141723 -11.422350769
35.82637089 -11.413462423
35.867298625 -11.420903829
35.89561731 -11.432789408
35.902025187 -11.434546407
35.939748983 -11.434132995
35.953081502 -11.440644226
35.970341431 -11.461211446
35.960832967 -11.483535665
35.969824666 -11.502449239
35.988531535 -11.512164408
36.007858521 -11.506583353
36.022224569 -11.505653177
36.043101847 -11.514851583
36.079585408 -11.536969095
36.08940393 -11.540896505
36.111521444 -11.546580912
36.12113326 -11.550611674
36.129504842 -11.557122904
36.136016073 -11.563840841
36.142837362 -11.569008484
36.151932414 -11.571075541
36.168055461 -11.578723653
36.173636515 -11.597430522
36.175910278 -11.620064799
36.182628215 -11.640011902
36.176220337 -11.654998067
36.17921757 -11.675565287
36.188209269 -11.693652038
36.199681437 -11.701506856
36.24091923 -11.694582214
36.252908162 -11.696649272
36.268411092 -11.70595103
36.278746378 -11.70884491
36.293422486 -11.707294617
36.329802694 -11.697062683
36.361221965 -11.692411804
36.368146607 -11.687760926
36.37331425 -11.683110047
36.378068482 -11.680939636
36.494857219 -11.680939636
36.502712036 -11.686313985
36.508706502 -11.709775086
36.515011027 -11.715046081
36.520592082 -11.717113139
36.545706828 -11.72941213
36.562966756 -11.731272482
36.625701945 -11.721350606
36.640584757 -11.716286316
36.667249797 -11.713392436
36.67458785 -11.70884491
36.679962199 -11.702437032
36.689677368 -11.694582214
36.726574341 -11.680732931
36.738046509 -11.674738465
36.747038208 -11.666470235
36.774840129 -11.626265971
36.820108683 -11.57355601
36.837058553 -11.567974955
36.846567016 -11.572729187
36.866307414 -11.574176127
36.891112101 -11.589989115
36.90589156 -11.592779643
36.998392375 -11.584614766
37.007797485 -11.580584005
37.016685831 -11.573969421
37.032395467 -11.56487437
37.044384399 -11.595673523
37.071566203 -11.629159851
37.106499471 -11.658098653
37.141639445 -11.674738465
37.226595499 -11.693755391
37.270210409 -11.69840627
37.306073852 -11.694582214
37.315789021 -11.690241394
37.32364384 -11.685280456
37.331395304 -11.681559753
37.340800415 -11.680939636
37.352375936 -11.686313985
37.370152628 -11.704814148
37.378317505 -11.70884491
37.427823527 -11.72259084
37.45066451 -11.72259084
37.469681437 -11.719490255
37.476399374 -11.715976257
37.484770956 -11.70884491
37.49035201 -11.698923035
37.496036418 -11.68507375
37.503787882 -11.672671407
37.515880167 -11.667297058
37.536757447 -11.662956238
37.572930949 -11.644146016
37.594635051 -11.640011902
37.62636438 -11.639701843
37.647758423 -11.63598114
37.666361938 -11.625542501
37.710907023 -11.590402527
37.783667439 -11.558879903
37.804441366 -11.544513855
37.816947062 -11.533558452
37.825111939 -11.520225932
37.823251587 -11.50792694
37.817257121 -11.49562795
37.813226359 -11.48229543
37.818497355 -11.459867859
37.84247522 -11.417803243
37.84102828 -11.399819845
37.85043339 -11.387624207
37.865832968 -11.342459004
37.868416789 -11.327782898
37.875238077 -11.319101257
37.938076619 -11.283961284
37.954613078 -11.280033874
37.995334106 -11.277553405
38.004222453 -11.275279642
38.013627563 -11.26546112
38.070781698 -11.255849304
38.093357269 -11.25631003
38.10116744 -11.256469421
38.10116744 -11.254919129
38.104268025 -11.252025248
38.109332317 -11.249648132
38.115430135 -11.249544779
38.117187134 -11.252025248
38.12245813 -11.261223653
38.125662069 -11.263187357
38.135377238 -11.266391296
38.155014282 -11.280550639
38.166899861 -11.283754577
38.17837203 -11.281790873
38.200489543 -11.272695821
38.210411417 -11.270008646
38.256610148 -11.277139994
38.292473592 -11.301634623
38.347664022 -11.358788757
38.383114055 -11.376668803
38.462385701 -11.396305847
38.491687888 -11.413136861
38.492254679 -11.413462423
38.51716272 -11.383076681
38.615657999 -11.317240905
38.638188924 -11.289232279
38.654208618 -11.275796407
38.683974243 -11.267838236
38.704231405 -11.258536479
38.715083456 -11.256469421
38.727072388 -11.257709656
38.748673137 -11.262773946
38.759731893 -11.263187357
38.77802535 -11.253678894
38.817816203 -11.216265157
38.831045369 -11.207996928
38.851922648 -11.202829284
38.869492635 -11.190736999
38.896261027 -11.16768931
38.930057414 -11.160041199
39.060798788 -11.160144552
39.095421997 -11.153426615
39.126221151 -11.139680684
39.149785604 -11.144331563
39.190506632 -11.16624237
39.211590617 -11.173890482
39.238152303 -11.174200541
39.263267049 -11.166759134
39.286624797 -11.154150085
39.48268518 -10.999224142
39.498498169 -10.990645853
39.515654745 -10.985064799
39.592755982 -10.979380391
39.760497681 -10.943103536
39.785819133 -10.932561543
39.885968058 -10.864452006
39.989114217 -10.82094045
40.008131144 -10.811121928
40.13318811 -10.714590352
40.161093384 -10.704358419
40.172772258 -10.693092957
40.191582479 -10.668805033
40.250700317 -10.610927429
40.288527466 -10.583022155
40.353329711 -10.560697937
40.389193156 -10.535273132
40.421025839 -10.503750509
40.436859571 -10.474786066
40.453949415 -10.469008071
40.469411655 -10.4725888
40.47543379 -10.482679946
40.464854363 -10.49586354
34.59605839 -12.071923523
34.611147908 -12.07254364
34.631715128 -12.052493184
34.641223592 -12.017869974
34.627477661 -11.987277527
34.598435506 -11.970534363
34.562572062 -11.977975769
34.561641886 -11.978595886
34.541798136 -11.99461558
34.5440719 -12.011358744
34.570736939 -12.041021016
34.583552694 -12.058901062
34.59605839 -12.071923523
34.662410929 -12.052803243
34.655899699 -12.076264343
34.656209758 -12.097244975
34.669025512 -12.117812195
34.688972616 -12.124530131
34.711606893 -12.120809428
34.732484172 -12.109027201
34.748193807 -12.090423685
34.759252563 -12.065618998
34.76235315 -12.040297546
34.754188273 -12.020143738
34.738271932 -12.009498392
34.715637655 -12.001643575
34.694140259 -12.000403341
34.680911092 -12.00939504
34.662410929 -12.052803243
