12.994589909 -5.868244253
12.969298816 -5.888014363
12.940630803 -5.896823946
12.884423287 -5.907861519
12.870114271 -5.917740779
12.839276059 -5.927639894
12.807373291 -5.9539698
12.783150992 -5.960571546
12.761119136 -5.958406461
12.7451278 -5.940199477
12.765463596 -5.920066898
12.795161178 -5.897029729
12.828160887 -5.871794392
12.854595119 -5.868469961
12.905290483 -5.869487837
12.933938671 -5.873822752
12.953781894 -5.87159957
12.972521871 -5.868281449
12.994589909 -5.868244253
25.543742716 5.375280253
25.561829468 5.37300649
25.575058634 5.374918518
25.581259806 5.374918518
25.589011271 5.36228363
25.592318562 5.349183655
25.600483439 5.340450338
25.622911011 5.340760396
25.619810425 5.337220561
25.617226603 5.333551534
25.61422937 5.329934184
25.609165079 5.326523539
25.609165079 5.320296529
25.623427775 5.309935404
25.631075887 5.311821594
25.637897176 5.31797109
25.650092814 5.320296529
25.655777222 5.317764384
25.663115275 5.309160258
25.667559448 5.30724823
25.668903035 5.306137187
25.691123901 5.299806824
25.705076538 5.289600728
25.732775106 5.25887909
25.743730509 5.25061086
25.757993205 5.244435527
25.771739135 5.245469055
25.781144246 5.25887909
25.769258667 5.265157776
25.778353719 5.269136861
25.792306355 5.262832337
25.794683471 5.238389384
25.799437703 5.240094706
25.810186401 5.242678528
25.814630575 5.244590556
25.811426636 5.23092214
25.814217163 5.221620381
25.818971394 5.214566549
25.826102742 5.194696961
25.836231323 5.200019633
25.846049845 5.211672668
25.849357137 5.217873841
25.872404826 5.217098694
25.883566935 5.20353363
25.892972046 5.185214335
25.910852092 5.170098979
25.912505737 5.190381979
25.925631551 5.201776632
25.943201538 5.204102071
25.958601115 5.197384135
25.958394409 5.214824931
25.962838583 5.224514262
25.971933634 5.227666524
25.985989624 5.225341085
25.996634969 5.219243266
26.013894897 5.199244486
26.026917358 5.189968567
26.037355998 5.197952576
26.050998576 5.200226339
26.06267745 5.200122986
26.067845093 5.200846456
26.070532267 5.212241109
26.077146851 5.216323547
26.086035197 5.215238343
26.095233602 5.211052552
26.091719605 5.219062398
26.088412313 5.244590556
26.09337325 5.241438294
26.09843754 5.239577942
26.104535359 5.23859609
26.11249353 5.238389384
26.119624878 5.241541646
26.125102579 5.24859548
26.129960164 5.25887909
26.144222859 5.251799418
26.150837443 5.239965515
26.157348673 5.232472432
26.170887898 5.238389384
26.175332072 5.233686829
26.181739949 5.229578552
26.184530477 5.225341085
26.195175822 5.234772034
26.198276408 5.238389384
26.207164754 5.207693584
26.213572632 5.199141134
26.226181681 5.204257101
26.225664917 5.199037781
26.226181681 5.183147278
26.230729207 5.185162659
26.242098022 5.188056539
26.246645548 5.189968567
26.253983602 5.172321066
26.272483765 5.159066061
26.291810751 5.150978699
26.317338908 5.146431173
26.336355835 5.148601583
26.353305705 5.14777476
26.362710815 5.135966695
26.369428752 5.140565897
26.390616089 5.149014995
26.400124552 5.133641256
26.414283895 5.12271169
26.429373413 5.113797506
26.44187911 5.104289042
26.460689331 5.066022644
26.462653035 5.059640605
26.475158732 5.057263489
26.502547241 5.047470805
26.51980717 5.045972188
26.528282105 5.048090922
26.541511271 5.053129374
26.554223673 5.05984731
26.561355021 5.067056173
26.56817631 5.059640605
26.579855183 5.07434255
26.598355347 5.080621237
26.615511922 5.078244121
26.623470093 5.067056173
26.629671265 5.067056173
26.635665731 5.077624003
26.644037313 5.078347473
26.657576538 5.073257345
26.667601766 5.078347473
26.681244344 5.089277039
26.691682983 5.094393006
26.739432007 5.094393006
26.753694702 5.092274272
26.760619344 5.088114319
26.801857137 5.044525248
26.808368368 5.039099223
26.815706421 5.040184428
26.82614506 5.050752259
26.832656291 5.053387757
26.83947758 5.05116567
26.844955281 5.046282247
26.848365926 5.041372986
26.849296102 5.039099223
26.867072795 5.03754893
26.872653849 5.041786397
26.884126017 5.053387757
26.889603719 5.062121073
26.899215535 5.085995585
26.903969767 5.094393006
26.933683715 5.126587423
26.961640666 5.151185404
26.991716349 5.171287537
27.027476441 5.189968567
27.073675171 5.203326925
27.116359904 5.200303854
27.157494344 5.185421041
27.239711548 5.14488088
27.262810913 5.138447164
27.284411662 5.135966695
27.301878296 5.13198761
27.31572758 5.122401632
27.328646687 5.110800273
27.342754354 5.100594177
27.351384318 5.097338562
27.36120284 5.09547821
27.38032312 5.094393006
27.391381876 5.092222595
27.405334513 5.082843323
27.414842977 5.080724589
27.44130131 5.070725199
27.443058309 5.057780253
27.436340373 5.013157654
27.441818074 5.007964172
27.447864217 5.003468323
27.454530477 4.999799297
27.461558472 4.996879578
27.492822713 4.973030904
27.501349325 4.963289897
27.505018351 4.953858948
27.509204142 4.932439067
27.514578492 4.922439677
27.53256189 4.907582702
27.552715698 4.90052887
27.640979044 4.890942892
27.658755737 4.879651592
27.671881551 4.855906271
27.679736369 4.81448761
27.685937541 4.797899475
27.699063355 4.787434997
27.706504761 4.787434997
27.725831747 4.792783508
27.734823445 4.79319692
27.744228556 4.787848409
27.752600138 4.777668152
27.759214722 4.766273499
27.763142131 4.757100932
27.766862834 4.735448507
27.75880131 4.677157491
27.760765015 4.635997213
27.765209187 4.612071025
27.772443888 4.595818786
27.776888061 4.595741272
27.80138269 4.590573629
27.809237508 4.587989808
27.819469441 4.579566549
27.837659546 4.559981181
27.849131714 4.553211568
27.856934855 4.55246226
27.885511922 4.55667389
27.890989624 4.555847066
27.907939494 4.54868988
27.914037313 4.549309998
27.916414429 4.553573303
27.917034546 4.558430888
27.917861369 4.560756328
27.91610437 4.562151591
27.920341837 4.565278016
27.929230184 4.569980571
27.934294475 4.568171896
27.944526408 4.557294006
27.951244344 4.555950419
27.962509806 4.557449036
28.014031209 4.550033467
28.017080118 4.539052226
28.012119181 4.52176646
28.008915243 4.499080505
28.009587036 4.488383484
28.011240682 4.480141093
28.014186239 4.472208761
28.019043823 4.462751974
28.049739624 4.419137064
28.059764852 4.42006724
28.07630131 4.437688904
28.085551392 4.443321635
28.101726115 4.442133077
28.108340698 4.433994039
28.11237146 4.414641215
28.140225057 4.379320374
28.158725219 4.360794373
28.177587117 4.34722931
28.216964559 4.342035827
28.261044555 4.350381572
28.303160848 4.352241923
28.336853882 4.327488912
28.345845581 4.30637909
28.349101196 4.292348938
28.357421102 4.282866313
28.38150232 4.275295716
28.404136596 4.27782786
28.425427287 4.290824483
28.443927449 4.308497823
28.482426392 4.358985698
28.496844116 4.369010926
28.519271688 4.374411113
28.528780152 4.373842672
28.538495321 4.371827291
28.54821049 4.370819601
28.557305542 4.373532613
28.564281861 4.382601828
28.566710652 4.394125672
28.570534708 4.405106914
28.582420288 4.412625834
28.623658081 4.422366842
28.638644247 4.432082011
28.653733764 4.452700907
28.695178264 4.532592672
28.70406661 4.533987935
28.724530477 4.533987935
28.738173055 4.540886739
28.746854696 4.549309998
28.755432984 4.553986714
28.769178914 4.549775086
28.783648315 4.530370585
28.785095255 4.50799469
28.78995284 4.48859019
28.815274292 4.478280741
28.825712931 4.478384094
28.856202026 4.482466532
28.903640992 4.4785908
28.925551799 4.480812887
28.98621993 4.495928243
28.994074748 4.487453308
29.042340536 4.455336405
29.053192587 4.450788879
29.055983114 4.436500346
29.058876993 4.437688904
29.098564494 4.420532328
29.109829956 4.412367452
29.17349532 4.348004456
29.196129598 4.33707489
29.221296021 4.34069224
29.22868575 4.356711935
29.231579631 4.375547994
29.242845093 4.387356059
29.267443074 4.387872823
29.287390178 4.383583679
29.303926636 4.387149353
29.318706096 4.411075542
29.328938029 4.434924215
29.338859904 4.449548645
29.390226278 4.493757833
29.402628621 4.512077128
29.41089685 4.532282613
29.417304729 4.555485331
29.423919311 4.566053162
29.442729533 4.583442281
29.444589884 4.594475199
29.443659708 4.604707133
29.446760295 4.622122091
29.449240763 4.657055359
29.457612345 4.669535217
29.47259851 4.672196554
29.494095906 4.668294983
29.498126669 4.665607809
29.508461955 4.655350037
29.513267863 4.652146098
29.528822469 4.659871725
29.535023641 4.660698547
29.546392456 4.657365418
29.576674846 4.644446309
29.606750529 4.643903707
29.618532755 4.641578268
29.660287313 4.622122091
29.671862834 4.613983053
29.700801636 4.588299866
29.715322713 4.579669901
29.722919149 4.578197123
29.745140014 4.583907369
29.751754598 4.581271871
29.774492228 4.567500102
29.784620809 4.563288472
29.796713094 4.556027934
29.793302449 4.545382589
29.788295252 4.539365877
29.783690633 4.533832906
29.777696167 4.523859355
29.77852299 4.515100199
29.785447632 4.498563741
29.786997925 4.489675395
29.785654337 4.479365947
29.776765991 4.449341939
29.776197551 4.405623678
29.787824748 4.36880422
29.814851522 4.346764222
29.860688517 4.347280986
29.882702678 4.344025371
29.908489217 4.329194234
29.930348348 4.308652853
29.940115194 4.288344014
29.936859578 4.278318787
29.929314819 4.268371073
29.923217 4.257751567
29.924147176 4.245581767
29.932157023 4.236150818
29.942647339 4.233773702
29.954171183 4.233825379
29.966005087 4.231809998
29.989362834 4.217779847
30.004762411 4.199279683
30.027913452 4.154450379
30.042899617 4.133108012
30.05778243 4.123651225
30.099795369 4.115098775
30.122688029 4.102463888
30.133023315 4.082801005
30.138501018 4.05970164
30.147492716 4.036653951
30.171573934 4.008180237
30.178085165 3.997095642
30.180358927 3.986217753
30.18046228 3.975649923
30.182115926 3.965521342
30.189350627 3.956090394
30.205887085 3.950380147
30.270947713 3.949449971
30.33792037 3.927875061
30.418949015 3.879712626
30.45682784 3.867594502
30.465716186 3.866095887
30.485869995 3.865579122
30.495481812 3.867077739
30.505507039 3.869764913
30.515532267 3.870850118
30.525247436 3.867542827
30.538890015 3.841549581
30.56286788 3.694866028
30.562247762 3.675332336
30.554909709 3.636394145
30.549328654 3.624095154
30.543437541 3.617868144
30.543024129 3.612907207
30.553462769 3.604509786
30.562247762 3.601357524
30.572634725 3.601047465
30.592426798 3.603527934
30.604932496 3.606680197
30.636455119 3.624095154
30.653766724 3.630606384
30.665393921 3.632053324
30.69335087 3.631949972
30.714641561 3.643809713
30.731333048 3.663498434
30.746939331 3.674867248
30.765129435 3.661715597
30.769160197 3.651845398
30.772260783 3.617558085
30.779082072 3.602597758
30.792104533 3.592701721
30.823213746 3.580428569
30.837683147 3.562677714
30.827657918 3.511104635
30.839543498 3.490201518
30.861247599 3.498211365
30.880161174 3.514411927
30.896387573 3.519967143
30.909306681 3.496144307
30.90961674 3.487178447
30.902898804 3.458911438
30.904449097 3.447465108
30.914474324 3.426484477
30.916334676 3.414805603
30.910030152 3.39341156
30.904932931 3.386035094
30.897317749 3.37501475
30.8684823 3.343337097
30.848690226 3.30925649
30.846881551 3.304398906
30.845641317 3.293908589
30.842437377 3.288740946
30.837786499 3.286415507
30.82574589 3.283676656
30.82212854 3.281402893
30.804196818 3.246004537
30.763415783 3.12343695
30.747869507 3.076712545
30.743838745 3.055473531
30.74507898 3.036301575
30.757067912 3.021470439
30.803628377 2.989069316
30.820939982 2.973152975
30.843987671 2.932793681
30.854839722 2.893209534
30.853392782 2.853367005
30.828691447 2.78608429
30.821870157 2.776162415
30.817942749 2.77419871
30.805850464 2.771873271
30.801612997 2.769082743
30.799132528 2.763450012
30.798925822 2.753528138
30.797685587 2.748360495
30.764302613 2.658391825
30.762013299 2.645781198
30.761253703 2.641596985
30.758928263 2.633793844
30.739394572 2.603304749
30.735260458 2.593072815
30.734020223 2.5744693
30.737844279 2.537468974
30.737017456 2.519537252
30.729369344 2.503465882
30.716760294 2.483105367
30.707665243 2.462279765
30.710559123 2.445123189
30.724925171 2.440782369
30.794998413 2.440110575
30.804920288 2.434374491
30.807142375 2.422178853
30.806987345 2.406985982
30.80967452 2.392361552
30.819803101 2.375980123
30.836339559 2.356343078
30.854943075 2.339703268
30.871789592 2.332055155
30.900573364 2.345956116
30.914474324 2.378150534
30.93090743 2.405590719
30.968011109 2.405435689
30.984857626 2.394635315
31.041288289 2.331228333
31.043562052 2.327042542
31.045939168 2.319652812
31.044388875 2.313916728
31.03880782 2.310971171
31.035500529 2.306940409
31.040668172 2.297897033
31.055240926 2.290248922
31.09906254 2.282704163
31.112601766 2.282084045
31.129241577 2.284667868
31.177559041 2.302909648
31.179057658 2.259759827
31.182468302 2.238727519
31.190116415 2.221519267
31.21089034 2.205344543
31.267476033 2.173253479
31.278739869 2.156021156
31.280446818 2.153409729
31.280095681 2.151441144
31.271455119 2.10299937
31.242826376 2.051167908
31.183295125 1.976211243
31.119112996 1.895363464
31.096017547 1.866363001
31.025837036 1.778238831
30.954420207 1.720671285
30.817012573 1.609515279
30.681723673 1.500348816
30.597284383 1.391673279
30.553704453 1.335632478
30.47827356 1.238633525
30.45827478 1.221683655
30.445562378 1.212795309
30.431609741 1.207007548
30.412696167 1.202046611
30.399260295 1.20059967
30.376626017 1.20308014
30.364947143 1.202046611
30.34820398 1.18902415
30.336060018 1.168870341
30.323812703 1.15584788
30.306552775 1.163909404
30.295700724 1.172642721
30.286502319 1.174296366
30.277975708 1.171609192
30.269345744 1.167268371
30.238856649 1.13600413
30.236169475 1.1294929
30.234102417 1.108098857
30.231518596 1.09776357
30.228004598 1.089030253
30.215292195 1.077092997
30.215602255 1.057766012
30.220976603 1.01709666
30.214051961 0.99854482
30.191521037 0.974877014
30.186870158 0.958753968
30.183769572 0.955136617
30.16568282 0.921443583
30.15483077 0.908679505
30.1451156 0.903150126
30.038352092 0.878913879
29.996390829 0.859948629
29.98219404 0.849017102
29.960217326 0.832095032
29.947298218 0.82460195
29.92828129 0.785017802
29.92683435 0.774889221
29.932312053 0.723161113
29.920013061 0.638670145
29.919496297 0.618102925
29.93799646 0.537280985
29.940476928 0.498316956
29.926082856 0.467073351
29.922906942 0.460179748
29.903908655 0.438229209
29.851076701 0.377187399
29.839604533 0.35848053
29.832628215 0.336983134
29.800640502 0.172445374
29.797126506 0.164797261
29.78720463 0.158492737
29.780383342 0.161179911
29.773045288 0.167484436
29.761263062 0.172135315
29.755785359 0.160869853
29.711808715 0.0995816040002
29.703075399 0.0725031540001
29.701628458 0.0552432260001
29.713462362 0.0116283160001
29.714340861 -0.00749196299994
29.709018188 -0.0263021849999
29.694032023 -0.0630958049999
29.676617066 -0.165105082
29.670569225 -0.20086743
29.653982788 -0.298947042
29.650980745 -0.316454753
29.629384806 -0.442400818
29.631865275 -0.461211039
29.634614925 -0.466968119
29.645094442 -0.488909607
29.64974532 -0.504309183
29.653052612 -0.565597432
29.650882202 -0.579550069
29.642820679 -0.585027771
29.632175334 -0.585751241
29.622873576 -0.588438415
29.618842814 -0.599393819
29.62049646 -0.605388285
29.628247925 -0.61603363
29.630573364 -0.622028096
29.629281453 -0.629779561
29.624423868 -0.634843852
29.618842814 -0.638977966
29.615535522 -0.644145609
29.603029826 -0.722900492
29.602203003 -0.743777771
29.611091349 -0.7827418
29.613365112 -0.803825785
29.610781291 -0.863977153
29.607990764 -0.878446554
29.596725301 -0.891882426
29.567166382 -0.901907654
29.556004273 -0.919477641
29.554660686 -0.928572692
29.555280802 -0.938494568
29.559156535 -0.957304789
29.560345093 -0.972084248
29.556521037 -0.981799418
29.551517572 -0.990305309
29.551353394 -0.990584412
29.548459513 -1.002573344
29.551198364 -1.020143331
29.565926148 -1.058590596
29.570060262 -1.077917582
29.569130087 -1.09590098
29.556934448 -1.157705993
29.557037801 -1.181787211
29.565254354 -1.197910258
29.575537964 -1.213206481
29.581429077 -1.23480723
29.580447225 -1.243282165
29.570990438 -1.268603617
29.571507202 -1.279248962
29.583186076 -1.299299418
29.587113484 -1.31056488
29.587320191 -1.32968516
29.57791508 -1.388389588
29.538640991 -1.402342224
29.498746785 -1.43107432
29.464330282 -1.466937765
29.445065226 -1.497286824
29.441696004 -1.502594502
29.439628947 -1.504764913
29.437406861 -1.506211853
29.434926392 -1.50683197
29.358496948 -1.509932556
29.342787313 -1.516547139
29.331211792 -1.531429952
29.303823282 -1.587860616
29.293694702 -1.60098643
29.245428914 -1.640983988
29.233336629 -1.658657328
29.212252645 -1.698654887
29.186640035 -1.739618239
29.14931075 -1.799320576
29.130500529 -1.843348897
29.125539592 -1.879108989
29.127710001 -1.915695902
29.154271687 -2.072688904
29.156338745 -2.108655701
29.150550984 -2.150410258
29.134841349 -2.19774587
29.109829956 -2.2367099
29.075413452 -2.263891703
29.030920044 -2.275673929
29.002136271 -2.274743754
28.993661336 -2.277740987
28.983377726 -2.287352803
28.982189168 -2.296034444
28.978778524 -2.306783142
28.971233765 -2.321665955
28.959658244 -2.339752706
28.945447225 -2.354222107
28.92813562 -2.36445404
28.907258342 -2.370551859
28.880386596 -2.379853617
28.866330607 -2.391945902
28.858837524 -2.41819753
28.860852905 -2.439591573
28.864573608 -2.459435323
28.874702189 -2.477522074
28.878216187 -2.489717712
28.860852905 -2.505220642
28.857235555 -2.518346456
28.860956258 -2.531162211
28.869844605 -2.53726003
28.88105839 -2.542634379
28.891342 -2.553073018
28.898059937 -2.576327413
28.891342 -2.65270518
28.899093465 -2.660663351
28.936403849 -2.685054626
28.949736369 -2.690325622
28.979605347 -2.693529561
29.00012089 -2.703658142
29.015365438 -2.720711365
29.028594604 -2.744895935
29.00823409 -2.747479757
28.995521688 -2.75843516
28.988803751 -2.775488383
28.986891723 -2.796779073
28.99490157 -2.81362559
29.013143351 -2.818896586
29.034072306 -2.820860291
29.049058471 -2.827474874
29.053502645 -2.835433045
29.06270105 -2.862201436
29.077583862 -2.884008891
29.081717977 -2.893930765
29.08326827 -2.910053813
29.0897795 -2.926073507
29.105075725 -2.93413503
29.123369181 -2.940232849
29.138407023 -2.95036143
29.14424646 -2.966277771
29.148173868 -2.986948343
29.156752157 -3.004828389
29.175975789 -3.012476501
29.194475952 -3.014646911
29.211529175 -3.021158142
29.225378458 -3.031803487
29.23462854 -3.046582947
29.241539256 -3.104187712
29.242328328 -3.110765076
29.237780803 -3.122237244
29.225016724 -3.129368591
29.217523641 -3.146215108
29.214112996 -3.166472269
29.216903523 -3.233134867
29.223828166 -3.252668559
29.240881388 -3.266311137
29.236116841 -3.270703731
29.213079468 -3.291942647
29.208738648 -3.305275166
29.20667159 -3.334524028
29.225171753 -3.588565368
29.223259725 -3.667010192
29.217122763 -3.709265929
29.206568237 -3.781938579
29.215043172 -3.899864196
29.224551636 -3.926529236
29.239796183 -3.948026631
29.277726684 -3.988954366
29.339480021 -4.093237406
29.367223806 -4.18904824
29.372759644 -4.208165792
29.404178915 -4.449804789
29.4072795 -4.462620544
29.41089685 -4.502308044
29.401336711 -4.586850687
29.340823608 -4.751698507
29.321031535 -4.836344503
29.323770386 -4.920163676
29.342792981 -4.999952895
29.344234253 -5.00599823
29.377823934 -5.08754364
29.455648641 -5.229963887
29.496369669 -5.39171112
29.593521363 -5.620327657
29.612434936 -5.704353535
29.603029826 -5.781661479
29.570887085 -5.83798879
29.496059611 -5.93865448
29.476112508 -6.002113138
29.47869633 -6.041800638
29.50882369 -6.153731791
29.525515177 -6.27310435
29.537710815 -6.312378439
29.5660295 -6.359507345
29.633932332 -6.446943868
29.68436853 -6.581509298
29.707002808 -6.619336446
29.738628784 -6.652409363
29.873090861 -6.754211934
29.969112805 -6.803040266
30.012720581 -6.825215352
30.090855346 -6.890017599
30.234670858 -7.05713918
30.29446049 -7.149433289
30.369598022 -7.310250346
30.404944702 -7.436030781
30.414711548 -7.501969909
30.441634969 -7.596331075
30.654955282 -7.9273703
30.72812911 -8.104103699
30.752106975 -8.194124043
30.581781453 -8.21996226
30.324949585 -8.25892629
30.123618204 -8.289518737
29.858104695 -8.329826355
29.592281128 -8.370237325
29.575844324 -8.372729114
29.365938354 -8.404550476
29.20811853 -8.428528341
29.035105835 -8.454779968
28.915268189 -8.472866719
28.88917159 -8.483098653
28.892788941 -8.501908874
28.935473673 -8.590792338
28.930461059 -8.679882507
28.893098999 -8.765768737
28.765406534 -8.934027201
28.599060099 -9.096394551
28.506197551 -9.164400737
28.415092 -9.207085469
28.372303914 -9.235094095
28.352460165 -9.271991068
28.368531535 -9.308577982
28.411371297 -9.324907735
28.460463908 -9.335036315
28.495397176 -9.35322642
28.515964396 -9.378341166
28.518134806 -9.397461446
28.516274454 -9.415548197
28.514724162 -9.430017598
28.519685099 -9.445623881
28.531570679 -9.456889343
28.555600219 -9.47445933
28.562783244 -9.48489797
28.566865682 -9.495956726
28.568726033 -9.508979187
28.569191121 -9.525929057
28.574100383 -9.539158224
28.586296021 -9.544015808
28.617766968 -9.543292338
28.611100708 -9.551043803
28.58862146 -9.558278504
28.583557169 -9.563756205
28.587587931 -9.573161316
28.606501505 -9.594348653
28.610842326 -9.607887879
28.612909383 -9.617499695
28.62179773 -9.638273621
28.623864787 -9.649125671
28.625156697 -9.69563446
28.631254516 -9.715581563
28.644948771 -9.735115254
28.654973999 -9.741936544
28.66365564 -9.745037129
28.669960165 -9.750928243
28.67233728 -9.765500996
28.698485555 -9.79195933
28.696521851 -9.796506856
28.678073364 -9.803844909
28.668461548 -9.821621602
28.658694702 -9.8648231
28.627947224 -9.92941864
28.623864787 -9.951019389
28.631254516 -10.023056335
28.628515665 -10.102741394
28.619627319 -10.14191213
28.604021037 -10.172711283
28.579319702 -10.201133321
28.569914592 -10.219633484
28.604021037 -10.24836558
28.605984741 -10.252913107
28.608051798 -10.263558451
28.610842326 -10.268829448
28.613322795 -10.270689799
28.622107788 -10.275857442
28.623864787 -10.276374206
28.629239136 -10.295907898
28.626448609 -10.311410827
28.620712524 -10.327327168
28.617766968 -10.3483078
28.620867554 -10.373319193
28.628619019 -10.391095886
28.637714071 -10.407012227
28.644948771 -10.426545919
28.646085653 -10.438431498
28.64453536 -10.451040548
28.64060795 -10.462616068
28.634716838 -10.471607768
28.63047937 -10.481012879
28.638747599 -10.496205749
28.634716838 -10.505714213
28.634923543 -10.519460144
28.648049357 -10.537650248
28.67233728 -10.564315287
28.672699016 -10.576097514
28.667169637 -10.597388204
28.665515991 -10.608963725
28.670890341 -10.619092305
28.694248088 -10.636765645
28.699622436 -10.643173523
28.69435144 -10.663327331
28.681535685 -10.681930847
28.665877726 -10.697433777
28.651873413 -10.70838918
28.646189005 -10.709836121
28.633476604 -10.708905945
28.62758549 -10.711696472
28.62324467 -10.716864115
28.608051798 -10.741358745
28.600920451 -10.763166199
28.593479044 -10.772881368
28.576529174 -10.790658061
28.563506714 -10.811948751
28.554411662 -10.834996439
28.549450724 -10.858560893
28.549450724 -10.902899272
28.547176961 -10.913751323
28.537358439 -10.934111837
28.535084676 -10.944447123
28.531363973 -10.955092468
28.513793986 -10.972869161
28.507851196 -10.982067566
28.506662638 -10.992092794
28.508626343 -11.013486836
28.507851196 -11.023615418
28.504078816 -11.034364116
28.490953003 -11.058652039
28.476793661 -11.077979024
28.476173543 -11.087694194
28.486922241 -11.140920919
28.487335652 -11.153426615
28.484751831 -11.162831726
28.47622522 -11.175440776
28.473693074 -11.181228535
28.47245284 -11.191977233
28.473693074 -11.225670267
28.455089559 -11.263704122
28.445581096 -11.274556173
28.436175985 -11.289128927
28.431990194 -11.311039734
28.439586629 -11.348246765
28.43421228 -11.351243998
28.411991414 -11.368400574
28.40858077 -11.372431335
28.35700769 -11.446948751
28.354423869 -11.464725444
28.355664103 -11.518158875
28.360314982 -11.533558452
28.365585978 -11.541619974
28.377419881 -11.571075541
28.384912963 -11.581307474
28.399589071 -11.596086934
28.405480183 -11.605181986
28.422740112 -11.664713236
28.422119995 -11.674738465
28.418399292 -11.678872579
28.425117228 -11.688070984
28.439586629 -11.701506856
28.442687215 -11.711635437
28.452505737 -11.780778504
28.460670613 -11.793387553
28.476793661 -11.798245137
28.488885946 -11.808683777
28.497154175 -11.857362976
28.507851196 -11.872762553
28.521132039 -11.865734558
28.531570679 -11.866458028
28.540562377 -11.872039082
28.549450724 -11.879583842
28.554204956 -11.885061544
28.566090536 -11.904491882
28.569191121 -11.913690287
28.592652222 -11.900461121
28.606191447 -11.910279643
28.623864787 -11.947796732
28.636887247 -11.957615254
28.686031535 -11.984073588
28.707063843 -11.989447937
28.741997111 -11.984280293
28.751092163 -11.992238464
28.754192749 -12.020143738
28.759877156 -12.035233256
28.773623088 -12.045878601
28.808866414 -12.064585469
28.821475463 -12.075747579
28.835014689 -12.092180684
28.845970093 -12.111300964
28.850414266 -12.130007832
28.859509318 -12.141790059
28.918730509 -12.174346212
28.944672079 -12.206075541
29.026114136 -12.353043314
29.028594604 -12.363068543
29.030351603 -12.376194356
29.035105835 -12.378881531
29.042650594 -12.378778178
29.052779175 -12.383842468
29.067248576 -12.384772644
29.084405152 -12.376401062
29.10021814 -12.374023946
29.111070191 -12.393454285
29.128123413 -12.38280894
29.148949016 -12.373713887
29.173391967 -12.367616068
29.254989054 -12.366169128
29.265065958 -12.37092336
29.283049357 -12.390457051
29.295503377 -12.400999044
29.304856811 -12.4048231
29.316432332 -12.406683451
29.356533244 -12.407613627
29.364388062 -12.409267273
29.405935913 -12.431694844
29.432600952 -12.44130666
29.439215536 -12.442030131
29.453323202 -12.440789897
29.459886108 -12.44130666
29.465260457 -12.444200541
29.468774454 -12.448438008
29.473011922 -12.452468771
29.480453328 -12.454949239
29.499676961 -12.453088887
29.514663126 -12.443890483
29.524688355 -12.429214375
29.528202352 -12.410507507
29.52344812 -12.392524109
29.511459188 -12.387356466
29.496059611 -12.386322937
29.480453328 -12.380535176
29.450377645 -12.342914734
29.446553589 -12.335059916
29.448155559 -12.326791686
29.451824585 -12.317799988
29.455907023 -12.294338888
29.467947632 -12.255271504
29.474252157 -12.242662455
29.489548381 -12.231500345
29.533473348 -12.216720886
29.553058716 -12.205145366
29.567579793 -12.191709492
29.576726522 -12.188092142
29.590317423 -12.188092142
29.603184855 -12.192846374
29.621116577 -12.210209656
29.631865275 -12.215997416
29.648918498 -12.212793477
29.701266724 -12.189022318
29.734908081 -12.164837748
29.756095419 -12.157603047
29.799296915 -12.15408905
29.799396783 -12.155820079
29.799582314 -12.159035938
29.799606975 -12.159463399
29.799400268 -12.265813497
29.799141887 -12.382292176
29.798986857 -12.548690287
29.798676799 -12.698345235
29.798470093 -12.873011576
29.798211711 -13.022769877
29.797953328 -13.164363301
29.797746623 -13.313759867
29.79764327 -13.424244079
29.782243693 -13.45566335
29.767154175 -13.458350524
29.702868693 -13.457627055
29.66307784 -13.446878357
29.641477092 -13.438506775
29.626077515 -13.429825134
29.617395874 -13.421246847
29.610677938 -13.411014913
29.605510295 -13.399956156
29.601686239 -13.388380635
29.601686239 -13.374427999
29.609437703 -13.36905365
29.618946167 -13.367296651
29.625147339 -13.364196065
29.627007691 -13.354894308
29.625043986 -13.334843852
29.626594279 -13.326368917
29.633622274 -13.318927511
29.651502319 -13.31458669
29.658892049 -13.3095224
29.663594605 -13.301874288
29.667522013 -13.291952412
29.669175659 -13.281203714
29.666591837 -13.271178487
29.657496786 -13.260119731
29.64974532 -13.259913025
29.64106368 -13.262806905
29.629074748 -13.261463318
29.609851115 -13.249474385
29.592797892 -13.235625102
29.574401082 -13.225393168
29.551043335 -13.224152934
29.527995646 -13.234074808
29.470014689 -13.287818298
29.449550822 -13.300323995
29.308267456 -13.353654073
29.250183146 -13.391584574
29.227445516 -13.40078298
29.214009644 -13.408327738
29.194786011 -13.430962016
29.184140665 -13.436853129
29.168947795 -13.433855896
29.160162801 -13.422073669
29.153393188 -13.406984151
29.144453165 -13.394478454
29.122128947 -13.384349874
29.09804773 -13.384659932
29.072932983 -13.388587342
29.065386147 -13.388676478
29.046681356 -13.3888974
29.028491251 -13.395511983
29.010301147 -13.399439392
28.993971395 -13.395925395
28.980845581 -13.38021576
28.950356486 -13.350966898
28.934130086 -13.309625753
28.903434285 -13.162296244
28.891858765 -13.147310079
28.882712036 -13.143589376
28.863230021 -13.1426592
28.853669881 -13.137078145
28.844213094 -13.102351583
28.840905803 -13.10007782
28.835428101 -13.098940938
28.829743693 -13.097183939
28.825816284 -13.092843119
28.824627727 -13.087262064
28.82602299 -13.076823425
28.82529952 -13.072379252
28.825506226 -13.067831726
28.830260458 -13.056876322
28.830880574 -13.051812032
28.827056518 -13.047574564
28.813620646 -13.042820332
28.809434855 -13.03837616
28.800598185 -13.002409363
28.793363485 -12.991557312
28.775690144 -12.976571146
28.707994018 -12.88975474
28.667893107 -12.84934377
28.621177612 -12.839421896
28.608155152 -12.84789683
28.593685751 -12.87673228
28.583970581 -12.888721211
28.568467652 -12.895542501
28.553378133 -12.894922384
28.542836141 -12.885620626
28.539425497 -12.833840841
28.523612508 -12.810173034
28.501598348 -12.788468933
28.480927775 -12.762113952
28.474003133 -12.736482442
28.483976684 -12.722219746
28.500151408 -12.710954285
28.511623575 -12.694417826
28.51229537 -12.668372905
28.50201176 -12.649562683
28.468267049 -12.614629415
28.455916382 -12.59209849
28.436434367 -12.542799174
28.422740112 -12.521301778
28.339747762 -12.450505066
28.322487834 -12.441099955
28.303677612 -12.435415548
28.283833863 -12.43407196
28.263886759 -12.436965841
28.237531779 -12.437069193
28.220065145 -12.42539032
28.204975626 -12.410817566
28.185751994 -12.402445984
28.160740601 -12.408750508
28.145961141 -12.423116556
28.131285034 -12.429214375
28.106997111 -12.410197449
28.102449585 -12.401205749
28.100434204 -12.39149058
28.096868531 -12.383015645
28.087670125 -12.377537944
28.014031209 -12.370509949
27.998993367 -12.371440125
27.981009969 -12.37454071
27.95868575 -12.367822775
27.952226196 -12.346532084
27.948453816 -12.321417338
27.933881062 -12.303330587
27.877036987 -12.269947611
27.856676473 -12.262402852
27.831406698 -12.259922384
27.818280884 -12.267777202
27.807273803 -12.281419779
27.788308553 -12.296509297
27.756734252 -12.304260763
27.710742228 -12.30632782
27.666197143 -12.30271047
27.638188517 -12.293615417
27.595297079 -12.247313334
27.589836216 -12.242957986
27.536075887 -12.200081075
27.520469605 -12.179617207
27.471790405 -12.041641134
27.467552938 -12.001643575
27.42073409 -11.921958517
27.234182169 -11.809097188
27.209997599 -11.721970723
27.211961304 -11.68827769
27.207620483 -11.639391784
27.197181844 -11.593709819
27.180128621 -11.569628601
27.173617391 -11.570558776
27.144988647 -11.581307474
27.102200562 -11.584924825
27.064373413 -11.597120463
27.054451538 -11.597533875
27.032437378 -11.594329936
27.023755738 -11.59557017
27.010268189 -11.609832865
27.010836629 -11.628849793
27.023238973 -11.671121114
27.021481975 -11.697889506
27.011146688 -11.71318573
26.996367228 -11.727035014
26.981071004 -11.749049174
26.971355835 -11.788529968
26.967325073 -11.870385437
26.947688029 -11.909142761
26.912754761 -11.942525737
26.874204143 -11.964333191
26.831726115 -11.97332489
26.78501062 -11.968363952
26.759379109 -11.968674011
26.744186239 -11.981179708
26.732559042 -11.998336283
26.717417847 -12.01301239
26.697057333 -12.017456563
26.679797404 -12.009601745
26.662744181 -11.996579285
26.643520548 -11.985520528
26.605900106 -11.977769063
26.52487146 -11.972291361
26.489111369 -11.960819193
26.470714559 -11.946969909
26.455418335 -11.931983744
26.438365112 -11.919064636
26.414593953 -11.911829935
26.376353394 -11.912863464
26.339146362 -11.918961283
26.328811076 -11.923302104
26.309174032 -11.93653127
26.298011922 -11.941182149
26.286229696 -11.940562032
26.265559123 -11.930846863
26.229592326 -11.933120626
26.209335164 -11.923612162
26.189078003 -11.91089976
26.166650431 -11.902424825
25.994051148 -11.904801941
25.981132039 -11.903044942
25.963562052 -11.895086771
25.949816121 -11.86397756
25.935553426 -11.853642273
25.914159383 -11.845580749
25.85958907 -11.80196584
25.855765015 -11.797211609
25.850700724 -11.793800964
25.839848674 -11.791940613
25.83251062 -11.793800964
25.81266687 -11.802999369
25.801608114 -11.804239603
25.744040568 -11.803826192
25.725643758 -11.8005189
25.687403198 -11.778711446
25.655777222 -11.750496114
25.621464071 -11.728895366
25.575678752 -11.727345072
25.567823934 -11.73375295
25.564930054 -11.743984883
25.561002645 -11.753286641
25.550253947 -11.756593933
25.537644897 -11.758350932
25.530616902 -11.764242045
25.524519083 -11.770959982
25.515217326 -11.775817566
25.495580281 -11.776541036
25.480439087 -11.7698231
25.474134562 -11.756180521
25.482816203 -11.731169129
25.483281291 -11.725794779
25.482816203 -11.720420431
25.481162557 -11.715252787
25.46359257 -11.700059916
25.406335083 -11.673084818
25.397550089 -11.664919943
25.392795858 -11.656445008
25.38638798 -11.649830424
25.373158813 -11.64714325
25.360446411 -11.647246602
25.351971477 -11.646109721
25.344943482 -11.642182312
25.336778605 -11.633500672
25.327373494 -11.616654155
25.300398397 -11.535005391
25.297504516 -11.517228699
25.297711223 -11.50792694
25.301741984 -11.498418477
25.315384562 -11.482502136
25.316728149 -11.472993672
25.309286743 -11.455423686
25.286652465 -11.416563009
25.279004354 -11.396305847
25.277970825 -11.371811218
25.286342407 -11.360649109
25.298021281 -11.351450704
25.306496216 -11.333053894
25.301328573 -11.324475606
25.290166463 -11.315897318
25.284688761 -11.307319031
25.296264282 -11.298430685
25.317141561 -11.290472514
25.324893025 -11.283651224
25.32540979 -11.273936055
25.323342733 -11.253472188
25.324582967 -11.227840678
25.32251591 -11.205413106
25.310320272 -11.194767761
25.278797648 -11.199935404
25.184023071 -11.246650899
25.124285116 -11.259156596
24.981244751 -11.271868998
24.942900838 -11.268561707
24.901042928 -11.281274108
24.826732218 -11.317550964
24.787974894 -11.325819193
24.712527303 -11.3260259
24.674080037 -11.341632181
24.66333134 -11.35165741
24.645037882 -11.376048686
24.63521936 -11.385867208
24.624677369 -11.390828145
24.602249797 -11.39568573
24.593258097 -11.399613139
24.584576456 -11.407364604
24.57858199 -11.415632833
24.574447876 -11.425141297
24.571243937 -11.436406758
24.564732707 -11.444674988
24.554190714 -11.446328633
24.54251184 -11.445398458
24.532693318 -11.446121928
24.490938762 -11.461521505
24.469648071 -11.465552266
24.44649703 -11.463588562
24.426446574 -11.454080099
24.392546834 -11.423384297
24.370222615 -11.410155131
24.351722453 -11.407054545
24.310071249 -11.406641133
24.293948201 -11.399199727
24.285473266 -11.381216329
24.298289022 -11.370570983
24.339940226 -11.358065287
24.352445923 -11.345042826
24.384485311 -11.295226746
24.392236776 -11.279103699
24.396060832 -11.25967336
24.39781783 -11.238279317
24.396577596 -11.217402038
24.3913066 -11.199832052
24.384381958 -11.191253764
24.367432088 -11.176267598
24.36174768 -11.164692078
24.362471151 -11.150532735
24.369912557 -11.140920919
24.378284139 -11.132135925
24.381798136 -11.120560404
24.370532674 -11.10019989
24.345314575 -11.078289083
24.316375773 -11.060098979
24.293844848 -11.050280457
24.27513798 -11.047903341
24.238034302 -11.048006693
24.218293904 -11.045216166
24.181293579 -11.034467468
24.164550415 -11.033950704
24.144396606 -11.040358582
24.124242797 -11.043252462
24.117731567 -11.030850118
24.119385213 -10.997570495
24.117524862 -10.986098328
24.110496867 -10.965944519
24.108016398 -10.954989115
24.108739868 -10.94579071
24.114320923 -10.927910664
24.11421757 -10.919229024
24.091479939 -10.897834981
24.048381796 -10.882332052
24.001459595 -10.873443705
23.967456502 -10.872306823
23.948646281 -10.881505229
23.940584757 -10.901555685
23.936140584 -10.92522349
23.927975708 -10.945377299
23.918570597 -10.954058939
23.897279907 -10.966461283
23.887771443 -10.974419454
23.881776977 -10.984548034
23.874128865 -11.006872253
23.867410929 -11.016380717
23.833717896 -11.028473002
23.793720337 -11.021134949
23.752275838 -11.008215841
23.714138631 -11.00387502
23.674864543 -11.006975606
23.64158492 -11.004495138
23.557042277 -10.981344096
23.494823853 -10.964290874
23.455963175 -10.960983582
23.415448853 -10.963257345
23.373280884 -10.975142924
23.306514933 -11.011729838
23.196754191 -11.071881205
23.114692016 -11.085523783
23.014336385 -11.102473653
22.969584595 -11.102473653
22.931137329 -11.096789245
22.911190226 -11.08831431
22.873569783 -11.063716329
22.853105916 -11.053070984
22.829231405 -11.052140808
22.806907186 -11.063096211
22.785306437 -11.078495788
22.764222453 -11.090484721
22.727738891 -11.096789245
22.688981567 -11.092965189
22.650947713 -11.082319844
22.613637329 -11.067540385
22.537569621 -11.037154643
22.500982706 -11.042425638
22.46935673 -11.122420756
22.440314575 -11.146915385
22.340269002 -11.180195008
22.325696248 -11.190323588
22.281771281 -11.236729024
22.263064412 -11.248201192
22.237639608 -11.249544779
22.252005656 -11.208617045
22.255519654 -11.166552429
22.24384078 -11.078289083
22.237329549 -11.059375508
22.220586385 -11.030023295
22.217175741 -11.012763367
22.213971801 -11.007905782
22.199295695 -10.99736379
22.196091756 -10.9922995
22.196091756 -10.954162292
22.174801066 -10.884295756
22.165706014 -10.868792826
22.165499308 -10.852359721
22.182759236 -10.830448914
22.206013631 -10.809881693
22.22399703 -10.797065938
22.265854939 -10.779909363
22.290659627 -10.772674663
22.309676555 -10.769780782
22.319495077 -10.761305847
22.322388956 -10.742185567
22.319495077 -10.703841655
22.321045369 -10.700741068
22.326419719 -10.694643249
22.310089966 -10.668805033
22.307609497 -10.633561706
22.308573272 -10.612519277
22.309469848 -10.592944031
22.305955852 -10.550672709
22.296447388 -10.529692077
22.284045044 -10.516462911
22.274019816 -10.503027038
22.271849406 -10.481736348
22.278670695 -10.460962422
22.301098267 -10.424892273
22.305955852 -10.409802755
22.307092733 -10.399570821
22.312260376 -10.379933777
22.313397258 -10.368564961
22.310089966 -10.356989441
22.295517212 -10.339316101
22.286938924 -10.309137064
22.263477824 -10.26820933
22.245701132 -10.221183777
22.221103149 -10.176225281
22.202809692 -10.130646667
22.209734334 -10.098193868
22.20487675 -10.085791524
22.196091756 -10.043623555
22.175627889 -9.98894989
22.167566366 -9.953706563
22.159918253 -9.931485697
22.146275675 -9.915672709
22.107621704 -9.891384786
22.090981893 -9.877122091
22.079923136 -9.871644388
22.072791789 -9.878879089
22.065763794 -9.881049499
22.055841919 -9.875365091
21.998377726 -9.809115906
21.986285441 -9.781107279
21.98442509 -9.748757832
21.978223918 -9.752168477
21.962720988 -9.758473002
21.956519816 -9.761780293
21.942360474 -9.722919617
21.878901814 -9.657083841
21.854097127 -9.617809753
21.843658488 -9.576158549
21.83218632 -9.488411967
21.819887329 -9.447690938
21.813169393 -9.437459004
21.796219523 -9.41709849
21.791982055 -9.406143086
21.793325642 -9.393534037
21.803764282 -9.372966817
21.810172159 -9.338136902
21.841074666 -9.275815124
21.851616659 -9.233750508
21.851926717 -9.192926127
21.839731079 -9.09236379
21.854097127 -8.977848816
21.851720011 -8.925862325
21.859884888 -8.846383972
21.870116821 -8.822302754
21.877764933 -8.789229838
21.884792928 -8.782305196
21.895128215 -8.718743184
21.906910441 -8.645466004
21.917762492 -8.615183614
21.935952596 -8.583144226
21.928407836 -8.582524109
21.924377075 -8.58076711
21.92127649 -8.5785967
21.916212199 -8.576839702
21.939983358 -8.49994517
21.943910766 -8.455916849
21.935952596 -8.413025411
21.911457967 -8.374268087
21.899882446 -8.348843282
21.905256795 -8.337267761
21.913146326 -8.33300315
21.920553019 -8.328999532
21.910631144 -8.310499369
21.881382283 -8.282077331
21.873217407 -8.264093933
21.862468709 -8.216448263
21.860194946 -8.173763529
21.857301066 -8.156917012
21.851203247 -8.14348114
21.825985148 -8.114438985
21.815133098 -8.096765645
21.808518514 -8.07671519
21.806348104 -8.052427267
21.799630168 -8.040851745
21.768210897 -8.023178405
21.758495728 -8.015116882
21.753948202 -7.997340189
21.751054321 -7.929230652
21.754361613 -7.919618836
21.768831014 -7.899878438
21.772138306 -7.888199564
21.770898071 -7.876520691
21.764593547 -7.850682474
21.770484659 -7.806757507
21.776169067 -7.790324401
21.787227824 -7.758595072
21.795082642 -7.736270853
21.807898397 -7.699373881
21.81957727 -7.665474142
21.826558136 -7.645600687
21.831049439 -7.632814636
21.83290979 -7.61421112
21.836217082 -7.608320007
21.850789835 -7.5936439
21.854097127 -7.585995789
21.854097127 -7.548375346
21.851513306 -7.53845347
21.848206014 -7.532975769
21.845932251 -7.526774597
21.846655721 -7.5142689
21.849963012 -7.502900085
21.859058065 -7.482642924
21.860918416 -7.469827169
21.858644654 -7.464039408
21.848929484 -7.454841003
21.846655721 -7.449053243
21.847792603 -7.444092305
21.852960246 -7.434997254
21.854097127 -7.428899435
21.851616659 -7.41649709
21.845725545 -7.409055684
21.83869755 -7.402027689
21.83290979 -7.390762227
21.834976847 -7.385284525
21.839937785 -7.378153178
21.842418253 -7.369884949
21.836940552 -7.360583191
21.831359497 -7.354175314
21.808828572 -7.30642629
21.802524048 -7.298881531
21.794772583 -7.294023946
21.788261352 -7.291750183
21.784644002 -7.286892599
21.78495406 -7.283378601
21.764490194 -7.282758483
21.730900513 -7.28296519
21.658243448 -7.283171895
21.585483032 -7.283378601
21.512619263 -7.283585307
21.439962198 -7.283792012
21.367098429 -7.283998718
21.294338013 -7.284205424
21.221784301 -7.28441213
21.148920532 -7.284618835
21.076263469 -7.284722188
21.003503051 -7.284928894
20.930742635 -7.285238952
20.857982219 -7.285342306
20.785221801 -7.285549011
20.712564738 -7.28585907
20.639804321 -7.285962423
20.567043904 -7.286169128
20.520535116 -7.286375834
20.519398234 -7.237179871
20.518261352 -7.189740905
20.524462524 -7.143128764
20.545443156 -7.088558451
20.560946085 -7.047837423
20.588127889 -6.976834005
20.611485636 -6.915959167
20.553711385 -6.916165873
20.46730839 -6.916372579
20.383695922 -6.916682638
20.331089315 -6.91678599
20.319513794 -6.918542989
20.311245564 -6.92505422
20.303184042 -6.940143737
20.298636515 -6.954509786
20.294192342 -6.98747935
20.294295695 -7.001948751
20.246236613 -7.001948751
20.204068644 -7.001948751
20.162107381 -7.001948751
20.120146118 -7.001948751
20.078184855 -7.001948751
20.036120239 -7.001948751
19.994055623 -7.001948751
19.963079168 -7.001948751
19.95209436 -7.001948751
19.910029745 -7.001948751
19.868068482 -7.001948751
19.826107218 -7.001948751
19.784042602 -7.001948751
19.741977986 -7.001948751
19.700016723 -7.001948751
19.658055461 -7.001948751
19.616094198 -7.001948751
19.574029582 -7.001948751
19.521836385 -7.001948751
19.540233195 -7.04163625
19.542610311 -7.052281596
19.536202434 -7.068404643
19.508607219 -7.103234558
19.497031697 -7.121734721
19.487213175 -7.153877462
19.476361125 -7.315934753
19.479461711 -7.347664083
19.487213175 -7.381977234
19.513774862 -7.448433126
19.513154744 -7.479438985
19.484732707 -7.501969909
19.483905884 -7.502383321
19.483079061 -7.502900085
19.482355591 -7.503520202
19.468713013 -7.521090189
19.458274373 -7.560260926
19.443908325 -7.575247091
19.424684692 -7.579691264
19.355644979 -7.574110209
19.353681274 -7.600258484
19.361846151 -7.627026876
19.373214965 -7.653795268
19.380966431 -7.679736837
19.381379842 -7.703921407
19.377762492 -7.730069681
19.358022095 -7.791564636
19.348513631 -7.821536967
19.333837525 -7.867322286
19.330943644 -7.898638204
19.33404423 -7.924269714
19.355541626 -8.001991069
19.32825647 -8.001991069
19.200615682 -8.001991069
19.073078247 -8.001991069
18.94543746 -8.001991069
18.818003377 -8.001991069
18.773768351 -8.001991069
18.758265421 -7.978219909
18.752064249 -7.965920919
18.747310018 -7.93780894
18.738525024 -7.932331238
18.66690149 -7.932331238
18.588663371 -7.932331238
18.516523071 -7.932227885
18.504327433 -7.94070282
18.502260376 -7.960133158
18.507634725 -7.997546895
18.487894328 -7.998270365
18.481796509 -7.997340189
18.42050826 -7.998270365
18.403868449 -8.000647481
18.381957641 -8.012326354
18.366558065 -8.016770528
18.353638957 -8.015943705
18.31622522 -8.00168101
18.267339314 -7.999820658
18.192718546 -7.996926778
18.1765955 -7.999200541
18.135771118 -8.018527527
18.120371541 -8.022454936
18.102181437 -8.033306987
18.09287968 -8.056354675
18.091742798 -8.084156596
18.098150675 -8.109271342
18.008543742 -8.111235046
17.981878703 -8.105343933
17.930822387 -8.062142436
17.901366821 -8.048086446
17.867983846 -8.044469096
17.851757447 -8.047776388
17.789539022 -8.08177948
17.777240031 -8.083329773
17.743340292 -8.070720723
17.713264608 -8.068343608
17.628411905 -8.098005879
17.600196574 -8.098522644
17.544282674 -8.084776713
17.536531209 -8.075991719
17.536218704 -8.075402311
17.528366333 -8.060592142
17.540045207 -8.032066752
17.536531209 -8.015116882
17.528366333 -8.007778829
17.506352173 -7.996513366
17.496223592 -7.987211609
17.490952596 -7.97749644
17.481857544 -7.945663757
17.477206665 -7.950521342
17.471108846 -7.955585632
17.468318319 -7.959926453
17.465217733 -7.952588399
17.463047322 -7.949797872
17.463564087 -7.946903991
17.468318319 -7.939462585
17.446820923 -7.928920593
17.437829223 -7.922409363
17.43410852 -7.915794779
17.439379517 -7.902152201
17.448681274 -7.892850443
17.452401977 -7.883962097
17.44092981 -7.871146342
17.426357056 -7.875487162
17.423049764 -7.867942403
17.423566529 -7.855126648
17.420569295 -7.843861186
17.410854126 -7.84148407
17.397624959 -7.841380717
17.390700317 -7.839210307
17.400002075 -7.830218607
17.400002075 -7.823397319
17.380985148 -7.823190613
17.376127563 -7.814095561
17.376954386 -7.801693217
17.375404094 -7.792288106
17.365482218 -7.787327169
17.342434529 -7.784019877
17.337887003 -7.778645528
17.334062947 -7.769653829
17.315976196 -7.753634135
17.310601847 -7.740818379
17.314219198 -7.731826681
17.320627075 -7.72242157
17.320420369 -7.713636576
17.303780558 -7.706711934
17.308121379 -7.702371114
17.308121379 -7.70185435
17.305950968 -7.700097351
17.303780558 -7.692449239
17.288897746 -7.699477234
17.28652063 -7.683664246
17.287450806 -7.660203145
17.282696574 -7.643976746
17.286417277 -7.625166524
17.266573527 -7.610387064
17.217790975 -7.585995789
17.202908163 -7.564291687
17.186268351 -7.516335958
17.172832479 -7.493805033
17.163427368 -7.485226745
17.154952433 -7.479128926
17.148544555 -7.472617696
17.146167439 -7.463109233
17.151541789 -7.451223653
17.16311731 -7.445539245
17.174899536 -7.441611837
17.180273885 -7.435410665
17.176553182 -7.428175964
17.16745813 -7.423525085
17.146167439 -7.418047384
17.138209269 -7.413706563
17.132214803 -7.409572449
17.126220337 -7.4114328
17.118158813 -7.42548879
17.103999471 -7.416083679
17.098108358 -7.402337748
17.097894948 -7.378293567
17.097798299 -7.36740448
17.093354126 -7.352314962
17.082502075 -7.342289734
17.056663859 -7.32988739
17.022867472 -7.306012879
16.99609908 -7.297951355
16.991654907 -7.286065775
16.991654907 -7.270562845
16.989071085 -7.25485321
16.972844686 -7.232218933
16.960545695 -7.21909312
16.950830525 -7.213202006
16.945662882 -7.204623719
16.947523234 -7.151086934
16.927059367 -7.085664571
16.929126424 -7.060653178
16.961165812 -7.069231465
16.962302694 -7.047424011
16.969330689 -7.030370788
16.973154744 -7.014764506
16.964576457 -6.997194519
16.959305461 -6.989443054
16.955274699 -6.981484884
16.949073527 -6.975387064
16.937601359 -6.973009949
16.928713012 -6.968669128
16.92860966 -6.959264018
16.932123657 -6.949858907
16.934500773 -6.945724792
16.926956014 -6.888570658
16.914967082 -6.864076029
16.890782512 -6.847126159
16.879413696 -6.844645691
16.855332479 -6.842165222
16.844480428 -6.838444519
16.832904907 -6.827799174
16.828564087 -6.814363302
16.826910441 -6.799790548
16.823086385 -6.785114441
16.768102661 -6.708323262
16.760351197 -6.691993509
16.755907023 -6.674113465
16.753013142 -6.637216492
16.748672323 -6.619543151
16.733996216 -6.586056824
16.730792277 -6.569830424
16.73451298 -6.55236379
16.746811971 -6.531589864
16.747328736 -6.521978047
16.738337036 -6.510609232
16.72800175 -6.501100769
16.721697224 -6.491799011
16.721283813 -6.480533549
16.727795044 -6.465960795
16.706090943 -6.465030619
16.706090943 -6.455212097
16.715185994 -6.441362814
16.720973755 -6.428340352
16.718906697 -6.415317891
16.713635702 -6.413974304
16.707021118 -6.415421244
16.700406535 -6.41128713
16.694722127 -6.402192077
16.692965129 -6.398368022
16.693585246 -6.359817403
16.697409301 -6.349792175
16.706090943 -6.346691589
16.715289347 -6.345968119
16.720973755 -6.342350768
16.722317342 -6.332428894
16.720146932 -6.322610372
16.716942994 -6.313308614
16.7153927 -6.304833679
16.714772583 -6.231556498
16.717253052 -6.215123393
16.7243844 -6.20241099
16.726761516 -6.189181823
16.717873169 -6.174092305
16.700406535 -6.154351909
16.695859009 -6.140916035
16.685110311 -6.134301453
16.671777791 -6.130167338
16.660098917 -6.123966166
16.643045695 -6.100711771
16.63095341 -6.091720073
16.61110966 -6.089756368
16.632193644 -6.065261739
16.628369588 -6.055339864
16.619481242 -6.056580099
16.610076131 -6.061230977
16.604288371 -6.061851095
16.601187785 -6.050585633
16.597157023 -5.987850444
16.595296672 -5.978548686
16.590335734 -5.968006693
16.580723918 -5.955397644
16.580620564 -5.948989766
16.594056437 -5.933176778
16.597363728 -5.924701843
16.560260051 -5.906408386
16.552921997 -5.902377625
16.515094848 -5.8870814
16.497318156 -5.882843933
16.479334757 -5.882223816
16.459491007 -5.885221049
16.427451619 -5.894626159
16.412465454 -5.89679657
16.396135701 -5.894109395
16.374328247 -5.882843933
16.358515258 -5.870234884
16.34125533 -5.859796244
16.315727173 -5.854628601
16.257022746 -5.855558777
16.165658813 -5.857005717
16.100855892 -5.858107808
16.074501587 -5.85855601
15.983241007 -5.860106303
15.89208378 -5.861656596
15.800719849 -5.863206889
15.709562622 -5.864757181
15.618302042 -5.866204122
15.527041463 -5.867754415
15.435780884 -5.869201355
15.344520304 -5.870751647
15.253363078 -5.872198588
15.162102498 -5.873748881
15.070841919 -5.875299174
14.97958134 -5.876746114
14.888424113 -5.878296407
14.797163533 -5.8798467
14.759651665 -5.880469131
14.703732544 -5.881396993
14.576608521 -5.904651388
14.545706014 -5.901654154
14.482144002 -5.885531108
14.436668741 -5.893385925
14.346131632 -5.891525574
14.241848592 -5.889561869
14.222211548 -5.886978048
14.16309371 -5.866100769
14.140149374 -5.863516947
14.021190226 -5.872508647
14.006307414 -5.866927592
13.982329549 -5.853285014
13.943572225 -5.84160614
13.807146443 -5.852458191
13.641523479 -5.86579071
13.56256189 -5.857419128
13.553053426 -5.859382833
13.534759969 -5.867030944
13.522667684 -5.867547709
13.493212118 -5.858452657
13.413320353 -5.857005717
13.380454142 -5.856385599
13.373839559 -5.860933125
13.353582398 -5.882637227
13.342523641 -5.890595398
13.311001017 -5.873955587
13.269349813 -5.863516947
13.184910523 -5.856385599
13.1839132586 -5.85642686555
13.184336785 -5.856215102
13.17066491 -5.849867446
13.154795769 -5.852146092
13.122894727 -5.862481378
13.107758009 -5.862969659
13.089854363 -5.860609633
13.067227051 -5.862628663
13.036351319 -5.857208593
12.989268425 -5.83570729
12.975840691 -5.832777602
12.940928582 -5.819105727
12.924327019 -5.814629816
12.896169467 -5.814548435
12.858734571 -5.819512628
12.822438998 -5.829766534
12.797129754 -5.845391534
12.789235873 -5.849216404
12.766479691 -5.865310252
12.754392706 -5.881751758
12.743410145 -5.900381639
12.71753991 -5.931329034
12.722606783 -5.979262695
12.671981501 -6.000131712
12.607011962 -5.998019438
12.55637668 -6.025471703
12.475952902 -6.045311735
12.449497608 -6.051928237
12.435164161 -6.050852777
12.431853701 -6.034414029
12.436262598 -6.026734251
12.457204254 -6.013552441
12.457367384 -5.989678644
12.457193527 -5.981772431
12.447273435 -5.976305634
12.430746089 -5.975226716
12.414201357 -5.978539888
12.410895146 -5.986215486
12.404280244 -5.990607703
12.396563045 -6.005962562
12.384776238 -5.98430755
12.379567905 -5.966078383
12.376231316 -5.958672784
12.371104363 -5.954196873
12.358897332 -5.947686456
12.355153842 -5.945000909
12.334157748 -5.918389581
12.266612175 -5.850844008
12.249278191 -5.828789972
12.2105548694 -5.763464705
12.258972209 -5.736702982
12.344445028 -5.724610697
12.435498901 -5.725540873
12.508982788 -5.726264344
12.512496785 -5.633660177
12.514977254 -5.568754578
12.519731486 -5.444214376
12.524382365 -5.324738465
12.527689657 -5.239472351
12.530686889 -5.162681172
12.524072306 -5.129091491
12.511980021 -5.120513204
12.450381714 -5.098809102
12.444697306 -5.093538106
12.440769898 -5.084029643
12.438909546 -5.073280945
12.43942631 -5.06480601
12.444387248 -5.055090841
12.450691772 -5.053127136
12.458133179 -5.054160665
12.466504761 -5.053127136
12.550427287 -5.024188334
12.587737671 -5.000313823
12.60396407 -4.962590027
12.606961304 -4.942229512
12.61584965 -4.9354599
12.654400269 -4.93256602
12.678894897 -4.92429779
12.68623295 -4.912825622
12.688300008 -4.897012634
12.696981648 -4.875618592
12.711967814 -4.8633196
12.75692631 -4.837274679
12.766228068 -4.825182393
12.768295125 -4.801927999
12.774806356 -4.779500427
12.786175171 -4.758416442
12.802918335 -4.739812927
12.833200724 -4.722656352
13.029571167 -4.676871033
13.065331258 -4.663951924
13.07370284 -4.635323181
13.07153243 -4.601630147
13.087965535 -4.579512634
13.112356812 -4.576928813
13.134060913 -4.602353617
13.142122436 -4.617339782
13.160002482 -4.643384704
13.172404825 -4.676147562
13.182119995 -4.686069437
13.208785034 -4.703122661
13.255810588 -4.743947041
13.274000692 -4.755832621
13.33456547 -4.777536722
13.34934493 -4.785598246
13.358750041 -4.794796651
13.364124389 -4.806888937
13.37135909 -4.841718852
13.39264978 -4.885333761
13.403191772 -4.876858826
13.430786987 -4.843372498
13.482256713 -4.805545349
13.493522176 -4.799654236
13.496416056 -4.792109476
13.492385295 -4.783531189
13.482256713 -4.774849548
13.514709513 -4.755935974
13.526181681 -4.754282328
13.538894083 -4.759966736
13.558634481 -4.780430603
13.570726766 -4.785908305
13.579859863 -4.783031379
13.591397339 -4.779397074
13.61310144 -4.73919281
13.633978719 -4.725653584
13.643693888 -4.726273702
13.666534871 -4.732681579
13.675319865 -4.731751403
13.680590861 -4.724723408
13.677800334 -4.706326599
13.681934448 -4.695371195
13.690099325 -4.691133728
13.698367554 -4.693510844
13.705860636 -4.694337666
13.71247522 -4.685656026
13.699091023 -4.642661234
13.702605021 -4.620750427
13.718159628 -4.580339457
13.721776978 -4.561012472
13.71102828 -4.464480896
13.714955688 -4.453008728
13.72653121 -4.446704203
13.789989868 -4.424586691
13.810453735 -4.426653747
13.832881307 -4.441226501
13.842079712 -4.453422139
13.856135701 -4.479673767
13.867091105 -4.489285583
13.87628951 -4.491662699
13.904401489 -4.489802348
13.905435825 -4.490099897
13.934580526 -4.498483988
13.9445024 -4.498070577
13.95494104 -4.491869405
13.971787557 -4.471612244
13.987703898 -4.460140076
13.989874308 -4.457969665
13.991631307 -4.455075785
14.021086873 -4.415388285
14.058397258 -4.400505473
14.146350545 -4.389860128
14.184694457 -4.377457783
14.222211548 -4.359784444
14.259625285 -4.326918233
14.2799858 -4.312758891
14.325461059 -4.301803487
14.368559204 -4.278445739
14.387059366 -4.277102152
14.392847127 -4.281753031
14.395327596 -4.289711202
14.395224243 -4.300356547
14.393467245 -4.313172302
14.389126424 -4.32753835
14.385715779 -4.3329127
14.386025838 -4.338287048
14.392743774 -4.352756449
14.409073527 -4.377561137
14.428607219 -4.40040212
14.463230428 -4.422622986
14.469741659 -4.429340922
14.466537719 -4.44804779
14.45248173 -4.467994894
14.435738566 -4.486701762
14.424576456 -4.502308044
14.412587524 -4.514503682
14.374760376 -4.530213318
14.358947388 -4.544579366
14.350782511 -4.559048767
14.349955689 -4.566903585
14.357500448 -4.589124451
14.365768677 -4.627261658
14.380961548 -4.646175232
14.395844361 -4.660127869
14.406903117 -4.67604421
14.410933878 -4.701055603
14.40917688 -4.710564067
14.401528768 -4.728134053
14.399048299 -4.737539164
14.399668416 -4.749321391
14.403699178 -4.758829854
14.408763468 -4.767821553
14.412587524 -4.77815684
14.396464477 -4.855878194
14.400701945 -4.886263936
14.418168579 -4.88316335
14.437288859 -4.880166117
14.449484497 -4.873964945
14.470051717 -4.852157491
14.481937296 -4.845852966
14.501470988 -4.840685323
14.519867797 -4.84130544
14.528032674 -4.852157491
14.532476847 -4.856188253
14.553870891 -4.855154724
14.56213912 -4.855878194
14.566893351 -4.860529073
14.575058227 -4.873654887
14.579605754 -4.876342061
14.59211145 -4.880579529
14.623324015 -4.899493103
14.634486125 -4.903627218
14.672726684 -4.899906515
14.702182251 -4.889571228
14.768431437 -4.848230082
14.815456991 -4.827972921
14.831166626 -4.815053812
14.841398559 -4.800171
14.849046671 -4.783737894
14.931005493 -4.646898702
15.008210083 -4.571037699
15.014617961 -4.558015238
15.022782837 -4.547059835
15.076112915 -4.520084737
15.09792037 -4.499930928
15.150677777 -4.425150933
15.188044068 -4.372186788
15.193418416 -4.358750915
15.203960409 -4.339010519
15.228351684 -4.324851176
15.255740194 -4.313068949
15.275273885 -4.300356547
15.38658492 -4.244339294
15.425445597 -4.230179952
15.450250285 -4.217260844
15.458931925 -4.213850199
15.462859334 -4.207132263
15.484976847 -4.183877869
15.490351196 -4.175196228
15.52115035 -4.076804301
15.533759399 -4.05799408
15.549055623 -4.046211853
15.566832316 -4.038046977
15.711216267 -3.992158305
15.755141235 -3.985647075
15.799996378 -3.978825785
15.844231405 -3.965596619
15.882988729 -3.945339457
15.888019273 -3.940522979
15.912134237 -3.917434184
15.930324341 -3.858626403
15.936112101 -3.848497823
15.943140096 -3.840746358
15.974249309 -3.786486104
15.991095826 -3.738943787
16.005255167 -3.724784444
16.012696573 -3.70225352
16.053314249 -3.619984639
16.115532674 -3.544226989
16.137856893 -3.500715433
16.158424113 -3.447282003
16.207723429 -3.361912536
16.22074589 -3.3317335
16.225603475 -3.313233337
16.227463827 -3.28987559
16.222089477 -3.279126892
16.210410603 -3.271065369
16.198628377 -3.259489847
16.193357381 -3.238405863
16.1994552 -3.194790955
16.199248494 -3.171846619
16.189946736 -3.153036397
16.185709269 -3.136396586
16.189843383 -3.082343037
16.184469035 -3.02611908
16.188293091 -2.976406352
16.183981404 -2.940449252
16.177027629 -2.882458598
16.17816451 -2.86809255
16.180851685 -2.854139913
16.204519491 -2.782723083
16.225603475 -2.635238546
16.192323852 -2.395149842
16.191703735 -2.346884054
16.189843383 -2.337478943
16.187466267 -2.332311299
16.178267863 -2.318462016
16.174857218 -2.303062439
16.176924276 -2.286836039
16.189946736 -2.241877543
16.19005009 -2.235469665
16.188603149 -2.227718201
16.187362915 -2.204567158
16.194597615 -2.182036235
16.206793253 -2.16095225
16.231287883 -2.129016215
16.25609257 -2.106795349
16.284411255 -2.087571716
16.340221802 -2.034138285
16.382596476 -2.00220225
16.445641724 -1.940500589
16.460937947 -1.920863545
16.470033 -1.912698669
16.474787232 -1.910114847
16.490290161 -1.903603617
16.507756795 -1.890271098
16.513957967 -1.887377217
16.517161906 -1.873734639
16.522536255 -1.861745707
16.524970535 -1.858534922
16.604185018 -1.754052022
16.617207479 -1.72873057
16.623098592 -1.699171651
16.622478475 -1.665168558
16.623822062 -1.653799744
16.628886352 -1.637263285
16.636224406 -1.620830179
16.655971129 -1.590290216
16.669504028 -1.569360453
16.692551717 -1.522955017
16.725521281 -1.479960226
16.762728312 -1.405856221
16.77926477 -1.382395121
16.794664347 -1.345498148
16.817815389 -1.304157003
16.82866744 -1.27625173
16.833214966 -1.269017029
16.839726196 -1.262505798
16.862567179 -1.24886322
16.909179321 -1.211139425
16.940495239 -1.174759216
16.979562622 -1.14023936
17.003127075 -1.11285085
17.005917602 -1.106753031
17.012015421 -1.104272563
17.022557414 -1.097037862
17.028655233 -1.094454041
17.060487915 -1.089183044
17.10865035 -1.075643819
17.175416301 -1.04825531
17.194846639 -1.042984314
17.24538619 -1.035852966
17.297682739 -1.021073507
17.308018026 -1.014975688
17.32765507 -0.991721293
17.330445597 -0.986553649
17.357317342 -0.973531189
17.364965454 -0.967226664
17.385429321 -0.942421977
17.411474243 -0.918340759
17.54586341 -0.756491042
17.602160279 -0.688690694
17.623037557 -0.673291118
17.635853312 -0.658511657
17.647635538 -0.64993337
17.65094283 -0.646316019
17.652493123 -0.642181905
17.654456828 -0.627505799
17.658694296 -0.619754333
17.664171997 -0.612726338
17.728044067 -0.553091736
17.741996704 -0.533351339
17.749541463 -0.523429463
17.74075647 -0.346179301
17.716261841 -0.24623708
17.713678019 -0.220915629
17.716365193 -0.195800883
17.757086222 -0.00945566799987
17.775379679 0.0264077760001
17.85403121 0.241071676
17.93991744 0.361271057
17.945498494 0.377290752
17.952009725 0.474339091
17.949942668 0.491495666
17.943638143 0.510822652
17.933096151 0.527049052
17.918420044 0.535213929
17.899299764 0.583273011
17.893201945 0.607664287
17.892581827 0.635879618
17.907567993 0.713084208
17.907671346 0.740472718
17.877905721 0.8679068
17.87821578 0.947178446
17.866640259 1.016631572
17.873254842 1.039627584
17.892478475 1.077403056
17.914802694 1.102001038
17.956247192 1.171660868
17.96337854 1.191452942
17.96699589 1.253723043
18.002032511 1.365783386
18.00668339 1.402396138
18.012264445 1.421955668
18.071382284 1.551456808
18.073656047 1.572334086
18.066111287 1.858983256
18.068178345 1.876217347
18.078306926 1.909290263
18.081510864 1.926550192
18.08171757 1.942414856
18.076033163 1.988484396
18.080787395 2.08416331
18.078306926 2.114807434
18.072415812 2.145193176
18.072415812 2.160024312
18.111173137 2.265289205
18.118614543 2.276968079
18.14269576 2.305700175
18.146726522 2.315932109
18.163779744 2.321048076
18.174011678 2.336137594
18.187964314 2.370915833
18.199126424 2.389105937
18.207808065 2.407967835
18.214112589 2.427656556
18.225171346 2.486464335
18.233026164 2.502587382
18.246151978 2.518917135
18.303512817 2.572557272
18.313744751 2.575967916
18.316741984 2.584339498
18.393223104 2.713685608
18.41833785 2.781743469
18.421851847 2.80882192
18.425159139 2.82215444
18.449240356 2.873004049
18.467327108 2.898893942
18.471771281 2.909229227
18.475802042 2.931191711
18.479626098 2.941371969
18.495335734 2.966073304
18.528408651 3.064775289
18.541431112 3.082810364
18.562101685 3.096814677
18.597345011 3.114643046
18.613054647 3.128182272
18.61966923 3.144770406
18.62183964 3.156655986
18.631141398 3.178980204
18.64240686 3.323829244
18.634552043 3.449222108
18.626387166 3.476868998
18.593004191 3.709774679
18.612847941 3.83374644
18.612023983 3.866611157
18.61171106 3.879092509
18.613674763 3.901468404
18.634552043 3.935729879
18.641580038 3.958260803
18.645300741 3.982445373
18.646540975 4.045981547
18.632691691 4.130420837
18.61966923 4.169565735
18.583909139 4.235789083
18.578638142 4.254857687
18.572540323 4.265683899
18.545048462 4.289015808
18.537090291 4.306069031
18.541947876 4.327850647
18.556830688 4.354153951
18.576467733 4.372757467
18.595794719 4.37125885
18.614294881 4.35981252
18.633931925 4.355962626
18.654085734 4.357228699
18.674342896 4.361311137
18.721058391 4.377356669
18.753304484 4.400611064
18.77697229 4.433451437
18.82823531 4.559981181
18.852419881 4.594061788
18.886526327 4.621398621
18.897895141 4.650647481
18.900168904 4.652146098
18.904509725 4.655866801
18.923836711 4.662868957
18.928177531 4.666434632
18.962283977 4.724441427
18.980474081 4.739401754
18.998044067 4.750641378
19.011583292 4.765033265
19.019748169 4.803299662
19.026879516 4.811516215
19.035767863 4.818001607
19.044139444 4.826889954
19.04899703 4.836527608
19.057782023 4.86779185
19.069047485 4.89125295
19.083310181 4.909339702
19.10674118 4.931518101
19.116176391 4.940448914
19.133022908 4.946934306
19.179014933 4.946417542
19.195654744 4.95034495
19.214671672 4.97613149
19.229761189 5.002176412
19.23699589 5.010780538
19.283814738 5.032277934
19.373111613 5.087545878
19.394195597 5.116975606
19.408975057 5.13038564
19.431505982 5.135966695
19.496514934 5.133796285
19.517082154 5.135966695
19.548604777 5.151366272
19.568758586 5.155190328
19.605552205 5.138292135
19.719550415 5.135966695
19.72874882 5.133847962
19.748799276 5.124417012
19.779185018 5.118164165
19.824660278 5.096976827
19.838612915 5.087545878
19.850188436 5.073748271
19.858163068 5.06030532
19.875509888 5.031063538
19.880367472 5.015534769
19.890909465 5.002124736
19.915404093 4.993107198
20.003977498 4.974477845
20.031055949 4.957993063
20.054620402 4.937813416
20.086349732 4.916264344
20.152598918 4.890684509
20.171719198 4.87835968
20.217194458 4.822445781
20.236624796 4.806348572
20.254814901 4.797124329
20.301737101 4.781647238
20.322511027 4.779063415
20.338944132 4.77190623
20.354033651 4.75539561
20.373670695 4.724441427
20.395478149 4.677105814
20.403746378 4.669845276
20.420592895 4.662352193
20.440229939 4.644110413
20.45645634 4.621501973
20.463070923 4.600934753
20.457179809 4.586439514
20.447051229 4.569670512
20.442090291 4.550498555
20.452322225 4.528923645
20.456712867 4.524815862
20.559809204 4.428361308
20.580273071 4.41500295
20.603114054 4.409731954
20.688380168 4.422780253
20.76785852 4.422780253
20.791836385 4.426190898
20.807029256 4.434252422
20.81870813 4.443528341
20.832350708 4.450685526
20.871521444 4.453372702
20.963505493 4.433735657
21.059623657 4.398595683
21.076056763 4.395469259
21.084221639 4.388234558
21.103445271 4.353275452
21.113573853 4.34084727
21.137965129 4.332682393
21.150057414 4.326713766
21.158118937 4.310203145
21.165560344 4.307154236
21.185610799 4.306069031
21.19573938 4.302916769
21.20297408 4.296638082
21.210932251 4.291573792
21.223437948 4.292452291
21.232429647 4.29782664
21.239147583 4.305603943
21.244625284 4.31376882
21.250723103 4.320357564
21.258371216 4.325990295
21.265915975 4.330072733
21.275321086 4.332527365
21.288343547 4.333380025
21.298885538 4.330227763
21.305500122 4.323148092
21.310357707 4.316094259
21.358313436 4.285553487
21.374849894 4.278163757
21.397690877 4.271626689
21.41691451 4.270076396
21.46021936 4.271936748
21.473138468 4.269301249
21.482440227 4.263125916
21.489881633 4.25625295
21.497219686 4.251472881
21.508071737 4.249405823
21.527812134 4.249250793
21.53814742 4.244651591
21.634162231 4.29420929
21.651112101 4.29565623
21.68893925 4.292452291
21.722942342 4.295139465
21.73730839 4.293382467
21.758495728 4.285605164
21.763249959 4.281677755
21.766040487 4.277207744
21.771001424 4.27348704
21.782060181 4.271936748
21.810998983 4.273176982
21.819887329 4.271936748
21.838077434 4.263255106
21.851926717 4.251679586
21.867739705 4.241551005
21.891614217 4.237184347
21.949905232 4.233463644
21.970782512 4.237184347
21.980290974 4.24062083
21.984528442 4.242946269
21.989592733 4.24423818
22.001478312 4.244651591
22.008919718 4.242377828
22.036612824 4.229438766
22.057805624 4.219536845
22.108448527 4.209847514
22.127878866 4.203077902
22.133046509 4.198659567
22.151650025 4.179461772
22.161881958 4.173183085
22.184722941 4.164604797
22.207253866 4.150316264
22.303268676 4.128715516
22.422641235 4.134787496
22.43183964 4.138559875
22.451532021 4.14667202
22.457367798 4.149076029
22.492714477 4.174035747
22.51049117 4.191269836
22.518242635 4.206798605
22.522170044 4.211346131
22.540463501 4.227262472
22.546147909 4.237184347
22.545734497 4.245943502
22.53974003 4.266924134
22.539326619 4.278163757
22.56857548 4.331545512
22.576533651 4.34084727
22.588005818 4.344180399
22.599891398 4.352551981
22.609296509 4.363352356
22.613740682 4.374359437
22.611260213 4.381852519
22.594000284 4.402316386
22.589039347 4.42195343
22.58697229 4.449393616
22.592449992 4.473707378
22.610330037 4.484223532
22.654358357 4.482828268
22.675649048 4.484740296
22.689498332 4.491664938
22.695079386 4.50148346
22.697146444 4.512025452
22.697043091 4.535744934
22.700143676 4.541067607
22.713682902 4.551222026
22.716783488 4.55651886
22.718953898 4.562771709
22.728669067 4.580290019
22.731149536 4.587266337
22.729805949 4.596748962
22.723811483 4.617031962
22.723604777 4.628840027
22.737867473 4.637754211
22.748719523 4.648270365
22.757401164 4.660801901
22.765152628 4.67602061
22.776418091 4.710101216
22.786029907 4.724648133
22.802876424 4.730642599
22.818069295 4.724596456
22.837292928 4.714235331
22.853829386 4.711263936
22.865301554 4.738678284
22.887315715 4.755498963
22.895583944 4.765394999
22.88679895 4.776686299
22.882354777 4.788494365
22.882871541 4.800741679
22.888762655 4.813221537
22.898374471 4.823582663
22.90591923 4.824202779
22.915220988 4.82115387
22.929690389 4.820611267
22.941472616 4.824719544
22.953048136 4.830791525
22.965037069 4.835287374
22.977439412 4.834305522
22.985707641 4.826424866
22.996249634 4.799501445
23.007205037 4.778443299
23.011132446 4.763638001
23.017333619 4.750512187
23.02932255 4.744931132
23.042758423 4.742967428
23.055160767 4.737799784
23.066632934 4.730177511
23.077381632 4.721056621
23.099395793 4.71165151
23.123890422 4.715630595
23.168745565 4.738109843
23.183731731 4.725268249
23.20863977 4.690541687
23.220835408 4.683513693
23.224246053 4.680051371
23.251841268 4.66297231
23.264863729 4.635067037
23.273131958 4.632018127
23.295146118 4.627599792
23.299590292 4.625119324
23.301967408 4.621708679
23.313026164 4.610210673
23.316436809 4.607730204
23.335867147 4.606800028
23.353953898 4.603570252
23.371213826 4.597265727
23.388370402 4.587266337
23.396018514 4.591607158
23.414518677 4.590832011
23.422580201 4.594061788
23.427437785 4.601348165
23.42836796 4.608608704
23.428264607 4.617342021
23.430021607 4.628840027
23.437152954 4.646565044
23.448315063 4.659406637
23.465058228 4.667209778
23.488415975 4.669845276
23.506089315 4.676434021
23.566550741 4.724441427
23.588048137 4.73394989
23.634040161 4.745137838
23.672694132 4.767203674
23.692847941 4.773404846
23.73790979 4.779063415
23.760027303 4.787434997
23.798474568 4.814745992
23.816664672 4.820611267
23.828240194 4.819345195
23.847877238 4.813996684
23.855215291 4.813221537
23.864413696 4.81608958
23.874748983 4.824977926
23.88188033 4.826889954
23.924358358 4.817794902
23.948336223 4.817691549
23.947406047 4.830584819
23.942755168 4.840506694
23.943168579 4.851694641
23.946475871 4.861642355
23.950816691 4.86779185
23.957121216 4.870814921
23.963115682 4.868696187
23.977998494 4.854149272
23.995775187 4.865052999
24.046934855 4.888927511
24.072463013 4.910269878
24.089619588 4.920217591
24.108429809 4.923059795
24.119901978 4.918899841
24.139228963 4.90543813
24.152768188 4.902595927
24.16289677 4.907789409
24.190905396 4.944169617
24.209612264 4.956184388
24.229766073 4.961171163
24.246199178 4.954065653
24.253020467 4.929881083
24.259221639 4.929881083
24.267696573 4.935720521
24.269556925 4.943187765
24.269660278 4.952463684
24.27296757 4.964013367
24.284646444 4.992435405
24.286506795 4.995070903
24.296635376 5.003261617
24.368465617 5.012434184
24.386138957 5.022356059
24.398644653 5.036024475
24.396887655 5.048194275
24.371979614 5.053387757
24.361230916 5.062947896
24.3678455 5.084548645
24.382521607 5.107854716
24.39637089 5.122298279
24.401641887 5.111472067
24.411460409 5.081861471
24.41693811 5.073257345
24.430684042 5.067417908
24.433474569 5.075531108
24.433061158 5.089328715
24.436678508 5.100594177
24.459622844 5.107441304
24.480844127 5.102334685
24.487218059 5.100800883
24.513676391 5.087235819
24.533003377 5.073257345
24.538687785 5.065557556
24.547369425 5.046488953
24.553467244 5.039099223
24.56338912 5.034887593
24.588607219 5.031063538
24.601216268 5.0261026
24.610104614 5.016723328
24.610001261 4.996724549
24.615478963 4.985097351
24.627467896 4.976906637
24.656923462 4.967268982
24.670772746 4.957217916
24.657440226 4.93977712
24.654236287 4.929415995
24.664364868 4.924403382
24.730614054 4.917504578
24.749837687 4.918744812
24.766374145 4.929881083
24.778259725 4.918538107
24.789421834 4.919855856
24.800067179 4.928899231
24.811022583 4.940448914
24.819497518 4.944479675
24.827662394 4.941921692
24.836860799 4.937710063
24.848332967 4.936728211
24.868176717 4.944376323
24.904350219 4.966803895
24.92708785 4.971480611
24.932358846 4.974426168
24.950859009 4.987681173
24.958093709 4.991350199
24.969359171 4.991401876
25.00646285 4.980937399
25.040569295 4.962101339
25.076122681 4.951843567
25.084804321 4.954220683
25.090488729 4.974477845
25.100927368 4.994554138
25.105268188 4.998765768
25.114259888 5.001840516
25.121701294 5.008635967
25.129452759 5.018635356
25.140201457 5.017963562
25.147642863 5.014139506
25.154567505 5.00930776
25.163662556 5.005638733
25.227534627 5.009566142
25.239316854 5.015534769
25.248515259 5.024138895
25.292336873 5.028273011
25.307633097 5.032277934
25.316831503 5.042251485
25.320965617 5.052250875
25.321895793 5.077003886
25.324996378 5.088114319
25.339155721 5.105167542
25.34235966 5.111472067
25.3438066 5.121884868
25.349284301 5.141676941
25.348560832 5.149014995
25.341222779 5.155603739
25.321482381 5.159169414
25.314454387 5.163251852
25.30773645 5.18529185
25.316211385 5.20224172
25.328923788 5.216013489
25.335538371 5.228441671
25.337192016 5.251747742
25.343393189 5.271927388
25.355898885 5.286448466
25.376466105 5.293011373
25.36365035 5.310555522
25.370678345 5.316834208
25.385354451 5.321485087
25.395689738 5.333964946
25.413363078 5.323552145
25.43506718 5.328693949
25.479922323 5.353188579
25.481989379 5.356857605
25.484934936 5.355307312
25.495580281 5.344532776
25.504468628 5.342284851
25.528963257 5.351896668
25.540848836 5.354428813
25.532787313 5.372231344
25.543742716 5.375280253
