-87.099029101 5.516017971
-87.117665168 5.515082098
-87.104603645 5.537420966
-87.092518684 5.546698309
-87.078521288 5.555080471
-87.064605273 5.557847398
-87.064605273 5.547593492
-87.065541145 5.534613348
-87.078521288 5.520656643
-87.099029101 5.516017971
-83.870305239 8.701776235
-83.878076406 8.698821179
-83.890634797 8.701178567
-83.896617593 8.706491863
-83.883463739 8.712992682
-83.869114046 8.713587405
-83.870305239 8.701776235
-85.145130989 10.103461005
-85.135650194 10.098456122
-85.131337043 10.098700262
-85.121571418 10.096380927
-85.116037564 10.091701565
-85.107899543 10.089544989
-85.097320116 10.08982982
-85.097320116 10.083644924
-85.109486457 10.079291083
-85.124826627 10.075628973
-85.14183509 10.07416413
-85.158802864 10.076157945
-85.176136848 10.083238023
-85.185292121 10.092433986
-85.199126757 10.117743231
-85.180287239 10.124009507
-85.171864387 10.124579169
-85.139963345 10.119208075
-85.11046302 10.110296942
-85.11046302 10.103461005
-85.145130989 10.103461005
-85.236478239 11.053096617
-85.092837484 11.000647482
-84.93140031 10.941891378
-84.908404297 10.939359233
-84.884969035 10.947679138
-84.7817712 11.014884339
-84.707770549 11.063046774
-84.676454631 11.070410665
-84.658729615 11.062736715
-84.620669922 11.035761617
-84.603229126 11.033281149
-84.581680054 11.034469706
-84.558606527 11.027209168
-84.50873877 11.005530904
-84.503338583 11.004032288
-84.49817094 11.001991069
-84.493313355 10.999407248
-84.489127564 10.996358337
-84.466389934 10.968453064
-84.457837484 10.961347555
-84.448871624 10.956334941
-84.43820044 10.952200826
-84.427245036 10.951115621
-84.417762411 10.95504303
-84.363967245 10.989614563
-84.355466472 10.994627177
-84.345983847 10.989898784
-84.343658407 10.982379863
-84.343865113 10.972277121
-84.341798056 10.959900615
-84.337405559 10.952665914
-84.324098877 10.936181132
-84.32130835 10.929153137
-84.31074052 10.91941213
-84.264283407 10.901816305
-84.253663901 10.894710796
-84.244723878 10.884918111
-84.225655274 10.875306295
-84.208369507 10.860966085
-84.204648804 10.83698822
-84.218523926 10.829831035
-84.222658041 10.827040507
-84.227102214 10.819314881
-84.225241863 10.813682149
-84.221159424 10.809418844
-84.218885661 10.805956523
-84.196871501 10.788515727
-84.191600505 10.781720276
-84.180412558 10.789755961
-84.164832113 10.789445903
-84.157729725 10.788424645
-84.149019125 10.78717214
-84.137004355 10.789161682
-84.118426677 10.77122996
-84.106928671 10.766914978
-84.095430664 10.775519104
-84.088557699 10.775519104
-84.076439575 10.763814393
-84.051634888 10.779549866
-84.034555827 10.775519104
-84.022696086 10.787223817
-84.009234376 10.789445903
-83.998201457 10.782056173
-83.993628093 10.76500295
-83.933321696 10.718054911
-83.926577922 10.714902649
-83.917276164 10.713481547
-83.90748348 10.715367737
-83.893556682 10.724927877
-83.886864584 10.727149964
-83.859527751 10.721775615
-83.855807048 10.723997701
-83.835343181 10.747613831
-83.768964803 10.772470195
-83.763818115 10.773683168
-83.698142253 10.789161682
-83.663028117 10.807015889
-83.660134237 10.834171855
-83.669306804 10.869751078
-83.67023698 10.912694194
-83.669771892 10.91752594
-83.670960449 10.922616069
-83.663699911 10.927706197
-83.657808798 10.926465963
-83.651478435 10.926620992
-83.644357877 10.92593008
-83.624256965 10.902899481
-83.59870358 10.856594143
-83.580555793 10.807318427
-83.582875129 10.775702216
-83.597564257 10.793605861
-83.623850064 10.857611395
-83.606922981 10.777777411
-83.608631965 10.745510158
-83.637521939 10.721096096
-83.62222246 10.723863023
-83.611887174 10.730861721
-83.602162239 10.739569403
-83.589100715 10.747748114
-83.593658007 10.742661851
-83.59471595 10.736558335
-83.593006965 10.729315497
-83.589100715 10.721096096
-83.585275845 10.732855536
-83.581044075 10.755804755
-83.57542884 10.768255927
-83.526966926 10.636053778
-83.466175911 10.494533596
-83.394520637 10.376044012
-83.203724739 10.129339911
-83.188384569 10.117743231
-83.124663866 10.040594794
-83.085316536 10.002142645
-83.061512825 10.015326239
-83.052398241 10.009588934
-83.026031054 10.005031643
-83.02057858 9.997381903
-83.019846158 9.978705145
-83.01667233 9.963120835
-83.009348111 9.9492862
-82.996327278 9.935939846
-82.949777799 9.867580471
-82.93488522 9.857082424
-82.877268033 9.780096747
-82.833811002 9.739488023
-82.808257616 9.747219143
-82.802479621 9.731512762
-82.796986457 9.691229559
-82.787749804 9.672756252
-82.772328254 9.661037502
-82.705230273 9.637925523
-82.681385871 9.635484117
-82.657948371 9.636297919
-82.635894335 9.634507554
-82.616444465 9.624335028
-82.591420051 9.586981512
-82.574574348 9.576808986
-82.573597786 9.576198635
-82.573591308 9.57619469878
-82.562836874 9.538695373
-82.570614177 9.538230285
-82.585884563 9.546240133
-82.601103272 9.548668925
-82.608208782 9.537868551
-82.612394573 9.4994988
-82.618854126 9.486708883
-82.63213497 9.484667663
-82.650712647 9.487845764
-82.668205119 9.493168437
-82.67804948 9.497767639
-82.688668987 9.509446513
-82.701458904 9.533553569
-82.711690837 9.544999899
-82.719726522 9.541330872
-82.729364177 9.544896546
-82.771092896 9.579855652
-82.829022176 9.602722473
-82.847470663 9.600655416
-82.866048341 9.585074972
-82.877391317 9.569184469
-82.879251669 9.559908549
-82.867133545 9.538643697
-82.860208903 9.511203512
-82.855919759 9.50544159
-82.849382691 9.503477885
-82.844783489 9.500687358
-82.846385458 9.49254832
-82.861294109 9.484099223
-82.914624187 9.476864522
-82.933305217 9.470327454
-82.941702637 9.456348979
-82.944286459 9.437151185
-82.943201254 9.354313863
-82.941650961 9.23442454
-82.939521085 9.070641889
-82.939377198 9.059577332
-82.909456544 9.072005514
-82.9002323 9.07205719
-82.89328182 9.066941224
-82.889690308 9.059370626
-82.886873943 9.05148997
-82.88242977 9.045340475
-82.876564495 9.04192983
-82.854085247 9.031982117
-82.808170736 8.998366597
-82.762695476 8.982992859
-82.749130412 8.974078674
-82.723343872 8.930928854
-82.719364787 8.921523743
-82.72015671 8.92023775
-82.733860026 8.897985128
-82.76378068 8.879950053
-82.86692684 8.838066304
-82.878579875 8.829772238
-82.888320883 8.816930644
-82.883566651 8.812383118
-82.875634319 8.807525533
-82.875789348 8.793908793
-82.885116944 8.783185934
-82.914882569 8.764789124
-82.92296993 8.75615916
-82.924158489 8.741198832
-82.919223389 8.727065328
-82.910335043 8.713913676
-82.87894161 8.679057923
-82.862224285 8.655700176
-82.849796103 8.629861959
-82.84186377 8.599476217
-82.835972657 8.52976471
-82.838918214 8.494624736
-82.848297486 8.465169169
-82.870414999 8.438116557
-82.896511597 8.425352478
-82.924778605 8.416748352
-82.953510702 8.402098084
-82.997771566 8.360162659
-83.043298503 8.334737854
-83.052109335 8.327632345
-83.053246217 8.31510081
-83.04407365 8.305359803
-83.016065024 8.289004211
-83.010768189 8.28337148
-83.001104696 8.269237976
-82.995523641 8.264819641
-82.989193278 8.264457907
-82.977126831 8.269237976
-82.968005941 8.267971904
-82.950513469 8.258825175
-82.943666342 8.248567403
-82.939092978 8.216838074
-82.886408855 8.102193909
-82.891369792 8.057545471
-82.8976292589 8.03474802007
-82.91124427 8.045355536
-82.909698046 8.060614325
-82.902129687 8.077460028
-82.897613085 8.092800197
-82.900380012 8.105047919
-82.968495246 8.221218166
-82.992583788 8.246405341
-83.116851366 8.33612702
-83.150868293 8.369289455
-83.121490038 8.404933986
-83.116078254 8.407782294
-83.11046302 8.4180362
-83.099598762 8.431341864
-83.092681444 8.446682033
-83.099029101 8.462713934
-83.131703254 8.503200588
-83.137196418 8.514553127
-83.13772539 8.529323635
-83.130604621 8.534491278
-83.11815345 8.538153387
-83.102447069 8.548041083
-83.1142472 8.551784572
-83.143422004 8.550238348
-83.157704231 8.555487372
-83.16515052 8.563747463
-83.185047981 8.602687893
-83.181752082 8.607855536
-83.180165168 8.611354885
-83.178212043 8.616970119
-83.171376106 8.616970119
-83.161732551 8.600734768
-83.158802864 8.592800197
-83.157704231 8.579413153
-83.1533097 8.577175197
-83.123565233 8.589016018
-83.123565233 8.596462307
-83.137237108 8.602199611
-83.151722786 8.612860419
-83.164051887 8.625637111
-83.171376106 8.637477932
-83.178212043 8.637477932
-83.185780403 8.62518952
-83.203968879 8.624457098
-83.224761523 8.626857815
-83.240264452 8.623806057
-83.247588671 8.637233791
-83.259307421 8.651312567
-83.273182746 8.658474026
-83.287383593 8.651068427
-83.319081184 8.669582424
-83.328358528 8.684597072
-83.322173632 8.705715236
-83.329009569 8.706203518
-83.335804817 8.705715236
-83.331695116 8.722072658
-83.345855273 8.729925848
-83.366932746 8.73427969
-83.383656379 8.739813544
-83.389515754 8.728094794
-83.394805468 8.728949286
-83.401397265 8.733710028
-83.411529101 8.733669338
-83.416289843 8.728298244
-83.417510546 8.721258856
-83.421660937 8.715155341
-83.435170051 8.712551174
-83.468251106 8.717474677
-83.48171953 8.712591864
-83.486683723 8.692694403
-83.479115364 8.698431708
-83.479237434 8.698879299
-83.473011848 8.698879299
-83.437896288 8.646429755
-83.433257616 8.630519924
-83.412749804 8.598456122
-83.404774543 8.589016018
-83.39159095 8.582302151
-83.354237434 8.571071682
-83.339222786 8.569159247
-83.32546953 8.560980536
-83.312367317 8.545070705
-83.299712694 8.534369208
-83.287383593 8.541815497
-83.286854621 8.517157294
-83.288848437 8.507025458
-83.294911262 8.500270901
-83.294911262 8.493434963
-83.279815233 8.472927151
-83.273711718 8.437933661
-83.276356575 8.401556708
-83.287383593 8.376735744
-83.30984453 8.375921942
-83.346424934 8.387600002
-83.380889452 8.404120184
-83.397246874 8.417669989
-83.391102668 8.417669989
-83.386626757 8.41412995
-83.382964648 8.412502346
-83.369374153 8.410915432
-83.388661262 8.419501044
-83.396473762 8.424587307
-83.404774543 8.431952216
-83.404774543 8.417669989
-83.462432421 8.442694403
-83.482940233 8.445624091
-83.54417884 8.438259182
-83.561146614 8.438177802
-83.575591601 8.444973049
-83.588897265 8.458563544
-83.613270637 8.490016994
-83.70022539 8.57033926
-83.705799934 8.579413153
-83.710113085 8.580511786
-83.730580207 8.588812567
-83.736805793 8.592718817
-83.739898241 8.623806057
-83.709462043 8.670355536
-83.702381965 8.678412177
-83.686675585 8.68768952
-83.675933398 8.691799221
-83.671009895 8.688910223
-83.667836067 8.682928778
-83.660918749 8.689846096
-83.636586067 8.72675202
-83.63003496 8.733669338
-83.642567512 8.749538479
-83.627471483 8.767401434
-83.600005663 8.782049872
-83.57542884 8.788275458
-83.57542884 8.794460354
-83.597075976 8.79702383
-83.607940233 8.796047268
-83.615386523 8.790106512
-83.626942512 8.777736721
-83.638661262 8.772284247
-83.642567512 8.781887111
-83.63780677 8.798854885
-83.623809374 8.815578518
-83.599029101 8.827541408
-83.587635871 8.835353908
-83.582875129 8.846625067
-83.589100715 8.856756903
-83.602080858 8.863796291
-83.613880989 8.873236395
-83.616363085 8.89069245
-83.597035286 8.880886135
-83.587676562 8.877997137
-83.57542884 8.877630927
-83.581410286 8.884955145
-83.588978645 8.89052969
-83.603382942 8.898138739
-83.609486457 8.903143622
-83.612945116 8.907782294
-83.61827552 8.910956122
-83.63003496 8.911769924
-83.617909309 8.919012762
-83.619618293 8.924261786
-83.626576301 8.928249416
-83.63003496 8.931667385
-83.625518358 8.942653713
-83.620391405 8.950832424
-83.613392707 8.958075262
-83.603382942 8.966376044
-83.6298722 9.03534577
-83.634755012 9.044094143
-83.651153124 9.061957098
-83.657989062 9.055202541
-83.680449999 9.084133205
-83.700917121 9.117865302
-83.727202929 9.144313869
-83.767201301 9.151393947
-83.764881965 9.177191473
-83.786895312 9.19924551
-83.817128059 9.214504299
-83.839507616 9.220282294
-83.918080207 9.294745184
-83.995106575 9.330226955
-84.007435676 9.33974844
-84.103627082 9.377264716
-84.109852668 9.377264716
-84.116322395 9.372585354
-84.121937629 9.372626044
-84.126616991 9.376898505
-84.130360481 9.384711005
-84.144073046 9.37885163
-84.152251757 9.385321356
-84.161529101 9.39472077
-84.178700325 9.397772528
-84.167958137 9.416205145
-84.182240364 9.442206122
-84.208363411 9.46499258
-84.233387825 9.473456122
-84.233387825 9.466701565
-84.224598762 9.46499258
-84.218658007 9.462551174
-84.205433723 9.45302969
-84.2314347 9.457546291
-84.272694465 9.481594143
-84.298858202 9.487127997
-84.324208137 9.489081122
-84.457915819 9.526027736
-84.483509895 9.528102932
-84.495472786 9.526027736
-84.508290168 9.521999416
-84.521595832 9.519313869
-84.535023567 9.521307684
-84.546742317 9.531073309
-84.550689257 9.54287344
-84.555409309 9.552394924
-84.569121874 9.555446682
-84.566558398 9.551418361
-84.565093554 9.548407294
-84.562977668 9.541164455
-84.579497851 9.554348049
-84.616566536 9.57807038
-84.623768684 9.592962958
-84.627308723 9.606716213
-84.636097786 9.6133487
-84.647206184 9.617702541
-84.657948371 9.624335028
-84.66136634 9.634466864
-84.659942187 9.644924221
-84.662709114 9.651678778
-84.678374804 9.651027736
-84.674427864 9.662380276
-84.675526496 9.673285223
-84.678089973 9.68353913
-84.678374804 9.692572333
-84.672474739 9.703802802
-84.655262825 9.720770575
-84.648467577 9.737697658
-84.641468879 9.74612051
-84.634429491 9.757025458
-84.631214973 9.771429755
-84.634551562 9.783392645
-84.642364062 9.793768622
-84.657948371 9.809271552
-84.698394335 9.868841864
-84.709706184 9.877590236
-84.725941536 9.884466864
-84.72378496 9.899603583
-84.709706184 9.922552802
-84.734283007 9.942572333
-84.738799608 9.952297268
-84.733631965 9.966945705
-84.762318489 9.975653387
-84.850941536 9.966945705
-84.850941536 9.974391994
-84.838653124 9.979152736
-84.822906054 9.980861721
-84.788238085 9.98061758
-84.788238085 9.987453518
-84.820098437 9.988959052
-84.848540819 9.993963934
-84.874256965 10.002630927
-84.898101366 10.015326239
-84.928252733 10.040106512
-84.932850715 10.045477606
-84.939320442 10.04694245
-84.952015754 10.055446682
-84.960967577 10.064886786
-84.956166145 10.069362697
-84.972889778 10.077948309
-85.013905403 10.115993557
-85.035755989 10.126735744
-85.046050585 10.136135158
-85.052357551 10.138251044
-85.057362434 10.136013088
-85.061675585 10.132269598
-85.0673722 10.131415106
-85.076201952 10.138251044
-85.070301887 10.148871161
-85.068348762 10.155666408
-85.072865364 10.158758856
-85.076771614 10.160589911
-85.089873827 10.172390041
-85.107899543 10.166571356
-85.175567187 10.165554104
-85.193470832 10.170111395
-85.209462043 10.181179104
-85.234527148 10.2070987
-85.234527148 10.213324286
-85.228789843 10.231594143
-85.246245898 10.252630927
-85.289173957 10.282253322
-85.283070442 10.262030341
-85.254180468 10.241156317
-85.247547981 10.216742255
-85.244903124 10.170355536
-85.238880989 10.143133856
-85.227080858 10.124579169
-85.240101692 10.116278387
-85.238270637 10.102443752
-85.226470507 10.089382229
-85.195912239 10.078762111
-85.185047981 10.067084052
-85.171864387 10.042059637
-85.165638801 10.042059637
-85.157582161 10.045355536
-85.154082812 10.042669989
-85.152577278 10.035834052
-85.16128496 10.03518301
-85.170277473 10.036322333
-85.178822395 10.038845119
-85.186146614 10.042059637
-85.186146614 10.035834052
-85.167388476 10.019395249
-85.144520637 9.999335028
-85.083851692 9.974920966
-85.076201952 9.970648505
-85.069081184 9.973415432
-85.053130663 9.966945705
-85.014515754 9.944973049
-84.996693489 9.939276434
-84.97756914 9.938788153
-84.959584114 9.946478583
-84.947783983 9.937160549
-84.922596809 9.921454169
-84.9111222 9.911688544
-84.9111222 9.905462958
-84.931060351 9.900702216
-84.930165168 9.886297919
-84.918080207 9.869533596
-84.904937304 9.857082424
-84.913075325 9.854315497
-84.920765754 9.848944403
-84.932850715 9.836615302
-84.918080207 9.830023505
-84.900624153 9.82807038
-84.864613411 9.829169012
-84.864613411 9.822943427
-84.878692187 9.813544012
-84.896595832 9.806097723
-84.912017382 9.795843817
-84.918609179 9.778265692
-84.922352668 9.774196682
-84.945912239 9.760891018
-84.95034746 9.753566799
-84.955474413 9.735134182
-84.959584114 9.727362372
-84.990956184 9.742743231
-85.007598437 9.744086005
-85.014800585 9.730780341
-85.010365364 9.72260163
-84.994984504 9.70327383
-84.997425911 9.69940827
-85.029815233 9.68374258
-85.035267707 9.682399807
-85.038929817 9.677272854
-85.062611457 9.665309963
-85.06749427 9.657375393
-85.089344856 9.588568427
-85.098500129 9.571071682
-85.11046302 9.555446682
-85.117827929 9.555446682
-85.14578203 9.612616278
-85.229115364 9.724391994
-85.234527148 9.737331447
-85.238636848 9.742010809
-85.247914192 9.747748114
-85.272979296 9.75800202
-85.275054491 9.765936591
-85.27468828 9.775051174
-85.275502082 9.782009182
-85.299305793 9.808010158
-85.332427538 9.826605536
-85.439971483 9.864528713
-85.449574348 9.862494208
-85.463897265 9.852606512
-85.470366991 9.850246486
-85.480010546 9.852484442
-85.493560351 9.862250067
-85.504546679 9.864528713
-85.510975715 9.865057684
-85.513213671 9.866644598
-85.514515754 9.869655666
-85.518177864 9.874172268
-85.525176562 9.877386786
-85.530995246 9.875881252
-85.534820116 9.872707424
-85.535552538 9.870754299
-85.592071093 9.888739325
-85.619130012 9.892889716
-85.625518358 9.896795966
-85.630604621 9.901556708
-85.638579882 9.905462958
-85.649810351 9.904974677
-85.65721595 9.900539455
-85.663807746 9.900091864
-85.672718879 9.911688544
-85.665557421 9.930324611
-85.676136848 9.955511786
-85.77855384 10.079901434
-85.784657356 10.090887762
-85.792713996 10.117824611
-85.805043098 10.13666413
-85.844024218 10.231024481
-85.847564257 10.259344794
-85.851836718 10.276556708
-85.857696093 10.28908926
-85.843902148 10.302435614
-85.838164843 10.312038479
-85.840321418 10.320135809
-85.861602343 10.346991278
-85.874989387 10.355047919
-85.867583788 10.364894924
-85.850249804 10.378485419
-85.838531054 10.395453192
-85.830352343 10.412014065
-85.813262499 10.405300197
-85.803985155 10.415920315
-85.796742317 10.431423244
-85.775502082 10.447292385
-85.783721483 10.465236721
-85.798817512 10.483954169
-85.809234179 10.494533596
-85.802967903 10.498806057
-85.800282356 10.500270901
-85.795643684 10.501369533
-85.795643684 10.508205471
-85.809234179 10.508205471
-85.809234179 10.515041408
-85.79784095 10.517157294
-85.790516731 10.524115302
-85.781971809 10.54299551
-85.775135871 10.54299551
-85.761219856 10.531805731
-85.741607226 10.539821682
-85.721587694 10.55093008
-85.706288215 10.549139716
-85.700062629 10.549139716
-85.701405403 10.562282619
-85.697987434 10.568630276
-85.692290819 10.572088934
-85.687001106 10.576483466
-85.677845832 10.592108466
-85.674224413 10.591253973
-85.661854621 10.590114651
-85.631743944 10.6211612
-85.63402259 10.629461981
-85.639312304 10.635809637
-85.652251757 10.64472077
-85.693226692 10.603786526
-85.694203254 10.607082424
-85.694081184 10.610012111
-85.695179817 10.611639716
-85.700062629 10.611232815
-85.700062629 10.617458401
-85.68846595 10.629950262
-85.681385871 10.635199286
-85.672718879 10.637884833
-85.679554817 10.64472077
-85.680449999 10.643825588
-85.681792773 10.641913153
-85.683867968 10.639797268
-85.687001106 10.637884833
-85.684478319 10.646185614
-85.683990038 10.649074611
-85.672718879 10.652167059
-85.672718879 10.658392645
-85.679554817 10.658392645
-85.679554817 10.665838934
-85.662871874 10.678981838
-85.659575976 10.712958075
-85.66527259 10.778835354
-85.680287239 10.796332098
-85.713368293 10.810858466
-85.746490038 10.816188869
-85.761504687 10.806097723
-85.767486132 10.806097723
-85.795074023 10.828640041
-85.803089973 10.837184963
-85.798329231 10.835638739
-85.792388476 10.838324286
-85.789906379 10.84389883
-85.795643684 10.850856838
-85.802967903 10.852484442
-85.822295702 10.850612697
-85.830352343 10.850856838
-85.859771288 10.861761786
-85.882923957 10.87514883
-85.908802864 10.886419989
-85.94644121 10.891140041
-85.94644121 10.89858633
-85.923817512 10.904201565
-85.881499804 10.923163153
-85.857696093 10.92593008
-85.861480273 10.932074286
-85.86449134 10.935858466
-85.869130012 10.938137111
-85.878163215 10.939601955
-85.878163215 10.946356512
-85.828724739 10.9492862
-85.816151496 10.946356512
-85.810902473 10.938666083
-85.812163866 10.92971426
-85.814605273 10.922267971
-85.812652148 10.919094143
-85.808501757 10.917181708
-85.795643684 10.905462958
-85.789418098 10.905462958
-85.781971809 10.912868557
-85.781971809 10.919094143
-85.793365038 10.930243231
-85.78246009 10.93744538
-85.761138476 10.940578518
-85.740996874 10.939601955
-85.734160937 10.936428127
-85.725209114 10.927679755
-85.717071093 10.92593008
-85.710560676 10.928290106
-85.707793749 10.934027411
-85.708892382 10.940822658
-85.713734504 10.946356512
-85.713734504 10.953802802
-85.698882616 10.959255276
-85.694691536 10.970241604
-85.698150194 10.983221747
-85.706288215 10.994818427
-85.713531054 11.00002676
-85.730376757 11.006903387
-85.737578905 11.01186758
-85.746001757 11.020656643
-85.746001757 11.023016669
-85.740956184 11.024074611
-85.734160937 11.028957424
-85.718861457 11.04291413
-85.709991015 11.038112697
-85.699615038 11.028631903
-85.679554817 11.028957424
-85.667510546 11.039862372
-85.670196093 11.054388739
-85.681019661 11.068386135
-85.693226692 11.077337958
-85.701730924 11.080877997
-85.7017355659 11.0808801812
-85.677582154 11.119632467
-85.659314535 11.158829041
-85.63115088 11.196216939
-85.597793742 11.209937032
-85.569164999 11.195390117
-85.540949667 11.170327046
-85.508626059 11.152421163
-85.407417766 11.115446676
-85.27236141 11.066199036
-85.236478239 11.053096617
