169.838145379 -20.248630467
169.830088738 -20.253106378
169.820485873 -20.244398696
169.807871941 -20.238946222
169.782237175 -20.232679946
169.751800977 -20.219008071
169.737966342 -20.208916925
169.736338738 -20.185804946
169.743418816 -20.160577081
169.755544467 -20.143812758
169.76840254 -20.140232029
169.793955925 -20.136000258
169.821136915 -20.135023696
169.840342644 -20.140801691
169.860524936 -20.155531508
169.876149936 -20.16415781
169.888845248 -20.173923435
169.898936394 -20.192315363
169.888438347 -20.217461847
169.88160241 -20.229587498
169.871592644 -20.239434503
169.860524936 -20.244398696
169.838145379 -20.248630467
169.445648634 -19.648044529
169.43620853 -19.657321873
169.41684004 -19.655450128
169.374196811 -19.643731378
169.357676629 -19.636163019
169.316416863 -19.5897763
169.306162957 -19.582207941
169.286143425 -19.581231378
169.278330925 -19.578301691
169.275075717 -19.572198175
169.271983269 -19.560967706
169.264903191 -19.552992446
169.257823113 -19.547784113
169.254649285 -19.544366144
169.252126498 -19.536553644
169.218516472 -19.490166925
169.214366082 -19.479750258
169.213226759 -19.4647763
169.214528842 -19.439141534
169.219981316 -19.414808852
169.231130405 -19.403985284
169.238942905 -19.39853281
169.238942905 -19.385674738
169.234711134 -19.362481378
169.238780144 -19.350681248
169.243418816 -19.341973566
169.250498894 -19.335056248
169.261485222 -19.328301691
169.281504754 -19.322930597
169.320078972 -19.322442316
169.336599155 -19.314629816
169.352875196 -19.32805755
169.353770379 -19.341566665
169.347911004 -19.358168227
169.344004754 -19.380140883
169.357676629 -19.455254816
169.366465691 -19.469659113
169.387461785 -19.477959894
169.412282748 -19.48414479
169.432790561 -19.492852472
169.465179884 -19.509372654
169.480642123 -19.520114842
169.501719597 -19.527520441
169.495616082 -19.539808852
169.460134311 -19.582207941
169.453298373 -19.626153253
169.445648634 -19.648044529
169.186778191 -18.734958592
169.227305535 -18.739353123
169.226898634 -18.737969659
169.231700066 -18.735609633
169.238617384 -18.733493748
169.243988477 -18.732517185
169.248057488 -18.73447031
169.247406446 -18.743422133
169.256114129 -18.748223566
169.261566602 -18.754815363
169.266286655 -18.762953383
169.26832116 -18.769952081
169.25660241 -18.770684503
169.193207227 -18.787041925
169.21745853 -18.815362238
169.220469597 -18.824965102
169.227061394 -18.826836847
169.258067254 -18.841973566
169.26832116 -18.849216404
169.298594597 -18.864190363
169.319834832 -18.882012628
169.332367384 -18.904880467
169.336599155 -18.934828383
169.327810092 -18.960381769
169.307871941 -18.972832941
169.286957227 -18.982354425
169.275075717 -18.999281508
169.254893425 -18.984795831
169.166514519 -18.939222915
169.154470248 -18.936211847
169.142263217 -18.9413388
169.134125196 -18.940850519
169.102793816 -18.932224217
169.093923373 -18.927992446
169.083506707 -18.918633722
169.059255405 -18.901950779
169.042491082 -18.894138279
168.9873153 -18.876560154
168.985524936 -18.859633071
169.001963738 -18.815036717
169.002207879 -18.801690363
168.998545769 -18.790215753
168.992360873 -18.779880467
168.984060092 -18.769952081
168.982269727 -18.762627863
168.988780144 -18.690606378
168.99488366 -18.669691665
169.008148634 -18.649997654
169.038422071 -18.629164321
169.077810092 -18.618259373
169.118418816 -18.619398696
169.152354363 -18.636325779
169.162445509 -18.6522763
169.166514519 -18.672051691
169.166514519 -18.708265883
169.172129754 -18.72649505
169.186778191 -18.734958592
168.331716342 -17.549248956
168.336680535 -17.555596613
168.35417728 -17.545342706
168.423106316 -17.534274998
168.439219597 -17.537041925
168.453379754 -17.546319269
168.45573978 -17.552504165
168.459157748 -17.570570571
168.463226759 -17.57431406
168.4716903 -17.575860284
168.477549675 -17.580173435
168.487478061 -17.594821873
168.495616082 -17.61337656
168.501149936 -17.632989191
168.51042728 -17.648858331
168.529063347 -17.65618255
168.535166863 -17.666110935
168.543142123 -17.684991144
168.54957116 -17.691013279
168.559743686 -17.693129165
168.569834832 -17.691582941
168.578379754 -17.688164972
168.583750847 -17.684177342
168.585459832 -17.701267185
168.555674675 -17.759209894
168.547618035 -17.784600519
168.540212436 -17.79664479
168.526866082 -17.801934503
168.501149936 -17.807061456
168.49903405 -17.809340102
168.496267123 -17.814060154
168.491547071 -17.818617446
168.484141472 -17.820733331
168.479014519 -17.818536066
168.472666863 -17.813897394
168.46778405 -17.809258722
168.466970248 -17.807061456
168.396006707 -17.823500258
168.388356967 -17.823663019
168.370860222 -17.813897394
168.366953972 -17.806410415
168.364756707 -17.79664479
168.360362175 -17.793715102
168.349619988 -17.807061456
168.348806186 -17.798760675
168.344574415 -17.788669529
168.343516472 -17.780368748
168.339121941 -17.781833592
168.33855228 -17.782321873
168.33855228 -17.783461196
168.336680535 -17.786553644
168.328461134 -17.784274998
168.320648634 -17.784600519
168.314219597 -17.787855727
168.309336785 -17.794040623
168.315603061 -17.759209894
168.309336785 -17.759209894
168.299082879 -17.771905206
168.283050977 -17.778578383
168.247325066 -17.786553644
168.247325066 -17.780368748
168.26465905 -17.767836196
168.286875847 -17.761325779
168.304698113 -17.752048435
168.309336785 -17.731215102
168.301036004 -17.736260675
168.294200066 -17.736748956
168.289805535 -17.732028904
168.286631707 -17.71087005
168.282237175 -17.707614842
168.275645379 -17.70680104
168.267832879 -17.704034113
168.251719597 -17.695570571
168.238454623 -17.693780206
168.226247592 -17.696954034
168.213145379 -17.704034113
168.2060653 -17.711358331
168.192556186 -17.732598566
168.185801629 -17.738702081
168.1748153 -17.740980727
168.168142123 -17.736993097
168.165212436 -17.726820571
168.15113366 -17.718194269
168.154144727 -17.705824477
168.178965691 -17.65618255
168.190684441 -17.643975519
168.216481967 -17.626234633
168.226817254 -17.615166925
168.266612175 -17.5585263
168.292735222 -17.537692967
168.32300866 -17.532647394
168.328135613 -17.53883229
168.331716342 -17.549248956
168.213389519 -17.57008229
168.205414259 -17.581149998
168.207855665 -17.550388279
168.238942905 -17.521905206
168.275645379 -17.509372654
168.295420769 -17.526462498
168.282725457 -17.530694269
168.26042728 -17.5429013
168.247080925 -17.546319269
168.223806186 -17.561455988
168.213389519 -17.57008229
168.372080925 -17.479099217
168.356293165 -17.48414479
168.334157748 -17.469984633
168.322764519 -17.447360935
168.327403191 -17.419366144
168.33855228 -17.414483331
168.352061394 -17.424981378
168.363780144 -17.443942967
168.372080925 -17.479099217
168.343272332 -17.093438409
168.333018425 -17.094414972
168.322764519 -17.089450779
168.327810092 -17.07805755
168.339528842 -17.06617604
168.349375847 -17.059665623
168.388356967 -17.041192316
168.402028842 -17.040948175
168.425140821 -17.04664479
168.41675866 -17.053155206
168.391123894 -17.067152602
168.3857528 -17.073337498
168.38184655 -17.080010675
168.376475457 -17.085381769
168.343272332 -17.093438409
168.570323113 -16.93759531
168.559255405 -16.943617446
168.542979363 -16.942315363
168.532725457 -16.937920831
168.529795769 -16.92945729
168.535004102 -16.915704034
168.53394616 -16.8944638
168.552744988 -16.879082941
168.578379754 -16.876885675
168.597015821 -16.895196222
168.570323113 -16.93759531
168.185069207 -16.575372003
168.189952019 -16.580254816
168.192637566 -16.585137628
168.195811394 -16.587334894
168.202810092 -16.595879816
168.220225457 -16.633477472
168.230235222 -16.642022394
168.232188347 -16.649102472
168.234548373 -16.664727472
168.238942905 -16.681247654
168.247325066 -16.690362238
168.255137566 -16.689385675
168.271657748 -16.679131769
168.281504754 -16.676853123
168.290212436 -16.678399347
168.298106316 -16.682061456
168.304698113 -16.686455988
168.309336785 -16.690362238
168.319834832 -16.705498956
168.326345248 -16.720961196
168.335215691 -16.733168227
168.353363477 -16.7382138
168.356618686 -16.743584894
168.360850457 -16.755303644
168.370290561 -16.767022394
168.388194207 -16.772230727
168.441172722 -16.770440363
168.464121941 -16.778008722
168.480723504 -16.800225519
168.46753991 -16.805922133
168.469981316 -16.819512628
168.475922071 -16.835219008
168.473887566 -16.848077081
168.463389519 -16.84351979
168.453379754 -16.848077081
168.400401238 -16.819105727
168.384125196 -16.802504165
168.367686394 -16.794854425
168.348317905 -16.78899505
168.333262566 -16.786716404
168.29167728 -16.795342706
168.262054884 -16.812107029
168.232920769 -16.822930597
168.192067905 -16.813897394
168.179372592 -16.806329034
168.149912957 -16.778578383
168.144216342 -16.769219659
168.146494988 -16.741631769
168.144216342 -16.731377863
168.128428582 -16.718357029
168.120371941 -16.709161066
168.120616082 -16.700616144
168.124847852 -16.688653253
168.126719597 -16.651625258
168.131114129 -16.635837498
168.137461785 -16.628594659
168.143809441 -16.623711847
168.149099155 -16.61695729
168.15113366 -16.604424738
168.150645379 -16.594821873
168.149180535 -16.588067316
168.144216342 -16.573011977
168.154063347 -16.579196873
168.160166863 -16.578545831
168.166270379 -16.575127863
168.175303582 -16.573011977
168.185069207 -16.575372003
168.35043379 -16.539239191
168.329600457 -16.539646092
168.315928582 -16.535821222
168.3076278 -16.524590753
168.295420769 -16.497979425
168.324473504 -16.49228281
168.337250196 -16.491875909
168.349375847 -16.497979425
168.361175977 -16.514255467
168.361338738 -16.529392185
168.35043379 -16.539239191
168.243825717 -16.494561456
168.226247592 -16.504815363
168.210134311 -16.504652602
168.203135613 -16.495375258
168.213145379 -16.478122654
168.222666863 -16.440606378
168.234141472 -16.432305597
168.260996941 -16.42978281
168.251719597 -16.444756769
168.250824415 -16.479587498
168.243825717 -16.494561456
168.322276238 -16.318291925
168.288259311 -16.344008071
168.18238366 -16.347832941
168.168630405 -16.351250909
168.154063347 -16.357842706
168.139984571 -16.361911717
168.127452019 -16.357354425
168.11589603 -16.347832941
168.102549675 -16.33993906
168.089121941 -16.336521092
168.076508009 -16.340427342
168.050059441 -16.322442316
168.036631707 -16.32008229
168.021983269 -16.326592706
168.012380405 -16.314711196
167.97917728 -16.295179946
167.963389519 -16.282647394
167.948985222 -16.274346613
167.931651238 -16.267510675
167.92090905 -16.258884373
167.926442905 -16.244805597
167.91285241 -16.233086847
167.925791863 -16.219821873
167.950368686 -16.208916925
167.979665561 -16.202243748
167.994476759 -16.192315363
168.004242384 -16.190118097
168.048675977 -16.190118097
168.069509311 -16.17978281
168.106944207 -16.142998956
168.120616082 -16.134942316
168.125498894 -16.129082941
168.140961134 -16.0897763
168.149912957 -16.08570729
168.171641472 -16.080254816
168.191416863 -16.101250909
168.207286004 -16.134454034
168.226817254 -16.196954034
168.230723504 -16.227715753
168.249685092 -16.24618906
168.321299675 -16.282891534
168.328623894 -16.291436456
168.329844597 -16.306247654
168.322276238 -16.318291925
167.42448978 -16.111586196
167.44434655 -16.118096613
167.45964603 -16.131768488
167.469981316 -16.134942316
167.473399285 -16.131036066
167.471853061 -16.122002863
167.466481967 -16.104424738
167.470713738 -16.102797133
167.480153842 -16.1132138
167.494395379 -16.134942316
167.493418816 -16.143812758
167.485687696 -16.154880467
167.48698978 -16.162774347
167.509532097 -16.173028253
167.514903191 -16.176446222
167.521006707 -16.176446222
167.524180535 -16.170993748
167.527191602 -16.168145441
167.530609571 -16.166110935
167.534678582 -16.162774347
167.537445509 -16.174248956
167.54175866 -16.185479425
167.547618035 -16.195896092
167.555186394 -16.204359633
167.566661004 -16.211521092
167.589854363 -16.217950128
167.603037957 -16.224297784
167.625498894 -16.244886977
167.638438347 -16.262465102
167.652679884 -16.269707941
167.679372592 -16.258965753
167.688731316 -16.263848566
167.692393425 -16.265232029
167.692393425 -16.272637628
167.685720248 -16.287041925
167.703623894 -16.306247654
167.746918165 -16.340427342
167.77247155 -16.33603281
167.786143425 -16.358575128
167.794688347 -16.407972915
167.775889519 -16.44117604
167.773936394 -16.459567967
167.789235873 -16.470635675
167.790375196 -16.451348566
167.794444207 -16.438653253
167.801524285 -16.429131769
167.812510613 -16.419528904
167.822764519 -16.419040623
167.830577019 -16.431410415
167.837168816 -16.447360935
167.843923373 -16.457696222
167.820323113 -16.481052342
167.812510613 -16.48430755
167.79957116 -16.486993097
167.793467644 -16.494073175
167.788422071 -16.5038388
167.778005405 -16.515069269
167.771657748 -16.524509373
167.77247155 -16.532972915
167.771983269 -16.540459894
167.76059004 -16.546319269
167.744395379 -16.546482029
167.7373153 -16.538181248
167.73340905 -16.526788019
167.726573113 -16.517836196
167.717295769 -16.515313409
167.690928582 -16.511000258
167.685557488 -16.508884373
167.679372592 -16.49993255
167.665049675 -16.49976979
167.649912957 -16.502373956
167.640879754 -16.501641534
167.621918165 -16.494235935
167.599782748 -16.502129816
167.579844597 -16.515801691
167.568125847 -16.525974217
167.574880405 -16.531914972
167.577484571 -16.535739842
167.5810653 -16.538018488
167.590017123 -16.539646092
167.580251498 -16.552178644
167.568369988 -16.556817316
167.542165561 -16.560153904
167.521006707 -16.580498956
167.515147332 -16.579359633
167.508311394 -16.574476821
167.5029403 -16.574395441
167.500661655 -16.587334894
167.494395379 -16.587334894
167.486175977 -16.577080988
167.458750847 -16.567966404
167.446543816 -16.545017185
167.433116082 -16.534356378
167.421071811 -16.520196222
167.418711785 -16.497979425
167.425466342 -16.497979425
167.429453972 -16.504571222
167.435720248 -16.510349217
167.443614129 -16.514906508
167.452810092 -16.517836196
167.450205925 -16.501885675
167.44434655 -16.481866144
167.435720248 -16.462823175
167.410817905 -16.430840753
167.406504754 -16.420017185
167.40503991 -16.405205988
167.405772332 -16.38681406
167.40503991 -16.381280206
167.400401238 -16.37493255
167.393809441 -16.371514581
167.387543165 -16.369724217
167.384532097 -16.368259373
167.38152103 -16.346774998
167.382578972 -16.285414321
167.387705925 -16.272637628
167.377126498 -16.224297784
167.376475457 -16.218438409
167.377126498 -16.200616144
167.374847852 -16.192966404
167.370290561 -16.190606378
167.365570509 -16.189873956
167.363454623 -16.186700128
167.35816491 -16.169122003
167.322438998 -16.115004165
167.306488477 -16.124281508
167.301280144 -16.12867604
167.295176629 -16.121270441
167.279063347 -16.140069269
167.23308353 -16.169610284
167.209320509 -16.148858331
167.195974155 -16.143649998
167.185313347 -16.149102472
167.17855879 -16.138929946
167.176117384 -16.129082941
167.1748153 -16.118910415
167.171641472 -16.108168227
167.163910352 -16.098077081
167.15503991 -16.090997003
167.14747155 -16.082940363
167.144216342 -16.070000909
167.148448113 -16.046319269
167.17847741 -15.990899347
167.174164259 -15.924899998
167.175059441 -15.912041925
167.180186394 -15.903903904
167.181813998 -15.896254165
167.185313347 -15.89072031
167.195567254 -15.888441665
167.226247592 -15.867364191
167.336110873 -15.908949477
167.33480879 -15.944105727
167.394704623 -16.017998956
167.377126498 -16.052911066
167.389984571 -16.057793878
167.400401238 -16.064711196
167.404307488 -16.074395441
167.397634311 -16.087090753
167.406504754 -16.094333592
167.415212436 -16.103610935
167.42448978 -16.111586196
167.233734571 -15.741387628
167.20573978 -15.751234633
167.185883009 -15.750746352
167.172048373 -15.744235935
167.144216342 -15.724053644
167.129405144 -15.718357029
167.101410352 -15.711195571
167.089121941 -15.703545831
167.072276238 -15.676202081
167.075694207 -15.649590753
167.094981316 -15.629571222
167.126963738 -15.621514581
167.197764519 -15.629978123
167.233571811 -15.641534113
167.236827019 -15.659356378
167.224945509 -15.690036717
167.232106967 -15.719008071
167.233734571 -15.741387628
167.209483269 -15.596368097
167.194834832 -15.607517185
167.171641472 -15.601006769
167.168304884 -15.605075779
167.165049675 -15.606540623
167.157399936 -15.608005467
167.142832879 -15.605889581
167.132334832 -15.602227472
167.109548373 -15.587497654
167.157399936 -15.53899505
167.176442905 -15.531508071
167.19019616 -15.531670831
167.192718946 -15.535414321
167.17847741 -15.53899505
167.17847741 -15.545830988
167.188731316 -15.548516534
167.192637566 -15.553887628
167.191091342 -15.560479425
167.185313347 -15.566989842
167.208343946 -15.579034113
167.209483269 -15.596368097
168.226817254 -15.990899347
168.204274936 -15.992445571
168.192393425 -15.985528253
168.187510613 -15.971123956
168.183848504 -15.930840753
168.166026238 -15.870375258
168.15503991 -15.793633722
168.131114129 -15.737562758
168.122243686 -15.702080988
168.119639519 -15.662774347
168.124522332 -15.621351821
168.148936394 -15.543226821
168.154551629 -15.463311456
168.176524285 -15.461602472
168.182871941 -15.507989191
168.185801629 -15.517836196
168.192556186 -15.526950779
168.198903842 -15.529554946
168.203786655 -15.534437758
168.20573978 -15.549574477
168.19792728 -15.610935154
168.199473504 -15.627699477
168.213145379 -15.659356378
168.213145379 -15.689873956
168.216075066 -15.703789972
168.239512566 -15.768161717
168.247325066 -15.819512628
168.252126498 -15.834242446
168.264008009 -15.857110284
168.267832879 -15.87476979
168.270355665 -15.914239191
168.267751498 -15.9491513
168.254893425 -15.975762628
168.226817254 -15.990899347
167.861582879 -15.476739191
167.83855228 -15.484795831
167.734141472 -15.48430755
167.712901238 -15.477634373
167.67872155 -15.46103281
167.672862175 -15.449802342
167.68238366 -15.432549738
167.804453972 -15.320000909
167.826182488 -15.313083592
167.843109571 -15.310316665
167.891612175 -15.291924738
167.976898634 -15.277764581
168.002452019 -15.281833592
168.003265821 -15.291599217
167.980316602 -15.313083592
167.967295769 -15.328301691
167.953949415 -15.348809503
167.943614129 -15.37118906
167.939463738 -15.391859633
167.93620853 -15.41025156
167.927907748 -15.423597915
167.861582879 -15.476739191
167.148610873 -14.965590102
167.13965905 -14.969659113
167.131032748 -14.968926691
167.123220248 -14.963636977
167.101084832 -14.939629816
167.09644616 -14.928887628
167.114105665 -14.933851821
167.139821811 -14.953301691
167.157399936 -14.956231378
167.148610873 -14.965590102
168.184906446 -15.365492446
168.178965691 -15.395114842
168.166026238 -15.390313409
168.15528405 -15.390313409
168.131114129 -15.395114842
168.136892123 -15.371840102
168.13542728 -15.346856378
168.12378991 -15.299411717
168.130544467 -15.264743748
168.130137566 -15.157647394
168.120616082 -15.134942316
168.09644616 -14.9804013
168.098155144 -14.9725888
168.100840691 -14.967543227
168.10043379 -14.962090753
168.093272332 -14.95305755
168.090505405 -14.943536066
168.094086134 -14.931410415
168.101735873 -14.920830988
168.110687696 -14.915785415
168.122894727 -14.922784113
168.133636915 -14.940362238
168.141368035 -14.960137628
168.144216342 -14.973565363
168.145843946 -14.996677342
168.157969597 -15.052422784
168.158376498 -15.062676691
168.156993035 -15.083672784
168.157969597 -15.093926691
168.169769727 -15.126560154
168.171641472 -15.137953383
168.171641472 -15.172784113
168.1748153 -15.181410415
168.188812696 -15.197523696
168.192067905 -15.206312758
168.188975457 -15.274590753
168.19434655 -15.28915781
168.192556186 -15.308038019
168.185801629 -15.336358331
168.184906446 -15.365492446
166.813161655 -15.160414321
166.8388778 -15.160902602
166.883474155 -15.15601979
166.9091903 -15.156914972
166.919769727 -15.155938409
166.926117384 -15.148125909
166.938812696 -15.128106378
166.946950717 -15.119886977
166.95590254 -15.112969659
166.963226759 -15.104180597
166.966156446 -15.090264581
166.971934441 -14.979913019
166.969899936 -14.967054946
166.964528842 -14.951348566
166.975922071 -14.93726979
166.993907097 -14.926853123
167.007660352 -14.922051691
167.082855665 -14.928887628
167.082855665 -14.936293227
167.064707879 -14.939222915
167.056162957 -14.947686456
167.054047071 -14.960381769
167.056813998 -15.002048435
167.052907748 -15.012302342
167.041270379 -15.025079034
167.057871941 -15.026950779
167.064626498 -15.03883229
167.068614129 -15.072930597
167.085703972 -15.122002863
167.089121941 -15.141208592
167.113291863 -15.124200128
167.125743035 -15.121351821
167.144216342 -15.128106378
167.13941491 -15.146416925
167.157399936 -15.226820571
167.152598504 -15.242771092
167.144216342 -15.246351821
167.140798373 -15.24976979
167.15113366 -15.264743748
167.155609571 -15.267185154
167.171641472 -15.272881769
167.17847741 -15.277764581
167.182139519 -15.283298435
167.191742384 -15.305596613
167.189463738 -15.324639581
167.185069207 -15.340997003
167.178884311 -15.346612238
167.171641472 -15.332940363
167.164805535 -15.332940363
167.171722852 -15.366387628
167.189463738 -15.417168878
167.212901238 -15.463555597
167.236827019 -15.483819269
167.245371941 -15.48805104
167.247243686 -15.498223566
167.244639519 -15.509535415
167.240570509 -15.517836196
167.23340905 -15.523614191
167.227549675 -15.523044529
167.220388217 -15.519789321
167.209157748 -15.517836196
167.171722852 -15.517836196
167.157399936 -15.522881769
167.140635613 -15.535577081
167.102712436 -15.580010675
167.094086134 -15.586358331
167.085703972 -15.590508722
167.076426629 -15.592868748
167.06519616 -15.59368255
167.053233269 -15.591892185
167.036387566 -15.583184503
167.027110222 -15.580010675
166.989105665 -15.575616144
166.946299675 -15.576755467
166.907969597 -15.586358331
166.883474155 -15.608005467
166.89323978 -15.617771092
166.885101759 -15.618910415
166.863780144 -15.614841404
166.851410352 -15.622653904
166.84644616 -15.630954685
166.842946811 -15.639743748
166.835785352 -15.648858331
166.815603061 -15.658298435
166.793142123 -15.65634531
166.771494988 -15.645196222
166.753916863 -15.627699477
166.766449415 -15.608819269
166.766774936 -15.583916925
166.756195509 -15.56243255
166.7216903 -15.547295831
166.707204623 -15.532810154
166.685069207 -15.498142185
166.674082879 -15.468031508
166.667816602 -15.460137628
166.641368035 -15.434747003
166.637217644 -15.4257138
166.634043816 -15.413181248
166.619395379 -15.39462656
166.61605879 -15.385023696
166.618337436 -15.376071873
166.62761478 -15.355645441
166.632823113 -15.326348566
166.646169467 -15.285577081
166.650075717 -15.264743748
166.649180535 -15.218357029
166.643809441 -15.19524505
166.61980228 -15.161553644
166.613942905 -15.141859633
166.609873894 -15.100274347
166.599619988 -15.062107029
166.60035241 -15.048435154
166.609873894 -15.031914972
166.59262129 -15.026299738
166.582041863 -15.011407159
166.576670769 -14.99228281
166.575205925 -14.973565363
166.570811394 -14.956231378
166.549327019 -14.925062758
166.541026238 -14.908379816
166.522634311 -14.83212656
166.523936394 -14.815850519
166.531097852 -14.799493097
166.534678582 -14.775323175
166.533702019 -14.751641534
166.527354363 -14.737074477
166.554535352 -14.682386977
166.552582227 -14.657647394
166.556162957 -14.645928644
166.587657097 -14.636407159
166.593760613 -14.628594659
166.598399285 -14.625258071
166.609873894 -14.634698175
166.613942905 -14.642836196
166.62370853 -14.669366144
166.626719597 -14.674981378
166.635020379 -14.67945729
166.640310092 -14.690036717
166.64323978 -14.702569269
166.644053582 -14.713148696
166.647959832 -14.715020441
166.671234571 -14.743910415
166.680023634 -14.768487238
166.68620853 -14.779961847
166.706390821 -14.789727472
166.747080925 -14.819594008
166.7373153 -14.829522394
166.741953972 -14.852715753
166.760020379 -14.901543878
166.769867384 -14.947930597
166.774261915 -14.997735284
166.772959832 -15.009698175
166.778086785 -15.016289972
166.784678582 -15.021416925
166.78809655 -15.028497003
166.801768425 -15.1522763
166.813161655 -15.160414321
167.525075717 -14.143324477
167.586436394 -14.172458592
167.595388217 -14.179375909
167.603037957 -14.189060154
167.59644616 -14.241794529
167.593435092 -14.250420831
167.587738477 -14.256524347
167.562022332 -14.298923435
167.548024936 -14.313083592
167.537119988 -14.318942967
167.52613366 -14.319919529
167.458994988 -14.314385675
167.445323113 -14.319431248
167.430918816 -14.318454685
167.418630405 -14.313409113
167.408457879 -14.307712498
167.40121504 -14.305108331
167.396820509 -14.299574477
167.40105228 -14.287530206
167.411143425 -14.267836196
167.40503991 -14.212985935
167.407481316 -14.194919529
167.414235873 -14.186211847
167.424082879 -14.180596613
167.44792728 -14.161390883
167.455088738 -14.1600888
167.4638778 -14.161879165
167.480723504 -14.161065363
167.489512566 -14.156914972
167.504893425 -14.143649998
167.514903191 -14.14055755
167.525075717 -14.143324477
167.575694207 -13.846368097
167.5810653 -13.848728123
167.585703972 -13.8475888
167.58871504 -13.848402602
167.590017123 -13.856622003
167.587168816 -13.860528253
167.5810653 -13.860284113
167.573741082 -13.859063409
167.568125847 -13.860039972
167.551768425 -13.871840102
167.533702019 -13.880466404
167.512461785 -13.885511977
167.48698978 -13.887383722
167.490407748 -13.890232029
167.493662957 -13.891859633
167.493418816 -13.894952081
167.48698978 -13.901055597
167.498545769 -13.924493097
167.484873894 -13.942152602
167.4638778 -13.943942967
167.452810092 -13.918633722
167.45215905 -13.897881769
167.448415561 -13.885023696
167.438243035 -13.874444269
167.418711785 -13.860039972
167.395030144 -13.824965102
167.389170769 -13.804294529
167.390798373 -13.777520441
167.398610873 -13.756036066
167.412282748 -13.739515883
167.430511915 -13.726739191
167.473806186 -13.708428644
167.488942905 -13.708184503
167.503103061 -13.716892185
167.521006707 -13.736504816
167.54965254 -13.789483331
167.562022332 -13.798028253
167.54957116 -13.814060154
167.542165561 -13.818536066
167.548594597 -13.832777602
167.556813998 -13.838067316
167.566172722 -13.840508722
167.575694207 -13.846368097
167.687510613 -13.677992446
167.667653842 -13.682061456
167.650726759 -13.681898696
167.6435653 -13.692803644
167.635020379 -13.693536066
167.633474155 -13.684258722
167.669932488 -13.63648854
167.683929884 -13.624688409
167.702647332 -13.619805597
167.711761915 -13.625909113
167.716481967 -13.640232029
167.716644727 -13.65634531
167.712901238 -13.668226821
167.704274936 -13.672539972
167.687510613 -13.677992446
167.336761915 -13.52353281
167.346934441 -13.528008722
167.358653191 -13.525567316
167.370860222 -13.517347915
167.368662957 -13.543389581
167.356700066 -13.553399347
167.338063998 -13.553969008
167.315603061 -13.551527602
167.305186394 -13.536716404
167.297048373 -13.520603123
167.296641472 -13.504489842
167.308848504 -13.490166925
167.33480879 -13.483575128
167.351328972 -13.492933852
167.351410352 -13.505954685
167.329274936 -13.510511977
167.336761915 -13.52353281
166.688731316 -13.423435154
166.672699415 -13.455010675
166.658457879 -13.415459894
166.673838738 -13.407647394
166.688731316 -13.423435154
166.630544467 -13.2616513
166.613047722 -13.268243097
166.595713738 -13.264255467
166.588145379 -13.258477472
166.582774285 -13.252536717
166.578786655 -13.245293878
166.575205925 -13.236260675
166.590668165 -13.22275156
166.611582879 -13.215264581
166.63152103 -13.216729425
166.644053582 -13.230075779
166.642832879 -13.247735284
166.630544467 -13.2616513
166.560069207 -13.185642185
166.554535352 -13.188409113
166.538422071 -13.179945571
166.529633009 -13.169854425
166.526621941 -13.155368748
166.527354363 -13.133884373
166.533213738 -13.106377863
166.5341903 -13.095635675
166.531748894 -13.088148696
166.5263778 -13.083184503
166.521657748 -13.076755467
166.520518425 -13.064873956
166.554453972 -13.07398854
166.56137129 -13.078708592
166.566661004 -13.089125258
166.570811394 -13.111748956
166.575205925 -13.120212498
166.575205925 -13.126397394
166.570323113 -13.132094008
166.568369988 -13.138278904
166.569672071 -13.145277602
166.575205925 -13.154392185
166.56934655 -13.157159113
166.568125847 -13.161309503
166.568614129 -13.167168878
166.568369988 -13.174899998
166.566416863 -13.178969008
166.563812696 -13.182549738
166.560069207 -13.185642185
