75.204639119 42.845189515
75.271198364 42.845757955
75.496610962 42.823924663
75.535988404 42.827025249
75.555935506 42.825216574
75.620427694 42.805295309
75.646162557 42.806096294
75.675308065 42.815372213
75.703833455 42.83048757
75.727604615 42.848677674
75.73824996 42.861570944
75.770599406 42.925649719
75.782071574 42.93332367
75.797161093 42.936191712
75.80705856 42.936770995
75.858966106 42.939809062
75.898033488 42.935700785
75.976581665 42.918725077
75.99911259 42.917639873
76.064534953 42.933969626
76.090579875 42.934279684
76.163753703 42.92115387
76.254497518 42.92115387
76.340487101 42.901671855
76.351132447 42.902886251
76.370976196 42.909604187
76.382965128 42.910069275
76.393300415 42.905263367
76.404462524 42.889243673
76.414074341 42.885497131
76.432057739 42.88957957
76.461926717 42.910999451
76.480530233 42.916968079
76.506885213 42.91448761
76.558768351 42.898209534
76.585019979 42.894798889
76.605897257 42.898493754
76.644344523 42.911128642
76.688786255 42.910327658
76.707906535 42.913660787
76.746250448 42.928879497
76.750384562 42.932574362
76.751624797 42.937096049
76.75389856 42.940765076
76.761339966 42.942056987
76.77953007 42.939292297
76.785214478 42.939654033
76.792965942 42.943064677
76.81415328 42.961487325
76.833480266 42.971745097
76.853427369 42.974122213
76.897662394 42.974535625
76.937349894 42.986033631
76.956883586 42.988514099
76.976417277 42.982209575
77.089898723 42.968153585
77.124005168 42.958903504
77.135063924 42.951746318
77.163692668 42.921980693
77.178678833 42.913195699
77.195111939 42.910069275
77.211890282 42.909943689
77.229631795 42.909810893
77.328127075 42.897563579
77.360889933 42.904539897
77.403264607 42.919758606
77.418560832 42.922239075
77.433960409 42.921412252
77.461762329 42.914384258
77.501553182 42.914539286
77.520983521 42.906917013
77.538450155 42.896271668
77.557777141 42.88813263
77.574416951 42.88784841
77.626920207 42.906555278
77.647797485 42.909500834
77.713839966 42.907588807
77.781226034 42.895625713
77.787530558 42.889708761
77.791664673 42.883042501
77.798175903 42.877513123
77.80995813 42.871286113
77.83558964 42.879838562
77.852229452 42.887951763
77.861221151 42.890819804
77.883855428 42.893222758
77.90700647 42.891284892
77.929330689 42.885006206
77.986174764 42.860201518
78.030616496 42.85467214
78.13789677 42.861984355
78.183578736 42.860149842
78.229777466 42.865007427
78.249104452 42.862397767
78.290135539 42.851442363
78.311219523 42.850512187
78.328376099 42.855292257
78.364652954 42.872526347
78.385530233 42.878236593
78.429558554 42.880665385
78.496117798 42.875601095
78.594303019 42.850227966
78.635437459 42.832477112
78.669957316 42.811160584
78.687113892 42.804597677
78.80793339 42.79558014
78.888135213 42.771214701
78.954281047 42.768424174
78.992935018 42.757132874
79.030865519 42.756151022
79.108793579 42.785348206
79.148274374 42.790980937
79.173389119 42.785632426
79.180830526 42.775529684
79.175146118 42.737030742
79.176076294 42.713931376
79.181864055 42.6935967
79.192199341 42.674838156
79.206358684 42.656467183
79.242118774 42.629776306
79.321287069 42.602181092
79.353016398 42.57729889
79.398388306 42.496942038
79.425673462 42.469605204
79.476419719 42.453973084
79.571917765 42.449528911
79.652533 42.461052755
79.696457967 42.459838359
79.917943156 42.424440003
79.960111125 42.403511048
79.973960408 42.391470439
80.012097616 42.349509176
80.077003215 42.305765076
80.110076131 42.273338115
80.136534464 42.238869935
80.166610148 42.208716736
80.21032841 42.189518941
80.216529582 42.174403585
80.219836873 42.141873271
80.224591105 42.125569357
80.235133098 42.110944926
80.247432088 42.098413391
80.256527141 42.084357401
80.257560669 42.06526296
80.231205689 42.03368866
80.181906372 42.020976258
79.930862264 42.023275859
79.87949589 42.013198955
79.842908977 42.001830139
79.826785929 41.992244161
79.812833293 41.977619731
79.803841593 41.959998068
79.792576131 41.922816874
79.783274373 41.905091858
79.747514283 41.879744568
79.702969198 41.87493866
79.655736938 41.875842998
79.610985148 41.867626445
79.554657837 41.837602437
79.489855591 41.819257305
79.410997356 41.778587952
79.390843547 41.772696838
79.367382446 41.77238678
79.304130493 41.787553813
79.282323039 41.783497213
79.264856404 41.774505513
79.217520793 41.741225892
79.195920044 41.729521179
79.174526001 41.722622375
79.127913859 41.71430247
79.088743123 41.702546082
78.976191854 41.641800435
78.915833781 41.633170472
78.897436972 41.626271668
78.807313273 41.57844513
78.672127727 41.538447571
78.658278442 41.532453105
78.645049276 41.523719788
78.637401164 41.512867737
78.629132935 41.487959696
78.61921106 41.478089499
78.583967733 41.465997213
78.510380494 41.454421692
78.417569621 41.400471497
78.377675416 41.386622213
78.359898723 41.377527161
78.343465617 41.362024231
78.339331503 41.344040832
78.356901489 41.305541891
78.359692017 41.287455139
78.349460083 41.270401917
78.331476685 41.258723043
78.291582479 41.240791321
78.27535608 41.228854065
78.250344686 41.20053538
78.23133511 41.172855896
78.204456014 41.133717753
78.190503377 41.117749736
78.176033976 41.105502422
78.074954875 41.039511617
78.057178182 41.034343974
78.03650761 41.036100973
77.997646932 41.049795227
77.866698853 41.064057922
77.831042114 41.062972718
77.797555786 41.054704488
77.665574178 41.001271058
77.650277954 40.997136943
77.631777792 40.995793355
77.580721477 40.997705383
77.503516887 40.981065572
77.474888143 40.982047425
77.445225871 40.993674622
77.388795206 41.011658021
77.33298466 41.020649719
77.301151978 41.019306132
77.243171021 41.005663554
77.118837525 41.011658021
77.088555135 41.019564515
77.035018351 41.04033844
77.007733195 41.044214173
76.900142863 41.025765686
76.860972128 41.013208313
76.834927205 40.993519592
76.820871216 40.977809957
76.783974243 40.957139384
76.766817668 40.944685364
76.757412557 40.92577179
76.760926555 40.906599833
76.768367961 40.887014465
76.77084843 40.867119039
76.762476847 40.847016907
76.746870565 40.834459534
76.707286418 40.817613017
76.674213501 40.795443828
76.647858521 40.76485138
76.630805298 40.728884583
76.624190714 40.627547099
76.620780071 40.611320699
76.609411255 40.59710968
76.556391235 40.56569041
76.531173136 40.534994609
76.498927043 40.464611308
76.476499471 40.436137594
76.449110962 40.415518697
76.361984497 40.371903788
76.330151815 40.348080953
76.313512004 40.343326721
76.299352661 40.355677389
76.283332968 40.417275696
76.273411092 40.434122213
76.244162231 40.441201884
76.215430135 40.416552226
76.185044393 40.384202779
76.151351359 40.368131409
76.132541138 40.371542053
76.095230754 40.387355042
76.076110474 40.391954244
76.051615845 40.390197245
75.962422323 40.357331034
75.949296509 40.343068339
75.938031046 40.326221822
75.921494589 40.309116924
75.901857544 40.29888499
75.880463501 40.295267639
75.858552693 40.296352845
75.793750448 40.308910218
75.772046346 40.310150452
75.75054895 40.308341777
75.704453573 40.293148906
75.681819296 40.291701966
75.664869426 40.305706279
75.656291138 40.32306956
75.640168091 40.367304586
75.63830774 40.386114808
75.646369262 40.40533844
75.659598429 40.419084371
75.669313598 40.432365214
75.666936483 40.45024526
75.657221313 40.46109731
75.629005982 40.481302795
75.617947225 40.493963521
75.610815877 40.512877096
75.605648234 40.569411113
75.587664836 40.611940817
75.559862915 40.632869772
75.523792766 40.63317983
75.481831502 40.614111227
75.263240194 40.480165915
75.253318319 40.475980124
75.241536093 40.474068095
75.229237102 40.470347392
75.223966105 40.462440898
75.220142049 40.452984111
75.212493938 40.444715882
75.193890422 40.441253561
75.175286906 40.448126526
75.156580037 40.458151754
75.138079875 40.463887838
75.113171834 40.460787252
75.064389283 40.443837382
75.039067831 40.441098531
75.002377563 40.447299703
74.966100708 40.459288635
74.879180949 40.505073954
74.856443319 40.513187154
74.835359335 40.511636861
74.832312142 40.508116118
74.82006311 40.493963521
74.816032349 40.483679911
74.815102173 40.480114238
74.807040649 40.461769104
74.794638306 40.440736796
74.787403605 40.420738017
74.794638306 40.405545146
74.841663859 40.372058818
74.853859497 40.358829651
74.862127726 40.326170146
74.830915161 40.319917298
74.746682576 40.336505432
74.724668416 40.337538961
74.705754842 40.331286113
74.654388469 40.291546936
74.637645305 40.281986797
74.598681275 40.266173808
74.565401652 40.246950176
74.476621541 40.17243276
74.369858033 40.105821839
74.333787883 40.093729553
74.302885376 40.090060527
74.272292928 40.093832906
74.237876424 40.103909811
74.203149862 40.1098526
74.167596476 40.106390279
74.132869914 40.095331523
74.101243937 40.078846741
74.069514608 40.067787985
74.003988891 40.060811666
73.976703736 40.043603414
73.966368449 40.033268128
73.957893514 40.021434225
73.952105753 40.008256734
73.949728637 39.993683981
73.944044231 39.970067851
73.927301066 39.953324687
73.907560669 39.937873434
73.893194621 39.918133036
73.885443156 39.876533508
73.880688924 39.865009664
73.87293746 39.856844788
73.84410201 39.838086243
73.832009725 39.823720195
73.823018026 39.80568512
73.818573853 39.786048076
73.819814087 39.76672109
73.829529257 39.746980692
73.843068482 39.74036611
73.859914999 39.73716217
73.879345337 39.727912089
73.89350468 39.710393779
73.899602499 39.689464823
73.904253378 39.646470032
73.926784302 39.592881572
73.921616659 39.582132874
73.89929244 39.571539206
73.88306604 39.561203919
73.870456991 39.546786194
73.859191528 39.52425527
73.848029419 39.489735413
73.83831425 39.475679424
73.820744262 39.468186341
73.632642049 39.44834259
73.604323364 39.459608053
73.512235962 39.467411194
73.476889282 39.464775696
73.367645305 39.443795065
73.343150675 39.430669251
73.335502564 39.415166321
73.333332153 39.401110331
73.326407511 39.390878398
73.26935673 39.382558492
73.167864217 39.355376689
73.136031535 39.353464661
73.100994914 39.36116445
73.083424927 39.36783071
73.071125936 39.370724589
73.058413533 39.368812561
73.009320923 39.348607077
72.994334758 39.347831929
72.976764771 39.352224427
72.914339641 39.362714742
72.893669068 39.3639033
72.85046757 39.356720276
72.835274699 39.356203511
72.650479777 39.393772278
72.633736613 39.394495748
72.616373332 39.39041331
72.606141398 39.383488668
72.587021118 39.364885153
72.575755656 39.359304098
72.559425903 39.35956248
72.534104451 39.372326559
72.519014933 39.375685527
72.50805953 39.371964824
72.476743612 39.346126608
72.460413859 39.344111226
72.443567342 39.34478302
72.410701131 39.351345927
72.393234498 39.350829163
72.355924113 39.336101379
72.334116659 39.333827616
72.316339966 39.328815003
72.304247681 39.313570456
72.281406698 39.259723613
72.240272258 39.189908753
72.228903442 39.189236959
72.228668245 39.189502144
72.218568156 39.200889994
72.209163045 39.217297262
72.206475871 39.22688324
72.206372518 39.234608867
72.203271932 39.240810038
72.182394654 39.24933665
72.167098429 39.258741761
72.158623495 39.262617493
72.11552535 39.268146871
72.094751424 39.275071513
72.085759725 39.290109355
72.084106079 39.311245016
72.078111613 39.336618144
72.066949504 39.358477275
72.049792928 39.368864237
72.031499472 39.366693828
71.99646285 39.351862692
71.959152466 39.345868226
71.942305949 39.339046936
71.843500611 39.285045065
71.807017049 39.272849427
71.770430135 39.269542135
71.751206502 39.27424469
71.732913045 39.285096741
71.718340292 39.301064758
71.710898885 39.320960185
71.712965942 39.341527405
71.723197876 39.353981425
71.736633748 39.364575094
71.748105917 39.379561259
71.75182662 39.399663391
71.749242798 39.425501607
71.740251099 39.44834259
71.724438111 39.459401348
71.704594361 39.458987936
71.602791789 39.442348124
71.554319295 39.444156799
71.512874797 39.458832907
71.492100871 39.493662821
71.500575806 39.509217428
71.52600061 39.53815623
71.53137496 39.553090719
71.525380493 39.56916209
71.510911092 39.584148255
71.509654483 39.5849981
71.493031047 39.59624054
71.459544718 39.612105205
71.441251261 39.610658264
71.406731404 39.598152568
71.378309367 39.594173482
71.368542521 39.591486308
71.36161788 39.587558899
71.347871948 39.576241761
71.340585572 39.571694234
71.305910685 39.557173157
71.291958049 39.548956604
71.26007369 39.52063792
71.249273315 39.514385071
71.236922649 39.514488424
71.179975219 39.523015036
71.137445516 39.521154684
71.095897664 39.51236969
71.062928101 39.495626526
71.042309204 39.467876282
71.027581421 39.435216776
71.009287964 39.407621562
70.977145223 39.39490916
70.949808391 39.400748596
70.925158733 39.412944234
70.903351278 39.420850729
70.88448938 39.41387441
70.872242066 39.402970683
70.864180542 39.400593567
70.855292196 39.401730449
70.840099325 39.40142039
70.828058716 39.398578187
70.797621297 39.38534902
70.770129435 39.382093404
70.739743693 39.386227519
70.71328536 39.398423157
70.698092488 39.418990377
70.698609253 39.431392721
70.703053426 39.44472524
70.705430542 39.458522848
70.699746135 39.472165426
70.690134318 39.47919342
70.666724895 39.486893209
70.655976197 39.493662821
70.655976197 39.493714498
70.65592452 39.493869528
70.655598432 39.494664473
70.635977417 39.54249705
70.622128133 39.563529358
70.59784021 39.577792053
70.580270223 39.579549053
70.543579956 39.574278056
70.526113322 39.575621643
70.513504272 39.581512756
70.490973349 39.596860657
70.477227417 39.601201477
70.459967489 39.599547832
70.427618042 39.590091044
70.411081584 39.587455547
70.401469767 39.584768371
70.395371948 39.579497376
70.390411011 39.574019674
70.384313192 39.570867411
70.374287964 39.571022441
70.353462362 39.575931702
70.343178752 39.576861877
70.330259643 39.573089498
70.241066121 39.522394918
70.223289429 39.519087627
70.2060295 39.52410024
70.204375855 39.53815623
70.2150212 39.57407135
70.214814494 39.591124573
70.210266968 39.609728089
70.200655152 39.619494934
70.185203898 39.610348206
70.157350301 39.563891093
70.148978719 39.554279277
70.132442261 39.55004181
70.116267537 39.554641012
70.082729533 39.569782206
70.062265666 39.573451234
70.040354859 39.573606262
70.019684286 39.568593649
70.002734416 39.556863098
69.987128134 39.53960317
69.978756551 39.534435527
69.948629191 39.545080872
69.907753133 39.548491516
69.830445191 39.536244202
69.791584514 39.545390931
69.749829956 39.563839417
69.710349162 39.57407135
69.669421427 39.577792053
69.582294963 39.573554586
69.564931682 39.568128561
69.531445354 39.545649313
69.514392131 39.537587789
69.496098673 39.532575175
69.477288452 39.530404765
69.455274292 39.530456442
69.412176148 39.525030416
69.391453898 39.530508118
69.367217652 39.549938457
69.361636597 39.552884014
69.35202478 39.549628398
69.34840743 39.543168843
69.345926961 39.535365703
69.33972579 39.528079326
69.300348348 39.515625305
69.286189005 39.539706523
69.291149944 39.658872376
69.287532593 39.67778595
69.280091186 39.694270732
69.265931845 39.70775828
69.248361857 39.719385478
69.233324015 39.732666321
69.22629602 39.751011455
69.229551635 39.790543925
69.240713746 39.828939514
69.286447388 39.9357547
69.305671021 39.968620911
69.310063517 39.978646139
69.3103219 39.984795635
69.313990926 39.986914368
69.32784021 39.984743958
69.357295776 39.959474183
69.405354858 39.896118876
69.501576375 39.922473857
69.500439494 39.935703024
69.477288452 39.968155823
69.478115276 39.975028788
69.477288452 39.981591695
69.475118042 39.987741191
69.471190633 39.993683981
69.46312911 40.02541331
69.469640341 40.050993144
69.48571171 40.073730774
69.506330607 40.096933493
69.509224487 40.103444723
69.513461955 40.120704651
69.518009481 40.125097148
69.526071004 40.123185119
69.536612996 40.107888896
69.543020874 40.103082987
69.558833862 40.1017394
69.575473673 40.103599752
69.969558146 40.211603495
70.004594767 40.208761291
70.147170044 40.136982727
70.168822469 40.131660055
70.218535197 40.134140524
70.241531209 40.13274526
70.263493693 40.124270325
70.277808065 40.112074687
70.290262085 40.098173727
70.306281779 40.084789531
70.324265177 40.077503154
70.359508505 40.074040833
70.397645711 40.061225078
70.477227417 40.052026673
70.502135458 40.04598053
70.525493205 40.033681539
70.535621786 40.015956523
70.520945679 39.993735657
70.505029338 39.985105693
70.488492879 39.978542786
70.473196656 39.970119528
70.460225871 39.956115214
70.450872436 39.937408346
70.448030233 39.919993388
70.455626668 39.906815898
70.477227417 39.900924785
70.485960734 39.909606425
70.494177287 39.931672262
70.500895223 39.940560608
70.512574096 39.94515981
70.555052124 39.946245016
70.576601196 39.952239482
70.596599976 39.961954651
70.613963257 39.975752259
70.62739913 39.993890686
70.635977417 40.028513896
70.634737183 40.05931305
70.639439738 40.08494456
70.665949748 40.104168193
70.729821819 40.120704651
70.743464396 40.127112529
70.782531779 40.15258901
70.788732951 40.158996888
70.792143595 40.161374004
70.79772465 40.161942444
70.802685588 40.160133769
70.806044556 40.157653301
70.806716349 40.156154684
70.824906453 40.163544413
70.831831095 40.168195292
70.845163615 40.171812642
70.89854537 40.162614238
70.929292847 40.170624085
70.962882528 40.189692688
70.979522339 40.214083964
70.958955119 40.238371888
70.995128622 40.26658722
71.053212932 40.274235331
71.169381551 40.261419577
71.201007527 40.263848369
71.215115194 40.280746562
71.223951863 40.302864075
71.239558146 40.321105856
71.253820841 40.324413147
71.263949423 40.318211975
71.272837769 40.30772166
71.283224732 40.298419902
71.297074016 40.293820699
71.313558798 40.292683818
71.344926392 40.295215963
71.365131876 40.294130758
71.396551148 40.271548157
71.441354614 40.260902812
71.450966431 40.248913879
71.458924602 40.23413442
71.477114706 40.220801901
71.498405396 40.210518291
71.521246378 40.203748678
71.568271932 40.196565653
71.592973267 40.198426005
71.601654907 40.20994985
71.604032023 40.227261455
71.610129842 40.246381735
71.628319946 40.258887431
71.645993286 40.247105204
71.660152629 40.224470927
71.667180623 40.204162089
71.666870565 40.163131002
71.673071736 40.147886455
71.693328898 40.141116842
71.707178182 40.144269104
71.75978479 40.168091939
71.775907837 40.179925843
71.786759888 40.193516744
71.805466756 40.22529775
71.836472616 40.249172262
71.872956177 40.250774231
71.912333619 40.243436178
71.951814413 40.240904033
71.963389933 40.243746236
71.969177694 40.24441803
71.977032511 40.243074443
71.989021443 40.239302063
72.004834432 40.237286682
72.018890422 40.240025533
72.025401653 40.250877584
72.019820598 40.258732401
72.013238929 40.262072352
72.005971313 40.265760396
71.977032511 40.276095683
71.95822229 40.286534322
71.951090943 40.301520488
71.951094212 40.301528782
71.956671998 40.315679831
72.043178345 40.349321188
72.069636678 40.36942332
72.084106079 40.39738027
72.090100545 40.416035462
72.09929895 40.426370748
72.165858195 40.454431051
72.182704712 40.457790019
72.2283278 40.459606084
72.235931437 40.459908753
72.254224894 40.458306783
72.263415275 40.452651165
72.263630005 40.452519023
72.259599244 40.442390442
72.245129842 40.438721415
72.22807662 40.437532858
72.216501099 40.434949036
72.211768463 40.425836195
72.211643514 40.425595601
72.224355917 40.422443339
72.269624471 40.424045309
72.284300578 40.419859518
72.343418416 40.393401184
72.370496867 40.38564972
72.39406132 40.389422099
72.414421834 40.410712789
72.425170532 40.435982564
72.426204061 40.459340312
72.426095774 40.459545207
72.420027916 40.471026546
72.415662069 40.479287415
72.415585052 40.479329958
72.372253866 40.503265279
72.363468872 40.512308655
72.363467007 40.512410315
72.363262167 40.523574118
72.369980102 40.539852194
72.370083455 40.557732239
72.369928275 40.557930855
72.348482706 40.585379131
72.348509255 40.585508257
72.351893351 40.601967265
72.381555624 40.612147522
72.414835246 40.58987498
72.447908163 40.56047109
72.476743612 40.549567363
72.51529423 40.545639954
72.585780884 40.508742982
72.625468384 40.51049998
72.640867961 40.519853414
72.650479777 40.532152405
72.655130656 40.546363424
72.656474243 40.561142883
72.664225708 40.577782695
72.682415812 40.577679342
72.719209432 40.564863586
72.74835494 40.575095521
72.760033814 40.641758118
72.783908326 40.669663391
72.818944947 40.681083883
72.890981893 40.695088196
72.976764771 40.736067607
73.070609171 40.762474264
73.118048137 40.782938131
73.148640584 40.813685608
73.143369589 40.833839417
73.143291994 40.833852782
73.135041555 40.835273844
73.112467082 40.83916209
73.053555949 40.836319886
73.033298787 40.847223612
73.019449504 40.86189972
73.00342981 40.870167948
72.929429158 40.844174703
72.883127075 40.819628398
72.87031132 40.818181458
72.872998494 40.834821269
72.868657674 40.864121806
72.830107056 40.872079977
72.701226034 40.863243307
72.658231242 40.867170716
72.619473918 40.880089824
72.588468059 40.905824687
72.54557662 40.956519267
72.526249634 40.962203674
72.501444946 40.963495586
72.483358195 40.970575256
72.483564901 40.993519592
72.485218547 40.999565735
72.484701782 41.004681702
72.481911255 41.008815817
72.476743612 41.011813049
72.423516887 41.015740459
72.395198201 41.022044983
72.374320923 41.031966858
72.345692179 41.06596995
72.33235966 41.072842917
72.314066203 41.061680807
72.308795207 41.054446106
72.297323039 41.028142802
72.28977828 41.0235436
72.25298466 41.019616191
72.195486497 41.006357791
72.165134725 40.99935903
72.178777303 41.023181865
72.185598592 41.041061911
72.185598592 41.060647278
72.176400188 41.112892151
72.174643188 41.141417542
72.169888957 41.168651022
72.158416789 41.187874654
72.132888632 41.199295146
72.108497355 41.196401266
72.085242961 41.184877421
72.063642212 41.170201314
72.033773234 41.156610413
72.016513306 41.163535055
72.001217081 41.180019836
71.977032511 41.195212708
71.897657512 41.184929098
71.87161259 41.194489237
71.866341594 41.23660553
71.868822063 41.279238587
71.863034302 41.31220815
71.847014608 41.341818746
71.753170207 41.447290344
71.745212036 41.452819723
71.736840454 41.455403544
71.730432577 41.451166077
71.729709106 41.430082092
71.721647583 41.42475942
71.712242473 41.428015036
71.706868123 41.444086405
71.696119425 41.447445374
71.691468547 41.441915996
71.687334432 41.431012268
71.681443319 41.422847392
71.671934855 41.42548289
71.671108033 41.437626852
71.689504842 41.493799134
71.689401489 41.514624735
71.684130494 41.534055075
71.671418091 41.547387594
71.649507284 41.549919739
71.62738977 41.543201803
71.615297485 41.532143046
71.595453736 41.493799134
71.595453736 41.493747457
71.595557088 41.493695781
71.595557088 41.493489075
71.605582316 41.476849264
71.633694296 41.449615784
71.637414999 41.431270651
71.633074178 41.411323547
71.618811483 41.377785543
71.585531861 41.323525289
71.557936646 41.301717835
71.523830201 41.296653545
71.480628703 41.310761211
71.432466268 41.34481598
71.418772014 41.347399801
71.412570842 41.334687398
71.421459188 41.162088115
71.416084839 41.127361552
71.393657267 41.112737122
71.325237671 41.157333883
71.300226278 41.13304596
71.28947758 41.113874004
71.276145061 41.113150533
71.263380982 41.12348582
71.253820841 41.137490133
71.241521851 41.175162252
71.230153036 41.187254537
71.206381877 41.188753154
71.185711304 41.180226543
71.183024129 41.166377259
71.187881714 41.148445537
71.189948771 41.127464905
71.180130249 41.108137919
71.164420614 41.116199443
71.139099162 41.14839386
71.123079468 41.158212382
71.085769084 41.162036439
71.06757898 41.169736226
71.04701176 41.182035218
71.024687541 41.189786682
70.977145223 41.196349589
70.934150431 41.191440328
70.914203329 41.193042297
70.895961548 41.206116435
70.882163941 41.220482483
70.865730835 41.233194886
70.847747436 41.243065084
70.828523803 41.249111227
70.80599288 41.247457581
70.786562541 41.240429586
70.770439494 41.238517558
70.75803715 41.252160136
70.756280152 41.269626771
70.771059611 41.331018372
70.769199259 41.352102356
70.759690796 41.372514547
70.703570191 41.445481669
70.686723674 41.462483216
70.667810099 41.471371562
70.633807007 41.467495829
70.511333862 41.41447581
70.477227417 41.404657288
70.470781709 41.404879076
70.453197876 41.405484111
70.438056682 41.416077779
70.413613729 41.450700989
70.398989298 41.464963685
70.382246134 41.476435852
70.34493575 41.493489075
70.344729045 41.493644104
70.344522339 41.493695781
70.344418986 41.493799134
70.203445679 41.505633037
70.166548706 41.52020579
70.148255249 41.552451884
70.169287557 41.578341777
70.331189819 41.649629415
70.390824422 41.68505361
70.423483928 41.696913351
70.453662964 41.712080384
70.477227417 41.738435365
70.506476277 41.785590108
70.550091187 41.824063212
70.648948202 41.88739268
70.679695679 41.901112773
70.779327841 41.909665223
70.814002726 41.919535421
70.82511316 41.936330262
70.828058716 41.993742778
70.845473674 42.03035553
70.886711467 42.038494568
70.935907431 42.036866761
70.977145223 42.044230652
71.118428589 42.12290802
71.201007527 42.140788066
71.238214559 42.160244243
71.253200725 42.197554627
71.249868228 42.198385315
71.217854044 42.206365458
71.077604207 42.281167094
71.045771526 42.290959778
71.014042195 42.287704163
70.969600464 42.263467916
70.947793009 42.248145854
70.918647502 42.253365173
70.897821899 42.261607564
70.8581344 42.291063131
70.852656698 42.306075135
70.86480066 42.321552226
70.888825033 42.338575311
70.900354045 42.346744487
70.932703491 42.376200053
70.939834839 42.387827251
70.937354371 42.39477773
70.931773315 42.401495667
70.929912964 42.412296041
70.936114136 42.431623026
70.947586304 42.451285909
70.961952352 42.468106588
70.977145223 42.478751933
71.024739218 42.455962626
71.041017294 42.454799906
71.054711548 42.460380961
71.064168335 42.470328675
71.066287069 42.48213674
71.057863811 42.493402202
71.057657104 42.493402202
71.057553751 42.493505555
71.057553751 42.493608907
71.022723837 42.51644989
71.012698608 42.526035868
71.003190145 42.563527121
71.040655559 42.580528666
71.127006877 42.590605571
71.142768189 42.602542826
71.148090861 42.617399801
71.146437215 42.656854757
71.149021037 42.677938741
71.157547648 42.687938131
71.195219768 42.697239889
71.211446167 42.705223898
71.223848511 42.7179363
71.245449259 42.747133484
71.262502482 42.7535672
71.284723348 42.748399557
71.308494507 42.740105489
71.329785197 42.737030742
71.34756189 42.74284434
71.36306482 42.754109803
71.376293986 42.768320822
71.386939332 42.783074443
71.404612671 42.794882508
71.428848918 42.79558014
71.477114706 42.783539531
71.493651164 42.78891388
71.504193156 42.789611512
71.514321737 42.785709941
71.553802531 42.760905253
71.566308228 42.757236227
71.583568156 42.759639181
71.693535604 42.811806539
71.726401815 42.819661357
71.796681763 42.822296855
71.831408326 42.831572774
71.847738078 42.834053243
71.863241008 42.82904063
71.87884729 42.821340841
71.895383749 42.816044007
71.956982056 42.804597677
72.072737264 42.75718455
72.104880005 42.750337423
72.119969523 42.751810201
72.148804973 42.761990459
72.164101197 42.765091044
72.292362101 42.761060283
72.358404582 42.7413974
72.476743612 42.682563782
72.511780233 42.677551168
72.58381718 42.678274638
72.725824015 42.652875672
72.756933227 42.640214946
72.780601034 42.62044871
72.815224244 42.573035583
72.840752401 42.555698141
72.874548788 42.543993429
72.908345174 42.536965435
72.942348267 42.536035259
73.070609171 42.551925761
73.115050903 42.550840556
73.152671346 42.539213359
73.172721802 42.527844544
73.189051555 42.520764873
73.206828247 42.517173361
73.27834843 42.513400981
73.301396119 42.507070618
73.316588989 42.49371226
73.313385051 42.463171488
73.31441858 42.44157074
73.326200806 42.42867747
73.417461385 42.417050273
73.476889282 42.399066874
73.505104615 42.402942607
73.505518026 42.420926005
73.505077409 42.421557116
73.432964315 42.524847311
73.417564738 42.556163229
73.410019979 42.589649556
73.412707153 42.627321676
73.423869263 42.662771709
73.476889282 42.750880025
73.503554321 42.794081523
73.507068319 42.809403585
73.504277791 42.82759369
73.491978801 42.861002503
73.489498332 42.877823181
73.49301233 42.894953919
73.501177205 42.909345805
73.521744425 42.936165873
73.559674927 43.017297872
73.570940389 43.031922303
73.586650024 43.042283427
73.63408899 43.062463074
73.805551392 43.114733785
73.82281132 43.117317607
73.864255819 43.11610321
73.901669556 43.130960185
73.935052531 43.199715679
73.96533492 43.21692393
73.985385376 43.211678772
74.021455526 43.186305644
74.039852336 43.181861471
74.197362102 43.195788269
74.21389856 43.202635397
74.216585734 43.21692393
74.206043742 43.234106344
74.178758585 43.261701558
74.207697388 43.249790141
74.25865035 43.215761211
74.286969035 43.207208761
74.320041952 43.201653545
74.348774048 43.191034037
74.400553833 43.159537252
74.420604289 43.151837464
74.462772258 43.148633525
74.49822229 43.131115215
74.539253377 43.122898661
74.558166952 43.115043844
74.572016235 43.10220225
74.597027629 43.07034373
74.611290324 43.05817393
74.713919718 42.999882914
74.748749634 42.990012716
74.862851197 42.975827535
74.948530721 42.944847514
74.976849406 42.926476543
75.005374797 42.916399638
75.066146281 42.902602031
75.094258261 42.89030304
75.118132772 42.876531271
75.178594198 42.849659526
75.204639119 42.845189515
71.008564494 40.157756653
70.977145223 40.144579163
70.959885294 40.113418274
70.954045858 40.095796611
70.952960653 40.079208476
70.958438354 40.063085429
70.98313969 40.021382548
70.994508504 40.008876852
71.007634318 40.003502503
71.034299357 39.999110006
71.045823201 39.992030335
71.050370728 39.962884827
71.007634318 39.911156718
71.009287964 39.885731913
71.021897014 39.880822652
71.036056356 39.887540589
71.049802287 39.897979228
71.060964396 39.904128723
71.079981323 39.903405254
71.084787231 39.894826966
71.087216024 39.883819886
71.098894898 39.87549998
71.113674357 39.874466452
71.161009969 39.884233297
71.19459965 39.884801738
71.208448934 39.888780823
71.219094279 39.900924785
71.221057984 39.931723938
71.177029663 39.968155823
71.174704224 39.993994039
71.1909823 40.006241354
71.237284383 40.031097717
71.244002319 40.046755677
71.236354208 40.056057434
71.223745158 40.057866109
71.198217 40.052595113
71.192946005 40.050269674
71.181887248 40.043396708
71.17692631 40.042001445
71.169381551 40.042828267
71.165454142 40.044636943
71.162043498 40.046910706
71.105974569 40.064945781
71.078844442 40.078640036
71.061739542 40.095176493
71.047941935 40.122513326
71.031198772 40.146904603
71.008564494 40.157756653
71.741801391 39.900769755
71.757304321 39.903095194
71.767122843 39.915445862
71.789757121 39.979317932
71.785519654 39.989704895
71.760611613 39.983710429
71.724128052 39.962678121
71.706868123 39.956115214
71.681753378 39.955081686
71.665526978 39.940198873
71.6753455 39.925781149
71.696842896 39.913843892
71.716169881 39.906764221
71.741801391 39.900769755
70.498724813 39.881907858
70.483738648 39.882217916
70.482601766 39.866766663
70.490146525 39.850178529
70.503479045 39.835502421
70.537378784 39.817312317
70.547300659 39.807648825
70.575877726 39.770080058
70.581613811 39.76656606
70.632980184 39.798450419
70.661608928 39.809819235
70.694526815 39.814831848
70.704810425 39.822066549
70.706412395 39.839998271
70.698919312 39.858446757
70.686620321 39.86087555
70.654994345 39.849765116
70.619906047 39.850695292
70.498724813 39.881907858
