-56.90636674 -30.108548686
-56.869211385 -30.102967631
-56.831280885 -30.102037455
-56.795159058 -30.12384491
-56.776607219 -30.15092336
-56.766995402 -30.161362
-56.704776978 -30.198362325
-56.67374528 -30.211281433
-56.656821249 -30.221306661
-56.641783407 -30.23391571
-56.632585002 -30.247454935
-56.62927771 -30.267712097
-56.632429973 -30.278150737
-56.631344767 -30.284661967
-56.615402588 -30.293343607
-56.605196493 -30.29561737
-56.595610514 -30.295410665
-56.585817831 -30.296547546
-56.575017456 -30.30243866
-56.569617269 -30.308019715
-56.560780599 -30.320525411
-56.523754436 -30.35731903
-56.511300415 -30.366000672
-56.494557251 -30.379333191
-56.44127885 -30.408788757
-56.424639039 -30.423568217
-56.400454468 -30.458914897
-56.385985067 -30.475761414
-56.372600871 -30.485889994
-56.326531332 -30.508317566
-56.267956096 -30.551105652
-56.235089885 -30.565368347
-56.215091105 -30.581904806
-56.183516806 -30.614564311
-56.177832398 -30.625519714
-56.175171062 -30.636061707
-56.170804403 -30.645776876
-56.159642294 -30.653941752
-56.140315308 -30.664793802
-56.131685344 -30.67192515
-56.125044922 -30.680296732
-56.091894491 -30.73610728
-56.076856649 -30.752333679
-56.011356771 -30.798222351
-55.995311239 -30.825817566
-55.988955038 -30.855789897
-55.993864299 -30.885452168
-56.011356771 -30.912633972
-56.015516724 -30.934338074
-56.016343547 -30.99986379
-56.022389689 -31.045545756
-56.022182984 -31.067146505
-56.017017874 -31.074296299
-56.011356771 -31.08213267
-56.009874021 -31.081945498
-55.98515682 -31.078825379
-55.919346884 -31.082442729
-55.888185994 -31.076965027
-55.864259807 -31.076758321
-55.854596314 -31.074587911
-55.846586466 -31.069316915
-55.842142294 -31.063942565
-55.838395752 -31.058154806
-55.832478801 -31.051746928
-55.778141032 -31.02043101
-55.763594117 -31.008442077
-55.755506755 -30.992939148
-55.744887248 -30.958625997
-55.731890625 -30.94539683
-55.712744507 -30.943433126
-55.688301555 -30.947773946
-55.665822306 -30.949324239
-55.652748169 -30.938988953
-55.651068685 -30.919972025
-55.654582683 -30.878734233
-55.649673421 -30.86095754
-55.634041301 -30.84762502
-55.61290564 -30.843387553
-55.591873332 -30.848348491
-55.563864705 -30.87646047
-55.527484497 -30.894547221
-55.511309774 -30.906122742
-55.489088908 -30.929687195
-55.442580119 -30.965550639
-55.368579468 -31.037380879
-55.353851685 -31.056294454
-55.348425659 -31.07272756
-55.344963339 -31.10848765
-55.338038697 -31.125644226
-55.326928263 -31.134945984
-55.293700317 -31.153652852
-55.28222815 -31.16905243
-55.268740601 -31.210600281
-55.259981446 -31.228687032
-55.244349325 -31.244603373
-55.227554485 -31.25349172
-55.188280396 -31.26651418
-55.169625204 -31.276436056
-55.122237915 -31.313539733
-55.102445842 -31.324288431
-55.087252971 -31.3267689
-55.074256348 -31.320567728
-55.061104696 -31.304858093
-55.042346151 -31.272611999
-55.029375367 -31.268787943
-55.011495321 -31.28780487
-54.995346436 -31.311782735
-54.969637411 -31.34082489
-54.940801961 -31.365629578
-54.900287639 -31.382062683
-54.88780778 -31.393224793
-54.876154745 -31.406350606
-54.863364828 -31.417616069
-54.849903117 -31.425057475
-54.819775757 -31.435289408
-54.654126953 -31.455753275
-54.619684611 -31.455649922
-54.604543417 -31.459784038
-54.591520956 -31.471049499
-54.573847616 -31.50246877
-54.562375448 -31.515904642
-54.509665487 -31.552284851
-54.495041057 -31.56561737
-54.483155478 -31.583910828
-54.478969687 -31.601480814
-54.477367717 -31.64209849
-54.467220706 -31.664237423
-54.463725139 -31.671864116
-54.436491658 -31.694291687
-54.403677125 -31.714652201
-54.373498088 -31.738940124
-54.342957317 -31.769325866
-54.274227662 -31.823379415
-54.218778849 -31.856659037
-54.169582886 -31.895933125
-54.146276815 -31.909885763
-54.135063029 -31.908955587
-54.12550289 -31.898516948
-54.107312785 -31.883944193
-54.088450887 -31.878156433
-54.068813843 -31.879913432
-54.04974524 -31.887148132
-54.03264034 -31.898103536
-54.026645874 -31.904821472
-54.017705851 -31.919600932
-54.008714153 -31.926525574
-53.998895631 -31.929729512
-53.965977743 -31.93252004
-53.948769491 -31.936964213
-53.934351767 -31.942545268
-53.905826376 -31.959288432
-53.894147502 -31.970140483
-53.889755005 -31.980372416
-53.887274536 -31.990500997
-53.8814351 -32.001249695
-53.871099813 -32.011481628
-53.858077352 -32.021196797
-53.830430461 -32.036441345
-53.771829387 -32.04708669
-53.75730831 -32.055044861
-53.751365519 -32.068790792
-53.750021932 -32.104034119
-53.721444865 -32.162428487
-53.670595256 -32.22640391
-53.658554647 -32.254309184
-53.651836711 -32.288312276
-53.648684449 -32.338645121
-53.64387854 -32.355594991
-53.634783489 -32.368720805
-53.609307007 -32.387841085
-53.598920044 -32.39993337
-53.581970175 -32.425771586
-53.561299602 -32.449542745
-53.537631796 -32.470213318
-53.474638224 -32.508247172
-53.415623739 -32.564161072
-53.359089722 -32.580284118
-53.316043254 -32.60271169
-53.299093384 -32.607155864
-53.266898967 -32.607362569
-53.233722698 -32.624622497
-53.201476604 -32.637231547
-53.186128704 -32.646740011
-53.119776165 -32.707408142
-53.110836142 -32.722394307
-53.11404008 -32.740584411
-53.126855835 -32.754847107
-53.163081014 -32.778721619
-53.182836312 -32.799904105
-53.20385372 -32.82243988
-53.270826375 -32.863781027
-53.298835002 -32.889102478
-53.306999878 -32.90718923
-53.3095837 -32.94439626
-53.316301636 -32.962689718
-53.327308717 -32.973645122
-53.449110067 -33.042064717
-53.483319865 -33.067282816
-53.511535197 -33.099218852
-53.511586873 -33.099322205
-53.51163855 -33.099425557
-53.52066176 -33.124978992
-53.536856649 -33.170842387
-53.536133179 -33.244636332
-53.514015666 -33.394911397
-53.536804972 -33.559862569
-53.539647176 -33.649262797
-53.511535197 -33.690293884
-53.49107133 -33.690293884
-53.473191284 -33.687400004
-53.456706503 -33.687503357
-53.440428427 -33.697115174
-53.43081661 -33.713444926
-53.423633586 -33.731014913
-53.411282919 -33.742280375
-53.3790945694 -33.7406759724
-53.396351692 -33.750583592
-53.414784309 -33.764418227
-53.450917121 -33.801527602
-53.473052538 -33.834567967
-53.48558509 -33.869317316
-53.505523241 -33.952325128
-53.52464759 -34.002373956
-53.529937304 -34.048109633
-53.539458788 -34.06243255
-53.574452278 -34.082696222
-53.591216601 -34.095472915
-53.639963345 -34.147637628
-53.693592903 -34.181735935
-53.711008267 -34.198825779
-53.746652799 -34.257419529
-53.755970832 -34.267673435
-53.758290168 -34.278497003
-53.779896614 -34.33603281
-53.763661262 -34.372491144
-53.764881965 -34.39039479
-53.80577552 -34.400974217
-53.898304817 -34.443942967
-53.972238736 -34.487237238
-54.124623176 -34.610446873
-54.136789517 -34.623955988
-54.140939908 -34.641045831
-54.140492317 -34.656426691
-54.145904101 -34.667575779
-54.236805793 -34.684502863
-54.259673632 -34.685967706
-54.255604621 -34.677504165
-54.249501106 -34.670993748
-54.232329882 -34.658135675
-54.23932858 -34.653090102
-54.245676236 -34.646905206
-54.250477668 -34.639336847
-54.252837694 -34.630791925
-54.25121009 -34.618340753
-54.241078254 -34.594008071
-54.238596158 -34.5897763
-54.253285286 -34.577569269
-54.280344205 -34.567966404
-54.308949348 -34.562188409
-54.328602668 -34.561781508
-54.3173722 -34.568617446
-54.280140754 -34.582289321
-54.288156705 -34.594821873
-54.304432746 -34.608575128
-54.323109504 -34.619398696
-54.338490364 -34.623955988
-54.344634569 -34.630629165
-54.34479733 -34.644219659
-54.337391731 -34.654717706
-54.321156379 -34.652520441
-54.322580533 -34.644707941
-54.307687955 -34.647393488
-54.289214648 -34.66025156
-54.280140754 -34.682305597
-54.288075325 -34.695000909
-54.306467252 -34.707696222
-54.530791796 -34.806898696
-54.542062955 -34.811781508
-54.604156054 -34.826429946
-54.636463996 -34.848809503
-54.656890429 -34.856622003
-54.699452278 -34.867445571
-54.872710741 -34.936211847
-54.893706835 -34.939222915
-54.913726366 -34.94524505
-54.939320442 -34.969903253
-54.958607551 -34.973402602
-54.953968879 -34.963311456
-54.951812304 -34.9569638
-54.951771614 -34.95289479
-54.96222897 -34.939629816
-54.975738085 -34.928480727
-54.993560351 -34.920993748
-55.033070442 -34.916761977
-55.035471158 -34.912855727
-55.034535286 -34.906508071
-55.041127082 -34.897637628
-55.051258918 -34.891371352
-55.060373502 -34.887790623
-55.082142707 -34.883965753
-55.129790819 -34.885918878
-55.221750455 -34.903741144
-55.260243293 -34.897637628
-55.286488411 -34.876234633
-55.338286913 -34.818780206
-55.376942512 -34.801446222
-55.401926236 -34.799981378
-55.468203608 -34.795402153
-55.509635822 -34.799064532
-55.561173055 -34.787834174
-55.601794464 -34.772414649
-55.646730844 -34.781099978
-55.693447676 -34.764741147
-55.756503015 -34.782666359
-55.792050813 -34.774133855
-55.858786483 -34.79306067
-55.889101438 -34.803474818
-55.954431526 -34.839402292
-56.00405182 -34.869101758
-56.069634493 -34.901002534
-56.105198418 -34.898416129
-56.13563269 -34.912828737
-56.149891731 -34.920342706
-56.156088351 -34.941188263
-56.177289866 -34.916324503
-56.194509928 -34.913508688
-56.213001644 -34.907693231
-56.204660611 -34.898695571
-56.203454657 -34.887502626
-56.214589164 -34.879587886
-56.230550959 -34.877749999
-56.236508471 -34.892884211
-56.256337043 -34.90618255
-56.265823668 -34.906266152
-56.287976039 -34.903489196
-56.311268684 -34.90618255
-56.342762825 -34.883965753
-56.402943489 -34.854750258
-56.418446418 -34.843031508
-56.420765754 -34.82822031
-56.403750556 -34.816051421
-56.386847534 -34.801870235
-56.361281586 -34.79663605
-56.376119661 -34.782729246
-56.395738338 -34.775880066
-56.448432033 -34.758272462
-56.485087755 -34.753549864
-56.520444389 -34.754820885
-56.541900194 -34.767022394
-56.558013476 -34.765069269
-56.573597786 -34.758965753
-56.610951301 -34.739434503
-56.628529426 -34.732598566
-56.646362078 -34.722641518
-56.713544493 -34.707037254
-56.795289445 -34.698492354
-56.873890754 -34.670179946
-56.890695767 -34.6600888
-56.904164192 -34.635511977
-56.919748502 -34.623223566
-56.952870246 -34.603448175
-56.976577177 -34.581045574
-56.997417071 -34.564068815
-57.015787532 -34.552091485
-57.042717103 -34.53812485
-57.057425386 -34.527127072
-57.05589759 -34.513441665
-57.062408007 -34.506524347
-57.077015754 -34.498142185
-57.08315996 -34.493584894
-57.101958788 -34.475844008
-57.120025194 -34.462985935
-57.151964158 -34.450932203
-57.203198014 -34.442073493
-57.292158429 -34.440332649
-57.346941662 -34.443459327
-57.365199922 -34.430440411
-57.411428259 -34.43150562
-57.436973814 -34.444575563
-57.449130183 -34.431538072
-57.474662885 -34.42954125
-57.502635282 -34.440582483
-57.5379137 -34.453613688
-57.569475454 -34.426503975
-57.594997225 -34.42547297
-57.624177456 -34.430451962
-57.664323578 -34.445437728
-57.720300114 -34.463373203
-57.738535392 -34.461317669
-57.764114823 -34.474294585
-57.793302044 -34.472196718
-57.822509556 -34.475108572
-57.855354162 -34.470967085
-57.845584684 -34.462979087
-57.854047671 -34.447881646
-57.882019204 -34.44072417
-57.900189819 -34.416524681
-57.89759956 -34.376338812
-57.922759569 -34.353692316
-57.942738411 -34.326267185
-58.01691647 -34.253106378
-58.049794075 -34.240004165
-58.061390754 -34.224704685
-58.076975064 -34.191989842
-58.094593879 -34.177829685
-58.119374153 -34.169203383
-58.145904101 -34.165134373
-58.16909746 -34.16399505
-58.196197069 -34.159437758
-58.208729621 -34.147637628
-58.220326301 -34.110039972
-58.231841601 -34.088799738
-58.316517707 -33.986504816
-58.334828254 -33.973321222
-58.372425911 -33.954359633
-58.388824023 -33.942071222
-58.402699348 -33.922784113
-58.410023567 -33.9022763
-58.43464108 -33.78492604
-58.439361132 -33.698500258
-58.425770637 -33.612888279
-58.429025845 -33.592054946
-58.435047981 -33.572360935
-58.438343879 -33.551446222
-58.433216926 -33.527764581
-58.419585741 -33.508233331
-58.385365364 -33.470310154
-58.378570116 -33.448663019
-58.384877082 -33.429131769
-58.412587043 -33.409600519
-58.4189347 -33.389906508
-58.412587043 -33.371677342
-58.397206184 -33.355645441
-58.361195442 -33.325778904
-58.350738085 -33.305759373
-58.349232551 -33.282810154
-58.366037564 -33.196058852
-58.366932746 -33.153741144
-58.351389127 -33.121677342
-58.310292121 -33.108819269
-58.217355924 -33.113539321
-58.174427864 -33.110446873
-58.13776608 -33.095147394
-58.100168424 -33.065606378
-58.083729621 -33.047539972
-58.076975064 -33.030694269
-58.07530677 -33.007500909
-58.070668098 -32.989515883
-58.05581621 -32.951836847
-58.048491991 -32.911716404
-58.057118293 -32.881768488
-58.077219205 -32.857842706
-58.120472786 -32.819268488
-58.130767382 -32.802666925
-58.136138476 -32.784356378
-58.13776608 -32.763441665
-58.135853645 -32.718357029
-58.1376847 -32.695570571
-58.145171679 -32.678155206
-58.13776608 -32.670668227
-58.146229621 -32.644952081
-58.15721595 -32.575127863
-58.16909746 -32.560804946
-58.177113411 -32.545017185
-58.197417773 -32.469821873
-58.200103319 -32.447198175
-58.2001118521 -32.4471299123
-58.199724488 -32.444788513
-58.189957642 -32.433936462
-58.164946249 -32.38949473
-58.101590943 -32.311359965
-58.096526653 -32.280974223
-58.106913615 -32.251828715
-58.175229859 -32.174107361
-58.186546997 -32.152920024
-58.18086259 -32.132456156
-58.158796753 -32.101553649
-58.148306438 -32.062899678
-58.145309204 -32.017889506
-58.149029907 -31.975204773
-58.158796753 -31.943888855
-58.190319377 -31.913296407
-58.202618368 -31.893142598
-58.196003785 -31.872575378
-58.168615275 -31.846013692
-58.152853964 -31.835988465
-58.130839803 -31.827823588
-58.083452515 -31.819762064
-58.059267944 -31.811493835
-58.048880982 -31.797127787
-57.988626261 -31.642821961
-57.979582886 -31.59879364
-57.986817586 -31.554145203
-58.013327597 -31.525619812
-58.038978011 -31.508637469
-58.050793009 -31.500815125
-58.075235962 -31.475183614
-58.062575236 -31.444281108
-58.043558309 -31.43063853
-58.005937866 -31.411001485
-57.990228231 -31.399322612
-57.980513062 -31.38051239
-57.975552124 -31.335140482
-57.966353719 -31.314573262
-57.959480754 -31.307958679
-57.942995972 -31.29679657
-57.935606242 -31.290285339
-57.914832316 -31.252458191
-57.905117147 -31.240986023
-57.905013794 -31.215044454
-57.911731731 -31.170602722
-57.899019328 -31.126471049
-57.873749553 -31.093088074
-57.85524939 -31.058981628
-57.863310914 -31.012266134
-57.905478882 -30.958832702
-57.911731731 -30.947360535
-57.903980266 -30.929687195
-57.885325073 -30.918835144
-57.84279537 -30.909223327
-57.819644328 -30.911600443
-57.807241985 -30.907569682
-57.801867635 -30.892480163
-57.796131551 -30.868398946
-57.79499467 -30.857960307
-57.796028199 -30.816205749
-57.799397102 -30.791460707
-57.801867635 -30.77331431
-57.808659169 -30.747331217
-57.81788733 -30.712026062
-57.826207235 -30.689701843
-57.848531454 -30.647947286
-57.863310914 -30.6286203
-57.885790161 -30.589862976
-57.889769247 -30.550795593
-57.877108521 -30.514828796
-57.849616659 -30.485269878
-57.652729452 -30.329103699
-57.631077026 -30.29706431
-57.623738973 -30.258100281
-57.637949992 -30.215105489
-57.642445842 -30.193091329
-57.633970907 -30.183582865
-57.611698365 -30.182962748
-57.586842001 -30.204046732
-57.567463339 -30.256343282
-57.535992391 -30.274430034
-57.510980998 -30.276703797
-57.46721106 -30.269882507
-57.443129843 -30.269469096
-57.429797323 -30.275463562
-57.414811157 -30.295720723
-57.399256551 -30.299131368
-57.389386353 -30.294893901
-57.366597046 -30.277220561
-57.353832968 -30.271949565
-57.334299276 -30.272673034
-57.321741903 -30.279804382
-57.310993205 -30.288279317
-57.296472127 -30.293343607
-57.28861731 -30.290759786
-57.276214966 -30.277737325
-57.270375529 -30.275153503
-57.262469035 -30.278667501
-57.250066692 -30.290449727
-57.245054077 -30.293343607
-57.212601278 -30.287349141
-57.183714153 -30.267505391
-57.163818726 -30.23929006
-57.158341024 -30.207870788
-57.150847942 -30.182342631
-57.129557251 -30.149993184
-57.102272095 -30.121157736
-57.077105673 -30.106068217
-57.067235474 -30.106791687
-57.048528606 -30.114543152
-57.037883261 -30.114646505
-57.018297893 -30.105758159
-57.011269898 -30.103484395
-56.974579631 -30.097489929
-56.954529175 -30.096869812
-56.90636674 -30.108548686
