168.716807488 4.574774481
168.685394727 4.573797919
168.735036655 4.590521552
168.744313998 4.598618882
168.768077019 4.62905508
168.758474155 4.604641018
168.741384311 4.58584219
168.716807488 4.574774481
168.1279403 5.60162995
168.11622155 5.591376044
168.101084832 5.599310614
168.101328972 5.599595445
168.107269727 5.597235419
168.115244988 5.595404364
168.121104363 5.597357489
168.125661655 5.60569896
168.12761478 5.614243882
168.127289259 5.622788804
168.124522332 5.631048895
168.132009311 5.618557033
168.1279403 5.60162995
169.120616082 5.647406317
169.114512566 5.638128973
169.116465691 5.649237372
169.120616082 5.647406317
169.635020379 5.829046942
169.615244988 5.798773505
169.590342644 5.80093008
169.610118035 5.811916408
169.617523634 5.818264065
169.623545769 5.827297268
169.629649285 5.840155341
169.638682488 5.870347398
169.645192905 5.917141018
169.655528191 5.942857164
169.676036004 5.96100495
169.700205925 5.976019598
169.718597852 5.993109442
169.734548373 6.013128973
169.72144616 5.97662995
169.665212436 5.938788153
169.652517123 5.899847723
169.647797071 5.870021877
169.635020379 5.829046942
171.996104363 6.060980536
172.029795769 6.054144598
172.008311394 6.056219794
171.984141472 6.051703192
171.962412957 6.051825262
171.948415561 6.067775783
171.950531446 6.06659577
171.956797722 6.064154364
171.966481967 6.061997789
171.996104363 6.060980536
171.743174675 6.083197333
171.7451278 6.079128322
171.738454623 6.079169012
171.728200717 6.079291083
171.722829623 6.083441473
171.7216903 6.090969143
171.724619988 6.10171133
171.728526238 6.09764232
171.732432488 6.092108466
171.743174675 6.083197333
171.597992384 7.024725653
171.611175977 7.019924221
171.676117384 7.022853908
171.689463738 7.019924221
171.734060092 6.984686591
171.75668379 6.972113348
171.730316602 6.975572007
171.688731316 7.006577867
171.660411004 7.013088283
171.613942905 7.006089585
171.59262129 7.015285549
171.577321811 7.047186591
171.587250196 7.034084377
171.597992384 7.024725653
171.775889519 7.028143622
171.764170769 7.01951732
171.770192905 7.028876044
171.792246941 7.054999091
171.794444207 7.057766018
171.79590905 7.060207424
171.797862175 7.061916408
171.800954623 7.06268952
171.794444207 7.049750067
171.785980665 7.038234768
171.775889519 7.028143622
171.90894616 7.092271226
171.892100457 7.090806382
171.896006707 7.09389883
171.900238477 7.095770575
171.909678582 7.098781643
171.917735222 7.105129299
171.921885613 7.111761786
171.921234571 7.118475653
171.915375196 7.12514883
171.928884311 7.118312893
171.923838738 7.104396877
171.90894616 7.092271226
171.057139519 7.143459377
171.226410352 7.075751044
171.237478061 7.075913804
171.263356967 7.080796617
171.284841342 7.088324286
171.3935653 7.109930731
171.366872592 7.094468492
171.293467644 7.083685614
171.263194207 7.067694403
171.235199415 7.067694403
171.20215905 7.072455145
171.060883009 7.135402736
171.035655144 7.155096747
171.050303582 7.170721747
171.050547722 7.161037502
171.052256707 7.154852606
171.057139519 7.143459377
168.738291863 7.309068101
168.757823113 7.307928778
168.830088738 7.307928778
168.81527754 7.292466539
168.791514519 7.293402411
168.746104363 7.304185289
168.695811394 7.313381252
168.675059441 7.320868231
168.679209832 7.335191148
168.69402103 7.321763414
168.716319207 7.315375067
168.738291863 7.309068101
168.572520379 7.417792059
168.57683353 7.404120184
168.563975457 7.412746486
168.555186394 7.430324611
168.55372155 7.449855861
168.562510613 7.464341539
168.566416863 7.450995184
168.572520379 7.417792059
168.969248894 7.578680731
168.968597852 7.571234442
168.965586785 7.574652411
168.96762129 7.580633856
168.968109571 7.584499416
168.962087436 7.591701565
168.951345248 7.595689195
168.938487175 7.596380927
168.94410241 7.598089911
168.95183353 7.599188544
168.95964603 7.598578192
168.965586785 7.595363674
168.969248894 7.586737372
168.969737175 7.583889065
168.969248894 7.578680731
167.401703321 8.317816473
167.407725457 8.307277736
167.399668816 8.310777085
167.401703321 8.317816473
167.740000847 8.733221747
167.731618686 8.724595445
167.730723504 8.73037344
167.730316602 8.735256252
167.73308353 8.739691473
167.740244988 8.743841864
167.741547071 8.737697658
167.740000847 8.733221747
170.851735873 8.897772528
170.844737175 8.886501369
170.839121941 8.888169664
170.83855228 8.888373114
170.837901238 8.888657945
170.837412957 8.889064846
170.837168816 8.889593817
170.841319207 8.89858633
170.844574415 8.900783596
170.850108269 8.901434637
170.851735873 8.897772528
170.247080925 9.457749742
170.240244988 9.449774481
170.238780144 9.466701565
170.243907097 9.466376044
170.247080925 9.457749742
170.878754102 10.275091864
170.874685092 10.274603583
170.874522332 10.286607164
170.878591342 10.287176825
170.878754102 10.275091864
166.894216342 11.155178127
166.875254754 11.144964911
166.853363477 11.145412502
166.835785352 11.159247137
166.871836785 11.162298895
166.904144727 11.172919012
166.894216342 11.155178127
165.550629102 11.626939195
165.55372155 11.619818427
165.540212436 11.633775132
165.542816602 11.63300202
165.546885613 11.631008205
165.550629102 11.626939195
165.288910352 11.705959377
165.282237175 11.695786851
165.282237175 11.708441473
165.286794467 11.71088288
165.288910352 11.705959377
168.996918165 14.593085028
168.9873153 14.586859442
168.998301629 14.599025783
169.0107528 14.610174872
169.013682488 14.610500393
169.007334832 14.602769273
168.996918165 14.593085028
