100.005967652 51.731727193
100.098261759 51.738651836
100.210296265 51.726223654
100.510898072 51.726895447
100.571101115 51.704803772
100.638900595 51.692039693
101.069468628 51.553443502
101.117010946 51.52783783
101.158765503 51.521223246
101.200726767 51.520913188
101.241551147 51.515177104
101.279688355 51.492594504
101.315448446 51.463604025
101.350175008 51.450452372
101.387795451 51.450555725
101.482053264 51.472879944
101.526391643 51.475825501
101.569851522 51.470089417
101.643697144 51.450090638
101.696613811 51.452441915
101.723692261 51.450581563
101.742192424 51.44484548
101.795315796 51.419394837
101.82177413 51.413581239
101.9018726 51.417069398
101.920682821 51.413038635
101.95561609 51.393789165
101.974219605 51.387226258
102.051217489 51.383608908
102.074678589 51.374823914
102.091266724 51.364643656
102.18387089 51.32389679
102.193379354 51.307205303
102.179271688 51.286431376
102.135295044 51.240284323
102.133796427 51.230853374
102.139687541 51.220931499
102.147645712 51.202638042
102.150022828 51.185403951
102.148782593 51.168789978
102.142168009 51.134838562
102.14650883 51.097631531
102.165370728 51.057556458
102.191984091 51.02058197
102.219372599 50.992650859
102.229656209 50.979266663
102.231051473 50.964900615
102.225573771 50.950741272
102.215238485 50.938183899
102.239474731 50.912294007
102.231878296 50.884750469
102.212758016 50.856741842
102.203042847 50.829353333
102.216788778 50.798864237
102.245675904 50.778762105
102.307532593 50.748221334
102.329391724 50.718817445
102.320244995 50.69613149
102.296835572 50.674944153
102.275906616 50.650191142
102.271565797 50.620942281
102.282417847 50.590608216
102.30293339 50.5638915
102.327634726 50.545546366
102.372696574 50.533660788
102.471863648 50.52492747
102.513101441 50.503688457
102.586585328 50.415270081
102.617797893 50.399302063
102.619529415 50.39900915
102.762595256 50.374807435
102.887135458 50.314966126
102.927391398 50.302977193
102.974106893 50.29563914
103.13001469 50.309126689
103.201689901 50.296982727
103.240188843 50.24437612
103.253107951 50.21497223
103.276775757 50.197557272
103.306593058 50.190425924
103.407103719 50.197298889
103.438729696 50.192596334
103.473973023 50.182002665
103.533917684 50.153787334
103.601407104 50.133530172
103.668069703 50.131204733
103.785271851 50.18613678
103.845423218 50.18468984
103.973994181 50.148723043
104.039519898 50.141178284
104.121685425 50.148257955
104.198114869 50.170013733
104.247465861 50.206600648
104.268963257 50.22887319
104.32136316 50.254297994
104.349501551 50.27186822
104.377225382 50.289179586
104.40580245 50.300548401
104.474118693 50.313260803
104.576954793 50.309488424
104.610441121 50.314190979
104.632455282 50.323751119
104.6718844 50.348297424
104.697050822 50.353206686
104.789551636 50.352638245
104.818490438 50.358322653
104.87900354 50.383902486
104.901586141 50.3897936
104.934245647 50.393255921
105.050104208 50.383489075
105.078216187 50.385142721
105.105759726 50.390051982
105.131339559 50.398061829
105.240738566 50.458006491
105.278462362 50.472579244
105.328640178 50.476454977
105.639370565 50.421936341
105.779258668 50.428912659
105.806543823 50.424365133
105.854706258 50.41092926
105.90421228 50.403797913
105.958059123 50.403591207
105.984879192 50.399767151
106.038932739 50.37139679
106.04327356 50.364782206
106.04327356 50.355532125
106.044462118 50.346023661
106.048182821 50.338117167
106.055934286 50.333569642
106.135309286 50.327110088
106.160940796 50.319617005
106.201196737 50.299721578
106.222280721 50.292383525
106.244863322 50.290264791
106.439786825 50.32793691
106.54820398 50.335791728
106.656517782 50.327006735
106.746176392 50.307421367
106.788292684 50.291505026
106.936449016 50.209132792
106.973656047 50.196368713
106.982699423 50.187118632
106.997995646 50.149808248
107.00605717 50.140196432
107.026210979 50.125727031
107.033600708 50.118802388
107.039233439 50.108260397
107.048431844 50.084644267
107.057113485 50.074102275
107.070290975 50.066247457
107.100728393 50.05679067
107.114629355 50.050486146
107.164497111 50.018860169
107.192195679 50.006044414
107.224906861 49.997052715
107.254879192 49.998913066
107.280407349 50.007594706
107.304850302 50.010023499
107.364071493 49.97612376
107.729320516 49.971937969
107.744604145 49.96735288
107.750507853 49.965581767
107.786939738 49.948218486
107.807920369 49.943877666
107.839184611 49.94656484
107.850966838 49.946048076
107.898199097 49.935506084
107.946516561 49.933490703
107.956490112 49.923362122
107.95261438 49.897472229
107.944397827 49.880419006
107.935509481 49.866621399
107.930031779 49.851428528
107.932357219 49.830292868
107.950030558 49.782492168
107.955766643 49.745543518
107.954836467 49.732779439
107.949358765 49.720635478
107.926827841 49.682860006
107.927447958 49.670044251
107.939488567 49.663222962
107.96289799 49.661104228
108.002792196 49.663171285
108.015814657 49.655729879
108.007546428 49.633612366
108.005272665 49.617799377
108.015711304 49.602244772
108.032661173 49.589325663
108.106196737 49.554340719
108.126453899 49.547157694
108.209911336 49.540233053
108.23636967 49.532481588
108.250529012 49.522404683
108.259520711 49.509640605
108.267272176 49.495842997
108.277142375 49.482510478
108.33486495 49.436363424
108.473667847 49.356419983
108.538056681 49.327429505
108.569972653 49.325718884
108.608439983 49.323657126
108.751066935 49.341175436
108.858967326 49.340555318
108.930487508 49.348823548
109.032961873 49.327894593
109.058024944 49.329083151
109.160602661 49.346653137
109.286693156 49.338539938
109.311911255 49.332545472
109.336302531 49.323347066
109.390976196 49.309291077
109.411233358 49.303193258
109.450714152 49.305932109
109.462082967 49.300454407
109.465700317 49.294459941
109.469834433 49.276631572
109.474381958 49.269138489
109.491848592 49.262782288
109.516239868 49.255909323
109.728526652 49.266451315
109.784957316 49.251361796
109.817720174 49.227745667
109.832189575 49.226867168
109.913114868 49.213689677
110.181418905 49.161961569
110.225033814 49.165372213
110.268338664 49.177051086
110.309369751 49.195861308
110.345439901 49.220614319
110.361046184 49.234618632
110.371174764 49.24174998
110.38223352 49.240044658
110.433289836 49.202630921
110.451273235 49.194569398
110.508220663 49.184337464
110.603615357 49.145321757
110.644956502 49.13674347
110.688054647 49.134521383
110.731359497 49.137673646
110.841016887 49.162426657
110.965557088 49.207385152
111.138569784 49.29156606
111.273548625 49.322830302
111.291738729 49.330788472
111.32098759 49.355334778
111.338454224 49.364739889
111.362742148 49.367633769
111.385066366 49.36225942
111.429611451 49.346394755
111.454519491 49.343087464
111.479117473 49.343345846
111.503508748 49.347066549
111.61647343 49.38644399
111.661018514 49.396365865
112.030194947 49.411868795
112.126405151 49.43994041
112.432237589 49.529174297
112.473268678 49.534135234
112.584269654 49.526332093
112.671396119 49.49594635
112.701471802 49.491295472
112.733717896 49.492794088
112.777126099 49.501372375
112.86807662 49.531654766
112.92616093 49.566536357
112.947348267 49.576096497
112.969775838 49.583021139
112.992823527 49.587155254
113.043673137 49.588602194
113.060829712 49.595991923
113.07157841 49.617747701
113.074162232 49.653352763
113.077159465 49.669010722
113.087494751 49.687407532
113.15674117 49.777376201
113.18268274 49.801974182
113.212448365 49.822024638
113.415536744 49.92238027
113.442305135 49.946048076
113.458531536 49.957261862
113.510414673 49.98103302
113.527881307 49.992815247
113.579661092 50.019945374
113.752260376 50.078598124
113.773137655 50.081647034
113.815822388 50.076892802
113.836803019 50.076944479
113.84982548 50.080716858
113.973125448 50.16050527
113.993279256 50.168670146
114.035137167 50.176938375
114.055290975 50.18381134
114.11823287 50.22437734
114.200088339 50.256210022
114.286284628 50.276880595
114.333000123 50.272333069
114.424984172 50.241843974
114.473043254 50.234040833
114.659698528 50.251404114
114.753749634 50.236211243
114.997352336 50.144330547
115.015232382 50.132858378
115.028048137 50.119887594
115.049648885 50.090845439
115.063394817 50.07751292
115.210155884 49.971679586
115.368699179 49.895405172
115.387819459 49.891064352
115.450141235 49.891426087
115.472982219 49.887085266
115.508535604 49.886775208
115.578195434 49.893648173
115.683408651 49.877680156
115.716274862 49.877783509
115.750898072 49.884966533
116.053618612 49.998447978
116.135370728 50.014415996
116.217639608 50.013847555
116.300528606 49.992970277
116.575447225 49.921760153
116.617201782 49.8973172
116.653375285 49.863830872
116.684277792 49.823264873
116.472921183 49.516461894
116.457728313 49.492794088
116.247766969 49.1814694215
116.037805624 48.870144755
116.033568156 48.852368063
116.047624146 48.817693176
116.048037557 48.799761455
116.028193808 48.767463685
115.800404094 48.530372213
115.791205689 48.513835754
115.78655481 48.493010153
115.78655481 48.473011374
115.80929244 48.273953756
115.799990682 48.242327779
115.770845174 48.224085999
115.536440878 48.149155172
115.514220011 48.131636862
115.514530071 48.12210256
115.545845989 47.992988994
115.561865682 47.933199362
115.575714966 47.909738261
115.599899536 47.887414043
115.852700643 47.705564678
115.914505656 47.683912252
115.972900025 47.709052837
116.084314413 47.806927999
116.181569458 47.849586894
116.243891236 47.862893575
116.428892863 47.835143331
116.499689576 47.836357728
116.75166386 47.874133199
116.82204716 47.876303609
116.853259725 47.872117818
116.97283899 47.837649638
117.047356405 47.819459534
117.069680623 47.810157776
117.317107382 47.654069112
117.360825643 47.650865174
117.399893026 47.685669251
117.43647994 47.730498556
117.472860149 47.75724111
117.527223755 47.78648997
117.74168095 47.977589417
117.766899049 47.993144023
117.815164836 48.004822896
117.972777954 47.997898255
117.997169231 47.99999115
118.064038534 48.019576518
118.122536256 48.027508851
118.182480916 48.028206482
118.206252076 48.023297221
118.254311158 48.002859192
118.280046021 47.998130799
118.472799113 47.989449158
118.542252239 47.96624644
118.605245809 47.914673361
118.713301229 47.793621318
118.767406454 47.756155904
118.972613567 47.695126038
119.059585002 47.673473613
119.083459514 47.661562195
119.096947063 47.646601868
119.104233439 47.62773997
119.11653243 47.55603892
119.122113485 47.538959859
119.133895712 47.527539368
119.157563517 47.51766917
119.251046183 47.492941997
119.291043743 47.484389547
119.310112346 47.47609548
119.317760457 47.462117004
119.312592815 47.452246807
119.288821655 47.429147441
119.281897013 47.414858907
119.320654338 47.407029928
119.475993693 47.309206442
119.4906698 47.297165832
119.503898967 47.279182435
119.512994019 47.262671815
119.525086304 47.250812074
119.587356405 47.238358053
119.629421021 47.216085511
119.699959351 47.159525655
119.728898153 47.128648987
119.753961222 47.094439189
119.760524129 47.074595439
119.761712688 47.0154776
119.764968303 47.003824565
119.767293743 46.998114319
119.770135946 46.992998352
119.784295288 46.978322246
119.817419881 46.954912822
119.831682577 46.942148743
119.83685022 46.933570455
119.839692424 46.925663961
119.84351648 46.918170878
119.852301474 46.910729472
119.862946818 46.90902415
119.879224894 46.908145651
119.892919149 46.905510152
119.896433146 46.89858551
119.89043868 46.888250224
119.884960979 46.880912171
119.881446981 46.872850647
119.881240276 46.860551657
119.883100627 46.85543569
119.88682133 46.851456604
119.891627239 46.84848521
119.896794882 46.846469828
119.902892701 46.842413228
119.902117554 46.837348938
119.898913615 46.831251119
119.897983439 46.824378154
119.898655233 46.802053935
119.885891154 46.770066223
119.883100627 46.753013001
119.887183065 46.744279683
119.903357789 46.726399639
119.907026815 46.718312276
119.904184612 46.708933004
119.897983439 46.701646627
119.890335327 46.694773661
119.872661987 46.673224589
119.854420207 46.659659526
119.834421428 46.650952047
119.817264852 46.651623841
119.796284221 46.658832703
119.782228231 46.655628764
119.770032593 46.643562317
119.75442631 46.624390361
119.740266968 46.61325409
119.719648072 46.602712098
119.69778894 46.594883118
119.680115601 46.591627503
119.658773235 46.596175029
119.623478231 46.616328837
119.602187541 46.619687806
119.575884237 46.619171041
119.501263469 46.628007711
119.452946004 46.627490947
119.363287394 46.613047384
119.316933635 46.611677958
119.062375529 46.660951437
119.036950724 46.66872874
119.014058065 46.683301494
118.984912558 46.724539287
118.967239217 46.740455628
118.947033733 46.737148337
118.922074016 46.715495911
118.90708785 46.709398092
118.890551392 46.713532206
118.879647665 46.727329814
118.875203491 46.743969625
118.867452027 46.758335673
118.846523072 46.765492859
118.816240682 46.758180644
118.792211141 46.737768453
118.753815552 46.691156311
118.720070842 46.676738587
118.684620809 46.683456523
118.647413778 46.697719218
118.609379924 46.705780742
118.595168905 46.703041891
118.567728719 46.68973521
118.551967408 46.685756124
118.472799113 46.68567861
118.435178671 46.691156311
118.371203248 46.713971457
118.335546509 46.722162171
118.300819946 46.724849345
118.268987264 46.722937317
118.238291464 46.715392558
118.20604537 46.700923157
118.169045044 46.678495585
118.155505819 46.674568176
118.101969035 46.67306956
118.083882283 46.668263652
118.005540812 46.626974182
117.972777954 46.623408509
117.923788697 46.615191956
117.900637655 46.607595521
117.878313436 46.596381735
117.859296509 46.580284526
117.832734823 46.542793274
117.817025187 46.527471212
117.797594849 46.52026235
117.696205689 46.512252503
117.673364706 46.516024883
117.625202271 46.535661927
117.607528931 46.550544739
117.582000773 46.591989238
117.56815149 46.60353892
117.55626591 46.601601055
117.51006718 46.578475851
117.501798951 46.577261455
117.491773722 46.579095968
117.472860149 46.584677022
117.393795207 46.571370341
117.41012496 46.539796041
117.412502076 46.524629009
117.405474081 46.510805563
117.369197225 46.475691427
117.357518351 46.448406271
117.353074178 46.379495748
117.337467895 46.357274882
117.301707805 46.350143535
116.957852825 46.366421611
116.831658977 46.386368714
116.814605754 46.386730448
116.804580526 46.382906393
116.784840129 46.365904847
116.722001587 46.328697815
116.707325481 46.324227804
116.645210409 46.318465881
116.603559205 46.309319153
116.581959263 46.298012438
116.568315878 46.290870666
116.548265422 46.259296367
116.539583781 46.241209616
116.52511438 46.226791891
116.357165975 46.105558981
116.213195435 45.908155009
116.207097616 45.880869853
116.2209469 45.849760641
116.242134237 45.826919658
116.251642701 45.803251852
116.23035201 45.769765523
116.169890584 45.709097392
116.143949016 45.694627991
116.094856405 45.67654124
116.078733358 45.673388978
116.063333781 45.673337301
116.011967407 45.67855662
116.002148885 45.675559388
115.9828219 45.659643046
115.767331177 45.530141907
115.69240035 45.468957011
115.667388957 45.454280904
115.637830038 45.44435903
115.472982219 45.412784729
115.337279908 45.394697978
115.126336711 45.394439596
114.938854614 45.373769023
114.905264933 45.377748108
114.737316529 45.425032044
114.703313436 45.427150777
114.669310344 45.422809958
114.533711385 45.385499573
114.52378951 45.380280254
114.51944869 45.37092682
114.511697225 45.325503235
114.502292114 45.303230693
114.473043254 45.259202373
114.418886353 45.201479797
114.211767212 45.062160136
114.163604777 45.040145976
114.149342082 45.030069072
114.139213501 45.019165344
114.120403279 44.993223776
114.089294068 44.961752828
114.055290975 44.940565491
114.017050416 44.927284648
113.973125448 44.919326477
113.913800903 44.915450745
113.889306275 44.908267721
113.837629842 44.867908427
113.735620565 44.815921936
113.672471965 44.768172913
113.635058228 44.746262105
113.604775839 44.739699199
113.532428833 44.745280253
113.517132609 44.749517721
113.488917278 44.766260885
113.473207642 44.770705058
113.104858032 44.794372864
113.016904744 44.82108958
112.973186483 44.821244609
112.748497356 44.86527293
112.614241984 44.908836161
112.586026652 44.923822327
112.564529256 44.943924459
112.523911581 44.993275452
112.441332642 45.05239329
112.412807251 45.066035869
112.379630982 45.070738424
112.107606242 45.067379456
112.011488079 45.087481588
111.984637212 45.087154138
111.973350871 45.0870165
111.958261352 45.084536031
111.947926067 45.077714742
111.938520956 45.068981426
111.926738729 45.060919902
111.906274862 45.054150289
111.863176718 45.046295471
111.843332967 45.039525859
111.786488892 45.008571676
111.760650676 44.989296367
111.738533163 44.966300354
111.551361125 44.69319041
111.541025838 44.668230693
111.540095663 44.652210998
111.544436483 44.618104553
111.543816366 44.601258036
111.538235311 44.583429668
111.530173787 44.570613912
111.508986451 44.546584371
111.483768352 44.506431783
111.473226359 44.49532135
111.470849243 44.493305969
111.446871379 44.475891012
111.424133748 44.448037415
111.406357056 44.416463115
111.397055298 44.387369283
111.396435181 44.346596578
111.410594523 44.326081035
111.473226359 44.298847554
111.490589641 44.282621155
111.4981344 44.264431051
111.503715454 44.225725403
111.519425089 44.188570048
111.543816366 44.156737366
111.634456828 44.065941875
111.668149862 44.041343892
111.780701131 43.986205139
111.811396933 43.964294332
111.838785441 43.938792013
111.930562785 43.820142924
111.944308716 43.786372376
111.947926067 43.756968486
111.945135539 43.723869731
111.933353313 43.696636251
111.910408977 43.684983216
111.893252401 43.6826061
111.845813436 43.666922303
111.772639608 43.669299419
111.753829387 43.6632016
111.597249797 43.523391012
111.567690877 43.502539572
111.535031372 43.490731506
111.428681275 43.483936056
111.401396119 43.475512797
111.338557576 43.438176575
111.096091756 43.366656393
110.973411907 43.315600078
110.933724406 43.287772319
110.796988566 43.148917745
110.680096476 43.057657166
110.665730428 43.037400005
110.641029094 42.987790629
110.608162883 42.944666647
110.566718384 42.910560202
110.473390747 42.854904684
110.449412883 42.837334696
110.424814901 42.785244853
110.40672815 42.768605041
110.139871053 42.682615458
110.105661255 42.666673279
110.093155559 42.657862447
110.084267212 42.650059306
110.074862101 42.643522238
110.060185994 42.638354595
110.042719361 42.63595164
109.987322225 42.636468404
109.912701457 42.628820293
109.667341757 42.548980204
109.518306926 42.467331442
109.510348755 42.46474762
109.504871054 42.464928488
109.500013469 42.463326518
109.493812297 42.455213318
109.490091594 42.451285909
109.485130656 42.449296367
109.328551067 42.440485535
109.280285279 42.428315735
109.253413534 42.42593862
108.994462932 42.449528911
108.961286662 42.447539368
108.86268803 42.408859559
108.828529908 42.400048727
108.796852254 42.398369243
108.536454713 42.435111186
108.319775431 42.432553202
108.2347677 42.450071513
108.177355184 42.454308981
108.049680167 42.439119605
107.622396384 42.388286056
107.195112601 42.337452507
106.767828818 42.286618958
106.318218019 42.1400516765
105.868607219 41.993484395
105.473850952 41.840341289
105.402744181 41.811531678
105.358199097 41.785848491
105.344556519 41.781120097
105.325953004 41.776701762
105.274483277 41.755462749
105.218259318 41.748434754
105.200896037 41.743473816
105.014809204 41.596144308
104.973829794 41.586144918
104.935434204 41.622421774
104.913678427 41.638338115
104.89233606 41.64477183
104.601242717 41.645443624
104.504917847 41.656554057
104.497993205 41.6657783
104.500783732 41.870597839
104.110885051 41.81308197
103.720986369 41.755566101
103.69142745 41.759235128
103.398112021 41.876411438
103.104796591 41.993587748
103.104434856 41.993639425
103.104383179 41.993639425
103.073480673 42.004517314
102.727041871 42.064548103
102.380603068 42.124578892
102.034164266 42.184609681
101.974219605 42.207889914
101.886473023 42.278014832
101.735371135 42.461156108
101.637599325 42.5154422
101.524944702 42.53745636
101.410739787 42.544871929
101.218710164 42.529834087
100.818131686 42.5787286043
100.417553209 42.6276231217
100.016974731 42.676517639
99.971551148 42.676285095
99.621903429 42.597442606
99.474475545 42.564198914
99.0683547025 42.603910327
98.66223386 42.64362174
98.2561130175 42.683333153
97.849992175 42.723044566
97.521631647 42.7551524
97.193271119 42.787260234
97.190679734 42.787061492
96.8326691925 42.7596044055
96.474658651 42.732147319
96.379263957 42.72054596
96.366339901 42.722922619
96.357766561 42.724499207
96.350635214 42.740906474
96.337199341 42.866480205
96.33068811 42.889708761
96.318699178 42.910069275
96.294307902 42.933271994
95.908491659 43.214546814
95.874385214 43.247102966
95.854954875 43.284542542
95.845446412 43.326477966
95.841415649 43.372521668
95.832837362 43.408901876
95.692484172 43.630542094
95.58923466 43.869493918
95.535284465 43.957679748
95.510273072 43.979125468
95.474926392 43.986618551
95.422733195 43.988633932
95.327545207 44.006669007
95.318966919 44.017107646
95.318760213 44.040723776
95.328268677 44.098239645
95.321447388 44.14841746
95.322687622 44.158235982
95.327131795 44.168312887
95.340567668 44.18753652
95.34749231 44.214925029
95.359687948 44.231823222
95.389246868 44.260762024
95.397721802 44.280502422
95.379428345 44.287117005
95.036813599 44.254974264
94.993818808 44.259418437
94.905762167 44.294248352
94.720863892 44.335796204
94.698229614 44.343495992
94.68396692 44.356621806
94.672598104 44.373778382
94.657198527 44.388816224
94.588055461 44.436100159
94.46031132 44.493305969
94.430132284 44.504468079
94.366363566 44.50431305
94.338458293 44.512116191
94.321921834 44.528032532
94.295463501 44.571389058
94.277480102 44.589579163
94.195004517 44.654329733
94.181878703 44.660840963
94.165342245 44.665853577
94.149012492 44.667197164
94.103743937 44.651642558
94.058578736 44.651280823
93.975069621 44.659962464
93.92742395 44.672933248
93.874507283 44.714222718
93.714000285 44.874574687
93.688265422 44.891059469
93.525277955 44.951262513
93.420581503 44.955086568
93.39991093 44.960564271
93.361360311 44.97839264
93.340999797 44.984852194
93.317228638 44.985885722
93.26896285 44.980097962
93.244158163 44.981544902
93.165713338 45.0076415
93.139151652 45.009863587
93.075940978 45.005192476
93.052438599 45.003455709
93.033111614 45.0076415
93.013887981 45.009295146
92.994457641 45.00836497
92.97492395 45.004695943
92.945054973 45.005832825
92.916219524 45.014566142
92.861029094 45.037872213
92.847593222 45.039112448
92.814210246 45.033893128
92.798914022 45.033169657
92.752715292 45.037975566
92.638510376 45.015599671
92.572054484 45.013015849
92.475109498 44.997461243
92.45898645 44.997926331
92.413821249 45.01125885
92.396457968 45.013119202
92.347365357 45.0076415
92.331035604 45.007848206
92.285353638 45.01952708
92.267887004 45.01952708
92.218897746 45.010121969
92.193679647 45.014514465
92.108413534 45.058181051
92.075650675 45.068878073
92.04299117 45.074820862
92.00940149 45.076216126
91.975088338 45.073373922
91.919071086 45.065570781
91.746988566 45.072443746
91.724664347 45.070738424
91.68363326 45.061178284
91.662962687 45.059524638
91.563950643 45.077146301
91.552271769 45.075337626
91.54328007 45.071823629
91.533978312 45.071100159
91.521782674 45.077456361
91.456050253 45.137452698
91.438480265 45.146134339
91.416879517 45.145669251
91.399722941 45.136884257
91.383599895 45.124223531
91.366546671 45.11424998
91.346702922 45.113733216
91.249137818 45.129701233
91.184335571 45.153834127
91.169762817 45.163549296
91.147748657 45.187217103
91.135036255 45.197862447
91.101343221 45.210678203
91.056798137 45.217551168
91.011322876 45.218946432
90.975149374 45.214863994
90.905489543 45.185976868
90.873243449 45.186183574
90.857637166 45.215070699
90.860324341 45.231658835
90.865905396 45.242562561
90.866628866 45.253569642
90.854433228 45.270622864
90.837173299 45.280027975
90.796555624 45.29284373
90.790974569 45.304315898
90.790457805 45.337698873
90.77805546 45.365294088
90.762552532 45.391597392
90.753250774 45.420949606
90.737954549 45.441723531
90.672325481 45.475674948
90.651138143 45.493141581
90.696613404 45.730026347
90.710772746 45.752195537
90.919235473 45.950064596
90.975149374 45.987323304
90.98620813 45.993111064
91.002434529 46.02184316
91.005431763 46.068093567
90.995923299 46.113723857
90.975149374 46.140543925
90.948794393 46.16829417
90.899185018 46.281672262
90.896187785 46.302032776
90.906006307 46.317303162
90.935771932 46.343864848
90.975149374 46.41654775
90.986104777 46.435254619
91.001401002 46.475045471
91.014113403 46.4931839
91.035610799 46.529073181
91.045325969 46.551087341
91.047496379 46.566409404
91.032510213 46.579922791
91.011322876 46.585322978
90.995923299 46.594624736
90.99809371 46.620256247
91.011736287 46.662940979
91.014291893 46.689843915
91.015560343 46.70319692
91.004811645 46.74042979
90.975149374 46.774148661
90.939389282 46.798849997
90.925333293 46.81313853
90.919958944 46.833628235
90.922749471 46.841586406
90.934428345 46.856830953
90.936495402 46.864427389
90.932774699 46.874788514
90.925850057 46.880653789
90.917685181 46.88540802
90.910140422 46.892384338
90.9003219 46.910677795
90.893707316 46.928170268
90.885129028 46.944732564
90.869832804 46.960338847
90.849472291 46.973206279
90.8281816 46.982301331
90.805547323 46.986848857
90.781879517 46.986332092
90.742398723 46.991861471
90.712116334 47.014702454
90.468720337 47.308922221
90.466343221 47.316337789
90.468513632 47.323520813
90.475231567 47.330290426
90.485566854 47.344914856
90.490011028 47.361838888
90.4872205 47.378194479
90.475231567 47.391087749
90.448153117 47.404032695
90.441745239 47.430542705
90.443605591 47.462788798
90.441228475 47.49304535
90.427275838 47.506558736
90.394616333 47.524671326
90.381593873 47.538391419
90.352034953 47.588310852
90.338495728 47.602780254
90.327436972 47.623037415
90.337462199 47.636990051
90.349554484 47.647790426
90.344800252 47.658642477
90.323509562 47.670166321
90.30211552 47.678512065
90.209718058 47.695746156
90.163415975 47.71000885
90.119956095 47.730136821
90.082852417 47.756104228
90.070656779 47.769850159
90.058771199 47.789513041
90.052156617 47.810700379
90.055980672 47.828916321
90.064352254 47.850620422
90.059856405 47.868810527
90.044611858 47.879765931
90.002495565 47.880386048
89.9631698 47.888654277
89.946685018 47.883176575
89.939036907 47.870851746
89.937641643 47.857545064
89.934437703 47.844264222
89.921363566 47.832094421
89.889065796 47.824317119
89.783542521 47.81850352
89.751296427 47.824317119
89.740237671 47.836151021
89.731142619 47.864753927
89.723391154 47.878163961
89.707268107 47.889041851
89.672024781 47.894080302
89.655281617 47.899816386
89.643912801 47.912761333
89.636161337 47.929582011
89.627376343 47.94394806
89.613423706 47.949580791
89.596577189 47.952578024
89.58324467 47.962034811
89.575648234 47.976039124
89.576216675 47.992885641
89.571875855 48.020455017
89.541800171 48.031022848
89.503662964 48.029989319
89.47534428 48.022961325
89.425424845 48.021643576
89.409198446 48.023116354
89.369200887 48.038154195
89.354266399 48.038774313
89.334267619 48.032366435
89.285691772 48.005598043
89.268586874 47.993144023
89.243988892 47.980224915
89.218719117 47.9769693
89.167146037 47.983997295
89.0746969 47.984255676
89.045913126 47.992885641
89.045809774 47.992988994
89.045551392 47.992988994
88.932328328 48.096961975
88.916825399 48.105953675
88.889281861 48.110914612
88.831455933 48.10515269
88.805411011 48.105953675
88.775335327 48.120552267
88.709189494 48.166363424
88.680664103 48.173029683
88.655446005 48.171169332
88.63580896 48.175846049
88.596224813 48.197679342
88.58077356 48.211993714
88.573487183 48.22971873
88.568836304 48.249200745
88.561239868 48.268269349
88.5587594 48.288087261
88.572970418 48.32532013
88.565115601 48.34299347
88.502690471 48.392551168
88.479126017 48.400147604
88.459127238 48.398132223
88.439645224 48.393713888
88.416700888 48.394101461
88.383421265 48.408674215
88.332106568 48.453994446
88.304873088 48.46900645
88.235626668 48.49319102
88.217849976 48.494999695
88.183485149 48.49275177
88.165966838 48.493733622
88.148293498 48.499366353
88.115737346 48.516497091
88.088245483 48.526083069
88.071812379 48.538795472
88.06251062 48.54287791
88.051968628 48.543187968
88.028300822 48.539622294
88.016621949 48.539803162
87.983032268 48.552334697
87.951819702 48.575201518
87.942828004 48.599489441
87.975487509 48.616516826
87.98964685 48.624164937
87.997811727 48.635172018
88.003392782 48.64599823
88.010162394 48.653413799
88.055017538 48.673412578
88.063854208 48.682610982
88.059410034 48.708087464
88.033778524 48.729119772
87.975487509 48.755991516
87.95243982 48.761107483
87.907584676 48.75883372
87.841697225 48.779349264
87.821078329 48.788289287
87.805885458 48.800588278
87.802164754 48.809579977
87.800511109 48.830302226
87.796066936 48.839759013
87.787488648 48.846580302
87.77673995 48.851179505
87.75472579 48.857277323
87.737879273 48.869369609
87.735708863 48.88673289
87.743615357 48.905181377
87.756896199 48.920374247
87.835857788 48.945902405
87.872599732 48.968019918
87.872237997 49.004090068
87.856941772 49.015613913
87.837821493 49.02041982
87.821905151 49.028739726
87.815962362 49.050598857
87.821078329 49.07183787
87.829656617 49.085997213
87.83554773 49.100724997
87.832447144 49.123876038
87.818081095 49.154003398
87.816324097 49.165837301
87.83699467 49.159997864
87.855184774 49.158964335
87.95678064 49.168886211
87.975487509 49.175810852
87.992954142 49.191727194
88.029747763 49.215550029
88.108502645 49.247434388
88.143952677 49.270740459
88.148396851 49.296578675
88.129173218 49.325930888
88.11553064 49.356575012
88.135787802 49.386082255
88.145606324 49.397192688
88.16172937 49.430110576
88.174751831 49.443856506
88.19996993 49.454346822
88.378770386 49.475792542
88.401921427 49.475844218
88.451117391 49.465147197
88.475405314 49.46364858
88.538760621 49.466542461
88.557829224 49.471089986
88.59973881 49.488918356
88.614156535 49.492794088
88.615758505 49.492949117
88.633535197 49.491243795
88.648676391 49.483595683
88.674669638 49.459824524
88.695650269 49.446957093
88.719421428 49.44292633
88.870626668 49.436001689
88.875329223 49.44178945
88.854865356 49.473880514
88.856157267 49.511500957
88.858741089 49.527365622
88.868197877 49.538114319
88.888920125 49.541679993
88.908350464 49.535943909
88.919099162 49.523179831
88.92695398 49.507418518
88.937599325 49.492845765
88.947572876 49.482820537
88.954704224 49.471865133
88.962662395 49.462149963
88.97532312 49.455845439
89.014080445 49.460547995
89.16073816 49.502715963
89.195258016 49.521526184
89.21561853 49.545452373
89.20156254 49.570618795
89.178204793 49.598472392
89.187351522 49.621985168
89.216445354 49.634490866
89.252205444 49.629426575
89.310703166 49.59314972
89.339435262 49.580799052
89.371939738 49.581677552
89.397829631 49.598989157
89.418603556 49.624207256
89.441599569 49.643585917
89.47534428 49.643430888
89.520302775 49.663171285
89.616317586 49.685443828
89.682308391 49.708336488
89.702410523 49.719963685
89.712642456 49.735156555
89.701532024 49.753139954
89.683703654 49.761149801
89.638951864 49.775464173
89.626446167 49.788021546
89.627376343 49.796806539
89.641949097 49.808123678
89.643551067 49.818872376
89.638951864 49.824815165
89.621071818 49.835047099
89.615335734 49.841920065
89.615284058 49.854529114
89.621071818 49.893338115
89.623862346 49.902691549
89.633210985 49.907939134
89.66768396 49.927289531
89.72070398 49.939743551
89.866431519 49.942740784
89.920175008 49.950853984
89.969422649 49.967080384
89.996242717 49.99276357
89.997090689 50.003663546
89.998723186 50.024647929
90.004924358 50.050744528
90.02053064 50.070743307
90.051226441 50.084179179
90.182432902 50.102472636
90.222947225 50.114409892
90.343870076 50.174664612
90.363920533 50.179780579
90.40495162 50.182622783
90.425002076 50.186911927
90.475231567 50.214610494
90.518949829 50.218382874
90.604939413 50.20598053
90.648450969 50.206652323
90.666434367 50.210373026
90.683901001 50.216212464
90.699713989 50.225152487
90.712633097 50.237968241
90.717387329 50.252024231
90.717594035 50.280756328
90.726585735 50.291866761
90.762449178 50.305716044
90.839963827 50.320805563
90.877067505 50.339357402
90.948587688 50.397493388
90.975149374 50.413926494
91.012046346 50.425295309
91.129765259 50.426173808
91.16335494 50.432788392
91.260093221 50.466584778
91.297506958 50.466378073
91.382152954 50.454957581
91.415742635 50.461365458
91.432485799 50.478056946
91.440030558 50.49857249
91.450365845 50.519088033
91.475067179 50.535986227
91.57573287 50.561979472
91.602707967 50.579601135
91.653144165 50.640062561
91.679602499 50.656547343
91.749779093 50.684090882
91.824193156 50.701557516
91.899950806 50.707241923
92.062731568 50.686312968
92.158849731 50.689103495
92.242772258 50.720006002
92.29444869 50.791267803
92.297032512 50.809871318
92.297445923 50.827596334
92.301683391 50.843357646
92.315222616 50.855863342
92.335479777 50.863614808
92.360904582 50.86836904
92.384572388 50.865578512
92.399868612 50.850592347
92.418988892 50.81173167
92.443276815 50.786306865
92.474902792 50.770493876
92.516450643 50.760623678
92.55458785 50.743002015
92.611845337 50.687656555
92.649775839 50.674065653
92.671893351 50.675615947
92.695251099 50.681920472
92.717368612 50.692152405
92.735248658 50.705226543
92.746617473 50.721452942
92.753438762 50.754680888
92.76026005 50.770752259
92.796123495 50.788012187
92.857721802 50.79550527
92.921077108 50.79245636
92.961694783 50.777883606
92.973993774 50.742175192
92.973373657 50.694374492
92.99187382 50.654790345
93.002932576 50.634843241
93.011407512 50.623319397
93.02287968 50.616291403
93.042620076 50.609883525
93.104941854 50.598824768
93.139151652 50.599444886
93.188347616 50.59980662
93.421511679 50.609366761
93.536336711 50.584717103
93.886961304 50.574976095
94.237585897 50.565235087
94.258669882 50.557535299
94.273345988 50.54477122
94.278203573 50.529216614
94.279753865 50.492681376
94.319751425 50.429016012
94.327502889 50.404366353
94.332257121 50.301013489
94.344349406 50.249182027
94.354477987 50.223602193
94.368533976 50.202724915
94.391788371 50.18556834
94.474987427 50.162262268
94.491730591 50.152288717
94.49855188 50.139524638
94.502272583 50.125055237
94.509093873 50.109862366
94.520876099 50.097770081
94.563974243 50.071001689
94.574412883 50.058547669
94.592292929 50.029815573
94.603455038 50.019738668
94.624539022 50.015191142
94.650997355 50.01782664
94.746392049 50.040357564
94.921575155 50.045886943
94.953717895 50.040615947
94.980589641 50.024751282
95.004050741 49.99276357
95.021620728 49.969819234
95.028338664 49.963411357
95.076397746 49.945531311
95.35472701 49.947701721
95.399788859 49.938865051
95.445160767 49.914422099
95.461697226 49.902639873
95.477200962 49.894083165
95.480610799 49.892201233
95.500661255 49.886723532
95.520608358 49.889617412
95.537144816 49.900727845
95.563189738 49.927599589
95.583963664 49.936694641
95.680495239 49.945996399
95.721422974 49.958502096
95.758940064 49.993073629
95.78767216 50.011728821
95.827876424 50.020152079
95.86704716 50.014984436
95.892161907 49.9929186
95.892161907 49.99276357
95.904460897 49.964806621
95.922651001 49.944601136
95.946318807 49.938503316
95.974844198 49.952455953
95.985696248 49.96496165
95.998305298 49.975917053
96.011947876 49.985218811
96.026623983 49.992815247
96.040990031 49.997931214
96.055976196 49.998809713
96.071065715 49.996742656
96.085948527 49.9929186
96.08605188 49.992866924
96.086258586 49.992815247
96.086361939 49.99276357
96.235603475 49.949200338
96.281182088 49.926256002
96.323350057 49.897885641
96.346294393 49.888583883
96.372856079 49.886051737
96.399107707 49.891736145
96.448820435 49.913957012
96.474658651 49.921656799
96.503287394 49.922121887
96.523854614 49.915765687
96.539254191 49.901864726
96.553000123 49.879850566
96.56808964 49.861763814
96.585142863 49.857526347
96.604366496 49.862900696
96.625967245 49.873391011
96.680227499 49.909719544
96.7019316 49.913750305
96.969202108 49.886671855
97.005892375 49.865277812
97.042272583 49.823213196
97.057258749 49.81272288
97.085269643 49.805838275
97.100150187 49.802180888
97.119890585 49.793654277
97.128985636 49.775825908
97.152963501 49.750246074
97.205053345 49.734071351
97.262310832 49.72611318
97.301688274 49.725544739
97.343339478 49.734174703
97.390778442 49.749470928
97.474597616 49.78869334
97.542707153 49.822748108
97.57360966 49.847501119
97.581257772 49.877938538
97.571749308 49.896748759
97.56317102 49.908944397
97.566581665 49.916799215
97.642235962 49.930028381
97.733599895 49.958347067
97.756337525 49.961499329
97.777524862 49.956176656
97.810701132 49.931165263
97.829924765 49.923310446
97.847391398 49.930080058
97.874573202 49.95395457
97.906199178 49.97307485
98.047999308 50.02304596
98.105566854 50.063870341
98.262456502 50.283805237
98.269277792 50.29941152
98.272275024 50.318996888
98.270104615 50.335946758
98.261836386 50.367469381
98.266280558 50.400697327
98.298216594 50.460125224
98.30059371 50.492784729
98.300697062 50.492836406
98.300697062 50.492939759
98.293462362 50.518622946
98.275375611 50.537691549
98.251294393 50.550558981
98.22555953 50.557638652
98.163341105 50.564666646
98.135952596 50.570971171
98.060091593 50.608901673
98.038490845 50.622957663
98.023297974 50.642026266
97.974515421 50.723158264
97.944026327 50.774472962
97.947436971 50.795970358
97.990225058 50.835606181
97.984644003 50.84692332
97.953018026 50.862839661
97.938755331 50.874415182
97.929660278 50.88661082
97.919428345 50.897411194
97.87198938 50.917099915
97.835712524 50.940716045
97.808530721 50.970481669
97.806360311 51.001125794
97.870129029 51.086805318
97.885631958 51.120110779
97.89472701 51.153855489
97.900308065 51.168428243
97.929040162 51.215040385
97.931727336 51.230414124
97.928109986 51.25147227
97.916327759 51.285888774
97.915707642 51.300616557
97.92283899 51.318470765
97.933794393 51.331777446
97.962216431 51.355445252
97.974515421 51.368596903
98.0206108 51.435181986
98.03973108 51.4572995
98.050893189 51.46642039
98.066706177 51.469262594
98.111354615 51.484713847
98.137812948 51.485876567
98.220391886 51.475205383
98.22990035 51.492878723
98.233827759 51.516520691
98.224319296 51.560006409
98.228246704 51.583415833
98.238685344 51.601476746
98.263386678 51.635195618
98.273515259 51.654832662
98.332219686 51.71831716
98.425030558 51.746222433
98.618713827 51.780664775
98.651373332 51.797485453
98.68268925 51.819473776
98.711111287 51.845105286
98.776637004 51.930113017
98.791726522 51.977500306
98.800201457 51.992744853
98.83854537 52.025275167
98.846503541 52.039331157
98.848880657 52.056306865
98.849604126 52.09012909
98.855598592 52.106691386
98.886397746 52.128550517
98.927635539 52.129584046
98.937651563 52.124687488
98.962465455 52.112556661
98.974454387 52.080388082
98.994711548 52.058296407
99.025097291 52.045532329
99.198730103 52.006594137
99.232836548 51.99424347
99.25598759 51.977913717
99.274694458 51.959491069
99.295365031 51.943548889
99.323890422 51.934221294
99.556847779 51.891459046
99.679320923 51.888668519
99.709654989 51.880581156
99.783965699 51.837612203
99.848664591 51.789346415
99.917911011 51.749478048
100.005967652 51.731727193
