-171.570017056 -13.938164972
-171.564279752 -13.949395441
-171.519479947 -13.944756769
-171.469349739 -13.969414972
-171.437692838 -14.006117446
-171.448190884 -14.037530206
-171.445301887 -14.041436456
-171.440744595 -14.051853123
-171.466175911 -14.052829685
-171.536936002 -14.045668227
-171.57921302 -14.049493097
-171.59882565 -14.047784113
-171.619496223 -14.037530206
-171.635812955 -14.046156508
-171.652414517 -14.045179946
-171.684030728 -14.037530206
-171.700144009 -14.03899505
-171.742990689 -14.051853123
-171.753285286 -14.051527602
-171.762033658 -14.048760675
-171.768055793 -14.043226821
-171.770334439 -14.034844659
-171.77452552 -14.026299738
-171.784372525 -14.022230727
-171.804432746 -14.017754816
-171.822214322 -14.008477472
-171.837961392 -14.003187758
-171.854074674 -14.001885675
-171.893503384 -14.007012628
-171.9111222 -14.006442967
-171.926625129 -14.001153253
-171.940988736 -13.990411066
-171.96190345 -13.958103123
-171.972401496 -13.946221613
-171.982004361 -13.949395441
-171.988840299 -13.949395441
-172.006296353 -13.924981378
-172.018015103 -13.9179013
-172.040638801 -13.915215753
-172.061024543 -13.90618255
-172.0636694 -13.885023696
-172.055612759 -13.861911717
-172.04405677 -13.846368097
-171.965199348 -13.818536066
-171.88019772 -13.805352472
-171.834543424 -13.807386977
-171.792307095 -13.81650156
-171.650217252 -13.871270441
-171.606922981 -13.876153253
-171.585153775 -13.883884373
-171.56757565 -13.896742446
-171.557443814 -13.915215753
-171.559071418 -13.925388279
-171.565744595 -13.931410415
-171.570017056 -13.938164972
-172.280506965 -13.493584894
-172.222767707 -13.55836354
-172.221872525 -13.56259531
-172.223581509 -13.573907159
-172.222767707 -13.578301691
-172.217518684 -13.582777602
-172.205311653 -13.587660415
-172.201039192 -13.592543227
-172.197580533 -13.603122654
-172.195668098 -13.613864842
-172.194894986 -13.636895441
-172.190256314 -13.65601979
-172.181385871 -13.667657159
-172.175648567 -13.680271092
-172.180612759 -13.702406508
-172.190663215 -13.717950128
-172.202137825 -13.730157159
-172.211496549 -13.744561456
-172.215321418 -13.767673435
-172.212351041 -13.790622654
-172.212961392 -13.800957941
-172.219064908 -13.805352472
-172.242787239 -13.805108331
-172.253244595 -13.802911066
-172.263783332 -13.798028253
-172.279530403 -13.784844659
-172.287709114 -13.774997654
-172.297556119 -13.769789321
-172.318430142 -13.771254165
-172.368641731 -13.78899505
-172.523182746 -13.805352472
-172.532907681 -13.798597915
-172.543161588 -13.78525156
-172.551136848 -13.777520441
-172.5673722 -13.768812758
-172.575144009 -13.762790623
-172.578480598 -13.75400156
-172.580555793 -13.744805597
-172.589955207 -13.724786066
-172.592111783 -13.712660415
-172.597116666 -13.700616144
-172.608957486 -13.693047784
-172.622547981 -13.687758071
-172.633046028 -13.681898696
-172.654530403 -13.649183852
-172.667469856 -13.633884373
-172.693348762 -13.624118748
-172.703480598 -13.616631769
-172.718739387 -13.602797133
-172.721872525 -13.597832941
-172.723011848 -13.587334894
-172.725575325 -13.5819638
-172.731271939 -13.578871352
-172.744496223 -13.580010675
-172.749745246 -13.578301691
-172.761179166 -13.565036717
-172.776478645 -13.542087498
-172.782582161 -13.520277602
-172.766550259 -13.510511977
-172.732370572 -13.510511977
-172.695139127 -13.524183852
-172.66120358 -13.525160415
-172.638986783 -13.522067967
-172.615345832 -13.509372654
-172.603993293 -13.506442967
-172.581857877 -13.504489842
-172.569203254 -13.501397394
-172.542225715 -13.487888279
-172.530629036 -13.483982029
-172.451852994 -13.483982029
-172.431467252 -13.480889581
-172.389230924 -13.466973566
-172.366159634 -13.462823175
-172.344431119 -13.462985935
-172.322377082 -13.466892185
-172.300770637 -13.47649505
-172.280506965 -13.493584894
