53.863047722 24.234686591
53.888601108 24.219956773
53.892344597 24.217840887
53.926605665 24.211371161
53.933929884 24.208644924
53.954600457 24.200995184
53.964854363 24.172593492
53.951019727 24.149725653
53.920420769 24.139837958
53.884613477 24.141180731
53.854991082 24.152167059
53.857106967 24.161444403
53.849375847 24.174221096
53.837412957 24.177435614
53.82699629 24.158392645
53.834483269 24.152167059
53.80730228 24.135972398
53.774668816 24.130113023
53.741465691 24.133490302
53.711599155 24.14472077
53.69434655 24.153591213
53.69418379 24.153631903
53.684255405 24.156724351
53.656993035 24.158392645
53.63949629 24.160467841
53.628184441 24.16421133
53.62777754 24.17194245
53.64332116 24.186265367
53.654633009 24.192613023
53.656097852 24.193426825
53.656097852 24.193508205
53.680674675 24.201849677
53.691172722 24.206732489
53.710215691 24.222316799
53.715830925 24.225694078
53.722829623 24.229885158
53.727142774 24.231146552
53.738942905 24.234686591
53.748301629 24.23444245
53.762950066 24.228705145
53.765147332 24.228257554
53.770274285 24.227240302
53.777110222 24.229885158
53.801036004 24.247748114
53.828623894 24.258449611
53.839610222 24.264349677
53.848155144 24.275051174
53.853526238 24.262681382
53.852305535 24.259751695
53.848155144 24.254584052
53.848155144 24.254543361
53.85840905 24.239203192
53.863047722 24.234686591
54.198822462 24.253078518
54.190765821 24.227240302
54.180837436 24.245062567
54.159353061 24.25381094
54.134125196 24.260402736
54.112559441 24.271673895
54.101573113 24.297674872
54.101573113 24.297756252
54.115244988 24.318508205
54.136973504 24.326890367
54.142100457 24.322699286
54.150401238 24.315985419
54.175873243 24.290147203
54.188324415 24.27749258
54.198903842 24.253119208
54.198822462 24.253078518
54.247813347 24.283189195
54.239268425 24.28119538
54.228282097 24.28139883
54.222178582 24.284491278
54.205088738 24.302923895
54.192393425 24.311102606
54.183116082 24.315008856
54.179453972 24.321437893
54.184580925 24.337062893
54.191905144 24.346177476
54.203786655 24.353745835
54.218028191 24.357977606
54.232432488 24.357570705
54.24122155 24.340765692
54.251149936 24.326564846
54.273448113 24.302923895
54.266368035 24.294501044
54.257334832 24.287746486
54.247813347 24.283189195
52.608653191 24.268255927
52.592154254 24.253367801
52.57906485 24.266259262
52.568139296 24.283127345
52.556104327 24.306946332
52.558239364 24.326812872
52.574473504 24.34393952
52.587168816 24.360500393
52.611094597 24.373236395
52.634461163 24.366599714
52.64537473 24.350718968
52.650854831 24.324899146
52.648773634 24.309515692
52.627207879 24.283596096
52.608653191 24.268255927
54.335297071 24.363999742
54.336110873 24.350327867
54.325450066 24.321275132
54.308929884 24.313869533
54.281586134 24.357489325
54.279063347 24.364447333
54.286143425 24.365545966
54.297211134 24.362860419
54.306895379 24.357245184
54.31137129 24.355292059
54.312673373 24.359849351
54.309906446 24.365179755
54.295176629 24.37523021
54.2920028 24.384507554
54.304860873 24.385931708
54.325856967 24.373032945
54.335297071 24.363999742
53.427632111 24.328759424
53.388339854 24.3120565
53.369773005 24.30121764
53.345792875 24.298335073
53.331589241 24.288463065
53.331541685 24.277545987
53.322759164 24.262690637
53.308666446 24.278623028
53.294504348 24.279666903
53.276007993 24.288666325
53.266142405 24.273809505
53.228001436 24.278897356
53.213837538 24.280925668
53.192718946 24.277004299
53.189138217 24.275864976
53.18653405 24.275946356
53.184092644 24.28123607
53.184580925 24.287014065
53.187673373 24.294256903
53.191254102 24.300360419
53.19434655 24.302964585
53.231781446 24.295558986
53.241872592 24.297796942
53.267588738 24.308254299
53.272715691 24.31256745
53.278086785 24.316148179
53.31104605 24.328245655
53.329606592 24.336115326
53.33832707 24.336080495
53.348064954 24.320161759
53.357849316 24.315160629
53.366709832 24.319240627
53.368907097 24.330145575
53.367686394 24.340887762
53.361582879 24.350734768
53.361582879 24.350775458
53.399099155 24.401434637
53.41675866 24.412827867
53.417653842 24.407049872
53.422129754 24.397162177
53.423594597 24.391750393
53.446787957 24.379950262
53.447032097 24.379828192
53.4404403 24.341253973
53.427632111 24.328759424
54.470550977 24.425034898
54.456716342 24.420803127
54.430430535 24.425238348
54.382578972 24.439520575
54.33480879 24.45319245
54.33480879 24.46893952
54.33480879 24.46898021
54.375336134 24.503607489
54.38941491 24.522691148
54.396250847 24.522691148
54.396250847 24.522650458
54.38941491 24.501613674
54.38941491 24.501572984
54.396657748 24.483465887
54.414317254 24.470607815
54.451426629 24.45319245
54.469737175 24.436468817
54.470550977 24.425034898
52.326223652 24.480646086
52.314227638 24.475650742
52.29965254 24.482896226
52.294444207 24.488999742
52.289561394 24.491603908
52.283213738 24.497015692
52.28233756 24.51040243
52.291027503 24.521363981
52.29862101 24.533317401
52.309743686 24.539496161
52.332564694 24.525414058
52.339238422 24.501552021
52.326223652 24.480646086
56.282978993 25.255476134
56.263026258 25.249222903
56.259578304 25.275981892
56.265075419 25.281175419
56.273811713 25.281289265
56.288327936 25.271926258
56.282978993 25.255476134
56.174689575 25.966529846
56.170555461 25.87681956
56.163837524 25.862453512
56.144510539 25.837907206
56.139652954 25.822972717
56.144097127 25.805919495
56.167351522 25.777704163
56.172002401 25.765250143
56.164871053 25.752176005
56.151951945 25.743132629
56.141203248 25.732693991
56.140376424 25.715537415
56.145130656 25.670837301
56.150815064 25.658848369
56.152496059 25.657961177
56.156396118 25.655902812
56.179857219 25.652078756
56.188848918 25.645412496
56.198770792 25.625258687
56.205798787 25.617765604
56.221508423 25.613838196
56.237528117 25.616577047
56.2790552346 25.6274456978
56.279063347 25.627427476
56.300303582 25.616156317
56.3232528 25.607814846
56.340017123 25.604559637
56.347992384 25.593085028
56.36996504 25.525702216
56.363780144 25.433254299
56.365000847 25.423163153
56.368337436 25.396307684
56.366953972 25.388861395
56.359222852 25.376410223
56.360199415 25.36725495
56.36996504 25.351304429
56.374685092 25.341213283
56.379161004 25.334621486
56.382497592 25.326849677
56.382985873 25.321275132
56.383636915 25.313462632
56.382660352 25.302232164
56.378428582 25.282619533
56.375254754 25.252752997
56.36597741 25.209214585
56.36223392 25.068264065
56.36198978 25.057277736
56.383311394 24.978216864
56.328995402 24.972688701
56.324450859 24.967938686
56.319280233 24.962534282
56.316053243 24.929912347
56.314277597 24.911962176
56.313595826 24.905070089
56.308324829 24.895174052
56.280316203 24.876983948
56.274682806 24.871949287
56.241662232 24.842438253
56.223678833 24.834480083
56.186265096 24.830242615
56.171366267 24.824068785
56.171175577 24.823989766
56.154845825 24.786705221
56.133348429 24.762830709
56.12725061 24.745699972
56.118258912 24.735416362
56.099138632 24.7305071
56.077951294 24.729757792
56.076269522 24.729972135
56.062138306 24.731773173
56.031545858 24.754149068
56.002090291 24.823007914
55.964779907 24.853858744
55.957648559 24.868664042
55.960852498 24.881247254
55.978422486 24.886104838
55.992375122 24.883004252
56.00529423 24.876983948
56.029272095 24.861170959
56.025252234 24.882562365
56.016973104 24.926619162
56.005604289 24.95617808
55.978422486 24.971758525
55.975872913 24.972112462
55.935427694 24.977727152
55.896980428 24.968606262
55.862150513 24.948452454
55.857825701 24.944850718
55.829387655 24.921167298
55.799105265 24.886104838
55.788666626 24.855202332
55.797038208 24.778359477
55.797038208 24.759549255
55.792697388 24.722290548
55.794764445 24.703919577
55.799981385 24.693258293
55.814918254 24.66273346
55.818225546 24.643380636
55.790216919 24.619867859
55.784015747 24.586329855
55.769959758 24.572403056
55.759831177 24.558527934
55.761174764 24.537443949
55.773680461 24.495301819
55.773680461 24.495250143
55.771406698 24.441093242
55.774610637 24.425900371
55.781018514 24.418872376
55.801068969 24.406470032
55.808613729 24.397633362
55.810887492 24.389235941
55.807373495 24.340789287
55.800965617 24.326268209
55.76210494 24.262964579
55.75414677 24.245472107
55.755697062 24.230330912
55.767685995 24.224879049
55.830317831 24.21227
55.847164348 24.211417338
55.9031816 24.23224294
55.933153931 24.220719096
55.948966919 24.184829814
55.960749146 24.142429301
55.997852824 24.081270244
55.986794068 24.06537974
55.923542114 24.051142883
55.807063436 24.007476299
55.78845992 24.009569194
55.762414998 24.028146871
55.7444316 24.025278829
55.727998495 24.019594421
55.712598918 24.019232687
55.680042765 24.024271139
55.646866496 24.025020447
55.618341105 24.020137025
55.591055949 24.010008443
55.561703735 23.995228984
55.542273397 23.985436299
55.49979537 23.970605164
55.456800578 23.963163758
55.452769816 23.948565166
55.46155481 23.930555929
55.478297974 23.916577454
55.514574829 23.896604512
55.530594523 23.874667867
55.535142049 23.845884094
55.538345988 23.77004893
55.53410852 23.756768087
55.487393025 23.693257752
55.478297974 23.676359559
55.445328409 23.552258607
55.431479126 23.53293162
55.394168742 23.49528534
55.393962036 23.495181986
55.375255167 23.469343771
55.364093058 23.436012472
55.34321578 23.336276957
55.321098266 23.275092061
55.225910279 23.121251322
55.194801066 23.025081482
55.191287069 22.995470886
55.191287069 22.995367534
55.197591593 22.849459127
55.186842895 22.703576559
55.120387004 22.623426412
55.105297485 22.620945943
54.968561646 22.637740784
54.82944869 22.65489736
54.690335734 22.671950582
54.551326131 22.689003805
54.412419881 22.70616038
54.273306926 22.723265279
54.134297322 22.740318502
53.99528772 22.75744924
53.856071411 22.774579977
53.717061808 22.791684876
53.578052206 22.808763937
53.43893925 22.825868835
53.299929647 22.842973735
53.160920044 22.860052796
53.021807089 22.877131857
52.882797485 22.894236756
52.743787883 22.911341654
52.583074178 22.93110789
52.558476196 22.938575134
52.538477417 22.954749858
52.484837281 23.018337708
52.432644084 23.080375265
52.380502564 23.142412822
52.328309366 23.204450378
52.2762712 23.266410421
52.224078003 23.32842214
52.171988159 23.390485535
52.119794963 23.452523092
52.067705119 23.514483134
52.015511923 23.576494853
51.963422078 23.638558248
51.911228882 23.70051829
51.859035685 23.762530009
51.806842489 23.824490051
51.754752645 23.886553446
51.702559448 23.948591003
51.650469605 24.010602723
51.593522177 24.078324687
51.578536011 24.101837464
51.573161662 24.127830709
51.575228719 24.191935324
51.575538778 24.217721863
51.56934655 24.256170966
51.590668165 24.284409898
51.591644727 24.328599351
51.573985222 24.364447333
51.593760613 24.384914455
51.602386915 24.367905992
51.62378991 24.339341539
51.6279403 24.319728908
51.6279403 24.262030341
51.634450717 24.226874091
51.648692254 24.218573309
51.66293379 24.232814846
51.672618035 24.278062242
51.679372592 24.26577383
51.689300977 24.234686591
51.695974155 24.224351304
51.700694207 24.221909898
51.70980879 24.221096096
51.718272332 24.223089911
51.723643425 24.227769273
51.724864129 24.232570705
51.720876498 24.234686591
51.740082227 24.27753327
51.758799675 24.290513414
51.779470248 24.262030341
51.782237175 24.240383205
51.771983269 24.176336981
51.773448113 24.153225002
51.785655144 24.103745835
51.786794467 24.093003648
51.785655144 24.059312242
51.78777103 24.048570054
51.797129754 24.028225002
51.799164259 24.018377997
51.809418165 24.000677802
51.833262566 23.994940497
51.88184655 23.993882554
51.8935653 23.990383205
51.902517123 23.985663153
51.919688347 23.970363674
51.92872155 23.96474844
51.93637129 23.96474844
51.939138217 23.969183661
51.933360222 23.977118231
51.931407097 23.987982489
51.952891472 23.990912177
52.010020379 23.987860419
52.016937696 23.989691473
52.023936394 23.987860419
52.036387566 23.977118231
52.067393425 23.963446356
52.075694207 23.963812567
52.117930535 23.970892645
52.13559004 23.966538804
52.145518425 23.971991278
52.155528191 23.966538804
52.171071811 23.973374742
52.188243035 23.974269924
52.206309441 23.973130601
52.224375847 23.974025783
52.24097741 23.979641018
52.279063347 24.001369533
52.29590905 24.003729559
52.327810092 24.00385163
52.341075066 24.007513739
52.352549675 24.016343492
52.364756707 24.027899481
52.378103061 24.037990627
52.392344597 24.042303778
52.40886478 24.045233466
52.428070509 24.052639065
52.44418379 24.06268952
52.450938347 24.073309637
52.456553582 24.084662177
52.48698978 24.096625067
52.501800977 24.107489325
52.514984571 24.119818427
52.532481316 24.131822007
52.550059441 24.141058661
52.563649936 24.14472077
52.574554884 24.152085679
52.577647332 24.169012762
52.577972852 24.18744538
52.58073978 24.19936758
52.60027103 24.209540106
52.618418816 24.203680731
52.634125196 24.189886786
52.670095248 24.14472077
52.681325717 24.14081452
52.685394727 24.143459377
52.688649936 24.14858633
52.697438998 24.152167059
52.720062696 24.151516018
52.760996941 24.14061107
52.782725457 24.137884833
52.795420769 24.139878648
52.816905144 24.149318752
52.827647332 24.152167059
52.839203321 24.152004299
52.847829623 24.149603583
52.854746941 24.146673895
52.86198978 24.14472077
52.947113477 24.137884833
52.956716342 24.139634507
52.992198113 24.152167059
52.996918165 24.155910549
52.998301629 24.161363023
52.999766472 24.165676174
53.005869988 24.165838934
53.010996941 24.162787177
53.014821811 24.158433335
53.017588738 24.154364325
53.019541863 24.152167059
53.048838738 24.129950262
53.067230665 24.121893622
53.107188347 24.137884833
53.12769616 24.130682684
53.146494988 24.12132396
53.163422071 24.124823309
53.149668816 24.132228908
53.145762566 24.141750393
53.145355665 24.153062242
53.142425977 24.165838934
53.165293816 24.170314846
53.191579623 24.159409898
53.215586785 24.141546942
53.231781446 24.124823309
53.245616082 24.104152736
53.253754102 24.098781643
53.309092644 24.095770575
53.437022332 24.119818427
53.445811394 24.119818427
53.454600457 24.114406643
53.468272332 24.100327867
53.478770379 24.09369538
53.493011915 24.090643622
53.507823113 24.091538804
53.519297722 24.096869208
53.537445509 24.084295966
53.548187696 24.078762111
53.55738366 24.076402085
53.56153405 24.072577216
53.574392123 24.054388739
53.581309441 24.048529364
53.589610222 24.04706452
53.601084832 24.047186591
53.61207116 24.048976955
53.629161004 24.057033596
53.63941491 24.05475495
53.648936394 24.050360419
53.656993035 24.048529364
53.687836134 24.062079169
53.694590691 24.0664737
53.702810092 24.07050202
53.712412957 24.068833726
53.722422722 24.065090236
53.732106967 24.06273021
53.853770379 24.061997789
53.878916863 24.064846096
53.889821811 24.073309637
53.951182488 24.103745835
54.01433353 24.11326732
54.0341903 24.122748114
54.055186394 24.126410223
54.081553582 24.137884833
54.11207116 24.141791083
54.122569207 24.14472077
54.13542728 24.152044989
54.153656446 24.165269273
54.170095248 24.181097723
54.177093946 24.196193752
54.187022332 24.203599351
54.25277754 24.221096096
54.305918816 24.256781317
54.314952019 24.258246161
54.32300866 24.270656643
54.341970248 24.26976146
54.382578972 24.254584052
54.390147332 24.26585521
54.427256707 24.292141018
54.445974155 24.316148179
54.485606316 24.388332424
54.479991082 24.413397528
54.48316491 24.425116278
54.499278191 24.432684637
54.490000847 24.438381252
54.485606316 24.439520575
54.485606316 24.446966864
54.501149936 24.445624091
54.525726759 24.435207424
54.540293816 24.432684637
54.53394616 24.44525788
54.516856316 24.462388414
54.513438347 24.474310614
54.528330925 24.467962958
54.544281446 24.463568427
54.558604363 24.457709052
54.568125847 24.446966864
54.574392123 24.446966864
54.571299675 24.473334052
54.552500847 24.481634833
54.52605228 24.482855536
54.499278191 24.487941799
54.440684441 24.523911851
54.417328321 24.528957424
54.417328321 24.53510163
54.429372592 24.538275458
54.441661004 24.545721747
54.45191491 24.556545315
54.453623894 24.550197658
54.457041863 24.541896877
54.465098504 24.53510163
54.462412957 24.545355536
54.465830925 24.554348049
54.478770379 24.569891669
54.485606316 24.569891669
54.493500196 24.542303778
54.512868686 24.515285549
54.537445509 24.498439846
54.56128991 24.501613674
54.555186394 24.504584052
54.540293816 24.51585521
54.551768425 24.515326239
54.5732528 24.508978583
54.581797722 24.508449611
54.585134311 24.51194896
54.593760613 24.525824286
54.598887566 24.528957424
54.636403842 24.59780508
54.61980228 24.604315497
54.61215254 24.61322663
54.61589603 24.6211612
54.632985873 24.624497789
54.64340254 24.630560614
54.646332227 24.644232489
54.652110222 24.658392645
54.67058353 24.666083075
54.67058353 24.672308661
54.661875847 24.678127346
54.657725457 24.688381252
54.654795769 24.700995184
54.650157097 24.713853257
54.655528191 24.721096096
54.648285352 24.725327867
54.640472852 24.732611395
54.64332116 24.748683986
54.652517123 24.75800202
54.691661004 24.782171942
54.696543816 24.788885809
54.701345248 24.798285223
54.707041863 24.803900458
54.737803582 24.790920315
54.739431186 24.789618231
54.754161004 24.792425848
54.7685653 24.801459052
54.773610873 24.814764716
54.760020379 24.830552476
54.868825717 24.888657945
54.917735222 24.920884507
54.94809004 24.946437893
54.968109571 24.958644924
54.992849155 24.966009833
54.99496504 24.966660874
54.999359571 24.967962958
55.003347201 24.969142971
55.005869988 24.969916083
55.0107528 24.97260163
55.014008009 24.974351304
55.015798373 24.975327867
55.017995639 24.97650788
55.02222741 24.978827216
55.049978061 24.993394273
55.044606967 25.013902085
55.077647332 25.020249742
55.082286004 25.016831773
55.156911655 25.096747137
55.259043816 25.215277411
55.264170769 25.231187242
55.263356967 25.244940497
55.282399936 25.260687567
55.298350457 25.258490302
55.313324415 25.238918361
55.318369988 25.225287177
55.314219597 25.212062893
55.301117384 25.193670966
55.328868035 25.201483466
55.334239129 25.219224351
55.326508009 25.241197007
55.306407097 25.275051174
55.30372155 25.283026434
55.309255405 25.291734117
55.339366082 25.321437893
55.348155144 25.324774481
55.363291863 25.324042059
55.358653191 25.336574611
55.359385613 25.348578192
55.365489129 25.358587958
55.376963738 25.364976304
55.387054884 25.357082424
55.407237175 25.372748114
55.438975457 25.412787177
55.445160352 25.412787177
55.449554884 25.400620835
55.455332879 25.399888414
55.461192254 25.407375393
55.465668165 25.419623114
55.472504102 25.412787177
55.486094597 25.449937242
55.495616082 25.466131903
55.50660241 25.474839585
55.494151238 25.480780341
55.500498894 25.492987372
55.513356967 25.508856512
55.520274285 25.525702216
55.524668816 25.542629299
55.535655144 25.56240469
55.551036004 25.578599351
55.568125847 25.584662177
55.559580925 25.568304755
55.548594597 25.55487702
55.542246941 25.542547919
55.548187696 25.529486395
55.563731316 25.523749091
55.583343946 25.526841539
55.605153842 25.532945054
55.626312696 25.536322333
55.632578972 25.544175523
55.648122592 25.583156643
55.656911655 25.5977237
55.683441602 25.623521226
55.699473504 25.634711005
55.733897332 25.646795966
55.759532097 25.67967357
55.770518425 25.687160549
55.779551629 25.688421942
55.792246941 25.692043361
55.80347741 25.697414455
55.808360222 25.704169012
55.812836134 25.706529039
55.84245853 25.713812567
55.878103061 25.740057684
55.93246504 25.802557684
55.95972741 25.823675848
55.953786655 25.814601955
55.947438998 25.794094143
55.937185092 25.776678778
55.941254102 25.770697333
55.948496941 25.768947658
55.952321811 25.772121486
55.954437696 25.787095445
55.96371504 25.815375067
55.965993686 25.834214585
55.972341342 25.842840887
56.01441491 25.87885163
56.023203972 25.889227606
56.030772332 25.900864976
56.036875847 25.915106512
56.041026238 25.93353913
56.0341903 25.93353913
56.030609571 25.924261786
56.024668816 25.916449286
56.016937696 25.910467841
56.007578972 25.906887111
56.033702019 25.946437893
56.055349155 25.988755601
56.0732528 26.052313544
56.0773966725 26.0610481754
56.100585571 26.062854716
56.151331828 26.074791972
56.162700643 26.073551737
56.178410278 26.035001119
56.183474569 26.014537252
56.181304159 25.996243795
56.174689575 25.966529846
56.260624581 25.331075419
56.233624581 25.312526258
56.235667765 25.296286519
56.238880452 25.286246902
56.244887162 25.277987676
56.235126258 25.267475933
56.208375419 25.255373742
56.206122903 25.230596063
56.207624581 25.22083516
56.21995813 25.215257874
56.235771118 25.211175435
56.252204224 25.21763499
56.281763143 25.236910299
56.293149743 25.245846388
56.316425744 25.253354775
56.344375419 25.266527936
56.349122903 25.294024581
56.309368709 25.301327936
56.290688325 25.327543033
56.260624581 25.331075419
