-15.901600715 11.142279364
-15.894846158 11.098863023
-15.88780677 11.089341539
-15.880767382 11.08218008
-15.877552864 11.073635158
-15.882679817 11.060614325
-15.894642707 11.054348049
-15.908273892 11.053371486
-15.918446418 11.056219794
-15.926380989 11.051418361
-15.936879036 11.051947333
-15.963246223 11.056219794
-15.965565559 11.053941148
-15.971791145 11.049790757
-15.978179491 11.048081773
-15.981190559 11.052883205
-15.9814347 11.060939846
-15.981027799 11.066229559
-15.977894661 11.069037177
-15.970326301 11.069891669
-15.959950325 11.072577216
-15.931874153 11.085516669
-15.925933398 11.090399481
-15.930490689 11.10162995
-15.941761848 11.10537344
-15.951893684 11.099920966
-15.953277148 11.083563544
-15.960560676 11.090277411
-15.966949023 11.09784577
-15.95807858 11.112697658
-15.953480598 11.124457098
-15.952381965 11.136419989
-15.953277148 11.151800848
-15.958648241 11.174302476
-15.957142707 11.187241929
-15.94640052 11.200262762
-15.92699134 11.185858466
-15.911691861 11.166327216
-15.901600715 11.142279364
-15.97378496 11.159247137
-15.971669075 11.129868882
-15.974476692 11.116197007
-15.984283007 11.101263739
-16.005482551 11.075832424
-16.017079231 11.068670966
-16.022124804 11.080471096
-16.025542773 11.096258856
-16.031361457 11.108587958
-16.03246009 11.121486721
-16.022124804 11.138820705
-16.044992642 11.138739325
-16.056141731 11.14858633
-16.056996223 11.163560289
-16.048898892 11.179144598
-16.034535286 11.190497137
-15.981190559 11.2070987
-15.977121549 11.198797919
-15.974924283 11.185370184
-15.97378496 11.159247137
-16.065825976 11.172919012
-16.069406705 11.162746486
-16.06769772 11.147894598
-16.063303189 11.138617255
-16.048898892 11.118312893
-16.063140429 11.118312893
-16.063140429 11.110825914
-16.053334114 11.091538804
-16.057281054 11.073309637
-16.062245246 11.058417059
-16.05565345 11.049465236
-16.076161262 11.036118882
-16.093861457 11.03534577
-16.111561653 11.036566473
-16.131988085 11.028957424
-16.135365364 11.037665106
-16.136586067 11.045843817
-16.135487434 11.054185289
-16.131988085 11.063666083
-16.138295051 11.063666083
-16.151275194 11.042547919
-16.145008918 11.028957424
-16.157582161 11.032700914
-16.160878059 11.035467841
-16.165516731 11.042547919
-16.18846595 11.039618231
-16.213124153 11.055568752
-16.234730598 11.080633856
-16.248036262 11.104681708
-16.234974739 11.117865302
-16.218617317 11.129584052
-16.201649543 11.135646877
-16.186675585 11.131984768
-16.20034746 11.126288153
-16.206532356 11.12514883
-16.205637174 11.120754299
-16.204579231 11.117621161
-16.202788866 11.114691473
-16.199696418 11.110825914
-16.190785286 11.119574286
-16.179432746 11.124660549
-16.169748502 11.132269598
-16.161854621 11.166205145
-16.15343177 11.172186591
-16.144276496 11.17576732
-16.138295051 11.186590887
-16.133168098 11.181382554
-16.117746549 11.172919012
-16.115101692 11.197455145
-16.099964973 11.208197333
-16.079986132 11.206244208
-16.063140429 11.192816473
-16.056630012 11.185207424
-16.0595597 11.179510809
-16.065825976 11.172919012
-15.846506314 11.200995184
-15.871327278 11.200262762
-15.896066861 11.218207098
-15.896473762 11.248724677
-15.880767382 11.280585028
-15.857085741 11.302679755
-15.831166145 11.302964585
-15.825835741 11.292669989
-15.836537239 11.255519924
-15.837554491 11.214016018
-15.846506314 11.200995184
-15.661529101 11.284613348
-15.656483528 11.251695054
-15.658436653 11.233791408
-15.663441536 11.229885158
-15.669545051 11.241156317
-15.678822395 11.25413646
-15.693186002 11.255519924
-15.693186002 11.248032945
-15.685699023 11.248032945
-15.685699023 11.241197007
-15.693267382 11.227728583
-15.698638476 11.220851955
-15.706206835 11.214504299
-15.711781379 11.222398179
-15.714507616 11.224920966
-15.726796028 11.220770575
-15.721343554 11.210150458
-15.720326301 11.195624091
-15.722523567 11.179999091
-15.726796028 11.166083075
-15.728830533 11.170355536
-15.732045051 11.175116278
-15.734201627 11.179144598
-15.740223762 11.178615627
-15.742543098 11.177923895
-15.744211392 11.177923895
-15.747873502 11.179144598
-15.754017707 11.179144598
-15.763824023 11.16791413
-15.773304817 11.173081773
-15.780018684 11.186590887
-15.781971809 11.200262762
-15.775013801 11.206732489
-15.763539192 11.214504299
-15.759510871 11.221869208
-15.775135871 11.227525132
-15.775135871 11.233791408
-15.754017707 11.255519924
-15.753081835 11.259833075
-15.75499427 11.271714585
-15.754017707 11.275946356
-15.749256965 11.277085679
-15.742543098 11.275864976
-15.736683723 11.275539455
-15.734201627 11.279038804
-15.723540819 11.299017645
-15.699533658 11.305812893
-15.673939582 11.304999091
-15.658436653 11.302679755
-15.661529101 11.284613348
-16.206532356 11.310126044
-16.197499153 11.298407294
-16.186187304 11.297267971
-16.17316647 11.299139716
-16.158762174 11.296454169
-16.154408332 11.28921133
-16.151519335 11.276190497
-16.150380012 11.263088283
-16.151275194 11.255519924
-16.163075325 11.250677802
-16.17284095 11.244574286
-16.177316861 11.235174872
-16.17296302 11.220770575
-16.238514778 11.215277411
-16.251454231 11.217678127
-16.278228319 11.23037344
-16.282826301 11.23065827
-16.281646288 11.242621161
-16.277902799 11.252427476
-16.271148241 11.259182033
-16.261138476 11.26166413
-16.262521939 11.278631903
-16.248687304 11.294419664
-16.229318814 11.304103908
-16.213978645 11.302679755
-16.206532356 11.310126044
-15.66527259 11.494452216
-15.663197395 11.49217357
-15.66136634 11.489447333
-15.658029752 11.487697658
-15.651600715 11.48822663
-15.652333137 11.483547268
-15.65343177 11.4805362
-15.658436653 11.473944403
-15.652658658 11.466050523
-15.657582161 11.457993882
-15.679554817 11.440415757
-15.684437629 11.449774481
-15.685699023 11.453517971
-15.693186002 11.453517971
-15.704660611 11.442694403
-15.720855273 11.442694403
-15.735096809 11.449855861
-15.740386523 11.460353908
-15.73546302 11.469427802
-15.727284309 11.470404364
-15.718902148 11.468166408
-15.713693814 11.467759507
-15.706206835 11.475246486
-15.70051022 11.483384507
-15.69627845 11.49225495
-15.693186002 11.501898505
-15.685699023 11.494452216
-15.680531379 11.498724677
-15.66527259 11.508734442
-15.660267707 11.504706122
-15.660064257 11.501857815
-15.66527259 11.494452216
-16.205555793 11.450262762
-16.208607551 11.444647528
-16.213978645 11.440415757
-16.222482877 11.440090236
-16.2548722 11.447251695
-16.275868293 11.447007554
-16.287831184 11.448716539
-16.302113411 11.453517971
-16.29002845 11.461574611
-16.271839973 11.470892645
-16.255360481 11.482733466
-16.248036262 11.498195705
-16.236683723 11.50800202
-16.211008267 11.515366929
-16.183094856 11.518500067
-16.165516731 11.51557038
-16.160633918 11.505560614
-16.164173957 11.49607982
-16.193837043 11.46503327
-16.199696418 11.460353908
-16.203114387 11.455959377
-16.205555793 11.450262762
-16.242583788 11.577826239
-16.241281705 11.57021719
-16.244536913 11.552150783
-16.252186653 11.537339585
-16.268625455 11.51557038
-16.272572395 11.506822007
-16.273548957 11.500921942
-16.275542773 11.495510158
-16.281727668 11.493150132
-16.291981575 11.493109442
-16.302113411 11.48822663
-16.306711392 11.486639716
-16.309966601 11.482652085
-16.313832161 11.4805362
-16.319813606 11.48452383
-16.332834439 11.499172268
-16.336822069 11.501898505
-16.339100715 11.501288153
-16.391468879 11.501898505
-16.400502082 11.493963934
-16.408518033 11.489243882
-16.419422981 11.48822663
-16.416330533 11.495062567
-16.411976692 11.501898505
-16.418324348 11.514390367
-16.416981575 11.517238674
-16.411976692 11.522406317
-16.421945767 11.527980861
-16.426258918 11.529242255
-16.389149543 11.547674872
-16.347889778 11.548529364
-16.309966601 11.553452867
-16.282826301 11.583807684
-16.278146939 11.582424221
-16.277251757 11.581854559
-16.277333137 11.580633856
-16.275380012 11.576971747
-16.267933723 11.576890367
-16.260487434 11.577948309
-16.253773567 11.580226955
-16.248036262 11.583807684
-16.244374153 11.580877997
-16.242583788 11.577826239
-15.93089759 11.578680731
-15.922434049 11.57802969
-15.918446418 11.591253973
-15.906076627 11.578436591
-15.909291145 11.551703192
-15.898019986 11.54287344
-15.910389778 11.522691148
-15.913441536 11.498358466
-15.908802864 11.473863023
-15.898019986 11.453517971
-15.917795377 11.446600653
-15.943714973 11.432114976
-15.965687629 11.426703192
-15.97378496 11.447251695
-15.981190559 11.447251695
-15.982533332 11.442572333
-15.98546302 11.43764883
-15.987416145 11.433010158
-15.990589973 11.436712958
-15.997873502 11.443508205
-16.00108802 11.447251695
-16.006947395 11.436346747
-16.015858528 11.428290106
-16.025868293 11.422919012
-16.035227017 11.419989325
-16.044789192 11.433050848
-16.07921302 11.45697663
-16.083607551 11.467759507
-16.048898892 11.48822663
-16.026275194 11.512274481
-16.022124804 11.512152411
-16.019113736 11.528753973
-16.011382616 11.550279039
-16.001332161 11.569037177
-15.991118944 11.576971747
-15.974924283 11.583441473
-15.952259895 11.606756903
-15.939605273 11.604925848
-15.938384569 11.589056708
-15.93089759 11.578680731
-15.473500129 11.632269598
-15.47394772 11.618597723
-15.484934049 11.607082424
-15.487782356 11.594671942
-15.482045051 11.583563544
-15.472645637 11.573431708
-15.471669075 11.566148179
-15.490834114 11.563381252
-15.503407356 11.565171617
-15.512074348 11.571478583
-15.521311002 11.57021719
-15.522816536 11.567450262
-15.542347786 11.549709377
-15.547352668 11.548529364
-15.569691536 11.549709377
-15.569691536 11.54287344
-15.548410611 11.53514232
-15.552235481 11.51951732
-15.566314257 11.510484117
-15.575835741 11.522406317
-15.58714759 11.519354559
-15.600697395 11.520738023
-15.612049934 11.523871161
-15.616932746 11.525824286
-15.621734179 11.522447007
-15.630279101 11.528998114
-15.632964648 11.538234768
-15.620594856 11.54287344
-15.607411262 11.550116278
-15.598255989 11.565171617
-15.585682746 11.577541408
-15.562245246 11.576971747
-15.560292121 11.592189846
-15.550282356 11.603216864
-15.537912564 11.613023179
-15.528716601 11.624823309
-15.511830207 11.620428778
-15.496734179 11.62490469
-15.483876106 11.631089585
-15.473500129 11.632269598
-15.98558509 11.887437242
-15.989084439 11.861517645
-15.996937629 11.849269924
-16.006906705 11.838039455
-16.014719205 11.824042059
-16.023508267 11.7852237
-16.029408332 11.769191799
-16.041411913 11.755113023
-16.051665819 11.762193101
-16.063384569 11.760687567
-16.074574348 11.756415106
-16.083607551 11.755113023
-16.096262174 11.762925523
-16.121164517 11.799790757
-16.132801887 11.805487372
-16.145008918 11.805487372
-16.154774543 11.807766018
-16.158762174 11.82029857
-16.159169075 11.848089911
-16.1611222 11.861151434
-16.165516731 11.87124258
-16.148060676 11.877264716
-16.128732877 11.876613674
-16.093251106 11.87124258
-16.079945442 11.873236395
-16.065052864 11.878404039
-16.035227017 11.892971096
-16.039051887 11.896958726
-16.038929817 11.897650458
-16.036976692 11.899237372
-16.022572395 11.899644273
-16.009429491 11.900295315
-15.994862434 11.899115302
-15.987538215 11.890448309
-15.98558509 11.887437242
-13.664432536 12.441515605
-13.682028361 12.400329489
-13.684147095 12.392009583
-13.685154785 12.379193828
-13.682028361 12.350306702
-13.683010213 12.338679505
-13.69102006 12.319300842
-13.695024984 12.292945862
-13.711819824 12.267521057
-13.740836142 12.256927389
-13.808558105 12.256100565
-13.795690674 12.278734843
-13.812640544 12.283592428
-13.840003214 12.277132873
-13.858968465 12.265970764
-13.883153036 12.246437073
-13.94392452 12.218635152
-13.965731974 12.194243877
-13.96826412 12.183960267
-13.968367473 12.162566223
-13.972527425 12.151559143
-13.964853475 12.147890117
-13.938653524 12.144272767
-13.918396363 12.137761536
-13.899301921 12.126237691
-13.879768229 12.107685852
-13.869717163 12.100709534
-13.842406169 12.091304423
-13.837729451 12.08541331
-13.835197307 12.077765198
-13.82964209 12.068101706
-13.807757121 12.04427887
-13.795897379 12.036269023
-13.779645142 12.029344381
-13.744427653 12.023918355
-13.73491919 12.019267477
-13.723937948 12.002782694
-13.722594361 11.983869121
-13.731327678 11.943406474
-13.734634969 11.901858622
-13.719364583 11.784036356
-13.71957129 11.766104635
-13.724764771 11.723109843
-13.729932414 11.709829
-13.745771241 11.698201803
-13.770007487 11.688693339
-13.795690674 11.68404246
-13.815766968 11.686832987
-13.821683919 11.694222718
-13.81951351 11.701664124
-13.820133626 11.708072001
-13.834551351 11.712102763
-13.84297461 11.717270406
-13.846281901 11.737269185
-13.855041056 11.743418681
-13.87005306 11.743677063
-13.873050293 11.738354391
-13.868528605 11.727037252
-13.870673177 11.704144592
-13.873515381 11.694532776
-13.886408651 11.675567525
-13.903642741 11.665387268
-13.923744873 11.665025533
-13.945423137 11.675670878
-13.953355469 11.669676412
-13.996453613 11.643838196
-14.015134644 11.63712026
-14.058827067 11.644044902
-14.074640056 11.643734843
-14.104664063 11.6385672
-14.118565023 11.637998759
-14.134920613 11.641771139
-14.144480754 11.64740387
-14.15308488 11.654845276
-14.161844035 11.660943095
-14.171972616 11.66275177
-14.195020305 11.65970286
-14.278736125 11.66507721
-14.284472209 11.668177795
-14.289691528 11.668849589
-14.30038855 11.663165182
-14.308217529 11.654535217
-14.31979305 11.630505677
-14.326485149 11.620583801
-14.339223389 11.61061025
-14.432267986 11.560575461
-14.520943563 11.512890116
-14.562258871 11.50560374
-14.645380412 11.515060527
-14.686773235 11.510719706
-14.711061158 11.497568055
-14.728992879 11.478008525
-14.828211629 11.334787293
-14.843249471 11.297192688
-14.863144897 11.218644511
-14.959056356 11.035761617
-14.99259436 10.996358337
-14.99259436 10.996203308
-15.020985481 10.9674746765
-15.05980384 10.940415757
-15.085194465 10.927639065
-15.096750455 10.929348049
-15.093983528 10.942531643
-15.08702552 10.9492862
-15.078195767 10.953762111
-15.069447395 10.960028387
-15.054676887 10.982570705
-15.048329231 10.987982489
-15.048329231 10.994818427
-15.05577552 10.994818427
-15.059966601 10.985419012
-15.065093554 10.977362372
-15.072336392 10.971136786
-15.08307858 10.967474677
-15.09483802 10.966986395
-15.105824348 10.969427802
-15.114003059 10.975165106
-15.117176887 10.98427969
-15.099354621 11.057684637
-15.093332486 11.069891669
-15.082753059 11.075425523
-15.076486783 11.088446356
-15.071685351 11.103257554
-15.065744595 11.114569403
-15.059925911 11.11741771
-15.047434049 11.116644598
-15.042103645 11.118312893
-15.041411913 11.122137762
-15.042876757 11.135443427
-15.042103645 11.138820705
-15.000559049 11.142238674
-15.002430793 11.150580145
-15.007557746 11.157375393
-15.014149543 11.162502346
-15.020985481 11.166083075
-15.007679817 11.180080471
-14.999745246 11.198960679
-15.000884569 11.216782945
-15.014800585 11.227525132
-15.023833788 11.201483466
-15.038726366 11.182603257
-15.058705207 11.170843817
-15.08307858 11.166083075
-15.077504036 11.150051174
-15.081857877 11.140204169
-15.091786262 11.138128973
-15.102894661 11.145656643
-15.105091926 11.140448309
-15.107818163 11.136460679
-15.109852668 11.131984768
-15.11034095 11.12514883
-15.11432858 11.127671617
-15.124623176 11.131984768
-15.125070767 11.112738348
-15.130848762 11.103664455
-15.141102668 11.097398179
-15.154774543 11.086981512
-15.166249153 11.072455145
-15.18097897 11.044256903
-15.206898567 11.009588934
-15.217884895 10.999172268
-15.230132616 10.994818427
-15.243031379 11.000433661
-15.258452929 11.013617255
-15.269927538 11.028469143
-15.271107551 11.03921133
-15.260121223 11.04706452
-15.230213996 11.061835028
-15.219593879 11.069891669
-15.214507616 11.081447658
-15.206613736 11.12514883
-15.217355924 11.209418036
-15.206613736 11.233791408
-15.229115364 11.23037344
-15.234974739 11.215562242
-15.23167884 11.196275132
-15.226470507 11.179144598
-15.225087043 11.16396719
-15.226185676 11.139797268
-15.233509895 11.122544664
-15.259348111 11.132635809
-15.294748502 11.131984768
-15.305287239 11.135077216
-15.312896288 11.139349677
-15.318470832 11.143377997
-15.322621223 11.145656643
-15.345936653 11.142320054
-15.358225064 11.144232489
-15.363636848 11.155503648
-15.366363085 11.166489976
-15.373524543 11.173773505
-15.383452929 11.177883205
-15.394683398 11.179144598
-15.409535286 11.189601955
-15.413075325 11.213812567
-15.412017382 11.26166413
-15.409535286 11.272447007
-15.410064257 11.279201565
-15.415435351 11.282171942
-15.421742317 11.282294012
-15.424956835 11.283392645
-15.426136848 11.286525783
-15.426340299 11.292710679
-15.425160286 11.303412177
-15.420033332 11.31655508
-15.418853319 11.327134507
-15.413929817 11.336411851
-15.388579882 11.369940497
-15.377919075 11.378363348
-15.371449348 11.376939195
-15.351307746 11.367621161
-15.339751757 11.365383205
-15.329701301 11.368475653
-15.315581835 11.382066148
-15.305572069 11.385199286
-15.295399543 11.39081452
-15.283518033 11.404201565
-15.273182746 11.419989325
-15.268055793 11.433010158
-15.323068814 11.389146226
-15.343129036 11.378363348
-15.358469205 11.387355861
-15.361683723 11.399115302
-15.35676022 11.42959219
-15.350819465 11.439357815
-15.339100715 11.451727606
-15.331044075 11.462632554
-15.336293098 11.467759507
-15.353382942 11.463324286
-15.366444465 11.450751044
-15.374908007 11.43374258
-15.377919075 11.416245835
-15.384185351 11.404730536
-15.398589648 11.397447007
-15.414865689 11.391831773
-15.426340299 11.385199286
-15.435699023 11.369452216
-15.440744595 11.356146552
-15.449452278 11.347072658
-15.47004147 11.34365469
-15.483143684 11.339544989
-15.494292773 11.333889065
-15.502674934 11.336655992
-15.507069465 11.357896226
-15.504017707 11.368557033
-15.489003059 11.404689846
-15.484038866 11.412543036
-15.481027799 11.419378973
-15.453033007 11.460353908
-15.470529752 11.46108633
-15.476714648 11.467962958
-15.476307746 11.479559637
-15.473500129 11.494452216
-15.465646939 11.489650783
-15.456776496 11.489081122
-15.447743293 11.493109442
-15.43871009 11.501898505
-15.437977668 11.495510158
-15.432484504 11.480780341
-15.428049283 11.493963934
-15.420643684 11.505275783
-15.412342903 11.50771719
-15.405262825 11.494452216
-15.397816536 11.494452216
-15.398752408 11.504339911
-15.401356575 11.513373114
-15.405873176 11.521673895
-15.412017382 11.529242255
-15.40729733 11.530015367
-15.406564908 11.530951239
-15.406849739 11.532660223
-15.405262825 11.536037502
-15.396066861 11.532131252
-15.385161913 11.530015367
-15.371083137 11.529242255
-15.354359504 11.525051174
-15.34886634 11.528265692
-15.35676022 11.54287344
-15.353423632 11.550523179
-15.349964973 11.563381252
-15.343129036 11.563381252
-15.335072395 11.552435614
-15.321115689 11.554266669
-15.3095597 11.553859768
-15.308990038 11.536037502
-15.289865689 11.542792059
-15.290394661 11.556341864
-15.302113411 11.571722723
-15.316477017 11.583807684
-15.320668098 11.581203518
-15.324289517 11.579982815
-15.336293098 11.576971747
-15.336293098 11.583807684
-15.314523892 11.591253973
-15.304188606 11.596909898
-15.294748502 11.604925848
-15.287342903 11.592474677
-15.274769661 11.57811107
-15.258452929 11.57025788
-15.240101692 11.576971747
-15.252268033 11.578802802
-15.253163215 11.585516669
-15.25104733 11.594956773
-15.253773567 11.604925848
-15.261708137 11.608832098
-15.270130989 11.608710028
-15.277251757 11.611639716
-15.281117317 11.624823309
-15.269683398 11.62107982
-15.247914192 11.616522528
-15.240101692 11.611761786
-15.226470507 11.618597723
-15.228627082 11.612046617
-15.231312629 11.59780508
-15.233876106 11.591253973
-15.209136523 11.573960679
-15.201649543 11.575425523
-15.192290819 11.591253973
-15.197417773 11.600043036
-15.210194465 11.616848049
-15.212757942 11.621730861
-15.210031705 11.628566799
-15.203114387 11.636379299
-15.194447395 11.642808335
-15.186146614 11.645900783
-15.183990038 11.643703518
-15.176380989 11.638983466
-15.165842252 11.634344794
-15.154774543 11.632269598
-15.148426887 11.62881094
-15.144886848 11.620184637
-15.143544075 11.609076239
-15.143950976 11.598089911
-15.124623176 11.604925848
-15.126576301 11.608303127
-15.128895637 11.615383205
-15.130848762 11.618597723
-15.115874804 11.617743231
-15.105539517 11.612250067
-15.097523567 11.603013414
-15.089914517 11.591253973
-15.129383918 11.583644924
-15.143950976 11.583807684
-15.139312304 11.578436591
-15.137033658 11.574652411
-15.133290168 11.572088934
-15.124623176 11.57021719
-15.128895637 11.554429429
-15.123280403 11.545477606
-15.114735481 11.546332098
-15.105091926 11.572902736
-15.093332486 11.574042059
-15.081532356 11.571682033
-15.076283332 11.573553778
-15.044504361 11.575425523
-15.035267707 11.576971747
-15.023752408 11.582668361
-15.015777148 11.589178778
-15.010609504 11.598334052
-15.007313606 11.611761786
-15.019846158 11.607733466
-15.028879361 11.602850653
-15.039173957 11.599066473
-15.072499153 11.595526434
-15.079945442 11.597967841
-15.08307858 11.608343817
-15.081044075 11.612860419
-15.075917121 11.616156317
-15.069162564 11.618109442
-15.062001106 11.618597723
-15.065907356 11.627630927
-15.066151496 11.63300202
-15.062001106 11.645900783
-15.073353645 11.64850495
-15.082386848 11.643255927
-15.088205533 11.632513739
-15.089914517 11.618597723
-15.103627082 11.633978583
-15.112294075 11.638657945
-15.124623176 11.638495184
-15.124623176 11.645900783
-15.117502408 11.649807033
-15.102894661 11.666408596
-15.102894661 11.673244533
-15.11034095 11.686835028
-15.117176887 11.686835028
-15.130848762 11.652736721
-15.142811653 11.649888414
-15.157866991 11.658351955
-15.171864387 11.659572658
-15.16144772 11.674872137
-15.147287564 11.681626695
-15.135161913 11.689520575
-15.130848762 11.707953192
-15.139271614 11.6992862
-15.148671028 11.694525458
-15.157826301 11.694769598
-15.165638801 11.701117255
-15.171864387 11.701117255
-15.172759569 11.690822658
-15.175770637 11.684475002
-15.181996223 11.681097723
-15.192290819 11.680080471
-15.189320442 11.665472723
-15.196685351 11.661525783
-15.206898567 11.666815497
-15.212757942 11.680080471
-15.228016731 11.658596096
-15.236317512 11.66429271
-15.231353319 11.681301174
-15.206613736 11.693670966
-15.215443489 11.700018622
-15.219105598 11.708156643
-15.218088345 11.717515367
-15.212757942 11.727850653
-15.206613736 11.727850653
-15.202259895 11.725083726
-15.198394335 11.723863023
-15.186146614 11.721625067
-15.190541145 11.735419012
-15.199452278 11.744533596
-15.219593879 11.755113023
-15.226470507 11.755113023
-15.229237434 11.738836981
-15.236073371 11.725816148
-15.241444465 11.712103583
-15.240101692 11.693670966
-15.250477668 11.689520575
-15.259348111 11.676825262
-15.268055793 11.673244533
-15.274159309 11.676581122
-15.271473762 11.685858466
-15.261219856 11.701117255
-15.272938606 11.706203518
-15.275013801 11.718491929
-15.268055793 11.748358466
-15.277821418 11.742580471
-15.284087694 11.734116929
-15.287505663 11.723456122
-15.288563606 11.71108633
-15.292591926 11.710272528
-15.31346595 11.710598049
-15.322621223 11.707953192
-15.308990038 11.701117255
-15.308990038 11.693670966
-15.297515429 11.685777085
-15.285959439 11.678778387
-15.281117317 11.669826565
-15.285023567 11.65643952
-15.2939347 11.653143622
-15.303374804 11.657294012
-15.308990038 11.666408596
-15.31379147 11.658514716
-15.31761634 11.650132554
-15.320546028 11.641424872
-15.322621223 11.632269598
-15.330230273 11.670884507
-15.336415168 11.684393622
-15.341379361 11.682806708
-15.349964973 11.680080471
-15.343129036 11.666408596
-15.35676022 11.666408596
-15.35285397 11.640082098
-15.348052538 11.62881094
-15.336293098 11.618597723
-15.343129036 11.604925848
-15.358143684 11.615464585
-15.371571418 11.629706122
-15.39159095 11.659572658
-15.394683398 11.641913153
-15.3876847 11.625311591
-15.377552864 11.608791408
-15.371083137 11.591253973
-15.375803189 11.593410549
-15.39159095 11.598089911
-15.396066861 11.584621486
-15.404530403 11.584458726
-15.411610481 11.594631252
-15.412017382 11.611761786
-15.418853319 11.611761786
-15.42308509 11.602606512
-15.425892707 11.592433986
-15.42707272 11.581488348
-15.426340299 11.57021719
-15.435170051 11.574530341
-15.43871009 11.576971747
-15.43871009 11.557114976
-15.449126757 11.563788153
-15.453033007 11.572699286
-15.455799934 11.583319403
-15.463246223 11.594671942
-15.468861457 11.605780341
-15.464588996 11.613592841
-15.453033007 11.621730861
-15.448109504 11.63686758
-15.437855598 11.65232982
-15.428456184 11.670477606
-15.426340299 11.693670966
-15.458851692 11.662990627
-15.476144986 11.654364325
-15.493967252 11.666408596
-15.489165819 11.675034898
-15.48932858 11.696112372
-15.487782356 11.707953192
-15.500884569 11.708563544
-15.50894121 11.704535223
-15.514800585 11.698675848
-15.521311002 11.693670966
-15.521555142 11.690415757
-15.529164192 11.681586005
-15.538075325 11.676214911
-15.542347786 11.683417059
-15.545806444 11.700140692
-15.551258918 11.716376044
-15.551380989 11.733140367
-15.532866991 11.760321356
-15.524769661 11.782456773
-15.517893033 11.792669989
-15.480336067 11.830267645
-15.469309049 11.837713934
-15.463124153 11.83999258
-15.460438606 11.843451239
-15.459828254 11.854722398
-15.457386848 11.864650783
-15.451527473 11.873358466
-15.43871009 11.885443427
-15.432484504 11.885443427
-15.429758267 11.8789737
-15.426665819 11.876166083
-15.42308509 11.874416408
-15.418853319 11.87124258
-15.41502845 11.880519924
-15.410064257 11.884182033
-15.404204882 11.883246161
-15.397816536 11.885443427
-15.374745246 11.884751695
-15.334624804 11.873928127
-15.312733528 11.87124258
-15.189198371 11.87124258
-15.183990038 11.874660549
-15.167225715 11.889553127
-15.161854621 11.892971096
-15.135609504 11.899155992
-15.119007942 11.913478908
-15.105824348 11.929266669
-15.089914517 11.940130927
-15.066965299 11.940130927
-15.062855598 11.924994208
-15.069691536 11.904689846
-15.079701301 11.889227606
-15.08714759 11.870347398
-15.086415168 11.845404364
-15.079701301 11.820868231
-15.069447395 11.803615627
-15.050119595 11.794989325
-15.024769661 11.790838934
-15.002552864 11.783514716
-14.993031379 11.76569245
-14.982411262 11.75413646
-14.959136523 11.748928127
-14.935902473 11.752997137
-14.925404426 11.76943594
-14.951405403 11.760646877
-14.969471809 11.776434637
-14.983265754 11.798976955
-14.996815559 11.810370184
-15.026356575 11.813910223
-15.035267707 11.81659577
-15.046701627 11.823472398
-15.052479621 11.830511786
-15.057362434 11.838324286
-15.065744595 11.84788646
-15.070220507 11.860744533
-15.061187304 11.872748114
-15.048573371 11.884344794
-15.042103645 11.896063544
-15.023752408 11.944891669
-15.023060676 11.951076565
-15.018666145 11.953762111
-15.003895637 11.954413153
-14.993763801 11.95722077
-14.994007942 11.963690497
-15.000152148 11.970607815
-15.007313606 11.974839585
-15.007232226 11.978338934
-15.017567512 11.981512762
-15.028920051 11.982163804
-15.038685676 11.977972723
-15.046620246 11.97646719
-15.068755663 11.985337632
-15.079701301 11.987941799
-15.093861457 11.983710028
-15.124745246 11.965399481
-15.140777148 11.96116771
-15.14940345 11.954535223
-15.177845832 11.923407294
-15.192290819 11.913397528
-15.215077278 11.909613348
-15.233998176 11.913234768
-15.274240689 11.926459052
-15.313059049 11.932806708
-15.32542884 11.938625393
-15.339751757 11.950995184
-15.358509895 11.963202216
-15.380970832 11.968207098
-15.404408332 11.967230536
-15.426340299 11.96116771
-15.433705207 11.956488348
-15.450062629 11.942938544
-15.456450976 11.940130927
-15.478016731 11.941229559
-15.489125129 11.940578518
-15.49738522 11.936997789
-15.528716601 11.905951239
-15.534738736 11.9024112
-15.549183723 11.896633205
-15.555409309 11.892971096
-15.584950325 11.851263739
-15.593251106 11.844549872
-15.613270637 11.839016018
-15.657704231 11.81268952
-15.67678789 11.80475495
-15.679554817 11.803615627
-15.744252082 11.791937567
-15.754017707 11.786200262
-15.763579882 11.777655341
-15.811268684 11.753159898
-15.830393033 11.748358466
-15.809925911 11.829535223
-15.791493293 11.86322663
-15.767201301 11.864691473
-15.761586067 11.861029364
-15.753977017 11.858587958
-15.744781054 11.857611395
-15.734201627 11.858140367
-15.734201627 11.864976304
-15.753041145 11.866115627
-15.776356575 11.885687567
-15.795562304 11.885443427
-15.811594205 11.873683986
-15.815825976 11.856512762
-15.817779101 11.837591864
-15.850168424 11.775336005
-15.86046302 11.76943594
-15.88003496 11.774359442
-15.88410397 11.787095445
-15.877552864 11.824042059
-15.894276496 11.816229559
-15.898264127 11.799953518
-15.898752408 11.780178127
-15.905506965 11.76194896
-15.911610481 11.758734442
-15.933745898 11.750881252
-15.943023241 11.744859117
-15.953114387 11.736273505
-15.958973762 11.734808661
-15.962961392 11.739325262
-15.966949023 11.748358466
-15.969553189 11.768255927
-15.963775194 11.788275458
-15.94640052 11.824042059
-15.931996223 11.879584052
-15.925933398 11.892971096
-15.921864387 11.896918036
-15.915598111 11.901190497
-15.908436653 11.904527085
-15.901722786 11.905951239
-15.897816536 11.909572658
-15.891224739 11.933905341
-15.865345832 11.972235419
-15.857085741 11.981105861
-15.842925585 11.989447333
-15.821766731 11.997870184
-15.799468554 12.003363348
-15.781971809 12.002834377
-15.776600715 11.996975002
-15.772816536 11.987534898
-15.767567512 11.978745835
-15.757801887 11.974839585
-15.737945116 11.973700262
-15.729237434 11.971421617
-15.720529752 11.967433986
-15.717355924 11.981594143
-15.710072395 11.99603913
-15.706288215 12.008286851
-15.713693814 12.01581452
-15.719471809 12.012030341
-15.728911913 12.002834377
-15.742787239 11.994940497
-15.761463996 11.995306708
-15.767404752 11.999335028
-15.774240689 12.010931708
-15.781971809 12.01581452
-15.790760871 12.018377997
-15.794911262 12.018052476
-15.799224413 12.016669012
-15.83706621 12.013861395
-15.849964973 12.017482815
-15.857085741 12.029486395
-15.863880989 12.029486395
-15.871001757 12.013006903
-15.889556444 12.002590236
-15.912505663 11.997056382
-15.932769335 11.995306708
-15.930287239 11.98818594
-15.928781705 11.985174872
-15.925933398 11.981105861
-15.929351366 11.980169989
-15.931711392 11.980292059
-15.932972786 11.979234117
-15.932769335 11.974839585
-15.940785286 11.979152736
-15.94640052 11.983628648
-15.946156379 11.978989976
-15.942860481 11.965480861
-15.944732226 11.95307038
-15.953277148 11.940130927
-15.967884895 11.926988023
-15.98159746 11.921291408
-16.05565345 11.920233466
-16.065337694 11.916978257
-16.085275845 11.907904364
-16.093251106 11.905951239
-16.098540819 11.902655341
-16.104888476 11.895331122
-16.113270637 11.888251044
-16.124582486 11.885443427
-16.134266731 11.888861395
-16.143055793 11.896144924
-16.158762174 11.913397528
-16.183176236 11.907904364
-16.215199348 11.913804429
-16.243031379 11.925441799
-16.2548722 11.936997789
-16.275380012 11.981105861
-16.284982877 11.986558335
-16.311756965 11.990627346
-16.323231575 11.995306708
-16.331776496 12.004624742
-16.338002082 12.016994533
-16.341786262 12.03123607
-16.345285611 12.061835028
-16.355132616 12.087347723
-16.357289192 12.101141669
-16.330067512 12.159165757
-16.319569465 12.171698309
-16.308013476 12.181219794
-16.295725064 12.188421942
-16.282826301 12.193996486
-16.28229733 12.182114976
-16.277455207 12.173285223
-16.269886848 12.171332098
-16.261138476 12.180324611
-16.260161913 12.188625393
-16.269032356 12.203436591
-16.268625455 12.214422919
-16.257394986 12.230169989
-16.240345832 12.240464585
-16.221791145 12.248195705
-16.148426887 12.290676174
-16.131988085 12.303859768
-16.124256965 12.313218492
-16.113026496 12.330226955
-16.104115364 12.337958075
-16.095082161 12.341945705
-16.073109504 12.347235419
-16.063140429 12.351019598
-16.089751757 12.351996161
-16.107533332 12.344671942
-16.121245898 12.331203518
-16.135121223 12.313788153
-16.155384895 12.300034898
-16.206776496 12.289496161
-16.22760983 12.282700914
-16.262074348 12.260931708
-16.271962043 12.252346096
-16.30581621 12.214422919
-16.324574348 12.222154039
-16.323109504 12.240708726
-16.315663215 12.263169664
-16.316395637 12.282700914
-16.32152259 12.267889716
-16.334339973 12.248114325
-16.340402799 12.211655992
-16.350209114 12.197211005
-16.365345832 12.192328192
-16.384632942 12.200832424
-16.391468879 12.193996486
-16.394357877 12.198309637
-16.405751106 12.207668361
-16.407785611 12.194403387
-16.415679491 12.188462632
-16.428089973 12.186997789
-16.443267382 12.187160549
-16.445668098 12.183417059
-16.451568163 12.176255601
-16.457630989 12.17194245
-16.460357226 12.176581122
-16.46206621 12.180568752
-16.466297981 12.183905341
-16.471913215 12.186265367
-16.491200325 12.189764716
-16.500640429 12.196600653
-16.506337043 12.206488348
-16.508168098 12.217840887
-16.514393684 12.223049221
-16.538319465 12.249823309
-16.538929817 12.256048895
-16.545887825 12.259751695
-16.567005989 12.27732982
-16.576405403 12.282700914
-16.581125455 12.281683661
-16.596180793 12.276068427
-16.603749153 12.276516018
-16.609608528 12.28131745
-16.618885871 12.29694245
-16.624256965 12.303859768
-16.661488411 12.332342841
-16.672678189 12.337958075
-16.687570767 12.337958075
-16.698882616 12.333238023
-16.709217903 12.327378648
-16.721058723 12.323675848
-16.728423632 12.332505601
-16.7284367771 12.332530837
-16.705616414 12.348032939
-16.668874471 12.356714579
-16.533327189 12.347826233
-16.514878703 12.348549704
-16.462685506 12.361313782
-16.412300985 12.361727193
-16.382018596 12.373819478
-16.301920125 12.416194153
-16.232880412 12.45288442
-16.222390096 12.45505483
-16.211693075 12.453142802
-16.190092326 12.44477122
-16.181875773 12.443375957
-16.177173218 12.445236308
-16.172832397 12.4485436
-16.166062785 12.451437479
-16.090511841 12.464304912
-16.055010132 12.461204326
-15.992481649 12.440688782
-15.973258016 12.437226461
-15.893883016 12.442755839
-15.883964191 12.442182464
-15.711516886 12.432213847
-15.677048706 12.439293518
-15.424609334 12.555048727
-15.421730782 12.557121923
-15.368643758 12.595356344
-15.307820598 12.622693176
-15.249736287 12.66362091
-15.223794719 12.675196432
-15.195114299 12.6794339
-15.146228394 12.679227193
-14.872159688 12.678108545
-14.791728068 12.677780253
-14.437305257 12.676281636
-14.343107648 12.675897212
-14.082753256 12.674834696
-13.728278768 12.673387757
-13.736314454 12.607603658
-13.734634969 12.585331116
-13.725074829 12.558149312
-13.674690308 12.496085917
-13.663399008 12.475777079
-13.660711833 12.45867218
-13.664432536 12.441515605
