-9.824086067 51.638902085
-9.816965299 51.638861395
-9.807199674 51.640285549
-9.799305793 51.6367862
-9.807362434 51.629706122
-9.81354733 51.627630927
-9.892160611 51.611273505
-9.902699348 51.614325262
-9.917876757 51.619370835
-9.915516731 51.62905508
-9.900990364 51.63666413
-9.881662564 51.641058661
-9.858265754 51.642401434
-9.824086067 51.638902085
-10.326039192 51.92963288
-10.318267382 51.924953518
-10.312652148 51.925523179
-10.301625129 51.924790757
-10.297678189 51.918402411
-10.304554817 51.910711981
-10.322661913 51.903265692
-10.361561653 51.892035223
-10.396229621 51.889837958
-10.405832486 51.884100653
-10.426014778 51.882269598
-10.429025845 51.889837958
-10.412017382 51.904120184
-10.360910611 51.92572663
-10.351673957 51.931138414
-10.33311927 51.930609442
-10.326039192 51.92963288
-9.752186653 53.135402736
-9.740061002 53.135199286
-9.715687629 53.138251044
-9.696685351 53.136542059
-9.671050585 53.130519924
-9.663441536 53.123195705
-9.672230598 53.115912177
-9.671538866 53.109198309
-9.648345507 53.10171133
-9.645090299 53.102606512
-9.640939908 53.10154857
-9.642445442 53.09381745
-9.660511848 53.090643622
-9.778716601 53.123480536
-9.811431444 53.137600002
-9.801177538 53.146470445
-9.777495898 53.146795966
-9.752186653 53.135402736
-9.658314582 53.232652085
-9.6923722 53.226385809
-9.710357226 53.238592841
-9.713612434 53.253119208
-9.718983528 53.260443427
-9.720082161 53.266058661
-9.710357226 53.275458075
-9.698882616 53.280666408
-9.68472246 53.282416083
-9.671457486 53.280747789
-9.662668424 53.275458075
-9.638335741 53.251044012
-9.658314582 53.232652085
-9.956857877 54.016017971
-9.936350064 53.989243882
-9.956857877 53.989243882
-9.95425371 53.981105861
-9.954660611 53.973334052
-9.957834439 53.966498114
-9.963612434 53.961371161
-9.963612434 53.953843492
-9.951812304 53.957831122
-9.940541145 53.959947007
-9.93065345 53.959051825
-9.922678189 53.953843492
-9.922678189 53.947088934
-9.93073483 53.939276434
-9.937367317 53.923529364
-9.940174934 53.905951239
-9.936350064 53.892482815
-9.9579972 53.880601304
-9.976796028 53.88686758
-9.995838996 53.901027736
-10.018299934 53.912909247
-10.031320767 53.913641669
-10.044829882 53.912095445
-10.055531379 53.913723049
-10.05980384 53.923488674
-10.057687955 53.938177802
-10.054595507 53.949530341
-10.05581621 53.958807684
-10.066639778 53.967596747
-10.08722897 53.971380927
-10.162831184 53.961371161
-10.190174934 53.963527736
-10.23949134 53.974676825
-10.265939908 53.975002346
-10.265939908 53.981838283
-10.240142382 53.982367255
-10.218495246 53.986029364
-10.201486783 53.9961612
-10.189564582 54.016017971
-10.181874153 54.010158596
-10.173573371 54.008368231
-10.164906379 54.010321356
-10.156076627 54.016017971
-10.134429491 54.000311591
-10.108876106 54.004584052
-10.083729621 54.016099351
-10.063221809 54.022772528
-9.975900845 54.021144924
-9.956857877 54.016017971
-8.483957486 54.975531317
-8.527414517 54.967515367
-8.549305793 54.968410549
-8.565825976 54.975531317
-8.565825976 54.981756903
-8.563384569 54.986151434
-8.562733528 54.986395575
-8.56358802 54.987738348
-8.565825976 54.995428778
-8.550933398 55.001532294
-8.545399543 55.002875067
-8.547434049 55.005357164
-8.550526496 55.00800202
-8.552235481 55.009711005
-8.543527799 55.015326239
-8.53636634 55.016587632
-8.530384895 55.014349677
-8.524891731 55.009711005
-8.50902259 55.005560614
-8.496571418 55.000677802
-8.488189257 54.991766669
-8.483957486 54.975531317
-7.129058398 55.285834052
-7.07933509 55.272650458
-7.041900194 55.268866278
-6.996490038 55.25771719
-6.975697395 55.248683986
-6.953521288 55.254339911
-6.939564582 55.239081122
-6.942779101 55.218573309
-6.972564257 55.208319403
-7.000640429 55.205145575
-7.034087694 55.196844794
-7.065744595 55.184963283
-7.099761523 55.165472723
-7.132313606 55.155462958
-7.159494595 55.150783596
-7.17284095 55.143500067
-7.216623502 55.108343817
-7.232289192 55.091864325
-7.244984504 55.073431708
-7.24709714293 55.069328314
-7.266502645 55.065167135
-7.275287639 55.05886261
-7.282987427 55.051834616
-7.291152303 55.046615296
-7.355024373 55.040930888
-7.36696163 55.03555654
-7.376986857 55.028890279
-7.405253866 55.003568827
-7.401119751 54.994835511
-7.403755249 54.993130189
-7.409077922 54.992044983
-7.413108683 54.984965312
-7.407424276 54.959437155
-7.408664511 54.951117248
-7.415755226 54.944372422
-7.417139445 54.943055726
-7.436983195 54.938301494
-7.445251424 54.932151998
-7.448972127 54.920318095
-7.44473466 54.894893291
-7.44473466 54.884454651
-7.455069946 54.863008932
-7.470831259 54.845283916
-7.543384969 54.793090719
-7.549741171 54.77960317
-7.551704875 54.75469513
-7.548397584 54.747202047
-7.543023234 54.743791403
-7.543074911 54.741672669
-7.556149048 54.738365378
-7.566639364 54.738675436
-7.585397908 54.744721578
-7.615370239 54.739347229
-7.649683391 54.744876608
-7.66751176 54.738778789
-7.702289998 54.718883362
-7.73660315 54.707462871
-7.770502889 54.706015931
-7.803575806 54.716144511
-7.832152873 54.730613912
-7.845898804 54.731027323
-7.880108602 54.711028544
-7.929666301 54.696714173
-7.913233195 54.688652649
-7.907135376 54.686688945
-7.914835165 54.671651103
-7.906618612 54.661315816
-7.890082154 54.655062968
-7.872770549 54.652220765
-7.864347291 54.649068502
-7.854270386 54.636407776
-7.846415568 54.631446838
-7.838043986 54.631240133
-7.822541056 54.638113098
-7.814996297 54.639456686
-7.80119869 54.634805807
-7.769159302 54.618010966
-7.75355302 54.614496969
-7.736758179 54.6192512
-7.721203573 54.625865784
-7.710558228 54.624263815
-7.707951475 54.604763303
-7.707944065 54.604707869
-7.707871053 54.604161683
-7.749263876 54.596151836
-7.848844361 54.540909729
-7.887136597 54.532124736
-7.926410686 54.533054912
-8.002194173 54.543441875
-8.023278158 54.529695944
-8.043561157 54.512229309
-8.055860148 54.497553203
-8.060976115 54.493315735
-8.072448283 54.487062887
-8.097046265 54.478587952
-8.150169637 54.469389547
-8.168466711 54.463476955
-8.173837443 54.461741435
-8.161176718 54.454816793
-8.158127808 54.447117005
-8.156034912 54.439055481
-8.146345581 54.430735576
-8.122419393 54.415232646
-8.079941365 54.380196025
-8.056480266 54.365881654
-8.031339681 54.358026835
-8.002194173 54.357923483
-7.981032674 54.326555889
-7.968010214 54.31218984
-7.950801962 54.300872702
-7.942074757 54.298873281
-7.934110473 54.297048646
-7.894965577 54.293586324
-7.880263632 54.287023417
-7.873649048 54.2710554
-7.869669962 54.22687205
-7.856440797 54.211420797
-7.836958781 54.204341126
-7.78207841 54.200000305
-7.722598837 54.202325745
-7.704770467 54.200362041
-7.632681844 54.168529358
-7.625705526 54.162173157
-7.62405188 54.153336487
-7.620796265 54.144964905
-7.609014038 54.139900615
-7.502302205 54.125121155
-7.480753133 54.1276533
-7.439618693 54.14692861
-7.414658977 54.145688376
-7.425769409 54.136955058
-7.422255412 54.135456442
-7.412230184 54.136438293
-7.403961955 54.13504303
-7.396623901 54.126258036
-7.394660198 54.121917217
-7.390216024 54.121193746
-7.375488241 54.12331248
-7.32696407 54.11359731
-7.316489274 54.11428045
-7.31032426 54.114682516
-7.333165243 54.142742819
-7.333165243 54.149409079
-7.325982219 54.154576722
-7.2955448 54.165118714
-7.292134156 54.162638245
-7.295028036 54.155403545
-7.2964233 54.146515198
-7.296319947 54.134991354
-7.297353475 54.125896302
-7.293787801 54.122020569
-7.280041871 54.126154683
-7.270740113 54.132252502
-7.263505412 54.14098582
-7.260869914 54.151166077
-7.265365763 54.161139629
-7.245780396 54.166979065
-7.24702063 54.172250062
-7.256322388 54.17690094
-7.261128296 54.180880025
-7.255495565 54.190853577
-7.249087687 54.197416484
-7.240871135 54.202325745
-7.22950232 54.207545064
-7.174725301 54.216071676
-7.153331258 54.224236553
-7.159739136 54.240669657
-7.145889852 54.252090149
-7.181494914 54.269763489
-7.175500447 54.283664449
-7.209038453 54.293431296
-7.211467245 54.304179993
-7.206661337 54.304903463
-7.199168254 54.303456523
-7.193690552 54.307538961
-7.192398641 54.307383932
-7.184647176 54.316634013
-7.185008911 54.317254131
-7.187644409 54.318804423
-7.191468465 54.323868713
-7.193948934 54.329966532
-7.192450317 54.334720764
-7.189469553 54.335691771
-7.185629029 54.336942851
-7.168059041 54.335030824
-7.159894165 54.335185852
-7.127027954 54.349758606
-7.078503784 54.394717103
-7.049254924 54.411511943
-7.017835653 54.413165588
-6.984090943 54.403088685
-6.922027548 54.372702942
-6.915051229 54.365933329
-6.905956177 54.349035137
-6.897894653 54.346192933
-6.885957398 54.345624492
-6.879704549 54.34159373
-6.870014702 54.326000603
-6.858413859 54.307332256
-6.856656861 54.292811178
-6.864666708 54.282734273
-6.882185018 54.277256572
-6.846683309 54.266456197
-6.837743286 54.260513408
-6.83319576 54.252090149
-6.829733439 54.24237498
-6.823945679 54.232349752
-6.807357544 54.216330058
-6.787823853 54.202997539
-6.766481487 54.192352194
-6.744777385 54.184187317
-6.732840129 54.1835672
-6.724778606 54.188631491
-6.717233846 54.195142721
-6.706536825 54.198915101
-6.694651245 54.197984925
-6.683954224 54.194367575
-6.663025269 54.183825582
-6.648448443 54.17366497
-6.640339315 54.168012594
-6.634551555 54.150132548
-6.643956665 54.131839091
-6.666435914 54.114785869
-6.655790568 54.1033137
-6.657082479 54.091944886
-6.672533733 54.068432109
-6.657289185 54.061145732
-6.630624145 54.041818746
-6.616464804 54.037271221
-6.610987101 54.039234924
-6.605217159 54.044475258
-6.60029008 54.048950094
-6.59507076 54.052412415
-6.587164266 54.05334259
-6.571868042 54.049518534
-6.564013225 54.048950094
-6.478540406 54.067708639
-6.450893514 54.068432109
-6.45022172 54.066675111
-6.446242636 54.062437643
-6.440299845 54.057993469
-6.433891968 54.055306295
-6.42676062 54.055409648
-6.401025757 54.06088735
-6.377512981 54.063264466
-6.371156779 54.066778463
-6.366919311 54.075098369
-6.367642782 54.083418274
-6.369348104 54.091118062
-6.36810787 54.097319234
-6.354827026 54.110651754
-6.34666215 54.109876607
-6.338962362 54.102951966
-6.327128459 54.097887675
-6.313795939 54.09969635
-6.299584921 54.104037171
-6.284650431 54.105225728
-6.269886848 54.097927151
-6.269886848 54.09788646
-6.207020637 54.061712958
-6.191395637 54.056952216
-6.184315559 54.053778387
-6.169911262 54.039618231
-6.163807746 54.036444403
-6.142486132 54.0352237
-6.13385983 54.033351955
-6.126535611 54.030218817
-6.107289192 54.013617255
-6.110991991 54.001288153
-6.143544075 53.978420315
-6.160755989 53.974432684
-6.185536262 53.979722398
-6.209095832 53.988592841
-6.222767707 53.995428778
-6.237049934 53.993841864
-6.307036913 54.01186758
-6.359852668 54.016017971
-6.359852668 54.008490302
-6.347808398 54.003607489
-6.353871223 53.994208075
-6.366281705 53.981024481
-6.372954882 53.964422919
-6.378285286 53.934881903
-6.378977017 53.916896877
-6.372954882 53.899318752
-6.350819465 53.881415106
-6.317290819 53.87107982
-6.24323483 53.865139065
-6.24323483 53.857652085
-6.254017707 53.8399112
-6.25499427 53.822211005
-6.244984504 53.806870835
-6.222767707 53.796291408
-6.24327552 53.782538153
-6.248443163 53.755764065
-6.245798306 53.729641018
-6.241322395 53.685614325
-6.236439582 53.670843817
-6.229888476 53.656561591
-6.222767707 53.646063544
-6.213042773 53.64057038
-6.197987434 53.634466864
-6.187082486 53.630072333
-6.169789192 53.60565827
-6.142486132 53.594468492
-6.112456835 53.585760809
-6.092396614 53.577134507
-6.084462043 53.568019924
-6.077300585 53.55463288
-6.074940559 53.539740302
-6.081532356 53.525946356
-6.098500129 53.509711005
-6.103138801 53.503159898
-6.105458137 53.495184637
-6.112782356 53.486721096
-6.124419726 53.468573309
-6.133371549 53.46108633
-6.140858528 53.471136786
-6.158355273 53.47284577
-6.178618944 53.46865469
-6.194813606 53.46108633
-6.130604621 53.442613023
-6.125803189 53.431586005
-6.12222246 53.419867255
-6.112904426 53.412665106
-6.116444465 53.409491278
-6.122954882 53.402167059
-6.126535611 53.398993231
-6.110259569 53.394029039
-6.069081184 53.392523505
-6.050852017 53.385402736
-6.062001106 53.36737702
-6.074615038 53.366888739
-6.088205533 53.373968817
-6.102365689 53.378485419
-6.1064347 53.380804755
-6.118885871 53.39057038
-6.122792121 53.392767645
-6.132313606 53.391587632
-6.149769661 53.386542059
-6.156971809 53.385402736
-6.215321418 53.358058986
-6.218169726 53.347154039
-6.211333788 53.338690497
-6.187977668 53.323919989
-6.168365038 53.306341864
-6.155181444 53.299383856
-6.127105273 53.295396226
-6.116607226 53.290269273
-6.109120246 53.28912995
-6.096994595 53.285549221
-6.096994595 53.27757396
-6.102162239 53.269354559
-6.105458137 53.265204169
-6.10655677 53.243150132
-6.104888476 53.229437567
-6.099232551 53.214667059
-6.088937955 53.204087632
-6.088693814 53.203802802
-6.076975064 53.19521719
-6.071034309 53.184271552
-6.078114387 53.166205145
-6.064686653 53.154364325
-6.030384895 53.111029364
-6.032093879 53.107245184
-6.032704231 53.106634833
-6.033680793 53.106675523
-6.037098762 53.104803778
-6.03246009 53.088446356
-6.033802864 53.064154364
-6.039418098 53.040350653
-6.047434049 53.025336005
-6.051625129 53.009263414
-6.038482226 52.993801174
-5.996571418 52.9649112
-5.993519661 52.957424221
-6.006459114 52.954006252
-6.011830207 52.949652411
-6.021839973 52.930894273
-6.026966926 52.926662502
-6.037953254 52.919663804
-6.071929491 52.872015692
-6.064442512 52.864569403
-6.107289192 52.83978913
-6.119048632 52.830471096
-6.13011634 52.815985419
-6.153879361 52.768377997
-6.147857226 52.7461612
-6.151031054 52.741563218
-6.168446418 52.716782945
-6.215321418 52.665961005
-6.220570442 52.647284247
-6.219471809 52.632310289
-6.209095832 52.603908596
-6.206450976 52.588527736
-6.209095832 52.545843817
-6.222238736 52.528387762
-6.282948371 52.467108466
-6.301014778 52.453680731
-6.317738411 52.447943427
-6.33324134 52.434637762
-6.356190559 52.409002997
-6.365549283 52.393500067
-6.366200325 52.37523021
-6.36436927 52.357814846
-6.366118944 52.344427802
-6.373036262 52.351996161
-6.380970832 52.356756903
-6.390044726 52.358832098
-6.448068814 52.355902411
-6.468861457 52.360012111
-6.462961392 52.377997137
-6.472035286 52.375921942
-6.480702278 52.372992255
-6.488758918 52.369126695
-6.496490038 52.364325262
-6.496490038 52.358099677
-6.4814347 52.354641018
-6.467518684 52.346869208
-6.456125455 52.33584219
-6.448638476 52.322699286
-6.454986132 52.312241929
-6.423736132 52.307928778
-6.414540168 52.299750067
-6.409169075 52.28925202
-6.396880663 52.298081773
-6.372954882 52.322699286
-6.372954882 52.3164737
-6.389759895 52.295599677
-6.369781054 52.272609768
-6.318348762 52.240790106
-6.347035286 52.197251695
-6.359852668 52.186183986
-6.369862434 52.179999091
-6.377064582 52.178208726
-6.386586067 52.179348049
-6.39948483 52.185492255
-6.397328254 52.190659898
-6.390004036 52.19529857
-6.380970832 52.207586981
-6.382313606 52.211981512
-6.394032356 52.212836005
-6.400054491 52.21092357
-6.408762174 52.20319245
-6.420887825 52.196722723
-6.422678189 52.194769598
-6.425607877 52.193793036
-6.469105598 52.193589585
-6.469105598 52.199774481
-6.448638476 52.199774481
-6.462310351 52.20718008
-6.472564257 52.20697663
-6.489654101 52.199774481
-6.537464973 52.193589585
-6.579741991 52.178208726
-6.597157356 52.17959219
-6.623117642 52.196722723
-6.641428189 52.202785549
-6.715565559 52.216620184
-6.78628496 52.210028387
-6.805572069 52.212836005
-6.805572069 52.220363674
-6.790435351 52.224432684
-6.775990364 52.233221747
-6.765858528 52.245754299
-6.764027473 52.261297919
-6.775990364 52.250881252
-6.792958137 52.240423895
-6.812652148 52.235296942
-6.832264778 52.240790106
-6.839100715 52.23456452
-6.838002082 52.22654857
-6.836537239 52.223334052
-6.836415168 52.220200914
-6.839100715 52.212836005
-6.828277148 52.217596747
-6.824777799 52.220363674
-6.818592903 52.220363674
-6.821848111 52.205715236
-6.824940559 52.199937242
-6.832264778 52.193589585
-6.82542884 52.193182684
-6.818592903 52.193589585
-6.818592903 52.186183986
-6.821929491 52.185777085
-6.828928189 52.186265367
-6.832264778 52.186183986
-6.824777799 52.179348049
-6.897084114 52.152044989
-6.90721595 52.145575262
-6.918568489 52.13300202
-6.932118293 52.124660549
-6.948963996 52.130926825
-6.939768033 52.143215236
-6.927886523 52.149807033
-6.91519121 52.154852606
-6.903920051 52.162298895
-6.903716601 52.172186591
-6.921009895 52.212836005
-6.9267472 52.219712632
-6.936675585 52.229071356
-6.948312955 52.237250067
-6.958851692 52.240790106
-6.970122851 52.247381903
-6.984730598 52.278631903
-6.99738522 52.28921133
-6.994496223 52.27753327
-6.991851366 52.266791083
-6.990589973 52.26166413
-6.989898241 52.251654364
-6.986805793 52.246893622
-6.972889778 52.230210679
-6.969471809 52.220363674
-6.982289192 52.195624091
-6.979969856 52.185939846
-6.955148892 52.186183986
-6.955148892 52.179348049
-6.971018033 52.171291408
-6.999867317 52.146714585
-7.017201301 52.138373114
-7.039458788 52.135199286
-7.084584114 52.134344794
-7.106027799 52.130926825
-7.100087043 52.142157294
-7.071848111 52.165716864
-7.093902148 52.17177969
-7.106353319 52.173000393
-7.120228645 52.17194245
-7.120228645 52.165716864
-7.11449134 52.162787177
-7.111683723 52.159735419
-7.109527148 52.15631745
-7.106027799 52.152044989
-7.116444465 52.153143622
-7.129302538 52.157782294
-7.137318489 52.158880927
-7.14964759 52.15631745
-7.156361457 52.150458075
-7.161000129 52.143622137
-7.167469856 52.138373114
-7.187367317 52.13275788
-7.205962694 52.13275788
-7.243763801 52.138373114
-7.435454882 52.125677802
-7.504302538 52.102687893
-7.541411913 52.097398179
-7.546213345 52.094916083
-7.549956835 52.08974844
-7.555287239 52.084906317
-7.565297004 52.083726304
-7.572255012 52.087591864
-7.576486783 52.094631252
-7.57941647 52.101263739
-7.582630989 52.104234117
-7.599964973 52.101019598
-7.619007942 52.092230536
-7.631092903 52.079046942
-7.627349413 52.06268952
-7.617583788 52.07021719
-7.602162239 52.071682033
-7.583892382 52.068589585
-7.554107226 52.060248114
-7.546783007 52.059271552
-7.545155403 52.054999091
-7.551014778 52.042792059
-7.582630989 52.028509833
-7.586415168 51.998114325
-7.589914517 51.991156317
-7.598255989 51.989081122
-7.608265754 51.987941799
-7.616525845 51.983832098
-7.635406054 51.97675202
-7.68846595 51.98037344
-7.709299283 51.973863023
-7.717640754 51.959906317
-7.717396614 51.949611721
-7.723296679 51.944566148
-7.82933509 51.953436591
-7.832427538 51.957586981
-7.834055142 51.966742255
-7.838490364 51.975897528
-7.849842903 51.980129299
-7.851796028 51.977118231
-7.853016731 51.975165106
-7.854156054 51.951361395
-7.85667884 51.942857164
-7.869862434 51.929510809
-7.884266731 51.919094143
-7.901193814 51.912665106
-7.922230598 51.911810614
-7.892648892 51.894842841
-7.880604621 51.891994533
-7.891468879 51.881903387
-7.914173957 51.875799872
-7.955718554 51.870184637
-8.008168098 51.855780341
-8.023060676 51.843573309
-8.004139778 51.829901434
-8.02057858 51.823919989
-8.096099413 51.814113674
-8.134185351 51.80475495
-8.197173632 51.80093008
-8.224761523 51.802557684
-8.236195442 51.802069403
-8.246205207 51.802720445
-8.250559049 51.806301174
-8.247954882 51.813421942
-8.241200325 51.818548895
-8.232411262 51.822007554
-8.223255989 51.823675848
-8.225493944 51.827297268
-8.230091926 51.836737372
-8.215646939 51.838446356
-8.201649543 51.841986395
-8.188221809 51.847967841
-8.175404426 51.857163804
-8.181630012 51.85932038
-8.186838345 51.861761786
-8.193104621 51.863674221
-8.202788866 51.863999742
-8.195301887 51.877020575
-8.190500455 51.881089585
-8.182240364 51.884507554
-8.187082486 51.893133856
-8.193755663 51.895412502
-8.201527473 51.892157294
-8.210194465 51.884507554
-8.223255989 51.890082098
-8.243560351 51.892889716
-8.284657356 51.891994533
-8.284657356 51.898138739
-8.293202278 51.903306382
-8.310373502 51.900824286
-8.328846809 51.895412502
-8.347401496 51.891994533
-8.388498502 51.893459377
-8.408843554 51.891791083
-8.429351366 51.884507554
-8.396066861 51.876776434
-8.354156054 51.872992255
-8.32925371 51.861314195
-8.347401496 51.829901434
-8.30988522 51.8320987
-8.298329231 51.829901434
-8.298329231 51.823675848
-8.305165168 51.823675848
-8.305165168 51.816229559
-8.296294726 51.811590887
-8.292103645 51.810003973
-8.306507942 51.807847398
-8.313059049 51.805609442
-8.319488085 51.802557684
-8.284657356 51.802557684
-8.30199134 51.785874742
-8.305165168 51.782131252
-8.303781705 51.776597398
-8.299631314 51.771714585
-8.297352668 51.766017971
-8.3017472 51.758205471
-8.334787564 51.735256252
-8.345692512 51.724676825
-8.372547981 51.715521552
-8.410023567 51.709784247
-8.422434049 51.704046942
-8.435536262 51.692694403
-8.441761848 51.703924872
-8.455799934 51.712307033
-8.471913215 51.716253973
-8.483957486 51.713812567
-8.469227668 51.706610419
-8.464182095 51.695013739
-8.468983528 51.684068101
-8.483957486 51.678412177
-8.491118944 51.698675848
-8.512440559 51.706040757
-8.558420377 51.706366278
-8.558420377 51.700140692
-8.548329231 51.696356512
-8.527984179 51.695013739
-8.517486132 51.692694403
-8.508168098 51.69920482
-8.502105273 51.700344143
-8.497547981 51.692694403
-8.499623176 51.686957098
-8.506499804 51.682440497
-8.514881965 51.679510809
-8.521148241 51.678412177
-8.536488411 51.654730536
-8.539173957 51.64838288
-8.538197395 51.637396552
-8.533558723 51.622300523
-8.531727668 51.610785223
-8.544422981 51.617905992
-8.558705207 51.638006903
-8.572661913 51.644964911
-8.589100715 51.645900783
-8.638172981 51.637437242
-8.757639127 51.644964911
-8.74327552 51.635199286
-8.726551887 51.631333726
-8.690012174 51.631293036
-8.690012174 51.623846747
-8.69660397 51.62099844
-8.702951627 51.617010809
-8.682525194 51.610785223
-8.693470832 51.604681708
-8.699777799 51.597235419
-8.700795051 51.588120835
-8.696156379 51.576646226
-8.733998176 51.579779364
-8.742787239 51.575628973
-8.750070767 51.579413153
-8.757069465 51.58600495
-8.765126106 51.590277411
-8.80199134 51.590277411
-8.812570767 51.591945705
-8.820220507 51.594631252
-8.826649543 51.595160223
-8.833363411 51.590277411
-8.853871223 51.595933335
-8.868031379 51.584458726
-8.878529426 51.567206122
-8.88801022 51.555568752
-8.923329231 51.548163153
-8.928944465 51.545965887
-8.933176236 51.53534577
-8.942046679 51.537746486
-8.950550911 51.545070705
-8.953195767 51.549383856
-8.959950325 51.551418361
-8.979888476 51.560695705
-8.991118944 51.562974351
-9.002797004 51.562160549
-9.017689582 51.556830145
-9.072865364 51.549383856
-9.085682746 51.552191473
-9.108143684 51.560858466
-9.120757616 51.562974351
-9.120757616 51.555568752
-9.116322395 51.554103908
-9.107736783 51.549383856
-9.115712043 51.537909247
-9.128163215 51.529282945
-9.143299934 51.523871161
-9.158599413 51.522040106
-9.1845597 51.526190497
-9.19253496 51.524603583
-9.189605273 51.514593817
-9.189605273 51.508368231
-9.203968879 51.50800202
-9.210845507 51.501695054
-9.215728319 51.493475653
-9.22378496 51.487290757
-9.234730598 51.486476955
-9.243763801 51.489325262
-9.253041145 51.491156317
-9.264759895 51.487290757
-9.265370246 51.494126695
-9.267486132 51.498846747
-9.270090299 51.502997137
-9.272124804 51.508368231
-9.299468554 51.497503973
-9.3017472 51.488714911
-9.307443814 51.487290757
-9.315297004 51.487616278
-9.323719856 51.483832098
-9.335316536 51.476996161
-9.349232551 51.474025783
-9.381418424 51.473618882
-9.369943814 51.478583075
-9.360707161 51.483832098
-9.353138801 51.490871486
-9.346669075 51.500921942
-9.361154752 51.494574286
-9.372914192 51.491278387
-9.376861132 51.494614976
-9.367787239 51.508368231
-9.357085741 51.517157294
-9.332386848 51.527655341
-9.319935676 51.53506094
-9.322906054 51.537339585
-9.324126757 51.538031317
-9.325062629 51.53912995
-9.327463345 51.542547919
-9.335804817 51.537258205
-9.367787239 51.525091864
-9.371693489 51.519354559
-9.381092903 51.512396552
-9.401844856 51.500921942
-9.413889127 51.511135158
-9.412587043 51.520697333
-9.405873176 51.531724351
-9.401844856 51.545965887
-9.408843554 51.552191473
-9.425038215 51.557562567
-9.443267382 51.559515692
-9.456532356 51.555568752
-9.447987434 51.543646552
-9.476551887 51.53506094
-9.547474739 51.525295315
-9.551380989 51.521226304
-9.552805142 51.511460679
-9.556304491 51.508124091
-9.573882616 51.508978583
-9.580718554 51.508368231
-9.599964973 51.496893622
-9.611317512 51.493841864
-9.628407356 51.494086005
-9.629628059 51.50405508
-9.64183509 51.515204169
-9.655913866 51.520168361
-9.662668424 51.511460679
-9.717193163 51.48041413
-9.710804817 51.475978908
-9.70807858 51.474554755
-9.703521288 51.473618882
-9.771839973 51.45311107
-9.768950976 51.464300848
-9.777943489 51.462225653
-9.806630012 51.445705471
-9.813384569 51.45311107
-9.820220507 51.445705471
-9.818918424 51.458482164
-9.817005989 51.463120835
-9.813384569 51.467433986
-9.813384569 51.473618882
-9.822173632 51.475409247
-9.826324023 51.477728583
-9.833892382 51.487290757
-9.812001106 51.491522528
-9.793812629 51.499660549
-9.758168098 51.522040106
-9.740061002 51.529771226
-9.704986132 51.535711981
-9.683094856 51.542547919
-9.665394661 51.551581122
-9.621652799 51.582831122
-9.60277259 51.591986395
-9.566761848 51.602280992
-9.545887825 51.610785223
-9.592030403 51.613714911
-9.785023567 51.552476304
-9.847523567 51.549383856
-9.805287239 51.566717841
-9.796050585 51.569240627
-9.78636634 51.573472398
-9.779286262 51.582831122
-9.770334439 51.592230536
-9.731190559 51.600897528
-9.607980924 51.642401434
-9.594553189 51.655503648
-9.561879036 51.658148505
-9.52472897 51.670314846
-9.487904426 51.67572663
-9.458607551 51.683986721
-9.456532356 51.700140692
-9.451771614 51.704982815
-9.447417773 51.71088288
-9.442941861 51.713812567
-9.442941861 51.720038153
-9.457264778 51.724595445
-9.472808398 51.71881745
-9.489816861 51.714544989
-9.51280677 51.725897528
-9.521473762 51.725531317
-9.525461392 51.726874091
-9.526437955 51.730780341
-9.52452552 51.743394273
-9.525461392 51.747300523
-9.531727668 51.751532294
-9.54027259 51.755926825
-9.550119595 51.759507554
-9.560210741 51.76162344
-9.55589759 51.748683986
-9.557281054 51.739447333
-9.556630012 51.730902411
-9.545887825 51.720038153
-9.566070116 51.716701565
-9.579660611 51.710598049
-9.607329882 51.692694403
-9.626820442 51.685044664
-9.648060676 51.680812893
-9.713490364 51.676459052
-9.747954882 51.667425848
-9.874134895 51.65619538
-9.91535397 51.6445987
-9.930083788 51.637437242
-9.931874153 51.634711005
-9.932118293 51.631048895
-9.932932095 51.627264716
-9.936350064 51.623846747
-9.941883918 51.62132396
-10.004750129 51.608547268
-10.028797981 51.596502997
-10.04027259 51.59764232
-10.059925911 51.602769273
-10.070057746 51.603949286
-10.116118944 51.600287177
-10.138661262 51.59389883
-10.156076627 51.582831122
-10.162831184 51.590277411
-10.155262825 51.59381745
-10.153228319 51.599310614
-10.152699348 51.60541413
-10.149240689 51.610785223
-10.143299934 51.613592841
-10.075062629 51.625392971
-10.05980384 51.631293036
-10.05980384 51.635687567
-10.061024543 51.63666413
-10.06346595 51.636460679
-10.066639778 51.637437242
-10.062652148 51.649847723
-10.070668098 51.657049872
-10.085316536 51.659898179
-10.100819465 51.659247137
-10.088124153 51.671616929
-10.066395637 51.674383856
-10.025746223 51.672267971
-10.003773567 51.678045966
-9.956857877 51.706366278
-9.956857877 51.713812567
-9.997792121 51.713812567
-9.980702278 51.731878973
-9.949370898 51.747015692
-9.914906379 51.757554429
-9.888539192 51.76162344
-9.89167233 51.757025458
-9.897043424 51.746730861
-9.902251757 51.741156317
-9.884510871 51.743394273
-9.867909309 51.748602606
-9.85651608 51.758612372
-9.854400194 51.775295315
-9.841297981 51.76972077
-9.823801236 51.767808335
-9.785511848 51.768500067
-9.785511848 51.775295315
-9.793365038 51.776190497
-9.813384569 51.782131252
-9.813384569 51.788275458
-9.799875455 51.793768622
-9.774322069 51.812201239
-9.754505989 51.819077867
-9.742909309 51.832464911
-9.737660286 51.836737372
-9.729847786 51.838039455
-9.703521288 51.836737372
-9.671050585 51.843003648
-9.612538215 51.86351146
-9.580718554 51.870184637
-9.580718554 51.877671617
-9.653146939 51.871771552
-9.758046028 51.846991278
-9.777170377 51.83974844
-9.785511848 51.833319403
-9.791737434 51.826808986
-9.824696418 51.826849677
-9.840077278 51.823675848
-9.833892382 51.816229559
-9.863840299 51.804266669
-9.874867317 51.802557684
-9.872710741 51.807318427
-9.869943814 51.818670966
-9.868031379 51.823675848
-9.882191536 51.823675848
-9.890492317 51.819566148
-9.896107551 51.814113674
-9.902251757 51.810003973
-9.914214648 51.807318427
-9.938303189 51.804999091
-9.949940559 51.802557684
-9.993641731 51.780951239
-10.01675371 51.774644273
-10.039377408 51.782131252
-10.059437629 51.768703518
-10.084543424 51.755926825
-10.111195442 51.74603913
-10.135609504 51.741156317
-10.129750129 51.754339911
-10.224354621 51.782131252
-10.186146614 51.789618231
-10.17707272 51.813666083
-10.194203254 51.839097398
-10.234608528 51.851019598
-10.246083137 51.845607815
-10.271229621 51.821682033
-10.282622851 51.816229559
-10.294748502 51.81240469
-10.325754361 51.794175523
-10.34105384 51.788275458
-10.346587694 51.801092841
-10.334706184 51.830267645
-10.34105384 51.843573309
-10.355702278 51.845607815
-10.375884569 51.844427802
-10.388905403 51.846177476
-10.381947395 51.857163804
-10.382476366 51.861965236
-10.384836392 51.8633487
-10.387359179 51.86343008
-10.388783332 51.863999742
-10.386708137 51.867743231
-10.384632942 51.870184637
-10.382801887 51.872870184
-10.381947395 51.877671617
-10.385365364 51.877997137
-10.392241991 51.877508856
-10.39561927 51.877671617
-10.39561927 51.884507554
-10.362660286 51.887193101
-10.279611783 51.905585028
-10.262196418 51.905585028
-10.254139778 51.908677476
-10.250884569 51.915513414
-10.251576301 51.922349351
-10.25503496 51.925482489
-10.269195116 51.930812893
-10.277821418 51.941961981
-10.287993944 51.951849677
-10.306874153 51.953436591
-10.306874153 51.959621486
-10.295318163 51.964260158
-10.27057858 51.969712632
-10.258452929 51.973863023
-10.266224739 51.98847077
-10.245432095 51.995062567
-10.217355924 51.998928127
-10.191802538 52.009833075
-10.128163215 52.028509833
-10.033273892 52.041083075
-9.992665168 52.055894273
-9.971058723 52.0899112
-9.963612434 52.0899112
-9.963734504 52.071966864
-9.95433509 52.064154364
-9.940337694 52.062323309
-9.926380989 52.06268952
-9.929595507 52.071926174
-9.908436653 52.130926825
-9.877512174 52.119533596
-9.846180793 52.118557033
-9.771839973 52.124701239
-9.778920051 52.128566799
-9.787505663 52.135402736
-9.792958137 52.138373114
-9.758168098 52.152044989
-9.956857877 52.145209052
-9.943755663 52.124701239
-9.950062629 52.11322663
-9.954660611 52.108791408
-9.960601366 52.12494538
-9.970326301 52.131659247
-9.983509895 52.135891018
-9.997792121 52.138373114
-10.028065559 52.139634507
-10.162424283 52.118719794
-10.186268684 52.10944245
-10.197132942 52.115423895
-10.207020637 52.12506745
-10.217518684 52.130926825
-10.227894661 52.128404039
-10.234608528 52.122381903
-10.242054817 52.119777736
-10.267730273 52.135809637
-10.278920051 52.136379299
-10.306874153 52.130926825
-10.306874153 52.124701239
-10.296986457 52.124741929
-10.288563606 52.123236395
-10.272084114 52.117905992
-10.272084114 52.111721096
-10.297434049 52.114406643
-10.34487871 52.124660549
-10.36831621 52.124701239
-10.367421028 52.117987372
-10.36436927 52.114894924
-10.354074674 52.111721096
-10.375721809 52.111273505
-10.41527259 52.099676825
-10.436594205 52.097398179
-10.460764127 52.103013414
-10.467518684 52.115139065
-10.469309049 52.132025458
-10.478179491 52.152044989
-10.469471809 52.155096747
-10.450917121 52.165716864
-10.450917121 52.17194245
-10.461293098 52.179999091
-10.449696418 52.188910223
-10.428212043 52.196356512
-10.409291145 52.199774481
-10.416656054 52.186183986
-10.394602017 52.174790757
-10.382069465 52.17194245
-10.3720597 52.175604559
-10.369252082 52.1836612
-10.372670051 52.190619208
-10.373158332 52.197821356
-10.361480273 52.206691799
-10.371571418 52.211574611
-10.375803189 52.212836005
-10.366566536 52.228216864
-10.354725715 52.232245184
-10.339751757 52.231878973
-10.320546028 52.23456452
-10.308990038 52.241888739
-10.286976692 52.263617255
-10.275786913 52.268133856
-10.171864387 52.286810614
-10.156076627 52.278631903
-10.168202278 52.240668036
-10.166249153 52.23456452
-10.100819465 52.240790106
-10.07144121 52.251288153
-10.044911262 52.269273179
-10.036040819 52.290350653
-10.05980384 52.309637762
-10.024769661 52.310126044
-10.013539192 52.306341864
-10.018299934 52.296047268
-10.013579882 52.28148021
-10.01280677 52.26585521
-10.00877845 52.253363348
-9.994374153 52.248236395
-9.978138801 52.246405341
-9.947499153 52.237616278
-9.913685676 52.233058986
-9.87222246 52.232652085
-9.858062304 52.237697658
-9.83722897 52.254299221
-9.825591601 52.258246161
-9.813384569 52.255072333
-9.820220507 52.251939195
-9.826486783 52.248236395
-9.810047981 52.24213288
-9.737660286 52.248236395
-9.753407356 52.258286851
-9.767648892 52.260972398
-9.799183723 52.261297919
-9.831776496 52.272650458
-9.846791145 52.274969794
-9.861887174 52.268133856
-9.869374153 52.273138739
-9.874908007 52.279242255
-9.878773567 52.286810614
-9.881092903 52.296047268
-9.868967252 52.288763739
-9.859608528 52.284735419
-9.849232551 52.284735419
-9.833892382 52.28921133
-9.846791145 52.293890692
-9.853342252 52.295396226
-9.861887174 52.296047268
-9.861887174 52.303452867
-9.851918098 52.303656317
-9.826486783 52.309637762
-9.837635871 52.326402085
-9.834462043 52.37523021
-9.850982226 52.385443427
-9.903716601 52.391546942
-9.931752082 52.399847723
-9.949940559 52.412095445
-9.934966601 52.421535549
-9.915882942 52.425604559
-9.848378059 52.428412177
-9.748931444 52.456732489
-9.73558509 52.463609117
-9.720611132 52.477240302
-9.703521288 52.483547268
-9.677398241 52.483140367
-9.651356575 52.478949286
-9.634632942 52.473578192
-9.638783332 52.487127997
-9.650502082 52.493841864
-9.666371223 52.495794989
-9.683094856 52.494614976
-9.677316861 52.499701239
-9.675200976 52.504828192
-9.677113411 52.510077216
-9.683094856 52.515122789
-9.683094856 52.521958726
-9.674916145 52.528021552
-9.673207161 52.533880927
-9.675648567 52.545843817
-9.671945767 52.552923895
-9.648304817 52.57037995
-9.642811653 52.567328192
-9.636463996 52.570135809
-9.628529426 52.574774481
-9.617909309 52.577215887
-9.576975064 52.57037995
-9.497466601 52.57037995
-9.489613411 52.568182684
-9.480336067 52.563788153
-9.470326301 52.561835028
-9.460275845 52.56663646
-9.452951627 52.573187567
-9.44652259 52.576239325
-9.438384569 52.577134507
-9.362538215 52.575425523
-9.358713345 52.575344143
-9.350412564 52.573797919
-9.335845507 52.57802969
-9.272124804 52.577215887
-9.236480273 52.581610419
-9.220285611 52.585598049
-9.206695116 52.594305731
-9.1923722 52.600490627
-9.070627408 52.624172268
-9.052398241 52.631822007
-9.04417884 52.620835679
-9.025949674 52.618353583
-9.005604621 52.620835679
-8.991118944 52.62498607
-8.985259569 52.630682684
-8.978993293 52.639878648
-8.971018033 52.64850495
-8.959950325 52.65228913
-8.784982877 52.665961005
-8.7511694 52.672959703
-8.769357877 52.673163153
-8.834462043 52.689154364
-8.867502408 52.693304755
-8.932687955 52.687079169
-8.949696418 52.688910223
-8.960845507 52.693670966
-8.96206621 52.700018622
-8.949370898 52.70693594
-8.949370898 52.713771877
-8.953521288 52.722398179
-8.952056444 52.73432038
-8.954497851 52.744696356
-8.96987871 52.748480536
-8.961415168 52.756537177
-8.95030677 52.76951732
-8.94261634 52.775213934
-8.968902148 52.770819403
-9.000233528 52.760443427
-9.023589648 52.747137762
-9.025786913 52.73427969
-9.058216926 52.696763414
-9.146799283 52.623765367
-9.165760871 52.617580471
-9.254790819 52.611395575
-9.259917773 52.608587958
-9.275786913 52.595200914
-9.285796679 52.590806382
-9.29808509 52.58974844
-9.310699023 52.590643622
-9.322743293 52.593451239
-9.33307858 52.5977237
-9.317128059 52.606431382
-9.295236783 52.615301825
-9.278675911 52.625718492
-9.278960741 52.639308986
-9.310617642 52.627264716
-9.383656379 52.613104559
-9.434478319 52.612005927
-9.456166145 52.614447333
-9.475453254 52.619574286
-9.483794726 52.628404039
-9.490712043 52.634100653
-9.524891731 52.637030341
-9.538441536 52.645453192
-9.533273892 52.660956122
-9.54417884 52.666652736
-9.580718554 52.665961005
-9.580718554 52.659125067
-9.57135983 52.657131252
-9.563384569 52.653062242
-9.556996223 52.647040106
-9.552805142 52.639308986
-9.628407356 52.617580471
-9.672718879 52.611639716
-9.694406705 52.60561758
-9.703521288 52.594305731
-9.706857877 52.580226955
-9.714507616 52.578599351
-9.7236222 52.58226146
-9.730824348 52.584051825
-9.757476366 52.571966864
-9.936350064 52.556708075
-9.936350064 52.562933661
-9.918202278 52.568101304
-9.875640429 52.586818752
-9.824086067 52.595160223
-9.621652799 52.713771877
-9.624256965 52.717474677
-9.628407356 52.727443752
-9.617543098 52.73061758
-9.603179491 52.737738348
-9.593658007 52.741034247
-9.580718554 52.743353583
-9.549387174 52.741034247
-9.538197395 52.74225495
-9.519520637 52.747300523
-9.508371549 52.748480536
-9.498646614 52.752508856
-9.494618293 52.762030341
-9.491322395 52.77334219
-9.483794726 52.782660223
-9.489165819 52.786810614
-9.48932858 52.787339585
-9.486683723 52.788763739
-9.483794726 52.795721747
-9.491281705 52.803168036
-9.480620898 52.806830145
-9.46979733 52.813177802
-9.459462043 52.821356512
-9.45034746 52.830471096
-9.444488085 52.839341539
-9.441395637 52.847154039
-9.437489387 52.853461005
-9.429188606 52.857733466
-9.429188606 52.864569403
-9.427479621 52.877752997
-9.365305142 52.91412995
-9.354074674 52.93349844
-9.372873502 52.937160549
-9.451405403 52.934637762
-9.47765052 52.940334377
-9.449452278 52.957505601
-9.437570767 52.966742255
-9.407948371 52.997015692
-9.398548957 53.00409577
-9.387603319 53.008612372
-9.395090299 53.015448309
-9.341623502 53.076971747
-9.319935676 53.091131903
-9.303334114 53.107896226
-9.289662239 53.129217841
-9.272206184 53.146673895
-9.25108802 53.151922919
-9.227447069 53.143540757
-9.180531379 53.116766669
-9.158599413 53.111029364
-9.139556444 53.115423895
-9.118967252 53.123358466
-9.096669075 53.127020575
-9.072865364 53.118475653
-9.070057746 53.134466864
-9.084339973 53.143459377
-9.128163215 53.151922919
-9.128163215 53.159409898
-9.069569465 53.166205145
-9.053944465 53.162420966
-9.023426887 53.147162177
-9.004058398 53.145738023
-9.004058398 53.151922919
-9.045643684 53.166205145
-9.045643684 53.173732815
-9.022572395 53.167425848
-9.009632942 53.166083075
-8.998117642 53.173895575
-8.986683723 53.176988023
-8.978871223 53.17576732
-8.984201627 53.166205145
-8.974232551 53.157945054
-8.963490364 53.151800848
-8.951079882 53.147772528
-8.936390754 53.145738023
-8.945220507 53.166164455
-8.950103319 53.173732815
-8.956857877 53.17987702
-8.943999804 53.195013739
-8.928212043 53.205877997
-8.894846158 53.220892645
-8.905384895 53.220689195
-8.924143033 53.215887762
-8.932687955 53.214667059
-9.031483528 53.216620184
-9.045643684 53.220892645
-9.028065559 53.227525132
-8.982655403 53.23444245
-8.963124153 53.235174872
-8.963124153 53.241929429
-8.991118944 53.241929429
-8.991118944 53.248195705
-8.98176022 53.253241278
-8.955881314 53.25787995
-8.94261634 53.2617862
-8.94261634 53.268622137
-9.022084114 53.275458075
-9.042225715 53.27334219
-9.077056444 53.263983466
-9.401437955 53.247992255
-9.432932095 53.238592841
-9.447865364 53.231878973
-9.470082161 53.228257554
-9.511708137 53.228338934
-9.532948371 53.23444245
-9.544422981 53.243557033
-9.553130663 53.253363348
-9.566395637 53.2617862
-9.547271288 53.279120184
-9.554554817 53.290716864
-9.57135983 53.290472723
-9.580718554 53.272040106
-9.585194465 53.250433661
-9.596831835 53.237697658
-9.612294075 53.236151434
-9.628407356 53.248195705
-9.628407356 53.255601304
-9.609120246 53.276312567
-9.617298957 53.321478583
-9.597401496 53.330064195
-9.594105598 53.329169012
-9.584217903 53.324896552
-9.576975064 53.323919989
-9.572987434 53.326076565
-9.566517707 53.335394598
-9.563384569 53.337591864
-9.560780403 53.341213283
-9.601144986 53.364894924
-9.590199348 53.372381903
-9.552805142 53.385402736
-9.588856575 53.386419989
-9.60655677 53.384711005
-9.621652799 53.378485419
-9.608509895 53.366603908
-9.60659746 53.349351304
-9.615467903 53.334662177
-9.634632942 53.330064195
-9.652495898 53.341253973
-9.647938606 53.359930731
-9.63776608 53.377508856
-9.638417121 53.385402736
-9.644154426 53.387396552
-9.648345507 53.391058661
-9.652658658 53.392808335
-9.658843554 53.389064846
-9.672515429 53.378485419
-9.68472246 53.37523021
-9.692779101 53.367621161
-9.703521288 53.35179271
-9.72752845 53.326076565
-9.743072069 53.314398505
-9.790394661 53.301581122
-9.806711392 53.301581122
-9.823353645 53.313299872
-9.842925585 53.323309637
-9.886586067 53.317206122
-9.902251757 53.323919989
-9.897857226 53.327866929
-9.892811653 53.340562242
-9.890736457 53.351874091
-9.887196418 53.359198309
-9.880279101 53.363104559
-9.871490038 53.364569403
-9.858062304 53.364894924
-9.841297981 53.367905992
-9.800526496 53.384426174
-9.785511848 53.392767645
-9.785511848 53.398993231
-9.820220507 53.398993231
-9.820220507 53.40643952
-9.799183723 53.412665106
-9.799183723 53.419501044
-9.814076301 53.419501044
-9.8251847 53.416693427
-9.847523567 53.40643952
-9.846913215 53.399359442
-9.860178189 53.394232489
-9.875396288 53.395209052
-9.881092903 53.40643952
-9.875721809 53.415432033
-9.856068489 53.423773505
-9.847523567 53.43374258
-9.86034095 53.432521877
-9.868072069 53.427476304
-9.874908007 53.42206452
-9.884755012 53.419501044
-9.893950976 53.421576239
-9.902333137 53.425238348
-9.91144772 53.42597077
-9.922678189 53.419501044
-9.925648567 53.409735419
-9.922759569 53.39842357
-9.922352668 53.389227606
-9.933216926 53.385402736
-9.944488085 53.384263414
-9.961415168 53.379584052
-10.00108802 53.379217841
-10.014149543 53.381252346
-10.025746223 53.385402736
-10.035959439 53.393744208
-10.041981575 53.402655341
-10.049305793 53.409816799
-10.063221809 53.412665106
-10.103505012 53.408433335
-10.127552864 53.409857489
-10.14175371 53.419501044
-10.149973111 53.414943752
-10.158029752 53.412827867
-10.176503059 53.412665106
-10.167591926 53.428778387
-10.156971809 53.439642645
-10.142241991 53.445705471
-10.121327278 53.447414455
-10.08315996 53.442613023
-10.067982551 53.443833726
-10.052967903 53.453599351
-10.052967903 53.46108633
-10.064564582 53.461981512
-10.074208137 53.465765692
-10.081654426 53.472357489
-10.08714759 53.481512762
-10.065337694 53.479193427
-10.040760871 53.47256094
-10.02057858 53.470445054
-10.012074348 53.481512762
-10.031849739 53.480292059
-10.069406705 53.484767971
-10.107289192 53.494452216
-10.128163215 53.508856512
-10.129139778 53.515204169
-10.134755012 53.527085679
-10.143137174 53.538519598
-10.152658658 53.543605861
-10.181752082 53.538641669
-10.193470832 53.538031317
-10.203236457 53.543605861
-10.180287239 53.555487372
-10.156971809 53.555161851
-10.132801887 53.55068594
-10.107655403 53.549790757
-10.109730598 53.554266669
-10.113026496 53.565741278
-10.115101692 53.57029857
-10.070668098 53.570013739
-10.025746223 53.562892971
-10.020008918 53.558986721
-10.005238411 53.543605861
-9.995716926 53.546210028
-9.98167884 53.55878327
-9.971058723 53.562892971
-10.031890429 53.587144273
-10.046783007 53.599269924
-10.008656379 53.604437567
-9.93073483 53.599798895
-9.902251757 53.604437567
-9.867909309 53.61737702
-9.854400194 53.618109442
-9.843902148 53.615464585
-9.822865364 53.606431382
-9.775054491 53.601304429
-9.696766731 53.598211981
-9.696766731 53.604437567
-9.714100715 53.609849351
-9.783762174 53.606268622
-9.827259895 53.616197007
-9.908436653 53.646063544
-9.922678189 53.690741278
-9.916737434 53.712103583
-9.905669726 53.728501695
-9.89952552 53.743841864
-9.908436653 53.762111721
-9.898915168 53.766058661
-9.860991991 53.770168361
-9.833892382 53.776353257
-9.810210741 53.778062242
-9.799468554 53.780259507
-9.789214648 53.786607164
-9.783436653 53.787095445
-9.763172981 53.779242255
-9.752023892 53.776353257
-9.566395637 53.796291408
-9.566395637 53.803656317
-9.581532356 53.805324611
-9.621652799 53.817328192
-9.616281705 53.819403387
-9.612131314 53.821600653
-9.607533332 53.823391018
-9.601144986 53.82416413
-9.601144986 53.831000067
-9.605458137 53.839178778
-9.59483802 53.848211981
-9.560210741 53.865139065
-9.568348762 53.865545966
-9.58690345 53.871975002
-9.578928189 53.876125393
-9.572824674 53.882228908
-9.568592903 53.890082098
-9.566395637 53.899318752
-9.573109504 53.89850495
-9.577381965 53.897528387
-9.581450976 53.895738023
-9.58690345 53.892482815
-9.615467903 53.898830471
-9.758168098 53.899318752
-9.85659746 53.866278387
-9.910755989 53.858710028
-9.943755663 53.879380601
-9.931385871 53.885158596
-9.925160286 53.913031317
-9.908436653 53.920355536
-9.91128496 53.92959219
-9.911610481 53.933986721
-9.908436653 53.940863348
-9.908436653 53.947088934
-9.915882942 53.947088934
-9.915882942 53.953843492
-9.868031379 53.961371161
-9.859242317 53.958685614
-9.83706621 53.94916413
-9.823353645 53.947088934
-9.811634895 53.941717841
-9.807606575 53.918280341
-9.796050585 53.912909247
-9.787505663 53.916083075
-9.787831184 53.924261786
-9.789540168 53.935248114
-9.785511848 53.947088934
-9.794911262 53.95307038
-9.803089973 53.960516669
-9.812652148 53.966294664
-9.826486783 53.967596747
-9.826486783 53.961371161
-9.820220507 53.953843492
-9.831695116 53.956284898
-9.838531054 53.963568427
-9.850209114 53.98847077
-9.849517382 53.993312893
-9.849598762 53.997503973
-9.854400194 54.002346096
-9.860829231 54.003119208
-9.877674934 54.001898505
-9.881092903 54.005357164
-9.884388801 54.01166413
-9.89167233 54.017075914
-9.898915168 54.025336005
-9.902251757 54.040187893
-9.897694465 54.055121161
-9.886708137 54.059719143
-9.873443163 54.062201239
-9.861887174 54.071234442
-9.875884569 54.074855861
-9.87608802 54.080633856
-9.867339648 54.086737372
-9.854400194 54.091050523
-9.861887174 54.09788646
-9.833892382 54.112127997
-9.843495246 54.117010809
-9.855091926 54.11737702
-9.881092903 54.112127997
-9.878570116 54.103949286
-9.879709439 54.100246486
-9.884999153 54.098944403
-9.895375129 54.09788646
-9.895375129 54.091050523
-9.888539192 54.091050523
-9.917388476 54.069728908
-9.945546028 54.066229559
-9.970692512 54.078558661
-9.990956184 54.104681708
-9.971547004 54.104234117
-9.926380989 54.112127997
-9.908436653 54.118353583
-9.938872851 54.131659247
-9.951079882 54.141262111
-9.956857877 54.153143622
-9.95034746 54.150702216
-9.936634895 54.147894598
-9.930083788 54.145697333
-9.942738411 54.157456773
-9.977284309 54.180487372
-9.963775194 54.174953518
-9.952015754 54.174627997
-9.94253496 54.178900458
-9.936350064 54.187323309
-9.988189257 54.213120835
-10.010894335 54.218329169
-10.025746223 54.207749742
-10.011463996 54.197088934
-10.016997851 54.188666083
-10.033802864 54.184719143
-10.052967903 54.187323309
-10.04405677 54.176988023
-10.039377408 54.173651434
-10.039377408 54.166815497
-10.053537564 54.1680362
-10.065785286 54.166408596
-10.08714759 54.159328518
-10.08714759 54.153143622
-10.074126757 54.150213934
-10.069162564 54.144273179
-10.066639778 54.12518952
-10.0751847 54.12494538
-10.094593879 54.118353583
-10.081450976 54.112982489
-10.069081184 54.103664455
-10.066883918 54.094916083
-10.083973762 54.091050523
-10.10260983 54.091782945
-10.117421028 54.095892645
-10.126576301 54.106024481
-10.128163215 54.12518952
-10.12222246 54.137030341
-10.099598762 54.165472723
-10.094593879 54.176988023
-10.091216601 54.194973049
-10.082753059 54.20327383
-10.07144121 54.209702867
-10.05980384 54.222072658
-10.09113522 54.222479559
-10.103830533 54.226223049
-10.115101692 54.235052802
-10.096058723 54.235174872
-10.08702552 54.244330145
-10.081532356 54.257473049
-10.073475715 54.269191799
-10.062489387 54.275051174
-10.018299934 54.290269273
-10.014230924 54.294501044
-10.011830207 54.299627997
-10.007639127 54.303534247
-9.997792121 54.303941148
-9.991932746 54.30068594
-9.989735481 54.294745184
-9.988352017 54.288316148
-9.984730598 54.283514716
-9.971791145 54.27724844
-9.954497851 54.271958726
-9.936838345 54.270697333
-9.922678189 54.276597398
-9.91535397 54.268744208
-9.90721595 54.264471747
-9.898304817 54.264471747
-9.888539192 54.269191799
-9.886870898 54.266058661
-9.887033658 54.264471747
-9.885975715 54.263739325
-9.881092903 54.263006903
-9.9033097 54.237941799
-9.927154101 54.22675202
-9.952015754 54.228501695
-9.977284309 54.242499091
-9.983631965 54.222967841
-9.968129036 54.217027085
-9.944447395 54.216050523
-9.926380989 54.21112702
-9.909901496 54.204413153
-9.896107551 54.211615302
-9.882883267 54.22288646
-9.868031379 54.228216864
-9.881662564 54.240383205
-9.875152148 54.256496486
-9.858998176 54.270575262
-9.843861457 54.276597398
-9.822132942 54.272935289
-9.787098762 54.25775788
-9.765004036 54.255560614
-9.770863411 54.264146226
-9.778675911 54.2695987
-9.799183723 54.276597398
-9.799183723 54.283514716
-9.789418098 54.285834052
-9.780018684 54.286281643
-9.758168098 54.283514716
-9.776844856 54.289984442
-9.82921302 54.29686107
-9.840077278 54.307074286
-9.846018033 54.321437893
-9.843983528 54.328762111
-9.785511848 54.338080145
-9.764312304 54.334906317
-9.726307746 54.320786851
-9.706939257 54.317613023
-9.535389778 54.310207424
-9.524281379 54.311346747
-9.505523241 54.31639232
-9.494374153 54.317613023
-9.485707161 54.315863348
-9.471913215 54.307074286
-9.463978645 54.303941148
-9.384510871 54.297186591
-9.374826627 54.298732815
-9.362619595 54.302720445
-9.351144986 54.308172919
-9.343617317 54.313910223
-9.334217903 54.318304755
-9.322010871 54.317084052
-9.277251757 54.30459219
-9.268422004 54.303941148
-9.260975715 54.299709377
-9.252837694 54.280951239
-9.247670051 54.276597398
-9.229888476 54.278469143
-9.219634569 54.280585028
-9.217600064 54.283514716
-9.211008267 54.275620835
-9.209462043 54.267564195
-9.21198483 54.260443427
-9.217600064 54.255560614
-9.217600064 54.248724677
-9.195871549 54.242499091
-9.195871549 54.235052802
-9.215077278 54.227118231
-9.210357226 54.217840887
-9.161976692 54.192043361
-9.149322069 54.180609442
-9.141224739 54.165350653
-9.141224739 54.145697333
-9.134999153 54.145697333
-9.134185351 54.163763739
-9.130360481 54.179103908
-9.128895637 54.193060614
-9.134999153 54.207749742
-9.112538215 54.213324286
-9.090199348 54.22662995
-9.072987434 54.246771552
-9.066070116 54.272894598
-9.051258918 54.289496161
-9.017486132 54.291896877
-8.956857877 54.283514716
-8.949859179 54.284857489
-8.944406705 54.288234768
-8.939035611 54.289984442
-8.927561002 54.284125067
-8.910227017 54.277899481
-8.894195116 54.274481512
-8.871815559 54.265122789
-8.85659746 54.263006903
-8.807362434 54.263006903
-8.785633918 54.266831773
-8.765126106 54.276597398
-8.737456835 54.264105536
-8.676421679 54.271307684
-8.648345507 54.263006903
-8.642486132 54.253607489
-8.639556444 54.24209219
-8.633290168 54.232367255
-8.605051236 54.225653387
-8.593495246 54.219061591
-8.572661913 54.200344143
-8.559315559 54.206610419
-8.543853319 54.208644924
-8.511219856 54.207749742
-8.511219856 54.214544989
-8.525542773 54.21889883
-8.543609179 54.222154039
-8.559234179 54.227728583
-8.565825976 54.238836981
-8.572132942 54.246527411
-8.587310351 54.252346096
-8.605620898 54.255560614
-8.621001757 54.255560614
-8.621001757 54.263006903
-8.6142472 54.267808335
-8.60265052 54.279689846
-8.593739387 54.283514716
-8.571685351 54.277167059
-8.558216926 54.275213934
-8.552235481 54.280096747
-8.540760871 54.284369208
-8.470285611 54.276597398
-8.485951301 54.288641669
-8.504139778 54.297186591
-8.523345507 54.302232164
-8.542307095 54.303941148
-8.562652148 54.303045966
-8.569813606 54.305731512
-8.572661913 54.313910223
-8.567209439 54.32416413
-8.554798957 54.321478583
-8.531727668 54.310207424
-8.511708137 54.317368882
-8.519154426 54.326727606
-8.540516731 54.334662177
-8.562123176 54.338080145
-8.66136634 54.338039455
-8.666818814 54.341213283
-8.668283658 54.35175202
-8.663889127 54.35927969
-8.653797981 54.365871486
-8.64175371 54.370428778
-8.612863736 54.375474351
-8.496571418 54.423488674
-8.480132616 54.426825262
-8.474110481 54.429999091
-8.471262174 54.437892971
-8.470285611 54.457831122
-8.466704882 54.475002346
-8.459217903 54.471869208
-8.451893684 54.46100495
-8.449126757 54.454779364
-8.445139127 54.453924872
-8.443755663 54.453436591
-8.443023241 54.447333075
-8.413929817 54.459540106
-8.384185351 54.468247789
-8.381662564 54.468573309
-8.300119595 54.477972723
-8.287342903 54.479437567
-8.242095507 54.497748114
-8.210194465 54.501939195
-8.210194465 54.509426174
-8.24327552 54.510199286
-8.257964648 54.514227606
-8.270985481 54.52366771
-8.216379361 54.550360419
-8.218861457 54.569769598
-8.172515429 54.594468492
-8.175404426 54.619289455
-8.164662239 54.615301825
-8.157622851 54.610825914
-8.150054491 54.607123114
-8.137562629 54.60561758
-8.12608802 54.637884833
-8.120838996 54.646551825
-8.123890754 54.64862702
-8.124908007 54.648911851
-8.125599739 54.649603583
-8.127674934 54.652777411
-8.146799283 54.642075914
-8.166656054 54.636135158
-8.234934049 54.629380601
-8.271311002 54.612005927
-8.292103645 54.60561758
-8.292103645 54.611802476
-8.281727668 54.620550848
-8.280344205 54.629624742
-8.287261523 54.6367862
-8.3017472 54.639797268
-8.316761848 54.635443427
-8.342355924 54.616156317
-8.367827929 54.608628648
-8.414540168 54.57835521
-8.427967903 54.571722723
-8.442046679 54.566717841
-8.456613736 54.564642645
-8.456613736 54.570786851
-8.432281054 54.587795315
-8.417103645 54.595160223
-8.398182746 54.598130601
-8.384755012 54.60565827
-8.3876847 54.619859117
-8.400054491 54.628566799
-8.41502845 54.619289455
-8.421864387 54.619289455
-8.418690559 54.641302802
-8.431630012 54.641302802
-8.448312955 54.627630927
-8.456613736 54.608710028
-8.461537239 54.602850653
-8.472075976 54.607855536
-8.48176022 54.615952867
-8.486195442 54.622951565
-8.485218879 54.627386786
-8.486154752 54.631293036
-8.494130012 54.63296133
-8.500803189 54.632025458
-8.511301236 54.627752997
-8.517486132 54.626125393
-8.541737434 54.62523021
-8.553456184 54.622626044
-8.564035611 54.608832098
-8.576771614 54.610907294
-8.596913215 54.619289455
-8.672596809 54.619452216
-8.690012174 54.626125393
-8.681955533 54.635809637
-8.691395637 54.641302802
-8.774159309 54.659857489
-8.791818814 54.659613348
-8.788441536 54.663397528
-8.78636634 54.666978257
-8.783436653 54.670396226
-8.778146939 54.673895575
-8.778146939 54.680080471
-8.791086392 54.684881903
-8.797759569 54.691961981
-8.795521614 54.698431708
-8.781564908 54.701239325
-8.766957161 54.702215887
-8.75519772 54.705755927
-8.747425911 54.713080145
-8.744618293 54.725083726
-8.733265754 54.732611395
-8.662098762 54.762640692
-8.636586067 54.768459377
-8.53620358 54.766913153
-8.483713345 54.756781317
-8.456613736 54.756415106
-8.456613736 54.762640692
-8.526600715 54.772772528
-8.545399543 54.783758856
-8.529896614 54.788072007
-8.484934049 54.789374091
-8.473378059 54.786810614
-8.460804817 54.774847723
-8.444691536 54.763128973
-8.426665819 54.757228908
-8.408192512 54.762640692
-8.461293098 54.793524481
-8.498890754 54.801214911
-8.534982877 54.8164737
-8.558420377 54.817857164
-8.554351366 54.827541408
-8.546986457 54.829901434
-8.537098762 54.829779364
-8.524891731 54.831529039
-8.515126106 54.83600495
-8.501861132 54.846502997
-8.490712043 54.851996161
-8.471018033 54.840521552
-8.449086067 54.839422919
-8.401966926 54.844549872
-8.346262174 54.831691799
-8.325672981 54.831529039
-8.325672981 54.838324286
-8.343251106 54.8399112
-8.365386523 54.845404364
-8.381337043 54.855943101
-8.380848762 54.872503973
-8.366688606 54.881089585
-8.327381965 54.877020575
-8.312652148 54.879339911
-8.325835741 54.885809637
-8.33702552 54.903631903
-8.350453254 54.907294012
-8.368804491 54.908189195
-8.374012825 54.907294012
-8.378163215 54.902777411
-8.379790819 54.895738023
-8.38011634 54.889227606
-8.380848762 54.886175848
-8.409291145 54.887030341
-8.432606575 54.901556708
-8.450795051 54.92206452
-8.463449674 54.940822658
-8.45042884 54.946275132
-8.440907356 54.943426825
-8.431507942 54.93768952
-8.418446418 54.934556382
-8.404611783 54.935695705
-8.391346809 54.938666083
-8.366566536 54.948187567
-8.396148241 54.955267645
-8.418609179 54.968085028
-8.456613736 54.995428778
-8.456613736 55.002875067
-8.448109504 55.007635809
-8.437733528 55.009833075
-8.426421679 55.008612372
-8.41502845 55.002875067
-8.404693163 55.012884833
-8.401966926 55.016546942
-8.408192512 55.016546942
-8.403187629 55.030666408
-8.395253059 55.033148505
-8.385324674 55.032416083
-8.374012825 55.036363023
-8.354481575 55.060532945
-8.347401496 55.064276434
-8.337880012 55.058417059
-8.335072395 55.03506094
-8.325672981 55.030218817
-8.319976366 55.034328518
-8.31358802 55.052679755
-8.305165168 55.058050848
-8.316517707 55.087469794
-8.320423957 55.104925848
-8.316029426 55.112738348
-8.304351366 55.119208075
-8.288400845 55.150132554
-8.27847246 55.160549221
-8.26301022 55.161078192
-8.206532356 55.146877346
-8.188384569 55.148993231
-8.157622851 55.158392645
-8.141265429 55.160549221
-8.147531705 55.151760158
-8.154286262 55.145249742
-8.159575976 55.138739325
-8.161732551 55.129461981
-8.156483528 55.124497789
-8.144683398 55.130194403
-8.114857551 55.154730536
-8.054269986 55.176947333
-8.034820116 55.180975653
-8.020985481 55.188788153
-8.011789517 55.205064195
-7.999582486 55.219631252
-7.976796028 55.221909898
-7.9501847 55.210272528
-7.958648241 55.19920482
-8.004139778 55.180975653
-8.004139778 55.174139716
-7.96198483 55.187201239
-7.955718554 55.184719143
-7.949045377 55.17983633
-7.933990038 55.180650132
-7.918039517 55.184515692
-7.908558723 55.188421942
-7.894886848 55.174139716
-7.894886848 55.16791413
-7.898793098 55.15639883
-7.890451627 55.158270575
-7.875559049 55.164943752
-7.860096809 55.16791413
-7.865061002 55.158148505
-7.872873502 55.151597398
-7.882964648 55.147935289
-7.894886848 55.146877346
-7.894886848 55.140082098
-7.876535611 55.14052969
-7.865223762 55.138495184
-7.8564347 55.138983466
-7.846506314 55.146877346
-7.834706184 55.164984442
-7.837554491 55.1758487
-7.860096809 55.194647528
-7.866118944 55.2149112
-7.850249804 55.227199611
-7.823963996 55.238592841
-7.798695442 55.256089585
-7.796050585 55.251044012
-7.795033332 55.250881252
-7.791249153 55.248683986
-7.814198371 55.201849677
-7.815744595 55.194647528
-7.81371009 55.192857164
-7.810454882 55.188706773
-7.805572069 55.184149481
-7.798695442 55.180975653
-7.789784309 55.180853583
-7.779937304 55.18744538
-7.77074134 55.188421942
-7.757313606 55.184759833
-7.736643033 55.176662502
-7.717600064 55.166571356
-7.709299283 55.157131252
-7.707386848 55.153469143
-7.698557095 55.140366929
-7.695627408 55.133205471
-7.695952929 55.126044012
-7.701079882 55.108140367
-7.702504036 55.099066473
-7.694732226 55.108058986
-7.678822395 55.134466864
-7.671701627 55.140082098
-7.668202278 55.147202867
-7.674712694 55.163031317
-7.684071418 55.178534247
-7.688832161 55.184719143
-7.690337694 55.194525458
-7.695057746 55.207464911
-7.703602668 55.218451239
-7.71605384 55.221909898
-7.72394772 55.214585679
-7.721994595 55.200262762
-7.715402799 55.184881903
-7.709299283 55.174139716
-7.723133918 55.17572663
-7.732818163 55.181463934
-7.741037564 55.188625393
-7.750233528 55.194647528
-7.779652473 55.199652411
-7.791737434 55.206000067
-7.788156705 55.218573309
-7.760853645 55.250433661
-7.760853645 55.256089585
-7.725087043 55.252671617
-7.709299283 55.256089585
-7.673491991 55.273871161
-7.660878059 55.276556708
-7.643950976 55.272772528
-7.633290168 55.263088283
-7.625314908 55.253159898
-7.616525845 55.248683986
-7.611398892 55.241400458
-7.613189257 55.225775458
-7.617502408 55.210598049
-7.619943814 55.204901434
-7.61449134 55.195990302
-7.601470507 55.189276434
-7.572743293 55.180975653
-7.572255012 55.169175523
-7.564116991 55.155747789
-7.552479621 55.14468008
-7.541411913 55.140082098
-7.527821418 55.132554429
-7.525786913 55.116156317
-7.531605598 55.099676825
-7.541411913 55.092230536
-7.556385871 55.08974844
-7.568226692 55.083685614
-7.586415168 55.071112372
-7.641021288 55.05068594
-7.641021288 55.043850002
-7.581166145 55.050441799
-7.561838345 55.044501044
-7.572743293 55.02338288
-7.584584114 55.016058661
-7.634185351 54.995428778
-7.667551236 54.968207098
-7.681385871 54.961249091
-7.681385871 54.954413153
-7.661488411 54.957953192
-7.643381314 54.965277411
-7.548451301 55.018459377
-7.537993944 55.019924221
-7.529367642 55.030707098
-7.509266731 55.035956122
-7.486317512 55.03925202
-7.469105598 55.043850002
-7.456166145 55.056138414
-7.450021939 55.072333075
-7.45441647 55.086249091
-7.472767707 55.092230536
-7.47752845 55.096380927
-7.473378059 55.10545482
-7.462880012 55.119533596
-7.462880012 55.143459377
-7.47004147 55.145168361
-7.510080533 55.180975653
-7.533680793 55.192368882
-7.541411913 55.198065497
-7.545643684 55.204779364
-7.549549934 55.215399481
-7.549387174 55.225165106
-7.527088996 55.236761786
-7.516224739 55.25413646
-7.513579882 55.274359442
-7.524322069 55.290269273
-7.507394986 55.28912995
-7.492746549 55.28534577
-7.478586392 55.283921617
-7.462880012 55.290269273
-7.465565559 55.293605861
-7.466420051 55.295843817
-7.467030403 55.298651434
-7.469105598 55.303900458
-7.449208137 55.294012762
-7.427967903 55.286566473
-7.405913866 55.286932684
-7.367787239 55.310614325
-7.347523567 55.314276434
-7.327504036 55.30849844
-7.312082486 55.290269273
-7.33315996 55.289618231
-7.339955207 55.290269273
-7.320871549 55.282171942
-7.298817512 55.276271877
-7.276600715 55.275824286
-7.256743944 55.284002997
-7.320668098 55.313299872
-7.350697395 55.335191148
-7.353016731 55.358547268
-7.379546679 55.367661851
-7.39159095 55.373724677
-7.400217252 55.380275783
-7.384429491 55.386379299
-7.366322395 55.383978583
-7.332508918 55.372788804
-7.263579882 55.358547268
-7.24730384 55.357163804
-7.208851692 55.345119533
-7.195423957 55.338609117
-7.144154426 55.293646552
-7.129058398 55.285834052
