90.2618041782 28.3353539865
90.2618041782 28.2991405026
90.291470175 28.261351014
90.329504028 28.255795797
90.3539839554 28.2991405026
90.3869053045 28.2991405026
90.4165345186 28.2826798281
90.4560401374 28.2826798281
90.5054221609 28.249758479
90.5482199146 28.2464663441
90.5877255334 28.2332978045
90.5976019382 28.2003764555
90.567972724 28.1905000508
90.5482199146 28.1575787018
90.5152985656 28.1542865669
90.4856693515 28.1246573528
90.475231567 28.072344463
90.492594849 28.074411519
90.510061483 28.074101461
90.57527714 28.065833232
90.597394654 28.070587464
90.621889283 28.072964579
90.65103479 28.086994731
90.667467896 28.09032786
90.683901001 28.087072245
90.726895793 28.061699118
90.755277536 28.055173215
90.788700806 28.047488098
90.850919231 28.044025777
90.909520304 28.032656963
90.96057662 27.994726461
90.975149374 27.982091573
91.008842408 27.966769512
91.051940552 27.962790426
91.092558228 27.971678772
91.119429972 27.994726461
91.119429972 27.994778138
91.119636679 27.99488149
91.13379602 28.014105123
91.175860636 28.057487488
91.194670858 28.070587464
91.220612427 28.074876607
91.246140585 28.071465963
91.269705038 28.072861227
91.290168905 28.091413066
91.309599243 28.056402283
91.341431926 28.030564067
91.418843221 27.994726461
91.436482871 27.989375107
91.446438436 27.986354879
91.460907837 27.984365336
91.497494751 27.984081116
91.53749231 27.969353333
91.57862675 27.964702454
91.60064091 27.959276429
91.621724894 27.950723979
91.637951295 27.939742737
91.652834107 27.916746725
91.648906698 27.897213033
91.637124471 27.877240093
91.628339478 27.852693787
91.627305949 27.829826966
91.632887004 27.759443665
91.626685832 27.716423035
91.579866984 27.65797699
91.573252401 27.619710592
91.595059855 27.546381734
91.604464966 27.532144877
91.632887004 27.511655172
91.641671998 27.494963684
91.657381633 27.479150696
91.680222616 27.472846171
91.70492395 27.468763733
91.727041463 27.460004577
91.727091721 27.459941599
91.743681274 27.439153138
91.744818156 27.42375356
91.750089152 27.416157125
91.779648072 27.4188443
91.857369425 27.443080546
91.884344523 27.447162984
91.920931437 27.445147604
91.933747193 27.449126689
91.963306112 27.468918763
91.975088338 27.47243276
91.997309205 27.448661601
92.084849081 27.304225973
92.088776489 27.292340394
92.081851848 27.275132141
92.050639283 27.251412659
92.036789998 27.23647817
92.033172648 27.227434794
92.02996871 27.208469544
92.027074829 27.19983958
92.021493775 27.191829733
92.008471314 27.179479065
92.005788062 27.176112343
92.002993612 27.1726061
91.995862264 27.158033346
91.990797974 27.140773418
91.987904094 27.122273255
91.987697388 27.104031474
91.999893026 27.071526998
92.049709107 27.026826885
92.066969035 26.994942526
92.066969035 26.994839172
92.083918905 26.937323303
92.080370916 26.921570891
92.072756795 26.887765605
92.035859822 26.854847718
91.975088338 26.846631165
91.957414998 26.854279277
91.925685669 26.878670553
91.908219035 26.885181784
91.893129517 26.881357727
91.895506633 26.86828359
91.895506633 26.853504131
91.874009237 26.844305725
91.885894816 26.830869853
91.886928345 26.814436747
91.878660116 26.803016256
91.863053833 26.804773255
91.852408488 26.818519185
91.849514608 26.834745586
91.843933553 26.849370015
91.825123332 26.858465068
91.795254354 26.853504131
91.731588989 26.816193746
91.702133423 26.803481344
91.653764283 26.797951965
91.637951295 26.798985494
91.593716268 26.810767721
91.575629517 26.810147603
91.539352662 26.798830465
91.520645793 26.79759023
91.507416626 26.80802887
91.48447229 26.852728984
91.475067179 26.865544739
91.460597778 26.869368795
91.420186809 26.871539205
91.406337524 26.869523824
91.388457479 26.858465068
91.378122193 26.842807108
91.370060669 26.824668681
91.358381796 26.806168519
91.34556604 26.79469635
91.33006311 26.785497945
91.313216593 26.778676657
91.296576782 26.774594218
91.276009562 26.774077454
91.261953573 26.779038392
91.232498006 26.795161438
91.198184856 26.802344462
91.127078085 26.800897522
91.091938111 26.804773255
91.062069133 26.804566549
91.012780807 26.784348086
91.007395468 26.782138977
90.94449258 26.77886955
90.717077271 26.767049459
90.587782838 26.78007192
90.475231567 26.832420146
90.382627401 26.891796367
90.348831014 26.896653951
90.328573853 26.890659485
90.314207805 26.880375875
90.300875285 26.86828359
90.28444218 26.857069804
90.265993693 26.851592103
90.229148397 26.852884013
90.210906617 26.85148875
90.177420289 26.83205841
90.152202189 26.771752014
90.127190796 26.7513915
90.089156942 26.741728008
89.975262085 26.731857809
89.912113485 26.716716614
89.890409384 26.714856262
89.880280802 26.716251526
89.859920288 26.721884257
89.858700634 26.722056524
89.850773559 26.723176168
89.84700118 26.724829814
89.83904301 26.731237691
89.834960571 26.73154775
89.829741251 26.727620341
89.827674195 26.722452698
89.827260783 26.717905172
89.826744019 26.715683085
89.826795695 26.713512675
89.825245402 26.707673239
89.82209314 26.701006979
89.817287232 26.69620107
89.813669882 26.696149394
89.804058065 26.699766744
89.80007898 26.700490214
89.760288127 26.700180156
89.754669663 26.700988568
89.738739054 26.703280742
89.685150595 26.724571431
89.663239787 26.725501607
89.628306518 26.712530823
89.609806356 26.712220765
89.597507365 26.720954081
89.613475383 26.748549296
89.611356649 26.765964254
89.586086874 26.784051005
89.546502726 26.797538554
89.505419962 26.803688049
89.44289148 26.797021789
89.407338094 26.813403219
89.368894557 26.837358593
89.341657349 26.854330953
89.300161173 26.844409078
89.286363566 26.844977519
89.273599487 26.843892314
89.262954142 26.836347555
89.252618856 26.826787415
89.240836629 26.81975942
89.212828003 26.813041484
89.184612671 26.810561015
89.128078655 26.813454895
89.096504354 26.821413066
89.082448364 26.836037496
89.074335165 26.85639801
89.060692587 26.88146108
89.044879599 26.897119039
89.021573527 26.912673645
88.996613811 26.922750549
88.97532312 26.921717021
88.965814657 26.915464173
88.954549195 26.912621969
88.942766968 26.913707174
88.932328328 26.919236552
88.925300334 26.929365133
88.925403686 26.939028626
88.92695398 26.949415588
88.924473511 26.961662903
88.906645141 26.981093242
88.886439657 26.978974508
88.867112671 26.964246725
88.851713094 26.945436504
88.845615275 26.994839172
88.845615275 26.994942526
88.845615275 27.049564514
88.840809367 27.075247701
88.827631877 27.097881979
88.805255981 27.113023173
88.742572469 27.142737122
88.733082315 27.148972387
88.730066772 27.150953674
88.738438354 27.179789123
88.754354696 27.212603658
88.775852091 27.240870667
88.801173543 27.256425273
88.861428263 27.27037791
88.876115605 27.280485679
88.884630982 27.286345927
88.89233077 27.315543111
88.915160017 27.3308694573
88.9508081658 27.3282288537
88.9719329948 27.3123852319
88.9970187292 27.3308694573
88.9811751075 27.3546348898
88.9640111839 27.3929236423
88.9510595513 27.4331442604
88.9575490988 27.4569392677
88.9662018287 27.478030297
88.982966493 27.4926317788
88.9800462533 27.4979803806
88.9752097056 27.5068388206
88.9729554196 27.5176593934
88.9783657061 27.5302833951
88.9927931365 27.5374971103
89.004966281 27.5496702547
89.0027119949 27.5604908276
89.016237711 27.5758199724
89.0333702847 27.5789759728
89.0396822855 27.5943051177
89.0509537155 27.608281691
89.0640285744 27.6159462634
89.0915308637 27.6258651218
89.1023514365 27.6236108358
89.1058645948 27.6229521186
89.1095651517 27.6222582642
89.1194840102 27.6182005494
89.1246549457 27.6148515892
89.1273589238 27.6272898884
89.1560210918 27.6656863775
89.1982031502 27.7305818521
89.2165902013 27.7711415237
89.224920288 27.807812806
89.258716675 27.827553203
89.29948938 27.84424469
89.336024618 27.869075216
89.370131063 27.909356995
89.417363678 27.988654027
89.420980672 27.994726461
89.421187378 27.994726461
89.444545126 28.031184184
89.458807821 28.047798157
89.47534428 28.061337382
89.495343059 28.068003642
89.515031779 28.081904602
89.561488891 28.134640401
89.579420614 28.144639791
89.597817424 28.149807434
89.7178101 28.169082744
89.755843954 28.184378967
89.773620646 28.212775167
89.780855347 28.228769023
89.796048218 28.240189515
89.829741251 28.259154765
89.838629598 28.267913921
89.854029175 28.287266744
89.862917521 28.295793356
89.873614543 28.300599263
89.881314331 28.297524516
89.9161300135 28.3156011771
89.952524455 28.308247376
89.971593059 28.31804006
89.990454957 28.320623881
90.0708603539 28.3452303912
90.1235345123 28.3353539865
90.1531637264 28.3221854469
90.1762086708 28.3254775818
90.1992536151 28.3485225261
90.2255906943 28.3583989308
90.2618041782 28.3353539865
