20.864700154 43.217337342
20.861599569 43.217518209
20.851470988 43.219817811
20.83999882 43.212092184
20.840618937 43.206976217
20.839068644 43.19245514
20.836071411 43.179432678
20.832040649 43.178605855
20.83855188 43.170466817
20.912494133 43.138805129
20.993431297 43.104148257
21.005156698 43.099127502
21.025827271 43.09336558
21.092593221 43.090678406
21.108509562 43.081557516
21.124012491 43.058277283
21.139308716 43.005825704
21.147887003 42.992622376
21.165353638 42.985103455
21.179409627 42.990581157
21.193052206 42.997893372
21.209795369 42.995877991
21.225298299 42.973553772
21.22674524 42.942522075
21.232429647 42.910896098
21.260541626 42.886556499
21.271600383 42.884282735
21.29495813 42.884386088
21.306326945 42.882448222
21.31697229 42.877616476
21.336402628 42.865472514
21.346737915 42.860847473
21.378777303 42.855292257
21.398931111 42.854568787
21.408439575 42.84699819
21.408418886 42.841743208
21.408336222 42.820746562
21.404098755 42.803977559
21.390559529 42.770413717
21.387148885 42.754962464
21.383944946 42.749975688
21.379190714 42.747004293
21.378673951 42.744136251
21.388699178 42.739046123
21.405545695 42.735299581
21.417800406 42.735570162
21.44182255 42.736100566
21.54248824 42.725816956
21.56522587 42.720184225
21.580522095 42.710210673
21.612664836 42.680393372
21.629407999 42.672202657
21.644084107 42.67230601
21.687388957 42.686827088
21.708886352 42.687188823
21.738651977 42.68215037
21.744249788 42.679424528
21.76438684 42.669618836
21.772758422 42.647501323
21.767074016 42.638716329
21.756532023 42.6336262
21.744543091 42.629647116
21.734724569 42.624246928
21.735551392 42.621275534
21.73007369 42.601018372
21.728833455 42.598305359
21.726973103 42.596393331
21.720151815 42.593887024
21.718291463 42.591018982
21.719738403 42.586678162
21.726766398 42.577944845
21.727696574 42.574146627
21.717671346 42.551150615
21.667855265 42.49009491
21.627857706 42.460380961
21.61896936 42.449244691
21.616902303 42.433922628
21.62186324 42.40216746
21.617419068 42.386638692
21.596645141 42.372091777
21.537320597 42.358630066
21.516029907 42.341938579
21.514893026 42.317831523
21.553857056 42.27398407
21.56406571 42.246289302
21.561815226 42.247164002
21.519853963 42.239024964
21.499286743 42.238663228
21.481510051 42.247784119
21.471973165 42.239130279
21.467557413 42.235123393
21.457222127 42.237035421
21.447920369 42.244140931
21.436344848 42.246879782
21.419911743 42.240058492
21.421462036 42.231351013
21.428696737 42.22256602
21.429833618 42.215848084
21.41908492 42.215021261
21.384255005 42.224943136
21.366788371 42.22385793
21.360602065 42.220114233
21.35376591 42.215977275
21.29495813 42.148978781
21.293717895 42.140167949
21.295784953 42.1347936
21.298782186 42.129419251
21.300332479 42.120892639
21.301262654 42.10060964
21.300796361 42.098425427
21.29929895 42.091411235
21.288860311 42.089705912
21.245727456 42.096167109
21.237803996 42.097354024
21.229298016 42.103822113
21.225401652 42.106784973
21.216203247 42.121151022
21.199873494 42.141149801
21.164423462 42.167039694
21.126389607 42.188924662
21.112953735 42.194402364
21.106235799 42.195797628
21.098484334 42.195952657
21.074403117 42.184454651
21.040939978 42.159969894
21.029237915 42.151407573
21.003916463 42.141950786
20.975145181 42.134658012
20.904170441 42.116667755
20.810543253 42.09293569
20.784911743 42.082031962
20.765378052 42.064332785
20.755352824 42.042783712
20.743053833 41.993484395
20.741813598 41.970772603
20.751439128 41.940337784
20.754422648 41.930904236
20.751052494 41.910217695
20.75049524 41.90679718
20.739953247 41.888038635
20.723313436 41.866618755
20.714398198 41.859162991
20.702952921 41.84959137
20.681455525 41.844010316
20.671843709 41.84930715
20.652826783 41.869280091
20.643421672 41.873646749
20.637013793 41.870365295
20.626161743 41.855198263
20.618720337 41.850521546
20.602390584 41.849875591
20.590298299 41.854733175
20.567147258 41.873181662
20.567767375 41.880519715
20.562703084 41.892844544
20.562496379 41.900105082
20.567250611 41.91217153
20.57334843 41.91767507
20.58058313 41.921731669
20.588748006 41.929586488
20.599289998 41.947879944
20.599289998 41.960566509
20.594329061 41.97371816
20.589678182 41.993639425
20.558258911 42.055108541
20.552161092 42.073789572
20.551954386 42.105803122
20.549370565 42.123476461
20.538621867 42.150115662
20.500794719 42.211223043
20.481674439 42.230705058
20.473664576 42.237123002
20.456973104 42.250497132
20.333363078 42.3178832
20.317963501 42.319821065
20.249647257 42.318606669
20.237761678 42.319924419
20.229596802 42.326719869
20.220915161 42.343101298
20.219468221 42.350206808
20.22122522 42.363720195
20.218848104 42.371445822
20.213060343 42.377517802
20.197454061 42.387439677
20.192803182 42.393692526
20.194043416 42.400100403
20.204378703 42.411830953
20.204688761 42.420099182
20.199727824 42.427798971
20.186291952 42.437436625
20.180814249 42.443095195
20.152702271 42.493402202
20.152702271 42.49342804
20.152598918 42.493608907
20.152598918 42.49371226
20.152392212 42.49371226
20.135545695 42.509628601
20.085626261 42.530014954
20.064955688 42.546758118
20.077047973 42.55990977
20.078184855 42.572906393
20.075394328 42.586962382
20.075704386 42.60308543
20.079218384 42.611250305
20.090587199 42.627347514
20.103919718 42.653108216
20.101956014 42.65667389
20.094204549 42.666983337
20.037006251 42.707363097
20.036120239 42.707988587
20.024751424 42.723414002
20.026508423 42.743206075
20.034673299 42.751422628
20.055638448 42.763866229
20.065059041 42.769457703
20.076324503 42.773436789
20.112084595 42.766537985
20.149498331 42.749872335
20.183398071 42.742508443
20.208409464 42.763282369
20.209959757 42.772971701
20.208409464 42.782092591
20.209236288 42.791704407
20.21760787 42.802737325
20.226082805 42.806768087
20.264426717 42.817258403
20.34535201 42.82743866
20.428034302 42.840641988
20.476300089 42.855524801
20.498831014 42.877874858
20.494366526 42.887466531
20.488909139 42.899191386
20.466688273 42.909500834
20.450978637 42.922032369
20.459453572 42.950015158
20.476403442 42.966370748
20.493456665 42.970194804
20.511130005 42.970194804
20.53045699 42.975155742
20.538415161 42.980659281
20.543892863 42.987248027
20.553401326 43.002595927
20.562393026 43.009494731
20.572831665 43.009339702
20.584303833 43.006910909
20.596396118 43.007091777
20.617273397 43.022129619
20.643835083 43.052256979
20.664919068 43.08540741
20.669156535 43.109798686
20.661818481 43.115948182
20.651689901 43.116309916
20.640941203 43.115276388
20.632052856 43.11726593
20.62605839 43.123725485
20.620580689 43.133337301
20.612105754 43.15493805
20.600116821 43.173825786
20.597533 43.184962057
20.60404423 43.197958679
20.612312459 43.202273662
20.644868612 43.20330719
20.666986124 43.209663392
20.745327596 43.252864888
20.769512166 43.260848898
20.794420207 43.263070984
20.809717238 43.259610189
20.8194316 43.257412415
20.838448527 43.245862732
20.848473755 43.238137106
20.855088338 43.231445008
20.864700154 43.217337342
