15.16179244 48.937220764
15.238066854 48.950759989
15.243234497 48.9529304
15.257083781 48.963885803
15.260391073 48.9691568
15.262871542 48.982592672
15.266902303 48.986675111
15.274550415 48.986726787
15.279614706 48.982592672
15.28374882 48.977631735
15.288709757 48.975357972
15.335528605 48.974996237
15.357852823 48.970810446
15.405911906 48.954687399
15.450353638 48.9448172
15.471851033 48.936704
15.521253703 48.908488668
15.544186681 48.902611733
15.603729288 48.887353007
15.68134729 48.858465882
15.703774861 48.854951884
15.72682255 48.854951884
15.743669067 48.858465882
15.779222453 48.870868225
15.787904093 48.872263489
15.818496541 48.872315165
15.824284301 48.869421285
15.828315064 48.857122295
15.833276001 48.852006328
15.84009729 48.8500943
15.85921757 48.849164124
15.870172973 48.843893128
15.877614379 48.841671041
15.885985961 48.842032776
15.875754028 48.833092753
15.888363077 48.835056458
15.89962854 48.8347464
15.907069946 48.830250549
15.908103475 48.819708558
15.925053345 48.822602438
15.930324341 48.818313294
15.930324341 48.811388652
15.931771281 48.806427714
16.032333618 48.758058574
16.085353638 48.742865702
16.177751098 48.746534729
16.317587524 48.732840475
16.318724406 48.733512268
16.339498331 48.735579326
16.352727498 48.728447978
16.358308553 48.72725942
16.374018188 48.730308329
16.384973592 48.737077943
16.435719848 48.794542135
16.45308313 48.802190247
16.481918579 48.799399719
16.492253865 48.799709779
16.510340617 48.804774069
16.519539022 48.805600891
16.528737426 48.803533834
16.54579065 48.796299134
16.605528605 48.784826965
16.624028767 48.783380026
16.643149047 48.778264059
16.651003866 48.76622345
16.654724569 48.751857402
16.661959269 48.740023499
16.675085083 48.733925679
16.691001424 48.732065328
16.729035279 48.733098857
16.744331502 48.729636536
16.780505005 48.713771871
16.798901814 48.709224345
16.818125447 48.710774638
16.856572713 48.719818014
16.873005819 48.718991191
16.896673625 48.69697703
16.910522908 48.630779521
16.945042766 48.604166158
16.954344523 48.557398987
16.949054879 48.544836083
16.946903117 48.539725647
16.930470012 48.528201803
16.913933553 48.519339295
16.906492147 48.509908346
16.90122115 48.496601665
16.875072876 48.471538595
16.864944295 48.458076885
16.860810181 48.443788351
16.851921834 48.390406596
16.849338012 48.384102071
16.846857544 48.381130676
16.845100545 48.376583151
16.844480428 48.365601909
16.847581014 48.359581604
16.855332479 48.35645518
16.875486287 48.355034078
16.881170695 48.352811992
16.891712687 48.347024231
16.901944621 48.339401958
16.906492147 48.331469625
16.904218384 48.327025452
16.900290975 48.321237691
16.898430623 48.316173401
16.902771444 48.314106344
16.905458618 48.31198761
16.908869263 48.306974996
16.912073201 48.301238912
16.913313435 48.296691386
16.916620727 48.290800273
16.924268839 48.28751882
16.933363892 48.284728292
16.944422648 48.278010356
16.95062382 48.276589254
16.954344523 48.273126933
16.955274699 48.268786113
16.953931112 48.257339784
16.954344523 48.252559713
16.969950805 48.216644593
16.974705037 48.198557842
16.97480839 48.176879578
16.981939738 48.161299134
17.007157837 48.142798971
17.020903768 48.13716624
17.036923462 48.135512594
17.047465454 48.130990906
17.062455296 48.112724488
17.067205851 48.106935527
17.080228312 48.097607931
17.069996378 48.089158834
17.064828735 48.079030254
17.059144327 48.060426737
17.063071737 48.058773092
17.075060669 48.052080994
17.06968632 48.035673726
17.092630656 48.027250468
17.124980103 48.019524841
17.14833785 48.005443014
17.085602661 47.970148011
17.096144653 47.961931458
17.095731242 47.955730286
17.090873657 47.949477438
17.08808313 47.94089915
17.086119426 47.939219666
17.076817668 47.93495636
17.074130493 47.932114157
17.075164022 47.927773336
17.080124959 47.925757955
17.085395955 47.924621074
17.087463013 47.922631531
17.083328898 47.904829
17.077541138 47.891729025
17.067619262 47.881626282
17.051186157 47.872892965
17.016562948 47.867699483
17.004057251 47.863281148
17.00436731 47.852377421
17.010671834 47.847881572
17.031652466 47.841344504
17.039507283 47.837365418
17.0491191 47.818684388
17.05563033 47.812354025
17.040644165 47.8011144
17.041987752 47.783906149
17.048705689 47.763648987
17.05056604 47.730989482
17.055526977 47.720912578
17.064001912 47.713290304
17.075370728 47.708484396
17.054803508 47.702024842
16.981939738 47.695436096
16.902668091 47.682026062
16.864737589 47.686728617
16.850164836 47.712928569
16.836935669 47.705357971
16.817298625 47.684248149
16.806239868 47.676884257
16.797454874 47.675463156
16.741127564 47.681457622
16.730378866 47.685901795
16.719216756 47.693730774
16.711568644 47.704066061
16.707847941 47.714608053
16.702473592 47.723599752
16.689864543 47.72956838
16.609766073 47.750626526
16.56780481 47.7541922
16.531114542 47.742978415
16.525120076 47.733314921
16.526877075 47.720137431
16.521399373 47.711533305
16.512924438 47.706003927
16.473030232 47.69176707
16.461144653 47.68453237
16.45453007 47.68176768
16.449879191 47.682413635
16.444918254 47.68554006
16.439130493 47.690475159
16.43179244 47.685462545
16.416599568 47.668822734
16.407814575 47.661329651
16.425901326 47.654275818
16.481918579 47.638953756
16.509617147 47.643139547
16.575452921 47.624949443
16.608422486 47.628773499
16.63022994 47.622003886
16.647696574 47.606139221
16.656171509 47.585933737
16.650590454 47.566555074
16.667540324 47.560095521
16.681389608 47.550561219
16.689141072 47.538029684
16.688004191 47.522630107
16.677358846 47.509866028
16.648213339 47.501546122
16.636844523 47.493200378
16.640875284 47.4529186
16.626973417 47.445548935
16.589405558 47.425633444
16.481918579 47.392302145
16.469929647 47.405531312
16.456597128 47.411835836
16.44409143 47.409510397
16.43396285 47.396849671
16.436443319 47.358505758
16.434272908 47.355560201
16.429311971 47.353803202
16.42497115 47.351116028
16.424351034 47.345199077
16.427141561 47.34137502
16.431689087 47.339721375
16.43613326 47.338558655
16.438820435 47.336569113
16.469206177 47.293238424
16.473236938 47.276805319
16.466622355 47.263421123
16.452463012 47.254584453
16.4213538 47.243138123
16.4213538 47.243060608
16.4213538 47.24303477
16.424661092 47.225593974
16.409261515 47.203683166
16.412775512 47.187172546
16.418769979 47.18365855
16.426728149 47.184123637
16.435099732 47.183581034
16.441817667 47.17712148
16.442127727 47.168336487
16.43396285 47.151283265
16.433652792 47.145753886
16.447088664 47.139707743
16.480885051 47.150766501
16.497318156 47.149681295
16.509513793 47.137537334
16.504759563 47.125832621
16.481918579 47.105239563
16.460834595 47.09629954
16.454323364 47.081700949
16.461764771 47.06849762
16.481918579 47.063898417
16.493700805 47.059815979
16.497214803 47.054622498
16.493184041 47.049144796
16.481918579 47.044209697
16.437166788 47.031781515
16.424661092 47.024081726
16.453289836 47.021678773
16.467552531 47.018423157
16.481918579 47.009379781
16.486362752 46.998553569
16.467449178 46.995427145
16.441404256 46.995220439
16.424764445 46.993101705
16.424764445 46.992998352
16.420423625 46.990259501
16.41556604 46.989432679
16.410398396 46.990414531
16.405024048 46.993153382
16.38776412 47.002041728
16.366576782 47.003824565
16.325855753 47.000439758
16.288545369 47.005581564
16.274902791 47.004315491
16.265394328 46.993256735
16.261053507 46.978089702
16.252991984 46.973516338
16.243070109 46.972017721
16.232941528 46.966074931
16.230357707 46.959977112
16.23118453 46.954421895
16.230667765 46.948349915
16.223949829 46.941063538
16.217025187 46.937394511
16.196147909 46.931296692
16.170723104 46.918532613
16.159147583 46.910316061
16.122870728 46.876364645
16.110054972 46.867915548
16.094035278 46.862773743
16.052935546 46.846059852
16.03202356 46.837555644
16.028440945 46.836947433
15.987581828 46.830010885
15.981690715 46.827685446
15.971975545 46.820631612
15.972905721 46.818435364
15.977349894 46.816213277
15.978176717 46.809133607
15.971252075 46.77807607
15.970984665 46.775049879
15.969701782 46.760531922
15.970528606 46.743013611
15.982000773 46.71854482
16.003291463 46.709191386
16.014556925 46.693714295
16.016722579 46.670691342
16.016727336 46.670640768
16.016593059 46.670756969
15.997917114 46.686918844
15.98696171 46.69218984
15.946344034 46.697150777
15.878544555 46.720715231
15.850742635 46.724487611
15.822940714 46.722833964
15.78460991 46.712199503
15.755141235 46.704023743
15.728682902 46.702990215
15.652098429 46.710819193
15.635975382 46.717562968
15.632874796 46.70247345
15.63297815 46.689631857
15.626983684 46.680872701
15.621745271 46.678174918
15.616648397 46.675550028
15.603729288 46.673017884
15.588639771 46.67596344
15.56734908 46.675756735
15.545955037 46.671881002
15.530658814 46.663845317
15.520840292 46.64960846
15.520308138 46.647720171
15.517636353 46.638239645
15.51393945 46.632545221
15.511228475 46.628369446
15.492624959 46.618292542
15.462652628 46.614649353
15.440018352 46.624390361
15.435380874 46.627195287
15.41759078 46.637955424
15.388135214 46.645577698
15.332783734 46.643579675
15.204890585 46.638963115
15.172556751 46.641359513
15.105591442 46.646322596
15.085722504 46.647795167
15.061953572 46.649556783
15.004386027 46.636844381
14.967178995 46.600257467
14.947955362 46.619274394
14.933589315 46.621134746
14.919506769 46.615016752
14.897725871 46.605554302
14.894062722 46.605215461
14.877055298 46.603642274
14.862999308 46.604830831
14.850390259 46.601135967
14.833647095 46.584392802
14.822278279 46.567546285
14.814519309 46.551337476
14.807188762 46.536023662
14.796662504 46.519400947
14.788585245 46.50664561
14.783004191 46.503260804
14.760886678 46.496284485
14.735255167 46.493338928
14.726366821 46.497705587
14.70972701 46.492512106
14.703732544 46.487757874
14.698771607 46.480962423
14.687092733 46.471221416
14.679961385 46.458870748
14.67254584 46.459790506
14.666628865 46.460524394
14.662081339 46.459697571
14.642030884 46.44522817
14.631695597 46.440577291
14.621567017 46.438510234
14.599862915 46.437166646
14.590147746 46.434427795
14.575368286 46.419725851
14.566996704 46.400373027
14.562108198 46.391736666
14.557694946 46.383939921
14.540331665 46.378643087
14.527102498 46.388229065
14.515837036 46.405359803
14.502194458 46.418356426
14.467674601 46.412672018
14.450931437 46.414480693
14.437144752 46.418884133
14.420028931 46.424350892
14.414447876 46.42900177
14.411243937 46.434634502
14.406489705 46.439337057
14.395844361 46.440990702
14.362151327 46.435874736
14.242323222 46.438237462
14.149864543 46.440060527
14.147933084 46.440424654
14.137255493 46.442437643
14.081031535 46.475949809
14.066355428 46.481039938
14.050025676 46.484398905
14.032455688 46.484708965
14.014921609 46.482530652
13.998762654 46.480523174
13.982329549 46.481918437
13.890862264 46.511787415
13.860683228 46.515249736
13.795777629 46.507885845
13.782135051 46.507782492
13.71609257 46.518867087
13.700951375 46.519745586
13.685345093 46.517626851
13.670255574 46.518712057
13.54922937 46.545842184
13.506751343 46.546927389
13.49910323 46.550622254
13.484943889 46.561732686
13.478019246 46.5635672
13.417041056 46.560492452
13.373322794 46.565789286
13.27141687 46.550777283
13.231109253 46.552172547
13.210025269 46.558011983
13.146463257 46.584961243
13.064504435 46.59803538
12.830410197 46.60963674
12.773566122 46.635190735
12.748499504 46.640996041
12.739873088 46.642993876
12.73201827 46.642270407
12.715998576 46.637955424
12.706593465 46.637748719
12.697395061 46.640539246
12.679204956 46.650021871
12.67136765 46.652465763
12.669593139 46.653019105
12.620190471 46.656481425
12.562002807 46.651210429
12.547326701 46.652192281
12.530790242 46.657669984
12.499887736 46.672139385
12.46963219 46.675798865
12.445627482 46.678702292
12.405009806 46.690122783
12.370386596 46.71115509
12.351473023 46.743246155
12.342688029 46.765131124
12.326048218 46.772495016
12.305274292 46.77445872
12.284397013 46.779988099
12.274785197 46.784638977
12.269100789 46.788566387
12.266723673 46.795335999
12.26693038 46.808255107
12.269617554 46.819830628
12.273338257 46.82675527
12.276128784 46.83398997
12.275818726 46.846288961
12.26662032 46.868148092
12.250807332 46.875615337
12.208742716 46.876623027
12.195100138 46.880085348
12.189002319 46.884942932
12.183524617 46.891221619
12.172155802 46.899179789
12.160993693 46.903029684
12.13742924 46.905923564
12.126887247 46.90886912
12.141563355 46.918842672
12.141666708 46.9279894
12.134742065 46.937446188
12.128230835 46.948582459
12.122133015 46.971655986
12.117792196 46.983076477
12.111177612 46.992998352
12.121719604 47.010516663
12.182284383 47.033616028
12.203575073 47.053330588
12.203896989 47.067011988
12.204195191 47.079685567
12.180630737 47.085214945
12.133146314 47.078831606
12.116241903 47.076559143
12.014956096 47.040488994
11.943642618 47.038163555
11.899510946 47.027724915
11.857032919 47.012015279
11.822513061 46.993256735
11.777141154 46.988295797
11.766082397 46.983438213
11.746445353 46.972456971
11.734869832 46.970622457
11.716162964 46.975480042
11.683813517 46.991913147
11.66479659 46.993256735
11.657251831 46.992533264
11.649707072 46.992998352
11.648466838 46.993256735
11.647950073 46.993256735
11.596480347 47.000439758
11.572709188 46.998915304
11.543667033 46.993101705
11.54356368 46.993101705
11.543356974 46.992998352
11.543253621 46.992998352
11.533848511 46.989536032
11.5244434 46.988347473
11.515348348 46.989484355
11.506976766 46.992998352
11.50170577 46.997855937
11.495918009 47.001602478
11.489406779 47.004212138
11.471836792 47.007080181
11.461811564 47.005504049
11.452923217 47.000879009
11.445275106 46.993101705
11.445171753 46.992998352
11.411168661 46.970493266
11.380576212 46.971552633
11.349467001 46.981939596
11.313810262 46.987262268
11.24373702 46.979252422
11.174490601 46.963852845
11.156610555 46.956514791
11.091911662 46.912434795
11.083643432 46.900135804
11.073101441 46.864969992
11.054291219 46.834144999
11.053464396 46.830320943
11.054601277 46.81993398
11.052844279 46.814921367
11.048503458 46.81169159
11.037444702 46.808255107
11.033310588 46.805567932
11.010883016 46.779212952
10.996930379 46.76911021
10.982667684 46.767740784
10.965717814 46.771642354
10.930887899 46.773993633
10.913731323 46.772339986
10.880348348 46.764588522
10.870426473 46.764071757
10.860194539 46.766991476
10.843141317 46.777042542
10.834149617 46.78024648
10.823917684 46.780349833
10.804900757 46.77662913
10.795082235 46.776887513
10.766350138 46.788101299
10.754774618 46.790762634
10.733690633 46.786189271
10.722941935 46.786447652
10.716947469 46.795206808
10.721598348 46.800141907
10.743819213 46.812518413
10.748676798 46.819443055
10.738961629 46.829545797
10.662480509 46.860965068
10.647080932 46.863755596
10.629407593 46.862412008
10.527708374 46.843214213
10.486263875 46.846366475
10.453811076 46.864427389
10.45143396 46.885769756
10.463836303 46.919747009
10.458461955 46.936619365
10.449573608 46.943905742
10.415570516 46.962405905
10.394693237 46.985401916
10.38435795 46.992998352
10.38435795 46.993153382
10.384254598 46.993153382
10.378983602 46.995504659
10.373402547 46.996253967
10.367924846 46.995504659
10.338882691 46.984110006
10.313664592 46.964317933
10.296197957 46.941373597
10.295681193 46.922692566
10.270773152 46.921891581
10.251342814 46.92537974
10.235116415 46.923312684
10.219923543 46.905768535
10.215169311 46.893107809
10.214342488 46.88468455
10.211655314 46.877036438
10.201423381 46.866830343
10.157808471 46.851611634
10.131970255 46.846573182
10.125187508 46.846751229
10.111299683 46.847115784
10.068098185 46.856624248
10.04556726 46.865564271
10.006913289 46.890756531
9.899943075 46.914398499
9.875138387 46.92742096
9.862425984 46.939771627
9.860772339 46.949150899
9.863976278 46.959925436
9.866456746 46.983386536
9.870590861 46.992946676
9.870590861 46.99883779
9.866766805 47.001938375
9.860565633 47.001602478
9.856328165 47.004082947
9.857981812 47.0154776
9.669052775 47.056198629
9.652309611 47.05792979
9.599909709 47.053485616
9.58120284 47.056870423
9.608798055 47.080770773
9.615722697 47.106764018
9.605594116 47.132266337
9.581822957 47.154900615
9.552057332 47.166889547
9.551953979 47.175571188
9.561875854 47.190609029
9.562909383 47.197740377
9.554331095 47.211615499
9.544822632 47.220322978
9.540378458 47.229107972
9.547096395 47.24303477
9.530249878 47.253654277
9.521154825 47.262801005
9.553297567 47.299853008
9.587404012 47.327809957
9.591228068 47.334682923
9.596395711 47.352304586
9.60104659 47.361270447
9.639803914 47.394524231
9.649519084 47.409717103
9.650345907 47.452091777
9.621717163 47.469196676
9.584510132 47.480720521
9.554951212 47.510899557
9.553058591 47.516891338
9.547481674 47.534547102
9.549886922 47.533533834
9.554143852 47.532743111
9.612622111 47.521880799
9.676700887 47.522630107
9.703986043 47.5314151
9.718455444 47.546711324
9.730857788 47.564901429
9.752665242 47.582058004
9.767134643 47.587277324
9.782120809 47.588414205
9.796280152 47.584951885
9.807959025 47.57632192
9.811266317 47.564488017
9.809302612 47.552318217
9.813126669 47.541750387
9.833487182 47.534619039
9.841548706 47.53503245
9.853847697 47.5404068
9.858911988 47.541336975
9.888987671 47.533792216
9.918753296 47.532190247
9.933842814 47.534205628
9.945935099 47.540768534
9.948725626 47.524232077
9.959164266 47.514878643
9.971669962 47.506403707
9.980765015 47.492941997
9.980765015 47.489918925
9.981075073 47.486870016
9.982625366 47.481030579
9.99358077 47.476586406
10.002365764 47.479170227
10.01125411 47.484441224
10.022622924 47.487955221
10.071818888 47.439120993
10.080603881 47.427390442
10.075953003 47.416874288
10.053215373 47.404859518
10.064170776 47.396177878
10.066857951 47.385790914
10.067788127 47.375042217
10.073162475 47.365482076
10.082877644 47.359074199
10.089595581 47.359280904
10.097243693 47.363130799
10.110369507 47.367394104
10.115330444 47.366954855
10.125665731 47.362691549
10.130833374 47.362665711
10.135070842 47.364887797
10.14695642 47.373801982
10.190881388 47.379228008
10.209278198 47.372484233
10.208554729 47.354474996
10.190467977 47.317474671
10.192741739 47.310911764
10.193258504 47.304917298
10.190778036 47.298251038
10.185920451 47.294995423
10.172691284 47.292308248
10.168660522 47.290422058
10.159462118 47.279130758
10.155431355 47.272877909
10.159875529 47.271120911
10.17495085 47.272375554
10.239353882 47.277735494
10.261161336 47.283497416
10.305913126 47.302178447
10.325446818 47.314322409
10.343430216 47.330755514
10.365651082 47.361115418
10.371645549 47.367394104
10.381980835 47.372122498
10.403064819 47.377109273
10.411643107 47.381036683
10.428282918 47.396048686
10.442855672 47.41628001
10.451950724 47.438759257
10.451744018 47.460204977
10.447609904 47.472581483
10.442235555 47.481392314
10.433657267 47.487851868
10.419601278 47.49304535
10.429729858 47.532913717
10.430970093 47.542163798
10.424355509 47.553351746
10.415673868 47.564384665
10.414226929 47.573014628
10.429213094 47.577019552
10.445956258 47.579060771
10.45360437 47.58110199
10.457118368 47.579241638
10.46156254 47.569914043
10.460322306 47.565986633
10.455464721 47.561180726
10.451744018 47.554824524
10.453501017 47.546246236
10.458772013 47.541647034
10.46693689 47.537719625
10.482543172 47.53286204
10.525124552 47.528469544
10.536906779 47.529864808
10.549619181 47.53678945
10.569876343 47.555935567
10.583725627 47.562472636
10.607910197 47.56226593
10.739891805 47.528469544
10.743922567 47.525317281
10.747229858 47.520149638
10.752190795 47.515395406
10.760769083 47.513638407
10.790328003 47.5160672
10.83063562 47.528572896
10.844794962 47.531311747
10.858644247 47.530665792
10.869289591 47.526583354
10.892233928 47.514878643
10.883862346 47.508005676
10.851616252 47.493097026
10.85843754 47.485164693
10.909907267 47.46898997
10.959826701 47.432506409
10.962823934 47.427958883
10.963133992 47.421240947
10.960860229 47.414316305
10.957656291 47.409717103
10.955279175 47.40961375
10.965511108 47.396074524
10.979463745 47.390545146
11.083746785 47.389511618
11.103280477 47.393568218
11.168599487 47.424264018
11.193817587 47.428940735
11.215211629 47.422997945
11.213041219 47.395816142
11.237019083 47.39395579
11.258826538 47.400725403
11.273089233 47.411112366
11.2863184 47.423204651
11.305645385 47.43540029
11.324248901 47.439431051
11.367657105 47.440128683
11.383883504 47.444857076
11.392461792 47.454778951
11.388637736 47.462220357
11.377785685 47.467052104
11.365486694 47.469325867
11.4126156 47.506093648
11.435353231 47.509710999
11.459951212 47.507437236
11.48258549 47.502579651
11.52950769 47.507850648
11.551211792 47.513690084
11.569401896 47.527384339
11.574466186 47.53663442
11.582321004 47.559785462
11.589142293 47.570379131
11.617047567 47.58676056
11.620458211 47.58965444
11.638958374 47.589241028
11.682573283 47.583349915
11.76401534 47.583117371
11.820342651 47.575288391
11.830677938 47.577613831
11.840703166 47.594615377
11.851968627 47.599162903
11.935891154 47.610738424
12.165644572 47.603968811
12.173602742 47.605079855
12.202128133 47.629832866
12.205745483 47.636214905
12.206779012 47.645568339
12.205125366 47.672285055
12.202334839 47.677788595
12.197270549 47.680088196
12.189105672 47.685565898
12.181767619 47.692128805
12.17856368 47.697658183
12.176599976 47.705823059
12.192412964 47.71016388
12.216494181 47.723703105
12.225175822 47.727372132
12.239748576 47.731687114
12.242229044 47.732023011
12.239128459 47.727449646
12.236544637 47.716778463
12.233030639 47.708871969
12.226622762 47.702877502
12.22331547 47.695901184
12.228793172 47.684868266
12.238715047 47.678899639
12.249567098 47.680010682
12.271891317 47.687891337
12.293698771 47.690010071
12.351473023 47.681690166
12.368422892 47.683550517
12.40769698 47.693730774
12.424130086 47.691560365
12.428780965 47.685798442
12.439219604 47.664481914
12.444697306 47.656291199
12.45275883 47.64975413
12.482524454 47.633579407
12.496580444 47.62890269
12.517147664 47.628540955
12.538231649 47.631331482
12.553837931 47.636008199
12.563374919 47.64176137
12.598383015 47.662879944
12.617399943 47.669339498
12.653056681 47.675127259
12.688713419 47.675127259
12.744834025 47.665360413
12.7619906 47.666859029
12.751655314 47.649392396
12.76736495 47.636369935
12.793306518 47.624794413
12.813150269 47.611823629
12.785865112 47.602676901
12.773669474 47.579500021
12.77894047 47.554824524
12.803641805 47.541336975
12.819041381 47.5395283
12.828446492 47.537254538
12.836921427 47.532655335
12.882603393 47.498574728
12.931592651 47.473511658
12.942548055 47.470488587
12.95102299 47.47247813
12.959291219 47.475527039
12.969729858 47.475733745
12.979341674 47.472245586
12.984922729 47.4682665
12.991123901 47.465682679
13.001872599 47.466018576
13.008797241 47.470101014
13.037322631 47.49304535
13.037012573 47.501365255
13.034428751 47.507437236
13.031224812 47.512553203
13.02895105 47.518030905
13.028124227 47.524232077
13.028124227 47.541647034
13.030604696 47.544256694
13.040113159 47.560457255
13.041250041 47.561904196
13.039079631 47.561335755
13.038252807 47.584021709
13.040939982 47.583349915
13.057063029 47.597664286
13.057683146 47.600428976
13.069568725 47.620246887
13.072049194 47.622417298
13.074219604 47.634509583
13.074839722 47.646653545
13.072049194 47.659469299
13.064091024 47.673990377
13.044557332 47.696572978
13.032258341 47.706624044
13.019855998 47.712928569
13.004353068 47.714608053
12.979031616 47.707089132
12.964045451 47.705357971
12.908338256 47.712360129
12.892008504 47.723548076
12.910612019 47.742926738
12.910818726 47.74303009
12.910818726 47.743081767
12.917226603 47.750161438
12.918983602 47.756776022
12.919293661 47.763183899
12.921257365 47.769540101
12.926735067 47.777394918
12.991227254 47.847106426
12.986576375 47.850258688
12.964975626 47.87196279
12.931075887 47.924879456
12.91422937 47.935989889
12.906167847 47.938909607
12.886014038 47.952888082
12.862036173 47.962551575
12.85397465 47.970483907
12.848600301 47.980948385
12.848246271 47.98238892
12.845603068 47.993144023
12.830616903 48.015468242
12.760233602 48.064870911
12.750931844 48.07474111
12.742043498 48.086781718
12.736979207 48.099959209
12.738942912 48.113446757
12.745040731 48.120629782
12.751448608 48.12210256
12.757959839 48.121895854
12.764057658 48.123756205
12.778320353 48.138716533
12.782351115 48.142023825
12.822141968 48.160679017
12.835164429 48.170704244
12.853457886 48.189979553
12.862552938 48.196645813
12.877642456 48.202046001
12.933039591 48.209254863
12.931696004 48.211631979
12.947198934 48.220003561
12.979445027 48.232018332
13.016652059 48.255892843
13.032775106 48.263566793
13.136438029 48.291058655
13.274207397 48.307104187
13.307797079 48.319635722
13.405568888 48.376583151
13.419521525 48.392163595
13.425205932 48.41337677
13.427169637 48.418544413
13.431717163 48.423712057
13.436161336 48.430585022
13.438228394 48.440997824
13.436368042 48.469238994
13.438228394 48.478540752
13.442982625 48.487713319
13.456418498 48.506652731
13.459209025 48.516393738
13.457038615 48.525178732
13.447736857 48.534816386
13.443706095 48.552851461
13.440708862 48.557347311
13.440088745 48.560964661
13.445566447 48.567915141
13.454558146 48.573444519
13.487217652 48.581583557
13.520703979 48.584580791
13.624366902 48.565357158
13.641833537 48.559104309
13.658059936 48.551094463
13.67335616 48.53548818
13.714335571 48.523215027
13.716505981 48.521690572
13.725394328 48.54838145
13.733869263 48.559776103
13.737279907 48.559259339
13.758053833 48.561481425
13.766012003 48.563755188
13.774280233 48.569207052
13.779034464 48.573935446
13.79619104 48.598585104
13.802392211 48.611710918
13.805492798 48.626128642
13.806216268 48.642923483
13.800945272 48.675221253
13.803529093 48.687158508
13.816861612 48.695581767
13.804355916 48.699560852
13.799394979 48.702609762
13.788749634 48.716510723
13.783581991 48.715270488
13.785855754 48.724778951
13.815724731 48.766430156
13.855928996 48.759298808
13.874945923 48.752425843
13.893136027 48.743020732
13.915046834 48.730980124
13.982329549 48.706485494
13.991114543 48.70018097
14.007754354 48.683282776
14.014162231 48.675066223
14.019226521 48.671913961
14.026151164 48.67005361
14.03214563 48.667263082
14.034729451 48.661165263
14.0328691 48.654912414
14.028321574 48.653982239
14.023463989 48.654602356
14.020466756 48.653155416
14.01374882 48.643801982
14.008064412 48.642406718
14.00620406 48.639512838
14.010854939 48.62587026
14.01519576 48.620392558
14.032455688 48.606129863
14.04082727 48.601168925
14.074830363 48.591712139
14.21652714 48.581170146
14.31574589 48.557915752
14.325357706 48.558639221
14.333212525 48.560706279
14.353366333 48.571429139
14.405352823 48.586286113
14.421165812 48.597060649
14.443593384 48.636515605
14.458166137 48.643181865
14.482144002 48.624474997
14.522038208 48.610625712
14.533820434 48.608713684
14.548806599 48.610935771
14.57877893 48.620495911
14.594178507 48.621322734
14.600586385 48.617576193
14.601826619 48.611194153
14.601929973 48.604527893
14.605133911 48.600316264
14.612885376 48.599747823
14.6281816 48.603287659
14.634692831 48.602331645
14.645441529 48.592900696
14.651332641 48.583495585
14.659187459 48.576958517
14.675620565 48.576235046
14.691140439 48.586534963
14.69567102 48.589541728
14.70073531 48.615534974
14.700218546 48.646101583
14.703835897 48.673102519
14.722749471 48.693411357
14.775356079 48.724003805
14.78042037 48.743124085
14.790445597 48.754854635
14.794476359 48.766998597
14.800367472 48.77650706
14.815456991 48.780331116
14.867650187 48.775576884
14.91932662 48.761572571
14.939583781 48.762812806
14.951055949 48.780331116
14.948885538 48.782139791
14.944441366 48.788599345
14.940100545 48.796505839
14.93813684 48.802810364
14.939790487 48.809786682
14.947025187 48.822395732
14.968212524 48.885027568
14.968315877 48.912674459
14.964181763 48.943266907
14.964595174 48.971740622
14.978237753 48.992824605
14.977307577 48.998250631
14.977307577 49.00290151
14.978857869 49.006260478
14.982061808 49.007914124
15.003972616 49.009774475
15.059576457 48.997217102
15.137401164 48.993031311
15.144739217 48.978923645
15.148976684 48.965332743
15.148563273 48.951741842
15.141948689 48.937479147
15.16179244 48.937220764
