-76.263742642 18.012355861
-76.256784634 17.99632396
-76.248768684 17.977850653
-76.234038866 17.953924872
-76.215240038 17.934963283
-76.187977668 17.915472723
-76.198394335 17.907416083
-76.250070767 17.894964911
-76.286488411 17.875881252
-76.307362434 17.870103257
-76.3251847 17.874497789
-76.318226692 17.879299221
-76.315419075 17.88271719
-76.311512825 17.894964911
-76.329579231 17.888657945
-76.345611132 17.865871486
-76.363026496 17.860825914
-76.378529426 17.865057684
-76.396555142 17.872992255
-76.414906379 17.877508856
-76.444935676 17.866766669
-76.523548957 17.860256252
-76.579009569 17.868312893
-76.58706621 17.867987372
-76.594593879 17.866603908
-76.60277259 17.867621161
-76.613148567 17.874497789
-76.617665168 17.883530992
-76.619699674 17.895086981
-76.622710741 17.905015367
-76.630523241 17.909247137
-76.638579882 17.911607164
-76.643950976 17.917222398
-76.648589648 17.923895575
-76.654774543 17.929144598
-76.68480384 17.936021226
-76.692290819 17.940008856
-76.707671679 17.945949611
-76.728423632 17.944769598
-76.764637825 17.936590887
-76.780100064 17.934800523
-76.832264778 17.936590887
-76.832264778 17.943426825
-76.722401496 17.949611721
-76.729318814 17.955959377
-76.734364387 17.960598049
-76.747466601 17.963446356
-76.777658658 17.963853257
-76.798163835 17.963419795
-76.819055895 17.97527292
-76.836829009 17.986358596
-76.84996739 17.992276476
-76.853068773 17.981968326
-76.857760526 17.971398026
-76.870172894 17.958049775
-76.874004575 17.950349069
-76.887156317 17.95185613
-76.891037489 17.9445024
-76.894943956 17.921681026
-76.912827938 17.861287432
-76.926096158 17.843329169
-76.942128059 17.833563544
-76.955311653 17.833441473
-76.964019335 17.837225653
-76.972075976 17.842433986
-76.983062304 17.846584377
-77.038319465 17.846584377
-77.038319465 17.853989976
-77.017201301 17.860825914
-77.027984179 17.869818427
-77.041493293 17.887152411
-77.05199134 17.894964911
-77.064198371 17.899481512
-77.093006965 17.90249258
-77.119109363 17.893803316
-77.141652041 17.881133913
-77.158079087 17.849874593
-77.161976692 17.840765692
-77.154408332 17.813055731
-77.161691861 17.810288804
-77.174387174 17.802923895
-77.181711392 17.799994208
-77.179107226 17.794745184
-77.177357551 17.784613348
-77.174916145 17.778265692
-77.185617642 17.782904364
-77.19635983 17.783392645
-77.206776496 17.779852606
-77.216460741 17.772121486
-77.198882616 17.7617862
-77.180327929 17.75787995
-77.160878059 17.759426174
-77.140736457 17.765285549
-77.130604621 17.727687893
-77.133656379 17.710435289
-77.158111132 17.70319245
-77.178944465 17.704169012
-77.197580533 17.708197333
-77.21605384 17.716701565
-77.302886523 17.790838934
-77.320871549 17.81244538
-77.39561927 17.853949286
-77.417713996 17.861721096
-77.441029426 17.864650783
-77.459462043 17.857407945
-77.480620898 17.84373607
-77.501820442 17.841945705
-77.545480924 17.853989976
-77.588368293 17.860988674
-77.72386634 17.853583075
-77.730702278 17.854803778
-77.751535611 17.868312893
-77.786732551 17.884955145
-77.795562304 17.891546942
-77.799916145 17.899115302
-77.810292121 17.924750067
-77.812367317 17.932847398
-77.816151496 17.939195054
-77.834055142 17.94529857
-77.839670377 17.949611721
-77.84113522 17.970607815
-77.839344856 17.995835679
-77.845570442 18.017035223
-77.871001757 18.025946356
-77.940337694 18.026516018
-77.956288215 18.032171942
-77.979969856 18.084458726
-77.987863736 18.095363674
-77.996449348 18.101019598
-78.006418424 18.105861721
-78.014393684 18.107855536
-78.02057858 18.113104559
-78.025380012 18.12518952
-78.031483528 18.148871161
-78.050282356 18.185126044
-78.0751847 18.198431708
-78.148793098 18.196682033
-78.193755663 18.203924872
-78.210194465 18.204087632
-78.219593879 18.195868231
-78.227284309 18.191839911
-78.234038866 18.193182684
-78.258656379 18.202622789
-78.261138476 18.204087632
-78.275135871 18.206244208
-78.30589759 18.215643622
-78.323150194 18.217718817
-78.340728319 18.221869208
-78.357736783 18.232733466
-78.370269335 18.248114325
-78.374663866 18.26557038
-78.369130012 18.273871161
-78.354318814 18.283840236
-78.347320116 18.292222398
-78.344390429 18.305365302
-78.345814582 18.335516669
-78.343902148 18.344061591
-78.336293098 18.355902411
-78.335438606 18.36343008
-78.331939257 18.36737702
-78.316395637 18.368597723
-78.306630012 18.374660549
-78.298695442 18.386379299
-78.288400845 18.394354559
-78.271636523 18.389064846
-78.261301236 18.417385158
-78.230620898 18.444240627
-78.194976366 18.455471096
-78.16926022 18.436835028
-78.154408332 18.453517971
-78.138539192 18.453843492
-78.119984504 18.447333075
-78.097238736 18.443060614
-78.03254147 18.450628973
-78.010975715 18.450506903
-78.000152148 18.446682033
-77.992421028 18.443996486
-77.981353319 18.44135163
-77.96996009 18.443060614
-77.959828254 18.449896552
-77.958851692 18.456447658
-77.959136523 18.464097398
-77.952951627 18.474432684
-77.930287239 18.502020575
-77.919992642 18.511175848
-77.902333137 18.518784898
-77.861887174 18.525091864
-77.816070116 18.52342357
-77.7355444 18.506699937
-77.664540168 18.491929429
-77.567250129 18.490179755
-77.524281379 18.480210679
-77.454986132 18.475327867
-77.428863085 18.469224351
-77.408273892 18.457342841
-77.376535611 18.465155341
-77.32530677 18.46503327
-77.272613085 18.459377346
-77.236317512 18.450506903
-77.231841601 18.446030992
-77.228138801 18.4336612
-77.223296679 18.429388739
-77.217437304 18.429348049
-77.21202552 18.431789455
-77.208851692 18.434963283
-77.209624804 18.436835028
-77.164947069 18.429388739
-77.159413215 18.426214911
-77.142567512 18.412095445
-77.137359179 18.408921617
-77.104725715 18.407863674
-77.070342577 18.413356838
-77.05199134 18.416327216
-77.04002845 18.413478908
-77.019154426 18.404120184
-77.007313606 18.402085679
-76.948150194 18.404486395
-76.936615161 18.410295018
-76.920338346 18.412195466
-76.907118208 18.411205408
-76.894918864 18.409251286
-76.887826569 18.400552413
-76.89091563 18.389946614
-76.890948124 18.376440534
-76.879782825 18.366768827
-76.844210638 18.345446595
-76.812754214 18.328009665
-76.807622331 18.3183083
-76.798329231 18.292059637
-76.792388476 18.283392645
-76.782826301 18.277818101
-76.764637825 18.273016669
-76.712880012 18.269191799
-76.695708788 18.26557038
-76.681019661 18.258124091
-76.661976692 18.239813544
-76.647328254 18.230780341
-76.630360481 18.225734768
-76.597158168 18.227747763
-76.579770105 18.216029546
-76.574208137 18.214667059
-76.569203254 18.210109768
-76.563059049 18.205959377
-76.554798957 18.204087632
-76.479725715 18.204087632
-76.474476692 18.201076565
-76.466623502 18.186753648
-76.463002082 18.182359117
-76.389393684 18.169175523
-76.351144986 18.155991929
-76.346262174 18.135199286
-76.317860481 18.10927969
-76.295806444 18.079169012
-76.263742642 18.012355861
