76.976417277 35.578656312
77.017551718 35.584599101
77.039049113 35.585012512
77.058169393 35.580103252
77.071088501 35.571008199
77.092275839 35.547805482
77.105298299 35.537986959
77.141265096 35.52537791
77.177541951 35.523155823
77.250819133 35.530700582
77.281101522 35.528013408
77.305389445 35.517833151
77.352001587 35.486052145
77.383730916 35.471996155
77.412773071 35.469412333
77.476438436 35.477163798
77.512198527 35.478455709
77.519608178 35.477439204
77.660613241 35.458095195
77.689655396 35.462694397
77.716733846 35.4754068
77.747429647 35.494320374
77.760348755 35.498092753
77.773577922 35.498971253
77.800346314 35.495405579
77.424658651 35.302923788
77.048970988 35.110441997
76.9131608645 35.3782768555
76.777350741 35.646111714
76.782837362 35.64573232
76.824591919 35.647799378
76.842988729 35.641288148
76.856941365 35.628575745
76.880505819 35.600670472
76.89642216 35.589611715
76.915025676 35.583152161
76.935799602 35.579638164
76.976417277 35.578656312
