-176.207020637 -22.338799738
-176.210194465 -22.338799738
-176.21589108 -22.335137628
-176.219309049 -22.329847915
-176.218251106 -22.324883722
-176.213490364 -22.323907159
-176.20421302 -22.326918227
-176.198109504 -22.3319638
-176.201852994 -22.336114191
-176.207020637 -22.338799738
-174.913929817 -21.444105727
-174.920277473 -21.454196873
-174.935861783 -21.445489191
-174.942209439 -21.430271092
-174.954904752 -21.41806406
-174.983631965 -21.397719008
-174.983631965 -21.390883071
-174.979685025 -21.389418227
-174.96996009 -21.383965753
-174.975819465 -21.373142185
-174.976877408 -21.359551691
-174.971750455 -21.347914321
-174.951852994 -21.3397763
-174.945505338 -21.33212656
-174.935861783 -21.315687758
-174.933542447 -21.309502863
-174.926136848 -21.294610284
-174.918405728 -21.284437758
-174.914743619 -21.292168878
-174.908518033 -21.329359633
-174.909047004 -21.344496352
-174.914743619 -21.381442967
-174.913929817 -21.444105727
-175.315419075 -21.121351821
-175.306507942 -21.121677342
-175.249826627 -21.111260675
-175.240589973 -21.113702081
-175.233102994 -21.119317316
-175.225209114 -21.123793227
-175.218861457 -21.130059503
-175.216379361 -21.141045831
-175.231312629 -21.150079034
-175.238229947 -21.158379816
-175.234079556 -21.168633722
-175.223581509 -21.172539972
-175.213571744 -21.168389581
-175.203561978 -21.161553644
-175.193104621 -21.158135675
-175.18077552 -21.1600888
-175.163075325 -21.169366144
-175.154977994 -21.17180755
-175.140126106 -21.168389581
-175.134226041 -21.157891534
-175.128407356 -21.144138279
-175.113962369 -21.130791925
-175.103708463 -21.126234633
-175.0908097 -21.122735284
-175.077381965 -21.121514581
-175.065541145 -21.123955988
-175.054636197 -21.131524347
-175.050892707 -21.139336847
-175.05186927 -21.154961847
-175.060495572 -21.163750909
-175.117380338 -21.20305755
-175.120961067 -21.211683852
-175.119333463 -21.222344659
-175.115915494 -21.233575128
-175.113962369 -21.244073175
-175.117624478 -21.255954685
-175.126535611 -21.262790623
-175.13780677 -21.266208592
-175.148752408 -21.267998956
-175.170358853 -21.263360284
-175.180490689 -21.255059503
-175.19652259 -21.22633229
-175.209665494 -21.214450779
-175.257313606 -21.192152602
-175.264841275 -21.199639581
-175.289621549 -21.185967706
-175.303781705 -21.180759373
-175.316273567 -21.178643488
-175.325754361 -21.173597915
-175.350453254 -21.141045831
-175.364816861 -21.113946222
-175.355295377 -21.08961354
-175.332142707 -21.071221613
-175.30577552 -21.06259531
-175.318226692 -21.076836847
-175.334055142 -21.08961354
-175.3408097 -21.102634373
-175.326242642 -21.11712005
-175.315419075 -21.121351821
-174.320179817 -19.819268488
-174.339344856 -19.821872654
-174.346994595 -19.818129165
-174.353138801 -19.813734633
-174.357858853 -19.80836354
-174.361073371 -19.801364842
-174.347523567 -19.79680755
-174.33698483 -19.787774347
-174.329660611 -19.774997654
-174.325672981 -19.759698175
-174.320749478 -19.760674738
-174.30980384 -19.764743748
-174.3058569 -19.767185154
-174.31379147 -19.784763279
-174.315134244 -19.80445729
-174.320179817 -19.819268488
-175.04784095 -19.78118255
-175.059315559 -19.801364842
-175.059315559 -19.793877863
-175.065541145 -19.801364842
-175.070505338 -19.795586847
-175.075754361 -19.792250258
-175.087269661 -19.787692967
-175.086496549 -19.787286066
-175.087635871 -19.784763279
-175.087269661 -19.780857029
-175.099476692 -19.74976979
-175.100331184 -19.739841404
-175.096669075 -19.720798435
-175.090646939 -19.712660415
-175.081654426 -19.711358331
-175.069284634 -19.712009373
-175.053334114 -19.723809503
-175.046009895 -19.751153253
-175.04784095 -19.78118255
-174.271677213 -19.749118748
-174.287546353 -19.750583592
-174.302194791 -19.744073175
-174.30581621 -19.733005467
-174.288197395 -19.723728123
-174.278187629 -19.710625909
-174.269968228 -19.696872654
-174.257435676 -19.684665623
-174.252186653 -19.69931406
-174.25519772 -19.712172133
-174.261057095 -19.724297784
-174.264271614 -19.736423435
-174.271677213 -19.749118748
-174.244007942 -19.646254165
-174.249256965 -19.653741144
-174.264271614 -19.650485935
-174.275217252 -19.635674738
-174.288441536 -19.611097915
-174.293039517 -19.592705988
-174.277902799 -19.595879816
-174.272775845 -19.604261977
-174.267770963 -19.626153253
-174.260853645 -19.630547784
-174.247995572 -19.635918878
-174.244007942 -19.646254165
-174.640451627 -18.816582941
-174.653797981 -18.817478123
-174.664133267 -18.801364842
-174.66124427 -18.786879165
-174.6496069 -18.779554946
-174.63385983 -18.785332941
-174.626820442 -18.797539972
-174.630238411 -18.809014581
-174.640451627 -18.816582941
-173.914255338 -18.606133722
-173.91515052 -18.626885675
-173.92296302 -18.636976821
-173.942087369 -18.615817967
-173.952951627 -18.620700779
-173.958607551 -18.626722915
-173.957630989 -18.634209894
-173.948963996 -18.643161717
-173.957224088 -18.653008722
-173.962595181 -18.663506769
-173.976633267 -18.660577081
-173.985951301 -18.670993748
-173.990589973 -18.688083592
-173.990549283 -18.705173435
-174.003041145 -18.698500258
-174.009958463 -18.687107029
-174.017201301 -18.663506769
-174.0011694 -18.657403253
-174.000355598 -18.645684503
-174.006459114 -18.634372654
-174.010975715 -18.629489842
-174.022328254 -18.638848566
-174.025624153 -18.653741144
-174.030140754 -18.663344008
-174.045155403 -18.656833592
-174.046131965 -18.662367446
-174.049061653 -18.663506769
-174.053578254 -18.663181248
-174.059437629 -18.663506769
-174.072499153 -18.633965753
-174.053578254 -18.619073175
-174.025461392 -18.604913019
-174.010975715 -18.57789479
-174.004139778 -18.570977472
-173.988107877 -18.567315363
-173.96983802 -18.56617604
-173.956369595 -18.567315363
-173.941273567 -18.572849217
-173.934274869 -18.579278253
-173.927967903 -18.586683852
-173.915394661 -18.595310154
-173.914255338 -18.606133722
-175.617787239 -15.60149505
-175.639149543 -15.624281508
-175.668894009 -15.621514581
-175.686268684 -15.602308852
-175.683338996 -15.58212656
-175.663767056 -15.566013279
-175.631337043 -15.559502863
-175.612619595 -15.573337498
-175.617787239 -15.60149505
