-60.90729733 10.837144273
-60.949777799 10.763495184
-61.002268033 10.69936758
-61.020863411 10.702704169
-61.032704231 10.68353913
-61.038075325 10.653631903
-61.036976692 10.62490469
-61.017567512 10.564113674
-61.013539192 10.534491278
-61.042469856 10.509955145
-61.041859504 10.481878973
-61.038441536 10.463649807
-61.028146939 10.408514716
-61.023019986 10.394842841
-61.016346809 10.382147528
-60.998443163 10.355943101
-60.961293098 10.330023505
-60.990223762 10.299261786
-61.002797004 10.247544664
-61.003325976 10.189113674
-60.996001757 10.138251044
-61.017486132 10.142889716
-61.041574674 10.135646877
-61.064320442 10.121812242
-61.082020637 10.106878973
-61.099680142 10.095200914
-61.12238522 10.086818752
-61.167347786 10.076157945
-61.177642382 10.075181382
-61.191639778 10.073797919
-61.253000455 10.083644924
-61.275013801 10.081732489
-61.338693814 10.069322007
-61.417469856 10.076157945
-61.503081835 10.069322007
-61.504139778 10.069525458
-61.54409746 10.076157945
-61.553456184 10.073879299
-61.581939257 10.06256745
-61.593129036 10.061428127
-61.612782356 10.056789455
-61.622914192 10.055650132
-61.637033658 10.057806708
-61.646962043 10.062974351
-61.656076627 10.069647528
-61.667591926 10.076157945
-61.686187304 10.081610419
-61.706695116 10.083970445
-61.793324348 10.084133205
-61.817046679 10.081366278
-61.835194465 10.072739976
-61.849842903 10.061468817
-61.869292773 10.050034898
-61.889759895 10.042303778
-61.90721595 10.042059637
-61.928700325 10.056463934
-61.9189347 10.070013739
-61.886708137 10.086737372
-61.881947395 10.090480861
-61.870961067 10.09381745
-61.838531054 10.099839585
-61.831939257 10.106146552
-61.82152259 10.1211612
-61.80589759 10.13287995
-61.789173957 10.140936591
-61.71206621 10.163641669
-61.707386848 10.165879624
-61.66905677 10.184027411
-61.639312304 10.210069078
-61.638783332 10.210516669
-61.639637825 10.240668036
-61.626942512 10.247259833
-61.611805793 10.247503973
-61.560129361 10.238714911
-61.52078203 10.240139065
-61.517811653 10.240261135
-61.506581184 10.240668036
-61.495269335 10.245021877
-61.481922981 10.255682684
-61.46983802 10.269273179
-61.46214759 10.282212632
-61.458363411 10.302191473
-61.459624804 10.309719143
-61.461252408 10.318996486
-61.466297981 10.335191148
-61.468983528 10.353949286
-61.470814582 10.35936107
-61.479562955 10.366603908
-61.482655403 10.37099844
-61.483062304 10.376450914
-61.480336067 10.377915757
-61.476918098 10.378607489
-61.475209114 10.381537177
-61.476185676 10.389308986
-61.482004361 10.408880927
-61.485747851 10.415716864
-61.487945116 10.430121161
-61.482248502 10.449855861
-61.468983528 10.480861721
-61.462310351 10.518866278
-61.46214759 10.558172919
-61.472279426 10.594875393
-61.496245898 10.62490469
-61.488880989 10.631048895
-61.528797981 10.657904364
-61.549061653 10.667059637
-61.577626106 10.67991771
-61.599029101 10.684393622
-61.650013801 10.687811591
-61.656361457 10.689764716
-61.66128496 10.695135809
-61.667591926 10.706773179
-61.615630663 10.74217357
-61.602121549 10.747748114
-61.561146614 10.744330145
-61.515126106 10.754950262
-61.490101692 10.754624742
-61.485747851 10.754584052
-61.473215299 10.760239976
-61.465565559 10.770249742
-61.460438606 10.774359442
-61.455311653 10.762030341
-61.447865364 10.762030341
-61.447580533 10.765366929
-61.447865364 10.775702216
-61.441721158 10.775702216
-61.441029426 10.770656643
-61.439361132 10.768011786
-61.437001106 10.76585521
-61.434234179 10.762030341
-61.441721158 10.754584052
-61.433420377 10.756537177
-61.427561002 10.761175848
-61.423654752 10.765936591
-61.421213345 10.768255927
-61.401926236 10.768866278
-61.400054491 10.768255927
-61.39183509 10.775620835
-61.372914192 10.797512111
-61.366566536 10.802964585
-61.35260983 10.804103908
-61.349110481 10.804388739
-61.296131965 10.798041083
-61.180083788 10.797552802
-61.171579556 10.803941148
-61.154855924 10.8164737
-61.096547004 10.823431708
-61.078521288 10.830959377
-60.948841926 10.845282294
-60.90729733 10.837144273
-60.523060676 11.34365469
-60.522084114 11.318833726
-60.525542773 11.288153387
-60.533029752 11.266506252
-60.54417884 11.269110419
-60.550363736 11.269110419
-60.556507942 11.25409577
-60.565297004 11.252427476
-60.57526608 11.255764065
-60.585113085 11.255519924
-60.58706621 11.251125393
-60.602040168 11.231431382
-60.605580207 11.23065827
-60.628773567 11.216538804
-60.636057095 11.210760809
-60.647124804 11.204169012
-60.659779426 11.204291083
-60.671864387 11.206732489
-60.681304491 11.2070987
-60.741769986 11.177069403
-60.759510871 11.172919012
-60.78644772 11.149969794
-60.803334114 11.143255927
-60.810414192 11.159247137
-60.82542884 11.151800848
-60.839344856 11.154120184
-60.847523567 11.16396719
-60.845204231 11.179144598
-60.836740689 11.183335679
-60.822865364 11.185532945
-60.809925911 11.190659898
-60.804269986 11.203680731
-60.794341601 11.216620184
-60.709706184 11.271307684
-60.691639778 11.288885809
-60.681304491 11.296454169
-60.668609179 11.302923895
-60.635812955 11.314846096
-60.607574023 11.320705471
-60.595814582 11.327297268
-60.583648241 11.329535223
-60.567738411 11.32029857
-60.560373502 11.321193752
-60.541330533 11.343410549
-60.530506965 11.351060289
-60.523060676 11.34365469
