43.240733269 11.487860419
43.188814683 11.407763994
42.923715454 10.99878713
42.908109171 11.004187317
42.898083944 10.995686544
42.888058716 10.983568421
42.873279256 10.978245748
42.860153442 10.980416159
42.835452108 10.987444153
42.794110962 10.991604106
42.771786743 10.996461691
42.754836873 11.010543518
42.729618774 11.065010478
42.710395141 11.072115987
42.68652063 11.073046163
42.615620565 11.089660136
42.608145089 11.08908769
42.569731893 11.086146139
42.479711548 11.059119364
42.413255656 11.015943705
42.39175826 11.005892639
42.376668741 11.006667786
42.361165813 11.011887105
42.338531535 11.015504456
42.30587203 11.004600729
42.297293742 11.003773906
42.279413696 11.004394022
42.270835409 11.003515523
42.23517867 10.987702535
42.221639445 10.984343567
42.202725871 10.984550273
42.151359497 10.996203308
42.09627242 10.990260518
42.069400676 10.981501363
42.038394816 10.950443828
42.010799601 10.9435967
41.954162231 10.941271261
41.947340942 10.93853241
41.942793417 10.933545634
41.93752242 10.929824931
41.92884078 10.931065165
41.922846313 10.936026103
41.920262492 10.941943055
41.916851847 10.947059022
41.798719523 10.970675151
41.773811483 10.980054423
41.766523098 10.989466077
41.761305786 10.996203308
41.779289185 11.024677023
41.785593709 11.067387594
41.787970825 11.259727275
41.775671834 11.36842865
41.749833619 11.483382874
41.749110148 11.537953186
41.778669068 11.628645325
41.792414998 11.704454651
41.808227987 11.736235657
41.823007446 11.746105856
41.862281535 11.763055725
41.87220341 11.775871481
41.877784465 11.790134176
41.8862594 11.796025289
41.897524862 11.799384257
41.911477499 11.805947164
41.925326782 11.81643748
41.936385538 11.82744456
41.974680254 11.880909874
42.057308391 11.996271464
42.09771936 12.070168762
42.108778117 12.082106019
42.13234257 12.093474833
42.14030074 12.105825501
42.155493612 12.142257386
42.288715455 12.321006165
42.319204549 12.386376852
42.379459269 12.46590688
42.430928995 12.520322164
42.448498983 12.523371074
42.475680787 12.516343079
42.521569458 12.496240947
42.678252401 12.360021871
42.691481568 12.378832093
42.696187126 12.380125786
42.727758423 12.388805644
42.741401001 12.408080953
42.749875936 12.417072652
42.779744914 12.422602031
42.79225061 12.429164937
42.798038371 12.456088358
42.788736613 12.487455953
42.785222615 12.517221578
42.828837524 12.557632548
42.852091919 12.611737772
42.868835083 12.626155498
42.877723429 12.625070292
42.890125773 12.6154068
42.900357707 12.616388652
43.117686394 12.707912502
43.133962436 12.697211005
43.14332116 12.679510809
43.15113366 12.659735419
43.161794467 12.642726955
43.259613477 12.533351955
43.283213738 12.496527411
43.297373894 12.482001044
43.312998894 12.477687893
43.329356316 12.488755601
43.329356316 12.453558661
43.331228061 12.436712958
43.336192254 12.419907945
43.344086134 12.40615469
43.353200717 12.395209052
43.360524936 12.38300202
43.363536004 12.365301825
43.364756707 12.327134507
43.367849155 12.306870835
43.37403405 12.29295482
43.411387566 12.241766669
43.414317254 12.224920966
43.411387566 12.166652736
43.418711785 12.091253973
43.413340691 12.059271552
43.398773634 12.029527085
43.377126498 12.004828192
43.35043379 11.987941799
43.34253991 11.985663153
43.315684441 11.981105861
43.288340691 11.967433986
43.26840254 11.963812567
43.22543379 11.962876695
43.206553582 11.957831122
43.174001498 11.935003973
43.097178582 11.844549872
43.091970248 11.841294664
43.086029493 11.838853257
43.076182488 11.834702867
43.06918379 11.830267645
43.064707879 11.823431708
43.060883009 11.809556382
43.055511915 11.803615627
43.041514519 11.798529364
42.986827019 11.796087958
42.972504102 11.790838934
42.957530144 11.780462958
42.942637566 11.773830471
42.915537957 11.783596096
42.896494988 11.780585028
42.80339603 11.747992255
42.777191602 11.732245184
42.754079623 11.707953192
42.684092644 11.58226146
42.677419467 11.573675848
42.667979363 11.568548895
42.636973504 11.559556382
42.62769616 11.559068101
42.603770379 11.563381252
42.577403191 11.56240469
42.56902103 11.563381252
42.563487175 11.567206122
42.554047071 11.580267645
42.548594597 11.583807684
42.526866082 11.582464911
42.515147332 11.57412344
42.514984571 11.567206122
42.528086785 11.57021719
42.532481316 11.548488674
42.532481316 11.547471421
42.533050977 11.52350495
42.538747592 11.502997137
42.571625196 11.490464585
42.591563347 11.472479559
42.603770379 11.467759507
42.617686394 11.470282294
42.633555535 11.484808661
42.644786004 11.48822663
42.653493686 11.485907294
42.66285241 11.481634833
42.672536655 11.479722398
42.681651238 11.48452383
42.687510613 11.497219143
42.680674675 11.504787502
42.670420769 11.509955145
42.665293816 11.51557038
42.674082879 11.532131252
42.69410241 11.545965887
42.739756707 11.563381252
42.80746504 11.571275132
42.829112175 11.576971747
42.839528842 11.584458726
42.847504102 11.592718817
42.855804884 11.595770575
42.866953972 11.587591864
42.875173373 11.583685614
42.900726759 11.584051825
43.040537957 11.58592357
43.061859571 11.590155341
43.081797722 11.589544989
43.103363477 11.576971747
43.123057488 11.581488348
43.133555535 11.595282294
43.141123894 11.608587958
43.151866082 11.611761786
43.157888217 11.601304429
43.172211134 11.54287344
43.173106316 11.541652736
43.183848504 11.526556708
43.195160352 11.518296617
43.226328972 11.501898505
43.240733269 11.487860419
