-68.780751106 12.09780508
-68.745228645 12.062241929
-68.739735481 12.053045966
-68.748646614 12.04702383
-68.769846158 12.04291413
-68.794748502 12.041327216
-68.814808723 12.04315827
-68.841175911 12.055487372
-68.893422004 12.090521552
-68.944732226 12.10561758
-68.97777259 12.124579169
-69.007435676 12.148179429
-69.020253059 12.169745184
-69.027211067 12.190090236
-69.043609179 12.196682033
-69.062896288 12.198431708
-69.078602668 12.204250393
-69.091908332 12.219875393
-69.122670051 12.269029039
-69.134388801 12.27732982
-69.148101366 12.284409898
-69.159535286 12.293361721
-69.164296028 12.306952216
-69.161976692 12.342840887
-69.163807746 12.361883856
-69.171742317 12.37889232
-69.166127082 12.387844143
-69.16120358 12.391506252
-69.156239387 12.39061107
-69.150624153 12.385728257
-69.107777473 12.367824611
-69.089588996 12.356878973
-69.07152259 12.341376044
-69.060414192 12.322577216
-69.049956835 12.276109117
-69.040760871 12.256048895
-69.004017707 12.221665757
-68.961293098 12.201361395
-68.835275845 12.171047268
-68.820790168 12.162339585
-68.814808723 12.149603583
-68.811838345 12.129339911
-68.804025845 12.117010809
-68.780751106 12.09780508
