35.80363326 33.248462626
35.807664022 33.201721294
35.830194946 33.189990743
35.833398885 33.161129456
35.822443481 33.141569926
35.811488078 33.126764629
35.811488078 33.111907654
35.848901815 33.098678487
35.845801229 33.085423482
35.859030395 32.990209656
35.86461145 32.977729797
35.88807255 32.944941101
35.874016561 32.922332662
35.866885213 32.920782369
35.849728638 32.895822653
35.838049764 32.866031189
35.84187382 32.853577169
35.834225708 32.827945658
35.784202921 32.77794871
35.757590349 32.744346858
35.75743453 32.744281514
35.740174601 32.740534973
35.685190877 32.711234437
35.652014608 32.686171366
35.635994913 32.679143372
35.61233385 32.681535197
35.612223755 32.681546326
35.593826945 32.670358378
35.578737427 32.653434347
35.56984908 32.646768087
35.562717733 32.644210104
35.560547323 32.640902812
35.560030558 32.63268626
35.56406132 32.625477397
35.572536255 32.62123993
35.572536255 32.61501292
35.565611613 32.61501292
35.565611613 32.607545675
35.571296021 32.598553975
35.574396606 32.572767436
35.579977661 32.56039093
35.575843546 32.554964905
35.574396606 32.554396464
35.573879842 32.556747742
35.572536255 32.56039093
35.570159139 32.556825257
35.565611613 32.546102397
35.559410441 32.552949524
35.562821086 32.532020569
35.565611613 32.525586853
35.551969035 32.525586853
35.551969035 32.518817241
35.557240031 32.519334005
35.561374145 32.519178976
35.568505493 32.510264791
35.57057255 32.506027324
35.579977661 32.497733256
35.579977661 32.491480408
35.570985962 32.489206645
35.564991495 32.483909811
35.561270792 32.477088522
35.559410441 32.470396423
35.563131144 32.468174337
35.565404907 32.466313985
35.568092082 32.464970398
35.572536255 32.464195252
35.572536255 32.456728007
35.56623173 32.453110657
35.559410441 32.450526835
35.565611613 32.443705546
35.551969035 32.436212464
35.554139445 32.434455465
35.556206502 32.434791362
35.557860149 32.434119568
35.559410441 32.429442851
35.551969035 32.429442851
35.551969035 32.423241679
35.558170207 32.417996522
35.559100383 32.413965759
35.554862915 32.411175232
35.545147746 32.409573263
35.549591919 32.398540345
35.551969035 32.39528473
35.55682662 32.390918071
35.560960734 32.384716899
35.480138794 32.402416077
35.456677694 32.407609559
35.432803182 32.408255514
35.406861613 32.414792582
35.401383911 32.440010681
35.401797322 32.470964864
35.392908976 32.494477641
35.363143351 32.510109762
35.333377726 32.513081157
35.270435832 32.510471497
35.252245727 32.515949198
35.223720337 32.535896302
35.210359354 32.541867563
35.208630819 32.542640076
35.190750773 32.5417099
35.176798137 32.532692363
35.151683391 32.507913513
35.120677531 32.491325379
35.0907052 32.479233094
35.064350219 32.463135885
35.044713175 32.434119568
35.032730301 32.382200261
35.028796835 32.365157369
35.021562134 32.344590149
35.017841431 32.342213033
35.004508911 32.338053081
35.000684855 32.335727641
34.996550741 32.323041077
34.993036743 32.29157013
34.989936158 32.278470154
35.002441854 32.275137024
35.009366496 32.267643942
35.011123494 32.257101949
35.007609497 32.244389547
35.000271444 32.232013041
34.961410767 32.201575623
34.948078247 32.186873678
34.946114542 32.177261861
34.962340943 32.146359355
34.96730188 32.129461161
34.979910929 32.035203349
34.980427694 32.016548157
34.978670695 31.994378967
34.978670695 31.993707174
34.978980753 31.993087057
34.979600871 31.992570292
34.980324341 31.992156881
34.981151163 31.988849589
34.981461223 31.985232239
34.981151163 31.981614889
34.980324341 31.978204244
34.976086873 31.948231913
34.99582727 31.909164531
35.00771285 31.875678202
34.980324341 31.862604065
34.95324589 31.854439189
34.947326194 31.840925146
34.945391073 31.836507467
34.954796183 31.819764303
34.987765747 31.814803366
35.00337203 31.814648336
35.010503378 31.81588857
35.020425252 31.821159567
35.038098592 31.837385966
35.045539999 31.841416728
35.05969934 31.839401347
35.111892538 31.818058981
35.181449015 31.804106344
35.198398885 31.795166321
35.206253703 31.782763977
35.208010701 31.766124166
35.206563761 31.744626771
35.202843058 31.738942363
35.198295532 31.737702129
35.193127889 31.739872539
35.187443481 31.744471741
35.125741821 31.733102925
35.106724894 31.72493805
35.088844849 31.712587382
35.054014934 31.68220164
34.973606405 31.630370178
34.955312948 31.611870016
34.953175543 31.608319958
34.937329549 31.582001038
34.932885376 31.554922588
34.932471965 31.526965637
34.926787557 31.494409485
34.881725708 31.429865621
34.867152954 31.39643097
34.878831827 31.362841289
34.900949341 31.34847524
34.927407674 31.344909567
34.954899536 31.34863027
34.980324341 31.356175029
35.040165649 31.363203024
35.164912557 31.362272848
35.223306925 31.381031393
35.332344198 31.458804423
35.390118449 31.487071432
35.458124634 31.491929016
35.458538045 31.491618958
35.457127556 31.433524394
35.4568844 31.42350942
35.452853637 31.400823466
35.435076945 31.360619202
35.416473429 31.331835429
35.423914835 31.324600728
35.42226119 31.30299998
35.4082052 31.282019349
35.395699504 31.257679749
35.401177206 31.230291239
35.410685669 31.204608053
35.421331014 31.184505921
35.436213827 31.159546204
35.443241821 31.132209371
35.43848759 31.103735657
35.391565389 31.023947246
35.385157511 30.994646708
35.385260864 30.963279114
35.374098755 30.945140686
35.347110284 30.922709635
35.33492802 30.912584534
35.322215617 30.889950256
35.319528442 30.867315979
35.320045206 30.844940084
35.316634562 30.822822571
35.310846802 30.813314107
35.293896932 30.800188293
35.286145467 30.792333476
35.279530884 30.780241191
35.276120239 30.768975728
35.271572713 30.743705953
35.263881904 30.719966986
35.263821249 30.719779765
35.205323527 30.617098694
35.162122029 30.494677226
35.157367797 30.470854391
35.140004517 30.430185038
35.140004517 30.406155497
35.144965454 30.395871887
35.159331502 30.375614726
35.162122029 30.361403707
35.15995162 30.347502747
35.154473918 30.336754049
35.147755981 30.326470439
35.141761515 30.313964743
35.132356405 30.261874898
35.125225057 30.244666647
35.124811645 30.216089579
35.145275512 30.154904684
35.145275512 30.12338206
35.129049113 30.089740702
35.086261027 30.034033509
35.074685506 29.994604391
35.074065389 29.982563782
35.070344686 29.973727112
35.065383748 29.965975647
35.06145634 29.957345683
35.054118286 29.923394267
35.05318811 29.862622782
35.048950642 29.842313945
35.002545207 29.733095805
34.995103801 29.708161927
34.989832804 29.651963807
34.980324341 29.62700409
34.966991822 29.608116354
34.959860474 29.586205547
34.9555802768 29.5589870928
34.955577019 29.558986721
34.951345248 29.545640367
34.944997592 29.536851304
34.927744988 29.518011786
34.919769727 29.507391669
34.915782097 29.50023021
34.914073113 29.493801174
34.910817905 29.489935614
34.903005405 29.489691473
34.893728061 29.490545966
34.8867293625 29.490057684
34.878108358 29.504298401
34.855267375 29.545717062
34.84823938 29.56964325
34.850099732 29.638760478
34.824364868 29.741699931
34.785194133 29.835699361
34.741372518 29.940240784
34.735067993 29.994552714
34.735584758 30.00070221
34.73496464 30.006696676
34.733207642 30.012587789
34.730417114 30.018168844
34.69165979 30.11454539
34.632645304 30.262029928
34.599469035 30.344505513
34.588410279 30.358819886
34.533839966 30.400212708
34.526915324 30.409617818
34.524744914 30.421141662
34.526501912 30.43871165
34.536010376 30.468580628
34.536217081 30.48217153
34.526295207 30.494522196
34.526295207 30.494573873
34.510378866 30.513332418
34.5043844 30.530333965
34.502213989 30.57167511
34.480406535 30.651205139
34.418808228 30.791299947
34.367855266 30.907416891
34.329511353 30.994491679
34.297988729 31.07877594
34.258611287 31.184144186
34.248350857 31.211448958
34.264399048 31.22419342
34.315868775 31.256904602
34.350905396 31.289254049
34.353799276 31.306358948
34.345531046 31.340723776
34.345841105 31.357725322
34.367338501 31.392813619
34.480406535 31.485624492
34.495496054 31.494409485
34.495702759 31.494409485
34.528258911 31.520144348
34.530429321 31.541383362
34.511412394 31.561588847
34.481204125 31.583141323
34.481211785 31.583156643
34.489512566 31.600409247
34.513926629 31.627142645
34.602712436 31.75775788
34.609629754 31.76552969
34.665944858 31.873887437
34.693207227 31.926459052
34.711924675 31.951605536
34.743337436 32.039862372
34.743988477 32.044623114
34.742686394 32.055609442
34.743337436 32.060370184
34.757009311 32.06659577
34.837657097 32.280707098
34.873220248 32.430324611
34.904144727 32.560614325
34.909841342 32.57025788
34.915863477 32.614894924
34.92090905 32.628241278
34.919118686 32.642971096
34.942067905 32.724514065
34.947520379 32.814154364
34.955577019 32.834377346
34.970469597 32.841376044
34.98316491 32.838771877
35.003428582 32.827541408
35.018728061 32.825018622
35.027679884 32.826605536
35.062754754 32.858343817
35.067067905 32.866848049
35.075531446 32.893093166
35.079600457 32.905829169
35.077810092 32.91787344
35.0654403 32.923081773
35.071543816 32.937933661
35.078461134 32.998846747
35.091970248 33.03119538
35.096202019 33.050360419
35.092133009 33.067694403
35.09644616 33.071356512
35.101817254 33.077622789
35.106455925 33.080755927
35.099619988 33.087591864
35.10425866 33.088527736
35.105235222 33.089016018
35.185273072 33.083976542
35.189613891 33.085526836
35.200672648 33.092735698
35.207183879 33.094802755
35.213178345 33.09444102
35.227337687 33.091366272
35.234469035 33.090927023
35.27146936 33.101184794
35.283664998 33.101184794
35.288824698 33.09920123
35.294620402 33.096973165
35.305782511 33.08937673
35.315704387 33.07922231
35.322629028 33.067362569
35.331930786 33.057156474
35.345159953 33.055580342
35.401590617 33.06793101
35.449442993 33.085216777
35.480138794 33.087387187
35.485099731 33.102605896
35.503703247 33.130614523
35.512281535 33.147409363
35.517655884 33.172885844
35.520033 33.222185161
35.527784465 33.244250997
35.536879516 33.257867737
35.54277063 33.271536153
35.549488566 33.281018779
35.56116744 33.282129822
35.5669552 33.276187032
35.585041951 33.252209168
35.597754354 33.24435435
35.597857707 33.244380188
35.598064413 33.244250997
35.603852173 33.240091044
35.603892448 33.240322623
35.604575643 33.244250997
35.604575643 33.244302674
35.604575643 33.24435435
35.601475057 33.262725322
35.610363403 33.270270081
35.624716109 33.272924349
35.64054244 33.275851136
35.660489543 33.289261169
35.698523397 33.322669983
35.716196737 33.326726583
35.729425903 33.327811788
35.743688599 33.331170757
35.757537882 33.336312561
35.769423462 33.342642924
35.785753215 33.357887472
35.805700317 33.391347962
35.821099894 33.4067217
35.822443481 33.40137319
35.816965779 33.395197856
35.815415487 33.378868104
35.812314901 33.373364563
35.809937785 33.360032044
35.793504679 33.349929302
35.785753215 33.342875468
35.763842407 33.334400533
35.802082967 33.312489726
35.768596639 33.272698873
35.775624634 33.264895732
35.80363326 33.248462626
