33.925401652 35.062770487
33.941111287 35.059721578
33.962918742 35.068299867
34.008910767 35.059721578
34.0122889402 35.0637952582
34.012299024 35.063788153
34.02196073 35.0570087211
34.017489054 35.051866761
34.011908 35.04881785
34.001986124 35.047215882
33.989480428 35.051866761
33.980075317 35.057396139
33.962091919 35.057396139
33.944935343 35.051091613
33.930776001 35.051091613
33.921474244 35.053417053
33.910518839 35.057396139
33.898116496 35.061271872
33.9065057114 35.0691046596
33.906591431 35.069049174
33.912895955 35.06592275
33.925401652 35.062770487
32.653489624 35.174339906
32.646461629 35.161110738
32.633955932 35.154082743
32.622225382 35.15180898
32.607497599 35.154082743
32.592614787 35.161110738
32.58480879 35.172512111
32.601898634 35.178615627
32.6019153501 35.1786216138
32.602743367 35.174339906
32.615197388 35.163436178
32.626204468 35.165089824
32.634782756 35.172841289
32.639433634 35.183745017
32.640694328 35.1870768331
32.640716993 35.187079169
32.650401238 35.188055731
32.659812714 35.1870821303
32.653489624 35.174339906
33.427705933 35.168138733
33.440004924 35.148656718
33.450960326 35.132223613
33.469770548 35.10416331
33.476798543 35.094809876
33.476798543 35.076826477
33.476798543 35.057396139
33.471320842 35.038534241
33.46584314 35.014401347
33.46656661 35.005099589
33.476798543 35.002722473
33.476798543 35.008975322
33.478348837 35.019103903
33.481449422 35.031609599
33.486203654 35.038534241
33.493851767 35.056620993
33.50015629 35.061271872
33.507184285 35.061271872
33.516434366 35.059721578
33.52899174 35.055794169
33.535192912 35.056620993
33.536794882 35.066749573
33.540670614 35.073054098
33.546871785 35.073054098
33.555450073 35.066749573
33.561754597 35.058171285
33.566405476 35.043340149
33.57896285 35.035485332
33.591520224 35.033935039
33.602268921 35.041686503
33.614051147 35.046440734
33.637512248 35.030834453
33.652188354 35.030834453
33.656115763 35.032384745
33.670998576 35.030834453
33.679443836 35.03389111
33.68500289 35.02928416
33.702211141 35.022256165
33.705311727 35.01522817
33.696630086 35.008975322
33.699730672 35.002722473
33.715440308 34.997296448
33.711461222 34.985565899
33.702934611 34.987943014
33.700557494 34.988666484
33.68500289 34.997296448
33.674099162 34.998795064
33.661593465 35.000345357
33.639786011 35.009750468
33.630329224 35.013626201
33.61952885 35.01683014
33.611674032 35.013626201
33.602992391 35.012075908
33.591520224 35.018380432
33.580564819 35.019930725
33.571883179 35.014401347
33.564131714 35.00117218
33.546044962 34.994971009
33.533642619 34.999570211
33.527441447 35.012851054
33.527441447 35.037035624
33.51958663 35.044115295
33.510284871 35.037035624
33.502810574 35.030870057
33.497004028 35.026080221
33.493128296 34.997296448
33.486203654 34.981638489
33.469770548 34.977762757
33.458815145 34.977762757
33.449410034 34.987943014
33.446309448 35.00117218
33.45251062 35.019103903
33.458815145 35.041686503
33.458815145 35.061271872
33.460365437 35.077601624
33.458815145 35.094809876
33.457264852 35.101062724
33.443208863 35.113568421
33.432356812 35.123645325
33.424501994 35.129898174
33.421401408 35.144729309
33.421401408 35.157235006
33.415923706 35.160335592
33.398663778 35.158010153
33.373032267 35.155684713
33.356599161 35.157235006
33.348020875 35.154909566
33.327712036 35.136926168
33.315258016 35.129123027
33.313656046 35.121319886
33.309056844 35.11589386
33.301202027 35.113568421
33.278567749 35.1182193
33.262134643 35.126074118
33.252109416 35.136926168
33.238673544 35.149431864
33.228544962 35.153359274
33.216142619 35.154082743
33.202810099 35.158010153
33.18947758 35.162661032
33.173871297 35.162661032
33.149686727 35.148656718
33.143485555 35.14007843
33.137129354 35.136099345
33.123073364 35.13067332
33.098217 35.13067332
33.071655314 35.135324199
33.046747274 35.137752991
33.037342163 35.136099345
33.026386759 35.127624411
33.003132365 35.11589386
32.985148966 35.108814189
32.967113892 35.094809876
32.948407024 35.079151917
32.935229533 35.072278951
32.921948689 35.072278951
32.906394084 35.08070221
32.900192912 35.087781881
32.890787801 35.091657613
32.882932983 35.087781881
32.876731811 35.076826477
32.873476196 35.072278951
32.861022177 35.065095927
32.834563842 35.058946432
32.825985555 35.058946432
32.815856974 35.062770487
32.81027592 35.070728658
32.81027592 35.079927064
32.80650354 35.094809876
32.795599813 35.102613017
32.775239298 35.110467834
32.754878785 35.119769592
32.728317098 35.126797587
32.712710816 35.133773906
32.704132527 35.143902486
32.698034708 35.157235006
32.6915488956 35.1837051599
32.691579623 35.18370189
32.711388415 35.1816317091
32.710592081 35.175321758
32.712710816 35.163436178
32.720565633 35.153359274
32.731521037 35.143179016
32.743975057 35.137752991
32.759633016 35.133773906
32.79477299 35.126797587
32.814306682 35.11661733
32.829912963 35.100235901
32.839214721 35.079927064
32.854924358 35.079151917
32.861022177 35.087781881
32.870427286 35.097962138
32.876731811 35.100235901
32.888410685 35.102613017
32.911768433 35.100235901
32.922723836 35.098737284
32.934351034 35.100235901
32.946908407 35.102613017
32.969542683 35.112793274
32.989076376 35.131448466
33.013984416 35.141628723
33.031140991 35.149431864
33.056100708 35.155684713
33.078683309 35.165089824
33.095839884 35.169740703
33.109120728 35.158785299
33.120127807 35.160335592
33.141935263 35.18064443
33.157489868 35.185295308
33.190252726 35.189946187
33.223997436 35.179145813
33.240223836 35.171290996
33.270816284 35.168965556
33.299600057 35.162661032
33.315258016 35.161885885
33.326213419 35.166640117
33.344816935 35.166640117
33.374530884 35.174339906
33.380783732 35.178267314
33.388535197 35.188395895
33.400317423 35.197749329
33.41354659 35.199402974
33.421401408 35.193873596
33.424501994 35.182194723
33.427705933 35.168138733
