101.867921183 22.378841858
101.877274618 22.391864319
101.881512085 22.412173157
101.891640666 22.429691467
101.909365682 22.435892639
101.952877238 22.436874491
101.974219605 22.44514272
101.99499353 22.447416484
102.014578898 22.446072896
102.075918823 22.432430319
102.08553064 22.429123027
102.095349162 22.423128561
102.099948365 22.414860331
102.100620158 22.40576528
102.107345434 22.397548726
102.118655233 22.397548726
102.125424845 22.383647766
102.131367636 22.373725891
102.141392863 22.342151591
102.14418339 22.338585917
102.152865031 22.332488098
102.156120647 22.328095602
102.156120647 22.322669576
102.152813355 22.310835673
102.154363647 22.304686178
102.168884725 22.289648336
102.18619633 22.278382874
102.200562378 22.265463766
102.206970256 22.24541331
102.226245565 22.228411764
102.286448609 22.200041403
102.358072144 22.134722392
102.389439738 22.117100728
102.398793172 22.108884176
102.405407756 22.098290508
102.415226278 22.07348582
102.422150919 22.062220358
102.442614787 22.047440898
102.46762618 22.034005025
102.482870728 22.021395976
102.474085734 22.00889028
102.47124353 22.005996399
102.46907312 22.002844137
102.467316122 21.999226786
102.466385946 21.995351054
102.47806482 21.957575583
102.515891968 21.939178772
102.560230347 21.925432841
102.591029501 21.901351624
102.625135946 21.828642883
102.634592733 21.787766826
102.629786825 21.729114075
102.631905559 21.706273092
102.63681482 21.683638815
102.64332605 21.668032532
102.650664103 21.657800598
102.653454631 21.656301982
102.657433716 21.658420716
102.710298706 21.659299215
102.721150757 21.661676331
102.752156616 21.680899964
102.774687541 21.707875061
102.786676473 21.739914449
102.789156942 21.820322978
102.806726929 21.83608429
102.826467326 21.82130483
102.834942261 21.775622864
102.831893352 21.735780335
102.835148967 21.716453349
102.847189575 21.704464417
102.86450118 21.705652975
102.937003215 21.735056865
102.942635946 21.738984273
102.947803589 21.737123922
102.956020142 21.723946431
102.959895874 21.713042705
102.961756226 21.70151886
102.96082605 21.632840881
102.964133342 21.608604635
102.974106893 21.586693827
102.974933716 21.5839033
102.975295451 21.58100942
102.974933716 21.578167216
102.974106893 21.575325012
102.954108114 21.557289938
102.916591024 21.513571676
102.894990276 21.495278219
102.849670045 21.425411682
102.864759562 21.432181295
102.884758342 21.444066874
102.90418868 21.452696839
102.918037964 21.450113017
102.91679773 21.438640849
102.883828166 21.38835968
102.879642375 21.367895813
102.878815552 21.322162171
102.875198202 21.305315654
102.863002564 21.29379181
102.829154501 21.285885315
102.812773072 21.273896383
102.801300903 21.254827779
102.809155721 21.250590312
102.828172649 21.252450663
102.850186809 21.251675517
102.865121298 21.246197816
102.878143759 21.237619527
102.887858928 21.226922506
102.892974894 21.215088603
102.891786337 21.205993551
102.883001343 21.186098124
102.883001343 21.176434632
102.889099162 21.166409403
102.895920451 21.164549052
102.90418868 21.164187317
102.914420614 21.158399556
102.9256344 21.141656392
102.925884544 21.140639764
102.935297892 21.102382304
102.942170858 21.084863994
102.946821737 21.075872294
102.951575969 21.068999329
102.959482463 21.06579539
102.974106893 21.067655742
102.999169963 21.057372132
103.014517863 21.040525615
103.037100464 20.995463766
103.068209676 20.931281636
103.086709839 20.9019811
103.115286906 20.868391419
103.13001469 20.85490387
103.13637089 20.850459696
103.14696456 20.846015524
103.165051311 20.843690084
103.175231568 20.841209615
103.183654826 20.837075501
103.197090698 20.82782542
103.20690922 20.824569804
103.218588094 20.824363098
103.225829137 20.826412811
103.238121786 20.829892476
103.247113485 20.8307193
103.263391561 20.826378479
103.319822225 20.797853089
103.347675822 20.789068095
103.358321167 20.787724508
103.363798869 20.787621155
103.389114601 20.794288275
103.39087732 20.794752503
103.411237834 20.805604553
103.418265829 20.811805725
103.421314739 20.81811025
103.426585734 20.820694072
103.440435018 20.815733135
103.45257898 20.804312643
103.470872437 20.770877991
103.481621135 20.757907206
103.4893726 20.752481181
103.49733077 20.748347067
103.505960735 20.745969951
103.516089315 20.745504863
103.516089315 20.745556539
103.516140992 20.745504863
103.516140992 20.745349833
103.577946005 20.732895813
103.597376343 20.722353821
103.636030314 20.68282135
103.657941121 20.664734599
103.66114506 20.660755514
103.665382528 20.658275045
103.676337932 20.656518046
103.685432984 20.657654928
103.697628621 20.661530661
103.708480672 20.66674998
103.714268433 20.671710918
103.713751669 20.679824117
103.703623088 20.699254456
103.702382853 20.708711243
103.707240438 20.721837057
103.71344161 20.725764465
103.722019897 20.726849671
103.734370565 20.730932109
103.75457605 20.742921041
103.758606812 20.74974233
103.755196167 20.759405823
103.753025757 20.77986969
103.75674646 20.795992737
103.765169719 20.816249899
103.775556682 20.834905091
103.785323527 20.845963847
103.79643396 20.849529521
103.816691122 20.846894023
103.826819702 20.847669169
103.835759725 20.852268371
103.850487508 20.864774069
103.858600708 20.869579976
103.932136272 20.891800843
103.952186727 20.900275778
103.962315308 20.90270457
103.973994181 20.902342834
104.010581096 20.908078919
104.056676473 20.958825175
104.092281535 20.961202291
104.0991545 20.957688294
104.114244019 20.947042949
104.122615601 20.943167216
104.132072388 20.9416686
104.154758341 20.941255188
104.165403687 20.939756571
104.193877401 20.929886373
104.201267131 20.9254422
104.207106567 20.917639059
104.217545207 20.897020162
104.221059205 20.892007548
104.228035523 20.892317607
104.250566447 20.898260397
104.260023234 20.898932191
104.26906661 20.896193339
104.278936809 20.89154246
104.287876832 20.8857547
104.295266561 20.87981191
104.307203817 20.864619039
104.323223511 20.833871562
104.336349325 20.819040426
104.34466923 20.813666077
104.36032719 20.808085022
104.367975301 20.803124085
104.373349651 20.795734354
104.381669556 20.778371074
104.389059286 20.770981343
104.409316447 20.765193584
104.43215743 20.765762024
104.452621297 20.763591614
104.466160523 20.749638977
104.475668986 20.718219706
104.492308797 20.70209666
104.543881877 20.678738912
104.600725952 20.660548808
104.615195353 20.646492819
104.614070888 20.642615605
104.607237183 20.619052632
104.542641642 20.535698548
104.520730835 20.519265442
104.495822795 20.511927389
104.469674521 20.516164857
104.444973185 20.534613342
104.423785848 20.495442607
104.423682495 20.495442607
104.366425009 20.458493958
104.359810425 20.439735413
104.391539755 20.420666809
104.432364136 20.411054992
104.575507853 20.414052226
104.589357138 20.406817526
104.612301473 20.376741842
104.62842452 20.365812277
104.666406698 20.351782125
104.680927776 20.34098175
104.684648479 20.333049419
104.687697388 20.321706442
104.689299358 20.310001729
104.688627564 20.301035869
104.681857951 20.287470805
104.674106486 20.285300395
104.665838257 20.285713806
104.657363322 20.279615987
104.653539266 20.266464336
104.651988974 20.246103821
104.653022502 20.225794983
104.657053264 20.212695007
104.69084965 20.196546122
104.73358606 20.204762675
104.778802938 20.21902537
104.819162232 20.220989075
104.907994019 20.175332947
104.908975871 20.167814026
104.903446493 20.157091166
104.904893432 20.134637757
104.918380982 20.115724182
104.956879924 20.091797994
104.964424683 20.076088359
104.961169068 20.072109274
104.947474813 20.069525452
104.943960816 20.067096659
104.943650757 20.060947164
104.946441285 20.052188009
104.948301636 20.033662008
104.951453899 20.021518046
104.953210897 20.009270732
104.949490194 19.995498963
104.945688091 19.992373264
104.935692587 19.984155986
104.92246342 19.982243958
104.892904501 19.985499573
104.873835897 19.982657369
104.869029989 19.977748108
104.867169637 19.969143982
104.857919556 19.955217184
104.835336955 19.938887431
104.780663289 19.908088278
104.761801392 19.885505677
104.755548544 19.867005513
104.760716187 19.861450297
104.790275106 19.85966746
104.809240357 19.853672994
104.816630086 19.84809194
104.816888469 19.838996887
104.815079794 19.822408753
104.805002889 19.790886129
104.785210816 19.776933492
104.760716187 19.766520691
104.736738322 19.745669251
104.717773072 19.740191549
104.70418217 19.738692932
104.691676474 19.735463155
104.675966838 19.724688619
104.66304773 19.711226908
104.654779501 19.697971904
104.623050171 19.618080139
104.614265177 19.607434795
104.60496342 19.60647878
104.587806844 19.615961406
104.579228556 19.618028463
104.570236857 19.615289612
104.55483728 19.605445252
104.54615564 19.601931254
104.522797893 19.599373271
104.505848023 19.602809753
104.4491073 19.6351592
104.423785848 19.645778707
104.415414267 19.650817159
104.401254924 19.664433899
104.39174646 19.676836243
104.380067586 19.68528534
104.360017131 19.68745575
104.341878703 19.683011577
104.295266561 19.654873759
104.277024781 19.683890076
104.242143188 19.695181376
104.228965699 19.706007589
104.200203386 19.698586072
104.158168986 19.68773997
104.136309856 19.68745575
104.131245565 19.682443136
104.124475952 19.675906067
104.117189576 19.660997417
104.109231405 19.654873759
104.088715862 19.651902364
104.069698934 19.658026022
104.021743205 19.681435445
104.010271037 19.684561869
104.000969279 19.680737813
103.995181519 19.664898987
103.997661988 19.652522482
104.017350708 19.6004068
104.02892623 19.586040752
104.060190471 19.568160706
104.071559285 19.559143169
104.077967164 19.54289093
104.079259074 19.525708516
104.082514689 19.50930125
104.093986857 19.495632833
104.093986857 19.495581157
104.094141887 19.49552948
104.094141887 19.495477804
104.089956096 19.483669739
104.081274455 19.47930308
104.070525758 19.477029317
104.060500529 19.471293234
104.054040975 19.460570374
104.049906861 19.437471008
104.046547893 19.427497457
104.038796428 19.413389791
104.038279664 19.412924703
104.035127401 19.416671244
104.020399618 19.414991761
103.996680136 19.406930237
103.973994181 19.395664775
103.952806844 19.390962219
103.941024618 19.381350403
103.921284221 19.352773336
103.905884644 19.341792094
103.8700212 19.326883443
103.856740357 19.317194112
103.848420451 19.299908346
103.858549032 19.295334981
103.876739136 19.295800069
103.892655477 19.293888041
103.905884644 19.270039368
103.910948934 19.263011373
103.917976929 19.258153788
103.943143351 19.245596415
103.972753947 19.225287577
103.973994181 19.225287577
103.995181519 19.233840027
104.01616215 19.234873555
104.03672937 19.230248515
104.147730347 19.182887065
104.187831259 19.156583761
104.198114869 19.146946106
104.201732219 19.12705068
104.201835572 19.109170634
104.210620565 19.100747376
104.239559367 19.108886414
104.259603263 19.104129804
104.259919881 19.104054668
104.274337606 19.093460999
104.287256714 19.080490214
104.302862997 19.068656312
104.321983277 19.060465597
104.339139852 19.055194601
104.355159547 19.047882385
104.372006064 19.033568014
104.400738159 18.992278544
104.413243856 18.983105977
104.431072225 18.979333598
104.462129761 18.982408346
104.480939982 18.97770579
104.497683147 18.967990621
104.509878785 18.956363424
104.544295288 18.906805725
104.556077515 18.896470439
104.589667196 18.879107157
104.603981567 18.868694357
104.631215047 18.842365215
104.646201213 18.832546692
104.656329793 18.829704489
104.675656779 18.828205872
104.685578655 18.824769389
104.69084965 18.819317525
104.702528524 18.802471008
104.710279989 18.796088969
104.721958863 18.792006531
104.762886597 18.786451314
104.801643921 18.775134176
104.815389852 18.773661397
104.872905721 18.77797638
104.899364054 18.770612488
104.909234253 18.74567861
104.919724569 18.735575867
104.937242879 18.731157532
104.956879924 18.731674297
104.973829794 18.736066793
104.990159546 18.733017884
105.040337362 18.705009258
105.064573609 18.696637675
105.076975952 18.697516175
105.088654826 18.700565084
105.100282023 18.702063701
105.112684367 18.698342998
105.141106405 18.653074443
105.162862183 18.638992615
105.169476766 18.630569356
105.169476766 18.618327167
105.169476766 18.614859721
105.162087036 18.598194072
105.152061809 18.596798808
105.140331259 18.600467834
105.128135621 18.598917542
105.113614543 18.58083079
105.100488729 18.551168519
105.085244182 18.495771383
105.079973186 18.454352722
105.09077356 18.426524963
105.113976278 18.40513092
105.145447225 18.383168437
105.162862183 18.366011861
105.162242066 18.353893738
105.155989217 18.340638733
105.156661011 18.319838969
105.166169474 18.30679067
105.214745321 18.277851868
105.220481405 18.270798035
105.229266398 18.255320944
105.235932658 18.249455669
105.246474651 18.246380921
105.25691977 18.247463736
105.283113241 18.250179138
105.288022502 18.253408916
105.292518351 18.252737122
105.299287965 18.2420401
105.300838257 18.230929667
105.294378703 18.206951803
105.295050497 18.195608826
105.305592489 18.181061911
105.321870565 18.170080669
105.340112345 18.162639262
105.355925334 18.158737691
105.363315064 18.155223694
105.36553715 18.151037903
105.368327678 18.149952698
105.377474406 18.155688782
105.381556845 18.162768453
105.386104371 18.184937642
105.391995483 18.194213562
105.410030559 18.201887512
105.431372925 18.200543925
105.451423381 18.192714946
105.466719604 18.180958558
105.472817423 18.171992697
105.480878947 18.144810893
105.481189005 18.138713074
105.479121949 18.133493754
105.476848186 18.12964386
105.476021362 18.127318421
105.480620565 18.123649394
105.49198938 18.121065572
105.496071819 18.118145854
105.512504923 18.082825013
105.5206698 18.075900371
105.538136435 18.066727804
105.546508017 18.058950501
105.551882365 18.04794342
105.555551392 18.025154114
105.559323771 18.015335592
105.566145061 18.00825592
105.589812866 17.995750224
105.589812866 17.995595194
105.603430504 17.969183917
105.606039266 17.964124248
105.594153687 17.888108215
105.605212443 17.854260153
105.643969767 17.820102031
105.669807984 17.773076477
105.692028849 17.744085999
105.701227255 17.727601217
105.713836304 17.689464009
105.723086385 17.673495993
105.735282024 17.664039205
105.787423543 17.642076722
105.819876343 17.621561178
105.846024618 17.597996725
105.911136923 17.51681305
105.932169231 17.495729065
105.93232426 17.495729065
106.019295695 17.394494934
106.185435425 17.25739736
106.207294556 17.246286927
106.221815634 17.244891663
106.233391154 17.251971334
106.247912232 17.266234029
106.252356405 17.274553935
106.254785197 17.283183899
106.25995284 17.289230042
106.272613566 17.289850159
106.284550823 17.284785868
106.286669556 17.276569316
106.285687704 17.265975647
106.287961466 17.25378001
106.29312911 17.246907043
106.306978394 17.232954407
106.310544068 17.22711497
106.309768922 17.217916565
106.301655721 17.202000224
106.300828899 17.191561585
106.306358277 17.176523743
106.336537313 17.128568014
106.384648071 17.085366516
106.394931681 17.068003235
106.394363241 17.062215474
106.387903687 17.051673482
106.38712854 17.047177633
106.404019841 17.014641771
106.408832642 17.005371399
106.411364787 16.995811259
106.411364787 16.995707907
106.420253133 16.988679912
106.437203003 16.980463358
106.456529989 16.973590393
106.473738241 16.970696513
106.496837606 16.963926901
106.524536174 16.989248353
106.53342452 16.972660217
106.533550473 16.95063806
106.535078166 16.683530579
106.540659221 16.659139303
106.549754273 16.637796936
106.572440227 16.613560689
106.591405477 16.602450256
106.611559286 16.594595439
106.624943481 16.593510234
106.64018803 16.586637268
106.644322144 16.575320129
106.639671265 16.521783346
106.641169882 16.510362854
106.655174195 16.470830384
106.670677124 16.444423726
106.69289799 16.427887269
106.722663615 16.432486471
106.722560262 16.42163442
106.725712525 16.417138571
106.732482137 16.417551982
106.742404012 16.421531067
106.751510878 16.42826829
106.752532593 16.42902415
106.754392944 16.436568909
106.75459965 16.444268698
106.759147176 16.45248525
106.786122274 16.469125061
106.79733606 16.479460347
106.801418498 16.496100159
106.822864218 16.530981751
106.846687053 16.530051575
106.864050334 16.50405833
106.866840862 16.463854065
106.862603394 16.430574443
106.861363159 16.427887269
106.858210897 16.424631653
106.855885457 16.420342509
106.855885457 16.414658102
106.859864543 16.411815898
106.866530802 16.414037984
106.872835327 16.417345276
106.876297649 16.41801707
106.88844161 16.390886943
106.897743368 16.378536275
106.915003296 16.364738668
106.939497925 16.351716207
106.946009155 16.346135153
106.950660034 16.336316631
106.954070679 16.313837383
106.956551148 16.307067769
106.967299846 16.299884745
106.980218954 16.298334453
107.014325399 16.299419657
107.053392782 16.295233866
107.067980239 16.290809443
107.070601034 16.290014547
107.089101196 16.281074524
107.108273153 16.267483623
107.116851441 16.25461619
107.127496786 16.200976054
107.133336223 16.188211975
107.135990306 16.184783784
107.142017863 16.176998189
107.154368531 16.166042786
107.169664755 16.156896057
107.18320398 16.15322703
107.197156616 16.151004944
107.212814576 16.146664123
107.238807821 16.129817606
107.2759115 16.084032288
107.298959188 16.064188538
107.326864462 16.056075338
107.355906616 16.059279276
107.411510457 16.073076884
107.431044149 16.073697001
107.435643352 16.068839417
107.433421265 16.057367248
107.433292115 16.055460998
107.432129354 16.038298645
107.436728556 16.026878154
107.443549846 16.018919984
107.444738403 16.009979961
107.432697795 15.995923971
107.418021688 15.983573303
107.390633179 15.93582428
107.37554366 15.919081116
107.361074259 15.912311504
107.322937053 15.90585195
107.305057007 15.899134013
107.235655559 15.855519104
107.2272323 15.853297018
107.218085571 15.854795634
107.20883549 15.859136454
107.198603557 15.862082011
107.186252889 15.859394837
107.175245809 15.848542786
107.15018274 15.794282532
107.148787476 15.77345693
107.160259644 15.758729146
107.215295044 15.727516581
107.225682007 15.71681956
107.230022828 15.702401836
107.234570353 15.660931498
107.239117879 15.64511851
107.248729696 15.631088358
107.265421184 15.618660177
107.30355839 15.599746603
107.316425822 15.588739523
107.369342489 15.496057841
107.381641479 15.48853892
107.388669474 15.492518005
107.394974 15.501483867
107.405050903 15.508589376
107.412233928 15.508796082
107.432129354 15.503886821
107.437968791 15.505592143
107.442981405 15.509209494
107.447890666 15.508124288
107.453368368 15.495954489
107.453368368 15.495902812
107.456468954 15.488332214
107.460809774 15.484378967
107.466545858 15.484353129
107.473780558 15.4882547
107.487474813 15.481407572
107.490161987 15.461512146
107.489645223 15.437921855
107.493934367 15.420041809
107.512641236 15.409422302
107.555584351 15.415752665
107.573154338 15.411230977
107.576359737 15.403053568
107.577701864 15.399629619
107.579872274 15.36123403
107.58659021 15.343353984
107.598475789 15.330615743
107.643072551 15.297852885
107.657593628 15.28242747
107.664104859 15.268552348
107.66436324 15.253152771
107.656818482 15.205687969
107.653976278 15.199564311
107.647465048 15.197652283
107.642607463 15.202458191
107.63671635 15.205067851
107.627259563 15.196515402
107.623590536 15.187239482
107.621316773 15.1545283
107.615787394 15.135511373
107.605400432 15.120602722
107.59919926 15.114789124
107.584988241 15.104298808
107.580492391 15.096754049
107.58080245 15.086935527
107.590000855 15.068900452
107.589070679 15.058177592
107.578011922 15.047248027
107.562612346 15.045801087
107.535223837 15.050400289
107.518997436 15.048849996
107.502386039 15.044037437
107.473780558 15.035750021
107.45507369 15.034122213
107.445565227 15.025388896
107.444686727 15.011823833
107.451404663 14.995933329
107.449906047 14.981102193
107.453936809 14.967873026
107.461946656 14.95681427
107.473780558 14.948235982
107.489490194 14.94030365
107.549641561 14.89526764
107.558168173 14.88671519
107.555325969 14.876199036
107.540598185 14.856846212
107.498843629 14.817649638
107.490885458 14.804239604
107.494296102 14.788762513
107.50432133 14.773182068
107.509282267 14.758635152
107.498068482 14.745948589
107.504424683 14.736285095
107.514656617 14.728223572
107.522253052 14.71868927
107.5203927 14.704581605
107.506905151 14.693445333
107.473780558 14.64626475
107.458225952 14.638797506
107.451766398 14.632182923
107.443808228 14.609548645
107.44044926 14.603915914
107.433266236 14.594329936
107.430320679 14.586242574
107.429752238 14.57833608
107.430940796 14.569886983
107.430940796 14.56138621
107.42784021 14.55371226
107.414921102 14.54342865
107.403448935 14.543893738
107.380142864 14.554048157
107.361384319 14.557923889
107.351565797 14.561618754
107.332703898 14.578232727
107.305677124 14.597223816
107.287280314 14.598515727
107.272190796 14.585364075
107.254517456 14.560972799
107.249453166 14.556631978
107.237877645 14.54981069
107.233898559 14.544927267
107.232399944 14.538312683
107.230281209 14.518262228
107.219739218 14.497979228
107.211212606 14.49345754
107.195968059 14.495963847
107.195813029 14.495963847
107.195606323 14.4960672
107.195502971 14.496118877
107.180568482 14.496170553
107.172455282 14.484259136
107.166822551 14.467154236
107.158709351 14.451522115
107.131424195 14.42754425
107.10078007 14.407622986
107.078559205 14.400775859
107.067862183 14.40612437
107.059335572 14.418035787
107.042954143 14.430722351
107.030345093 14.436096701
107.027244508 14.435269877
107.026572713 14.430231425
106.997375529 14.395143128
106.977945191 14.365429179
106.973656047 14.363026225
106.961098674 14.360390727
106.95014327 14.334862569
106.949729858 14.328661398
106.946112508 14.323519592
106.933606812 14.320160624
106.923478231 14.321917623
106.904771363 14.333312277
106.89567631 14.336309509
106.885082642 14.335534363
106.879294881 14.332692159
106.874592326 14.328351339
106.835835002 14.307060649
106.820848836 14.307577414
106.8068962 14.312925924
106.79299524 14.322589417
106.766691935 14.34832428
106.731655314 14.396719259
106.72390385 14.411602071
106.719252971 14.417880758
106.711501506 14.425838928
106.707160685 14.42930125
106.634400269 14.450901998
106.62204929 14.457593943
106.605358114 14.466637471
106.585669393 14.495963847
106.575385783 14.50200999
106.552441447 14.506945089
106.543759807 14.512112732
106.540245809 14.521672873
106.534974813 14.553247172
106.530995728 14.565959575
106.518438355 14.58500234
106.512495565 14.590350851
106.491049846 14.570998027
106.483763468 14.567484029
106.477148886 14.566889751
106.472239624 14.564073384
106.470585979 14.554254862
106.470947714 14.544643046
106.4731698 14.537485861
106.477510621 14.532602438
106.484848674 14.530018616
106.484848674 14.523817444
106.469449097 14.524695944
106.456685018 14.527899882
106.445781291 14.52908844
106.436479534 14.523817444
106.434309123 14.519605815
106.432655477 14.51242279
106.433585653 14.505704855
106.445161174 14.499477845
106.440820353 14.492630717
106.4334823 14.486636251
106.429503215 14.485964457
106.419219605 14.466456604
106.3937948 14.456172994
106.33999907 14.448987947
106.333436727 14.44811147
106.320155884 14.44449412
106.30646163 14.445475973
106.29674646 14.447878926
106.235974976 14.484362488
106.230083862 14.490460307
106.220782105 14.473484599
106.210653524 14.421394756
106.203935588 14.39989736
106.189156129 14.37889089
106.173239787 14.369666646
106.154119507 14.367547913
106.11903121 14.369511618
106.095001668 14.373645732
106.079447062 14.372715556
106.068646688 14.373439026
106.063530721 14.372922261
106.060585165 14.368839824
106.058104696 14.35310435
106.055417522 14.348427633
106.038157593 14.347652486
105.994129273 14.362406107
105.973975464 14.36584259
105.969427938 14.354861348
105.967825968 14.343363343
105.969169556 14.332020365
105.973975464 14.321297506
105.993405803 14.305949606
106.004516236 14.289981588
106.007978556 14.270757955
106.004051148 14.24592743
106.012474406 14.225773621
106.026272013 14.21303538
106.060585165 14.191848043
106.076191447 14.1745106
106.101719605 14.115160218
106.11525883 14.100303243
106.131278524 14.086996562
106.144559367 14.07239797
106.149468629 14.053561911
106.142078898 14.035010071
106.126420939 14.022013449
106.108489217 14.010360413
106.094071493 13.996175232
106.081979208 13.980956523
106.083839559 13.934008484
106.069163452 13.91654185
106.049216349 13.915456645
105.997436565 13.928298239
105.973975464 13.929280091
105.949170776 13.91959076
105.924572795 13.917110291
105.899664754 13.922613831
105.895580601 13.924798655
105.873051392 13.936850688
105.787113485 14.010153707
105.770163615 14.034700012
105.758898153 14.062476095
105.74401534 14.086944885
105.716006714 14.101543477
105.705154663 14.102008565
105.683657267 14.098856303
105.669342896 14.100406596
105.653271525 14.107047017
105.643142945 14.113454895
105.632911011 14.114023336
105.617253052 14.102990417
105.609863322 14.120741272
105.594567098 14.136347554
105.576532023 14.144021505
105.561390829 14.13815623
105.555551392 14.146088562
105.548936808 14.153116557
105.54123702 14.159188538
105.533175496 14.164330343
105.505270223 14.145055033
105.490490764 14.136915995
105.473850952 14.132523499
105.450079794 14.11714976
105.42217452 14.10787384
105.392460571 14.103739726
105.36409021 14.104049785
105.347863811 14.106065165
105.337786906 14.109992574
105.329467001 14.117563171
105.303938843 14.152393087
105.296600789 14.15683726
105.282183065 14.161255595
105.2753101 14.164821269
105.256913289 14.182442932
105.197433716 14.270292867
105.187976929 14.291015117
105.184256226 14.314166158
105.184307903 14.345740458
105.198208863 14.345223694
105.250453736 14.357186788
105.268592163 14.364369812
105.275723511 14.372095439
105.287712443 14.393282776
105.294740438 14.399070536
105.304662313 14.398192037
105.3222323 14.386383972
105.335099732 14.385712178
105.340835816 14.390104675
105.359646037 14.408268942
105.367655884 14.414547628
105.379231405 14.418242493
105.405689738 14.423048401
105.415973348 14.428164368
105.420314169 14.435218201
105.428892456 14.458162536
105.433853394 14.467929383
105.440364625 14.47534495
105.463670695 14.495963847
105.495451701 14.537124125
105.507543986 14.564047547
105.510127808 14.593580627
105.495761759 14.65988149
105.497363729 14.690422262
105.505115194 14.73636261
105.50154952 14.745948589
105.490697469 14.763802796
105.489147176 14.78633372
105.493849731 14.808993836
105.50154952 14.82733897
105.506200399 14.830413717
105.520049683 14.833462626
105.524390503 14.837235006
105.524080445 14.84253184
105.516949097 14.856536153
105.515863892 14.871677348
105.51777592 14.877671814
105.521910034 14.878705343
105.53761967 14.878033549
105.543045695 14.880100607
105.550642131 14.902295634
105.534157349 14.934024964
105.543924194 14.953093567
105.583560018 14.977588196
105.593068482 14.990791525
105.566455119 14.995933329
105.566351766 14.995933329
105.566145061 14.995933329
105.566145061 14.995985006
105.553536011 15.00533844
105.52428715 15.045956116
105.52284021 15.050038554
105.523150269 15.061174825
105.520876506 15.066135763
105.516535686 15.067143453
105.503564901 15.064895528
105.498293905 15.066135763
105.473850952 15.090630391
105.451940145 15.094764506
105.44362024 15.111352641
105.443775269 15.13380605
105.447702678 15.155303446
105.454420614 15.17553477
105.463102254 15.18943573
105.503926636 15.231061096
105.531573528 15.252894389
105.560253947 15.270929464
105.56397465 15.272531433
105.564801474 15.299454854
105.561494182 15.320900574
105.558031861 15.325138041
105.538549846 15.321520691
105.51937789 15.321055603
105.499017375 15.324672953
105.48330774 15.334517314
105.477468302 15.352810771
105.486253297 15.374902446
105.506200399 15.387589009
105.552812541 15.402032573
105.588365926 15.42378835
105.592243473 15.427546297
105.604282267 15.439213766
105.610380087 15.457171326
105.612033732 15.499468486
105.616271199 15.52127594
105.640869182 15.583313497
105.650997762 15.634602356
105.640920858 15.681989645
105.612912232 15.721470439
105.568522177 15.749375712
105.525424032 15.763483378
105.503409872 15.766170552
105.462378785 15.762811585
105.44796106 15.764878642
105.435662069 15.771648255
105.423001343 15.783895569
105.412045939 15.799760234
105.372565145 15.882132467
105.360627889 15.919391175
105.36248824 15.954789531
105.386517782 15.980782776
105.40739506 15.988895976
105.418143758 15.994735412
105.423931519 16.002125143
105.423231841 16.005040467
105.422071167 16.009876608
105.414474732 16.01519928
105.404914592 16.01881663
105.288539267 16.047393698
105.247404827 16.049150696
105.237224569 16.050804341
105.106979008 16.095853281
105.079301392 16.105426331
105.058114055 16.121187643
105.042456096 16.141444804
105.032585897 16.165267639
105.028865194 16.19146759
105.029743693 16.236012675
105.026384725 16.2576651
105.015480998 16.276733704
105.007419474 16.283554992
104.98802829 16.293963496
104.979307495 16.298644511
104.971504354 16.304328919
104.952074016 16.324431051
104.944064169 16.330838928
104.917295777 16.345566712
104.908045696 16.353369853
104.901586141 16.362464905
104.897038615 16.372748515
104.887736857 16.403909404
104.879468628 16.421841126
104.868926636 16.43842926
104.855490763 16.45408722
104.838850953 16.467729797
104.782730347 16.497082012
104.76516036 16.511344706
104.754515015 16.528914693
104.749502401 16.549326884
104.748417196 16.571909485
104.753016398 16.614800924
104.76371342 16.656762187
104.777562704 16.694020894
104.779009644 16.704872945
104.77833785 16.715828349
104.756788778 16.798458964
104.75632369 16.809879455
104.757910052 16.818894636
104.758442424 16.821920065
104.765212036 16.844657695
104.767072388 16.856129862
104.766400595 16.868170472
104.762886597 16.879074198
104.753016398 16.899848125
104.749657431 16.910803528
104.746340397 16.943531594
104.740355672 17.002580872
104.74531661 17.024801738
104.809912151 17.171666158
104.814459676 17.194042053
104.818335409 17.240240784
104.816423381 17.300082093
104.819989055 17.348916321
104.819317261 17.361060283
104.816423381 17.372790833
104.792703898 17.423485413
104.788931519 17.428963115
104.781645142 17.435267639
104.764643596 17.444414368
104.756788778 17.449943746
104.749657431 17.458160299
104.734257854 17.486892395
104.714517457 17.515262756
104.702631877 17.527303365
104.655089559 17.556087138
104.636382691 17.562443339
104.481198365 17.640423075
104.45200118 17.665951233
104.422287232 17.699799296
104.417843059 17.707602438
104.411641887 17.727394511
104.408903036 17.733699036
104.404872274 17.739951884
104.39029952 17.757160137
104.367768596 17.80056834
104.352627401 17.819326885
104.287566772 17.856740621
104.28198161 17.86148801
104.278265015 17.864647116
104.270306844 17.87400055
104.264312378 17.884645895
104.255113974 17.91497996
104.210878947 18.008617656
104.203328872 18.018643666
104.198114869 18.025567525
104.135689738 18.07967275
104.122357219 18.095279032
104.110936727 18.114554342
104.068407023 18.2154009
104.018642619 18.29911672
104.000039103 18.318443705
103.975441122 18.330665182
103.951256552 18.332990622
103.929294068 18.327590434
103.910018758 18.315317281
103.893689006 18.297256368
103.889503215 18.29115855
103.885937541 18.286998596
103.881286662 18.284414775
103.873948608 18.283226217
103.857773886 18.286481832
103.848988892 18.296352031
103.842219279 18.30911611
103.832090699 18.320665792
103.817259562 18.330355123
103.801394897 18.338261617
103.784600057 18.343894348
103.7671851 18.346684875
103.70910079 18.349707947
103.695561565 18.353221945
103.638614136 18.377949117
103.629932495 18.383220113
103.621354208 18.390764873
103.607143189 18.400402527
103.548800497 18.41541453
103.523168987 18.417688293
103.497744181 18.423734436
103.489114218 18.424432068
103.474799845 18.422158305
103.469942261 18.421977437
103.451545451 18.425310568
103.396768433 18.441407777
103.386639852 18.441459452
103.306851441 18.425672303
103.282563517 18.41556956
103.260756063 18.400195821
103.244064576 18.380067851
103.233987671 18.355779928
103.233677612 18.349268698
103.235331259 18.345263774
103.238018433 18.341568909
103.240188843 18.335987854
103.248663778 18.332628886
103.290418336 18.305137024
103.296516155 18.296894633
103.295379273 18.287773743
103.286335897 18.280332336
103.273520142 18.276069031
103.236726523 18.26999705
103.214919067 18.262297262
103.185205119 18.257749736
103.176730184 18.254855856
103.168203573 18.249765727
103.157299846 18.237027487
103.150891968 18.221498719
103.145104208 18.18801239
103.138592977 18.1667217
103.126655721 18.151864726
103.110067587 18.14181366
103.089086955 18.134785665
103.089403782 18.135222668
103.090086809 18.136164775
103.090585571 18.136852723
103.092755982 18.141193542
103.09213261 18.140881856
103.087702632 18.138666867
103.079940226 18.134785665
103.071310262 18.125561422
103.066349325 18.11225474
103.064799031 18.094038798
103.073067261 18.035515239
103.068209676 18.025774231
103.058287801 18.019263001
103.049399455 18.005000305
103.037927287 17.990685934
103.020460653 17.98422638
103.003820842 17.9885672
102.972918335 18.007739156
102.954934936 18.012131653
102.938605184 18.008927714
102.852718954 17.972030742
102.838042847 17.963762513
102.831893352 17.953117167
102.774067423 17.922731425
102.737377157 17.890433655
102.722184285 17.881803691
102.686734253 17.873535462
102.672988323 17.865370585
102.667613973 17.850074362
102.673350057 17.831780904
102.682910197 17.81736318
102.682910197 17.810076802
102.660792684 17.81286733
102.609426311 17.837000224
102.595266968 17.84082428
102.595577026 17.850074362
102.612320191 17.915290019
102.599607789 17.955184225
102.567516724 17.970842183
102.482043905 17.971152243
102.445508667 17.977766826
102.412229045 17.994199931
102.385150595 18.016059062
102.36639205 18.038796692
102.336523072 18.037039694
102.30670577 18.051457418
102.256579631 18.094038798
102.233118531 18.124166158
102.225573771 18.12819692
102.221801392 18.131607564
102.191570679 18.152071432
102.182113892 18.169228007
102.178393189 18.185971171
102.171933635 18.200285543
102.153536825 18.210104065
102.107385187 18.212376684
102.078502645 18.21379893
102.071267944 18.208502096
102.055526967 18.192344575
101.904301392 18.037117208
101.883785848 18.030838522
101.845183553 18.052129211
101.806064494 18.062386983
101.796659384 18.073574931
101.790406535 18.073574931
101.773921753 18.058562927
101.765756877 18.040321147
101.756920207 17.997817282
101.732580608 17.932033183
101.72906661 17.912189433
101.636204061 17.894826152
101.619874309 17.884645895
101.611140992 17.865525615
101.600392294 17.854363506
101.57755131 17.868109436
101.57755131 17.852916565
101.575070842 17.839790752
101.570523315 17.828887024
101.564012085 17.820308736
101.545504845 17.813671657
101.534039755 17.809560038
101.55626062 17.792145081
101.536520223 17.77912262
101.502723837 17.765376689
101.48298344 17.745791321
101.479004354 17.73798818
101.474198446 17.73059845
101.470426067 17.722588603
101.468307332 17.720366516
101.459108928 17.739486796
101.457351929 17.745791321
101.456060018 17.750183818
101.453476197 17.751010641
101.44980717 17.749253642
101.445259644 17.745791321
101.432030477 17.733595683
101.416992635 17.732355449
101.40185144 17.733750713
101.388002157 17.729306539
101.381904338 17.720728252
101.388363892 17.717782695
101.398750855 17.717162577
101.404021851 17.715560609
101.403091675 17.709462789
101.401593059 17.706672262
101.383764689 17.684916484
101.377460165 17.682642721
101.369863729 17.683159485
101.357306356 17.679025371
101.24702885 17.592157288
101.22863204 17.568489482
101.208529908 17.531282451
101.202173707 17.52316925
101.190288127 17.518725078
101.176955608 17.516399638
101.166723673 17.510611878
101.164243205 17.495780742
101.164243205 17.495729065
101.147189982 17.472474671
101.141815634 17.467151998
101.13230717 17.461674296
101.128896525 17.461157532
101.124659057 17.463948059
101.096030315 17.475265198
101.066161337 17.492215067
101.04931482 17.495729065
101.035465535 17.512627259
101.01903243 17.526631572
101.000842326 17.538207092
100.981515341 17.547612203
100.937738379 17.555486371
100.901933635 17.561926575
100.886017294 17.573760478
100.885655559 17.595877991
100.899453166 17.616961976
100.932939494 17.654530741
100.953816773 17.699799296
100.955877733 17.707531771
100.960689738 17.725585836
100.958726033 17.745791321
100.956400594 17.755919902
100.958571005 17.764136455
100.964875529 17.770596009
100.97428064 17.775505269
100.975210816 17.777624004
100.975520874 17.779794413
100.975210816 17.781913148
100.97428064 17.783980204
100.967717733 17.791008199
100.965185588 17.797622783
100.96704594 17.803823955
100.97428064 17.80924998
100.994796183 17.817724915
101.000273886 17.830488994
100.997121623 17.864595439
101.000842326 17.884800924
101.008283732 17.895239563
101.039806356 17.912034403
101.066161337 17.933996887
101.081974325 17.958336487
101.094893433 17.984381408
101.112308391 18.01130483
101.125434205 18.021330058
101.157525269 18.040450338
101.165173381 18.053421123
101.162072794 18.067451274
101.144967896 18.10473582
101.141608928 18.123959453
101.14563969 18.141942851
101.160522502 18.179511617
101.162796265 18.195298768
101.159282267 18.204057922
101.152771037 18.209070537
101.145536337 18.212997945
101.139645223 18.218708192
101.131738729 18.238861999
101.128379761 18.245734965
101.127966349 18.280952454
101.13013676 18.29115855
101.135407755 18.29839325
101.152409302 18.316376649
101.155406535 18.322887879
101.145536337 18.336246237
101.082284383 18.364203186
101.074088766 18.371613107
101.051020142 18.392470194
101.037015829 18.410453593
101.030297892 18.427791036
101.035620565 18.447841492
101.064714397 18.476418559
101.071949097 18.49566803
101.073809448 18.505770772
101.077891887 18.510421651
101.142074015 18.544295552
101.155354859 18.556723734
101.159127239 18.567704976
101.158145386 18.589977519
101.160884237 18.599796041
101.167757202 18.606358948
101.18532719 18.612534282
101.194112183 18.616797587
101.221914103 18.642041525
101.234729859 18.658448791
101.240104207 18.673641663
101.234781535 18.689480489
101.211268758 18.711908061
101.205842733 18.730072327
101.209201701 18.746324565
101.223981161 18.77854482
101.22863204 18.795623881
101.223309367 18.855491028
101.224911337 18.874766337
101.232921184 18.892723897
101.257260783 18.919492289
101.267286011 18.934452617
101.27700118 18.967060445
101.283925823 18.98147817
101.32640385 19.020545553
101.317877238 19.050130311
101.291160523 19.078991597
101.247442261 19.115785218
101.235711711 19.128110047
101.229148804 19.143587138
101.226771688 19.167151591
101.229872274 19.225804342
101.20951176 19.309416809
101.209253377 19.315592143
101.210907023 19.320630595
101.211268758 19.326366679
101.207754761 19.334686584
101.201967001 19.33866567
101.185017131 19.3419988
101.178454224 19.346623841
101.172356405 19.376389465
101.177782431 19.417213847
101.192871948 19.452793071
101.21529952 19.466358135
101.238243856 19.472300924
101.251731405 19.494444275
101.256950724 19.522788798
101.254883667 19.547154236
101.251059611 19.560305888
101.246202026 19.570279439
101.238243856 19.578185933
101.22501469 19.585213928
101.207961467 19.589554749
101.197316122 19.586867574
101.188324422 19.580743917
101.176852255 19.574749451
101.152667684 19.568367411
101.124659057 19.565111796
101.095823609 19.567282207
101.068228394 19.577126567
101.024303426 19.60286143
101.002547649 19.610612895
100.97428064 19.613480937
100.885655559 19.612447408
100.879816121 19.61358429
100.874596802 19.612912496
100.865036662 19.607150574
100.861212606 19.602603048
100.849016968 19.582526754
100.808450969 19.536534729
100.762613973 19.495477804
100.753002157 19.482429504
100.745509075 19.485013326
100.73817102 19.495038554
100.729230998 19.504650371
100.714761597 19.512453512
100.633267863 19.54216746
100.607016236 19.540927226
100.585983928 19.525966899
100.574757878 19.508347404
100.566656942 19.495632833
100.54929366 19.494547628
100.520613241 19.502609152
100.491829468 19.514468893
100.474259481 19.524985047
100.46196049 19.53710317
100.458963257 19.551830953
100.458963257 19.568057353
100.455552613 19.584671326
100.447491089 19.597771302
100.427078898 19.621800842
100.418862346 19.634358215
100.412919556 19.651566467
100.410490763 19.684251811
100.407235148 19.699935608
100.400465536 19.71164032
100.390048158 19.724387049
100.383825724 19.732000835
100.379174845 19.745669251
100.383515666 19.763859355
100.407658506 19.79425708
100.420515991 19.810445659
100.431419719 19.838273417
100.438447714 19.84721344
100.446250855 19.852122701
100.465629516 19.859770813
100.474259481 19.865351868
100.48397465 19.880699768
100.487953736 19.896977844
100.492656291 19.93165273
100.518546183 19.995421448
100.518546183 19.995498963
100.543350871 20.066579895
100.550585572 20.106525777
100.548673544 20.158021342
100.546503133 20.167917379
100.541955607 20.166728821
100.536684611 20.153473816
100.529243205 20.149727275
100.5128101 20.155282491
100.496376994 20.164868469
100.488935588 20.173343404
100.485628296 20.178769429
100.46878178 20.18571991
100.461030314 20.190706686
100.457309611 20.196391093
100.452141968 20.210240377
100.44733606 20.218043518
100.421601197 20.25018626
100.364395386 20.368964539
100.34434493 20.389971009
100.306517782 20.399686178
100.270240926 20.391831361
100.240371948 20.372814433
100.220683228 20.348991597
100.209159383 20.312998963
100.207195679 20.311138611
100.201717977 20.310311788
100.179497112 20.302482809
100.176396525 20.300622457
100.167094767 20.29261261
100.167714885 20.253622742
100.152522013 20.239153341
100.134641968 20.239101665
100.116606893 20.248015849
100.102964315 20.263596293
100.097279908 20.283233337
100.099295288 20.31780487
100.097641643 20.334935608
100.097073202 20.348371481
100.099812053 20.362220764
100.111129191 20.374829814
100.120947714 20.38878245
100.125236858 20.406404114
100.127407267 20.427849834
100.136657349 20.459217427
100.149266398 20.548100891
100.160066773 20.582672424
100.172934205 20.609079082
100.172934205 20.622101542
100.180168905 20.638172913
100.202338095 20.667938538
100.207195679 20.680754293
100.211329794 20.697394104
100.221613404 20.709589743
100.24874353 20.731965638
100.27453007 20.761989645
100.290188029 20.775012106
100.329668823 20.786019185
100.341967814 20.799506734
100.351114543 20.815319723
100.364808797 20.828187154
100.383670695 20.831701151
100.470848836 20.818265279
100.51337854 20.806999817
100.536684611 20.807671611
100.569034058 20.817800191
100.598903035 20.833458151
100.607775745 20.839880933
100.626601603 20.853508606
100.652129761 20.876607971
100.652129761 20.882757467
100.623087606 20.888545227
100.534204143 20.873920797
100.515703979 20.88647817
100.517822714 20.90632192
100.527072795 20.946939596
100.529243205 20.968436992
100.533273967 20.973449605
100.551980836 20.985335185
100.557251831 20.992001445
100.555753215 20.999856263
100.543454224 21.027399801
100.561851034 21.035099589
100.606757853 21.043936259
100.625516398 21.054116517
100.637557007 21.069671122
100.689388469 21.159329732
100.721066122 21.280665996
100.722564738 21.292706604
100.721996298 21.303662008
100.725406942 21.311671855
100.738377727 21.314772441
100.747731161 21.314255676
100.756671184 21.312447001
100.764991089 21.309191386
100.772587525 21.304230448
100.791966187 21.297357483
100.814600464 21.300199687
100.851342407 21.314772441
100.86245284 21.323299052
100.896042522 21.355751851
100.909943482 21.360092672
101.003426148 21.405981344
101.143159221 21.513416647
101.157111857 21.519669495
101.161142619 21.534707336
101.159023885 21.552690735
101.174526815 21.551657206
101.186567424 21.535327454
101.187755981 21.505871887
101.168273967 21.424533183
101.171426229 21.403397522
101.179126018 21.398178202
101.207961467 21.383502096
101.22646163 21.370893046
101.230802449 21.371771546
101.233127889 21.371719869
101.234781535 21.363658345
101.222844279 21.335081278
101.207444702 21.314824117
101.20951176 21.308674622
101.218400106 21.299941305
101.220363811 21.296272278
101.219071899 21.282474671
101.208994995 21.245526021
101.220363811 21.233692118
101.234781535 21.206251933
101.244341675 21.192867737
101.259741251 21.179483541
101.275295858 21.174109192
101.292710816 21.176072897
101.313898153 21.184754537
101.362267294 21.215812073
101.381490926 21.222478332
101.495127401 21.242838847
101.517606649 21.242632141
101.539104045 21.238859761
101.572900431 21.22816274
101.579670044 21.227594299
101.583959188 21.22439036
101.588196656 21.213331604
101.586646363 21.204236552
101.580961955 21.194728089
101.577241252 21.185167948
101.581788778 21.175659485
101.596516561 21.173385722
101.635945679 21.189457092
101.655117635 21.189198711
101.670155477 21.177054749
101.688293905 21.145842183
101.704261922 21.135093485
101.7179045 21.134473369
101.737489868 21.137573954
101.755990032 21.143258362
101.766738729 21.150648092
101.768453349 21.160449577
101.77020105 21.170440166
101.763586466 21.184651184
101.760072469 21.195968323
101.773560018 21.207388815
101.796039266 21.202944641
101.805237671 21.204494934
101.813299195 21.209559225
101.819293661 21.215967102
101.821490334 21.221071138
101.822807658 21.224131979
101.823737834 21.234467265
101.820223836 21.24728302
101.812265666 21.258135071
101.801155233 21.267075094
101.788546184 21.274206442
101.736508016 21.292293193
101.722503703 21.304230448
101.715113973 21.321128642
101.715579061 21.338181865
101.725552613 21.375388896
101.729686727 21.474245911
101.744259481 21.495588277
101.748238566 21.514501852
101.734751017 21.554396057
101.736197958 21.570880839
101.750925741 21.579665833
101.772681519 21.582508036
101.793558797 21.588244121
101.806167847 21.605969137
101.803842407 21.625916239
101.789528036 21.63402944
101.770821167 21.638835348
101.755938355 21.64865387
101.752321005 21.659144186
101.755628296 21.680021464
101.754801473 21.68978831
101.749117065 21.698056539
101.732787313 21.711440735
101.728549845 21.717538554
101.727981405 21.732679749
101.731650432 21.750508118
101.751545858 21.806370341
101.75108077 21.816137187
101.726172729 21.837272848
101.721263469 21.844352519
101.708706096 21.869570618
101.685865113 21.898612773
101.683074586 21.907139384
101.682454468 21.914839173
101.680594116 21.922642314
101.673669475 21.931375631
101.638116089 21.940884094
101.616308635 21.953648173
101.606800171 21.96760081
101.600392294 22.007495016
101.592175741 22.028113913
101.564942261 22.069506734
101.555433798 22.090332337
101.555020386 22.112398173
101.561841675 22.130071513
101.566957642 22.149346822
101.561531617 22.176115214
101.54902592 22.193530172
101.518226766 22.228205058
101.515746298 22.245361634
101.531714315 22.263396708
101.540654337 22.271458232
101.550989624 22.276677552
101.563702027 22.276780905
101.575742635 22.273111878
101.58798995 22.271354879
101.601219117 22.27698761
101.606128377 22.284842427
101.619874309 22.326441955
101.622509806 22.342358297
101.623698365 22.346647441
101.641113322 22.363287252
101.643697144 22.364682516
101.645712525 22.384526266
101.644162232 22.40400828
101.645092408 22.424213765
101.654549195 22.446124573
101.668656861 22.462299297
101.689120728 22.478887431
101.713150268 22.491548157
101.741779012 22.496044007
101.750615682 22.496044007
101.755059856 22.495527243
101.784877157 22.472221171
101.817795044 22.40633372
101.842599731 22.383337708
101.867921183 22.378841858
