-0.397671265 15.002134501
-0.361471924 15.017740784
-0.299175985 15.05474111
-0.236699178 15.065618999
-0.166987671 15.049676819
-0.0334040929999 14.995933329
-0.0331973879999 14.995933329
0.218466838 14.910977275
0.220843954 14.888213806
0.211852254 14.874803772
0.198002971 14.863796692
0.185755656 14.848190409
0.18410201 14.819561666
0.213092488 14.761632386
0.219707072 14.731220805
0.152941121 14.546710103
0.158832234 14.496118877
0.188649536 14.447749736
0.202382348 14.435544541
0.346366007 14.307577414
0.388792358 14.251611837
0.391634562 14.24592743
0.390601034 14.237633362
0.381118408 14.225670268
0.377423543 14.216601054
0.372152547 14.185646871
0.367398315 14.17378713
0.343472127 14.137536113
0.339157145 14.125779725
0.34357548 14.114333395
0.356262044 14.095704041
0.362463216 14.088856913
0.368741902 14.084154358
0.374219605 14.078883362
0.378457072 14.070434265
0.37732019 14.063948873
0.369051961 14.047851664
0.369155314 14.039066671
0.378353719 14.0288089
0.39137618 14.022581889
0.401866495 14.013796895
0.403933553 13.996071879
0.411865886 13.978424377
0.428376506 13.967494812
0.445920654 13.958580628
0.45669519 13.946850078
0.456255941 13.938142599
0.448065227 13.920107524
0.448633666 13.909617208
0.454809001 13.902356669
0.475660441 13.888946635
0.483515259 13.880342509
0.491990194 13.861816508
0.499925937 13.85101508
0.504082479 13.845357564
0.51927535 13.831637472
0.552968384 13.810036723
0.563200317 13.796781718
0.574465779 13.78502533
0.593689412 13.778100687
0.600510701 13.768721415
0.594516235 13.749859517
0.584801066 13.729008077
0.580460245 13.713789368
0.59430953 13.688881328
0.62066451 13.679967143
0.753369588 13.684101258
0.763498169 13.6820342
0.766392049 13.675109558
0.766185343 13.66697052
0.767012166 13.660872701
0.766288696 13.657177836
0.762878052 13.653043722
0.763704874 13.646429138
0.775693807 13.635292867
0.795330852 13.625965271
0.813107544 13.625035095
0.850727986 13.628600769
0.896926717 13.614932353
0.950980266 13.583203024
0.991391235 13.541112569
0.996558878 13.496050721
1.015265747 13.465664978
1.048235311 13.441945496
1.15716923 13.392646179
1.175049275 13.386910095
1.21742395 13.38176829
1.234270467 13.3775825
1.249566691 13.367066346
1.268686971 13.346059875
1.241505168 13.335543721
1.222074829 13.344612935
1.205745076 13.358901469
1.187658325 13.364120789
1.182387329 13.358694764
1.177633098 13.347610169
1.167607869 13.313426209
1.160683228 13.311307475
1.138462361 13.320376689
1.084718872 13.333580018
1.004723755 13.364844259
0.983536418 13.368409933
0.970410604 13.328334859
0.970824015 13.243533834
0.971340779 13.149405213
0.971661196 13.085782453
0.971754191 13.0673172
0.974648071 13.048326111
0.983536418 13.032358093
1.012268513 13.016881002
1.083788696 13.010989888
1.113967733 12.996236267
1.170915161 12.949210714
1.23075647 12.899756368
1.304806449 12.838507989
1.330595336 12.817177429
1.412037394 12.749868876
1.467124471 12.704393616
1.535854126 12.647497864
1.563862752 12.632149964
1.597039021 12.623675029
1.69946171 12.614890035
1.826068969 12.604193014
1.843742309 12.606105042
1.860692179 12.617060445
1.872681112 12.634217021
1.883223104 12.653957418
1.900172974 12.678452047
1.906994262 12.691836243
1.911438436 12.696642151
1.919603312 12.698347473
1.926631307 12.694988505
1.934486124 12.693541565
1.945544881 12.700827942
1.96249475 12.719121399
1.971693156 12.724237366
2.068948202 12.716279196
2.109049113 12.705633851
2.135197388 12.675609843
2.140985148 12.656127828
2.144809204 12.650753479
2.155454549 12.640004781
2.165996541 12.631736552
2.184289998 12.620626119
2.193281698 12.609464009
2.199999633 12.595924784
2.203203572 12.583315735
2.210851684 12.523061015
2.215709269 12.510348612
2.223874145 12.494845683
2.229558553 12.487145895
2.242270955 12.47345164
2.246301717 12.46590688
2.246301717 12.461669414
2.243097778 12.451179098
2.242994425 12.446166484
2.24495813 12.424152324
2.237930135 12.413455302
2.223254028 12.409734599
2.163826131 12.404773661
2.15876184 12.40565216
2.148013142 12.410768127
2.14501591 12.41174998
2.138711385 12.408339336
2.131476685 12.398520814
2.126929159 12.395110169
2.06925826 12.383327942
2.054168741 12.370925599
2.051791626 12.34193512
2.070911905 12.306898499
2.113803345 12.247987366
2.188527466 12.145461324
2.258807413 12.04877472
2.338079061 11.940099182
2.390168904 11.89653595
2.354098755 11.799849345
2.340042766 11.7738561
2.3015955 11.731533102
2.290846802 11.703214416
2.290226684 11.685747783
2.291053507 11.674792379
2.287436157 11.665283915
2.273586873 11.652054749
2.220050089 11.622547506
2.146979614 11.563739726
2.015428661 11.431589907
2.010760538 11.426900533
1.98337203 11.414007264
1.948025349 11.416720276
1.905754028 11.432843323
1.879812459 11.444858094
1.867616821 11.446615092
1.858005005 11.440310567
1.840641723 11.44547821
1.821521444 11.441602478
1.782247355 11.426022034
1.763333781 11.424678446
1.719098755 11.427779033
1.703492472 11.422921448
1.684372192 11.413852234
1.638173461 11.404214579
1.621120239 11.395274557
1.601586548 11.388685812
1.580605916 11.427055562
1.563242635 11.426022034
1.564999634 11.432636617
1.567273397 11.446692607
1.569340454 11.45330719
1.475289347 11.460774434
1.455962361 11.464701843
1.439632609 11.473771057
1.433844848 11.459405009
1.423612915 11.453875631
1.423215479 11.453747532
1.411107218 11.449844869
1.398084757 11.440310567
1.389816529 11.42839915
1.388576293 11.42000173
1.398084757 11.398685201
1.381651652 11.388685812
1.359017375 11.378893127
1.339070271 11.366103211
1.330388631 11.347163798
1.336176391 11.330033061
1.345891561 11.316338806
1.347855265 11.303497213
1.330388631 11.288846944
1.323463989 11.297089335
1.316332642 11.299879862
1.309304647 11.297089335
1.302483358 11.288846944
1.296178833 11.299621481
1.284499959 11.312721456
1.27333785 11.318224996
1.268376912 11.306210225
1.270547323 11.298277894
1.280365845 11.288691915
1.282639608 11.278873393
1.281089314 11.27109609
1.268376912 11.247893371
1.235200642 11.263473816
1.218974243 11.26804718
1.200060669 11.268977356
1.191379028 11.267013652
1.186211385 11.263887228
1.180940389 11.261355082
1.172155395 11.261484273
1.173498982 11.26660024
1.165954224 11.277994894
1.156342407 11.285539652
1.145903768 11.269855855
1.135568482 11.260114848
1.130607544 11.247583313
1.149314412 11.217249247
1.153241821 11.18316864
1.158409465 11.16593455
1.148074178 11.169500224
1.128127076 11.178879497
1.11748173 11.178982849
1.113037557 11.173866882
1.106216267 11.15565094
1.100428508 11.151620178
1.067458943 11.144282125
1.0622913 11.142060039
1.063324829 11.12697052
1.067045532 11.128339946
1.073350057 11.133946838
1.082755168 11.131802266
1.083892049 11.127719828
1.08213505 11.115291646
1.082755168 11.110692444
1.085649047 11.108728739
1.095157511 11.104439595
1.097017863 11.104491272
1.09908492 11.092605693
1.099291626 11.081288554
1.100945272 11.070410665
1.107249796 11.059791158
1.118618612 11.048241476
1.11748173 11.032195943
1.114174438 11.027674255
1.106836385 11.03441803
1.099705037 11.044365743
1.097017863 11.049275004
1.086889282 11.052737325
1.056090129 11.056070455
1.05216272 11.055011089
1.041310669 11.049585063
1.035006144 11.049275004
1.033249146 11.051574605
1.027978149 11.061341452
1.025084269 11.063511861
1.01970992 11.065682271
1.014645629 11.070358989
1.007927694 11.075061544
0.986016887 11.078498027
0.981366008 11.080125834
0.976921834 11.078368836
0.970307251 11.06948049
0.964416138 11.057414042
0.955941203 11.044727479
0.952427205 11.042402039
0.951290324 11.032299297
0.951807088 11.021085511
0.955321085 11.011990458
0.963279256 11.008269755
0.969067017 11.002895407
0.969997192 10.991164856
0.967516723 10.979485983
0.963279256 10.974137472
0.945399211 10.974292501
0.931963338 10.976101176
0.901474243 10.992740987
0.771559692 10.990363872
0.675338175 10.988529358
0.612602987 10.976566264
0.487649373 10.933235576
0.499741658 10.975687764
0.483618612 10.979692688
0.487132609 10.983671774
0.488579549 10.987754212
0.489303019 10.991914165
0.490646606 10.996358337
0.490129842 10.9995106
0.488786254 11.001784363
0.486615844 11.003205465
0.374779215 11.025807961
0.287558227 11.043435567
0.0595876460001 11.089401754
-0.0631180419998 11.114154765
-0.11506222 11.124658279
-0.166109171 11.134980367
-0.301682292 11.162937317
-0.304472819 11.146788432
-0.30054541 11.13740916
-0.298297486 11.128391622
-0.306126465 11.113534648
-0.318813029 11.101364848
-0.368939168 11.065217183
-0.386922567 11.086404521
-0.405887817 11.101468201
-0.425214803 11.101468201
-0.44438676 11.07743866
-0.449037638 11.062891744
-0.451259725 11.040205791
-0.456685751 11.029612122
-0.468519653 11.020129496
-0.494822957 11.007804667
-0.504228068 10.996358337
-0.504228068 10.996203308
-0.506708537 10.993671163
-0.50970577 10.991449077
-0.512961385 10.989743754
-0.516475383 10.988632711
-0.555439412 10.98995046
-0.576213338 10.987754212
-0.590579386 10.982431539
-0.599829468 10.96576589
-0.607115845 10.941219584
-0.617244425 10.918636983
-0.634762736 10.9079658
-0.682770142 10.95359609
-0.679772908 10.960572408
-0.672279826 10.968504741
-0.667990683 10.976514588
-0.673933472 10.983516744
-0.68323523 10.984343567
-0.690211548 10.981811422
-0.694655721 10.982741598
-0.695999309 10.994032898
-0.703017495 10.994158812
-0.816973837 10.996203308
-0.816973837 10.996461691
-0.82214148 11.003618876
-0.827774211 11.005840963
-0.833665324 11.003412171
-0.839401408 10.996461691
-0.860795451 10.992921855
-0.883171346 10.968633932
-0.900586304 10.966230978
-0.893920044 10.979899394
-0.904358684 10.979485983
-0.90947465 10.982689921
-0.916450969 10.996203308
-0.924047404 11.001422628
-0.932470663 11.003102112
-1.070343384 11.013902486
-1.098713745 11.009561666
-1.107550415 10.994342956
-1.228059855 10.995479838
-1.355287232 10.996720072
-1.380350301 11.001267599
-1.413553085 11.014049746
-1.423584093 11.017911405
-1.436057495 11.022713318
-1.562406372 11.02658905
-1.57982133 11.021214702
-1.587004354 11.003670553
-1.598683227 10.997133484
-1.75407426 10.995634868
-1.972872274 10.993516134
-2.19787146 10.991294047
-2.43976884 10.988942769
-2.634950724 10.986979065
-2.728797594 10.986057355
-2.750705933 10.985842184
-2.751119345 10.996461691
-2.837341472 10.998011984
-2.835946208 10.992224223
-2.838710897 10.985118714
-2.832716431 10.966024272
-2.821761027 10.948299256
-2.815766561 10.929153137
-2.821399292 10.906260478
-2.834861003 10.891610209
-2.850803182 10.879543763
-2.864239055 10.864273377
-2.871628785 10.843447774
-2.882661703 10.797068176
-2.899482381 10.769989726
-2.903099731 10.747148743
-2.908577434 10.737666118
-2.919274455 10.72720164
-2.922323364 10.721207174
-2.91995929 10.711088218
-2.91891272 10.706608582
-2.916949016 10.706608582
-2.912634034 10.705807597
-2.90803483 10.703637187
-2.905140951 10.699193013
-2.905115112 10.692733459
-2.907337199 10.688315125
-2.910153565 10.684491068
-2.916251384 10.668083801
-2.929661418 10.64420929
-2.932503622 10.634313253
-2.928266155 10.615218811
-2.898293824 10.562612204
-2.895865031 10.552767843
-2.894211385 10.531425476
-2.891524211 10.521658631
-2.88689917 10.515793356
-2.873385783 10.502486674
-2.870440226 10.497784119
-2.867391317 10.478250428
-2.859562337 10.46561554
-2.824448202 10.435023092
-2.812149211 10.42882192
-2.795871135 10.426108907
-2.771428182 10.42548879
-2.767552449 10.421199646
-2.77189327 10.411820373
-2.781039999 10.402415263
-2.791995402 10.398151957
-2.804940348 10.397118429
-2.81462968 10.393707784
-2.822329468 10.387584127
-2.829460816 10.378282369
-2.836282104 10.363657939
-2.841294719 10.343271586
-2.841294719 10.322290954
-2.833181519 10.305987041
-2.824448202 10.302214661
-2.814216268 10.301077779
-2.805689657 10.299010722
-2.802098145 10.292318624
-2.799669352 10.28092397
-2.79318396 10.278546854
-2.784450643 10.278805237
-2.774838827 10.275239563
-2.764865275 10.269115906
-2.758354045 10.266118673
-2.7549434 10.260796
-2.75437496 10.247954407
-2.757682252 10.234647726
-2.765123658 10.225836894
-2.785380819 10.21010142
-2.798454956 10.1895342
-2.798920044 10.169612935
-2.788481405 10.124447734
-2.788481405 10.038768209
-2.783572144 10.018511048
-2.76088619 9.984766337
-2.75437496 9.966782938
-2.755563517 9.941151428
-2.764865275 9.895753683
-2.760524455 9.870535584
-2.736753296 9.832579245
-2.733911092 9.82278656
-2.740267294 9.812606303
-2.774838827 9.774339905
-2.791581991 9.740931091
-2.795302694 9.720002136
-2.788481405 9.699254049
-2.780316528 9.690236512
-2.774838827 9.689306336
-2.769257772 9.689926453
-2.760524455 9.685585633
-2.755460164 9.67749827
-2.75421993 9.668351542
-2.751015992 9.659178976
-2.743404469 9.653325351
-2.740163941 9.650833231
-2.75292802 9.639903666
-2.761506307 9.625253398
-2.766467245 9.608897807
-2.768017537 9.592800599
-2.766260539 9.576522522
-2.761092895 9.566238912
-2.725281128 9.533863627
-2.689210978 9.488724263
-2.72047522 9.45921702
-2.744918172 9.40810903
-2.763676718 9.391882629
-2.787602906 9.393717143
-2.81041805 9.411106262
-2.910153565 9.542726136
-2.959892131 9.638611755
-2.977823853 9.685172221
-2.989993652 9.708426616
-3.00567745 9.72416209
-3.0246427 9.728606262
-3.059059204 9.718555196
-3.077094279 9.719407858
-3.094560913 9.73385142
-3.104379436 9.757131653
-3.11691097 9.805294088
-3.136935588 9.829530335
-3.160112468 9.834697978
-3.182565878 9.835163066
-3.200006674 9.845369161
-3.20439917 9.865367941
-3.20222876 9.888958232
-3.202564657 9.908233541
-3.214760295 9.915623271
-3.230237386 9.904719543
-3.264059611 9.857073873
-3.277857219 9.843457133
-3.301731731 9.841131694
-3.311808635 9.854128316
-3.313565633 9.874566345
-3.31273881 9.894513449
-3.317182984 9.901334737
-3.32751827 9.897303976
-3.33924882 9.890095113
-3.348343872 9.886994527
-3.359015056 9.892498068
-3.376559204 9.908491923
-3.389168254 9.913246155
-3.546471314 9.926139425
-3.606260946 9.918181254
-3.623340007 9.921746928
-3.63401119 9.92924001
-3.640548258 9.937379048
-3.648170532 9.944587911
-3.661658081 9.948928731
-3.665042888 9.946603292
-3.674318807 9.935260315
-3.67964148 9.932211405
-3.685946005 9.93345164
-3.698994303 9.940789693
-3.706461548 9.941823222
-3.755037395 9.935880433
-3.769610148 9.931332906
-3.779738729 9.924692485
-3.795758423 9.9076651
-3.804259196 9.901386414
-3.823482829 9.895702006
-3.889706177 9.894461772
-3.891624634 9.893900095
-3.910092529 9.888493144
-3.94773881 9.86436025
-3.96918453 9.858985901
-3.984041504 9.851156921
-3.988253134 9.834801331
-3.994609334 9.820771179
-4.026674561 9.820306091
-4.034968628 9.817618917
-4.050316529 9.810306702
-4.051350057 9.807567851
-4.051711792 9.802348531
-4.053675497 9.797620138
-4.059876668 9.796276551
-4.065716105 9.798085226
-4.076154745 9.803795471
-4.133050497 9.820409444
-4.150258748 9.818290711
-4.168293824 9.804829
-4.196974243 9.764960633
-4.21542273 9.75485789
-4.253094849 9.750051982
-4.270328939 9.743928325
-4.283635621 9.732016907
-4.279191447 9.731138408
-4.267512573 9.727262675
-4.297794962 9.695843404
-4.303298503 9.686722514
-4.303453532 9.677911682
-4.300482138 9.654295553
-4.302988444 9.641712341
-4.315933391 9.616623434
-4.322476994 9.60898071
-4.322547974 9.608897807
-4.3496781 9.620034078
-4.365026002 9.624168193
-4.368023234 9.608381043
-4.367816529 9.591973775
-4.371175496 9.582956238
-4.384869751 9.589415792
-4.391587688 9.600293681
-4.400165975 9.633134054
-4.409105998 9.647732646
-4.433368083 9.65346873
-4.469205689 9.651763407
-4.501710164 9.655019023
-4.515921184 9.675689595
-4.513647421 9.694008891
-4.503828899 9.719898783
-4.501606811 9.737107035
-4.50395809 9.742016297
-4.509952555 9.745065206
-4.517781535 9.746615499
-4.535945801 9.746615499
-4.539098064 9.744703471
-4.539899048 9.740776062
-4.543051311 9.73400645
-4.547960571 9.720260518
-4.548425659 9.706798808
-4.552198039 9.696463522
-4.566719116 9.692406922
-4.578320476 9.696515198
-4.592712361 9.717831727
-4.6040295 9.727159322
-4.616948609 9.713852641
-4.628730835 9.707703145
-4.64110734 9.706023661
-4.655809285 9.706075338
-4.654724081 9.703543193
-4.658263916 9.697600403
-4.664826823 9.690856628
-4.672914185 9.685585633
-4.681079061 9.682071635
-4.681802531 9.682846781
-4.681544149 9.686722514
-4.68660844 9.692406922
-4.700095988 9.697910462
-4.705470337 9.702096253
-4.707640748 9.709770203
-4.709087687 9.720312195
-4.71280839 9.726849264
-4.724383912 9.737107035
-4.730016643 9.744238383
-4.733323934 9.74963857
-4.738336548 9.753152568
-4.748645996 9.754496155
-4.75859371 9.753307597
-4.762133545 9.749948629
-4.760454061 9.745323588
-4.754769654 9.740207622
-4.769962524 9.737365418
-4.783191691 9.758371887
-4.796446696 9.754496155
-4.799314738 9.76253184
-4.801226766 9.766459249
-4.810115112 9.774339905
-4.810115112 9.781781311
-4.800399943 9.781109518
-4.79189917 9.782349752
-4.775905314 9.788008321
-4.785413778 9.804829
-4.790323039 9.827514953
-4.798462077 9.842526958
-4.817556518 9.836454976
-4.824274455 9.85697052
-4.838459635 9.869450378
-4.858329224 9.875703227
-4.881738648 9.877408549
-4.890058553 9.879501445
-4.893495036 9.884204
-4.898016724 9.888906555
-4.909385539 9.891051127
-4.917085327 9.886477763
-4.922356323 9.877460226
-4.928014893 9.870948995
-4.936670695 9.873997904
-4.966074585 9.901024679
-4.96731482 9.912367656
-4.952948772 9.953372905
-4.954809123 9.959703268
-4.96571285 9.983112691
-4.976926635 9.997607931
-4.981396647 10.007736511
-4.96020931 10.008485819
-4.956411092 10.021999207
-4.963335734 10.040318502
-4.974523682 10.055537211
-4.986641806 10.063262838
-4.999793457 10.06946401
-5.010516317 10.079049988
-5.015580608 10.097110901
-5.025528321 10.088739319
-5.037233032 10.083752544
-5.048343466 10.085354512
-5.056482504 10.097110901
-5.042865763 10.103337911
-5.049376994 10.105353292
-5.055138917 10.108040467
-5.061701823 10.110055847
-5.070099243 10.1101592
-5.061030029 10.118453268
-5.037594768 10.126488953
-5.039455119 10.13434377
-5.064724895 10.150802714
-5.070719361 10.161008809
-5.063949748 10.179043885
-5.09071814 10.177932841
-5.090149699 10.18881073
-5.08159725 10.206897481
-5.084413615 10.227438864
-5.087333334 10.22082428
-5.091906697 10.214338887
-5.097849488 10.209274597
-5.10490332 10.206949158
-5.117073121 10.208034363
-5.118210002 10.212478536
-5.114411784 10.218292134
-5.111802124 10.22371816
-5.111802124 10.278650208
-5.119191854 10.29353302
-5.119882392 10.293983277
-5.135676636 10.304281718
-5.152058065 10.305625305
-5.159499471 10.292318624
-5.168439494 10.291336772
-5.217583781 10.319939677
-5.233551798 10.315676371
-5.279802205 10.322420146
-5.296648722 10.323040263
-5.304141805 10.318415223
-5.309206095 10.31149058
-5.31551062 10.30526357
-5.327086141 10.302576396
-5.338506633 10.302214661
-5.343777629 10.30309316
-5.348170125 10.305987041
-5.353337769 10.308260804
-5.357058472 10.304385071
-5.360830851 10.29875234
-5.365533407 10.295703431
-5.385738892 10.296478577
-5.402533732 10.300561015
-5.416227987 10.307537333
-5.426976685 10.316864929
-5.430077271 10.32293691
-5.433487916 10.331876933
-5.437828735 10.340015971
-5.443771526 10.343529969
-5.453021607 10.34394338
-5.459946249 10.345157776
-5.474157268 10.350325419
-5.475294149 10.367714539
-5.487489787 10.392932638
-5.50511145 10.415566915
-5.522578085 10.42548879
-5.517100383 10.439984029
-5.508987183 10.490936992
-5.505163127 10.499179383
-5.48165035 10.535327047
-5.468111125 10.587830302
-5.471056681 10.597364604
-5.478549764 10.604237569
-5.477412883 10.619559632
-5.47048824 10.635605164
-5.460566366 10.644571024
-5.475914266 10.650384623
-5.4771545 10.658807882
-5.482115438 10.675215149
-5.482632202 10.684232687
-5.473072062 10.737872823
-5.467956096 10.752678121
-5.461186483 10.760042013
-5.45296993 10.763969421
-5.4464587 10.768697815
-5.44501176 10.778568014
-5.445321818 10.786991273
-5.431420858 10.844688009
-5.435089884 10.856909485
-5.447027141 10.87799347
-5.46557898 10.947885844
-5.479118205 10.975532736
-5.501804158 10.970210063
-5.495602987 10.996203308
-5.50560248 11.047984824
-5.507333537 11.056948954
-5.504232951 11.072684428
-5.48976355 11.082115377
-5.390131388 11.094698589
-5.373026489 11.099762879
-5.356283326 11.106894227
-5.332512167 11.121570333
-5.322331909 11.135548808
-5.316182414 11.176321513
-5.306725627 11.19939504
-5.275254679 11.230710958
-5.262852336 11.251588237
-5.260940308 11.267737122
-5.26786495 11.372020162
-5.263472453 11.390184428
-5.248176229 11.403181051
-5.226420451 11.413490499
-5.218307251 11.422197978
-5.21918575 11.435142924
-5.224611776 11.458009746
-5.224663452 11.540769551
-5.233913534 11.57598704
-5.269466919 11.604099019
-5.280732381 11.605752666
-5.290964315 11.604460755
-5.299956014 11.606424459
-5.307604126 11.617638244
-5.307810832 11.62900706
-5.302281453 11.639859111
-5.294788371 11.65029775
-5.289258993 11.660426331
-5.280680705 11.699493713
-5.278561971 11.721456197
-5.279543823 11.739026185
-5.287140259 11.758921611
-5.298974162 11.772667542
-5.314787151 11.782486064
-5.334269165 11.79080597
-5.344656128 11.793906555
-5.353286092 11.794526673
-5.370649374 11.791064351
-5.374525106 11.795250142
-5.400414998 11.810184631
-5.405996053 11.812303365
-5.412197225 11.823568828
-5.412352255 11.828529765
-5.405944377 11.830441793
-5.392301799 11.832353821
-5.387909302 11.830803528
-5.375610311 11.822225241
-5.369874227 11.820158183
-5.364551554 11.821760153
-5.357058472 11.82961497
-5.353802857 11.831733704
-5.319024617 11.837418111
-5.314838826 11.839330139
-5.311066447 11.842895813
-5.306518921 11.846048076
-5.30016272 11.846358134
-5.293444783 11.843205872
-5.288018758 11.839123433
-5.28248938 11.836436259
-5.275151326 11.837418111
-5.268226685 11.843050842
-5.248227905 11.870439351
-5.209470581 11.901496887
-5.182908895 11.930900777
-5.167819377 11.943664856
-5.136994384 11.953121644
-5.103947307 11.972758688
-5.089322876 11.979269918
-5.07376827 11.980510152
-5.034313314 11.979269918
-5.016045695 11.981285299
-5.004702718 11.980665182
-4.99423824 11.983249003
-4.984523071 11.988571676
-4.975453858 11.996271464
-4.953749756 12.005108134
-4.932071492 12.00314443
-4.91067745 11.998131816
-4.8899552 11.99792511
-4.847244629 12.013066304
-4.82623816 12.01270457
-4.80680782 11.996271464
-4.789522054 12.001800842
-4.761280884 12.006606751
-4.746888997 12.015081686
-4.738982503 12.025210266
-4.732280931 12.037263094
-4.72513322 12.050118307
-4.714617066 12.059006653
-4.704023397 12.061487122
-4.683714559 12.05905833
-4.673585978 12.059730123
-4.65371639 12.069135233
-4.652736853 12.071626775
-4.648677938 12.081950989
-4.646662557 12.09802236
-4.636120565 12.117556051
-4.600308797 12.13755483
-4.570233114 12.138898417
-4.560466268 12.149492086
-4.585529338 12.197241109
-4.49742102 12.268709615
-4.493545289 12.27284373
-4.492253377 12.278838196
-4.494010377 12.290103659
-4.490496379 12.305761617
-4.490703085 12.313823141
-4.488170939 12.320696106
-4.477189697 12.32731069
-4.462487752 12.328189189
-4.45266923 12.320282695
-4.444814413 12.309430644
-4.435822713 12.301730856
-4.406134603 12.307466939
-4.415358846 12.350306702
-4.451635701 12.435314433
-4.443677531 12.459447327
-4.426624309 12.479652812
-4.407607381 12.497946269
-4.393448039 12.516446431
-4.386885132 12.530192363
-4.387246867 12.533964742
-4.392647054 12.537427063
-4.40140621 12.550397848
-4.422490194 12.597216695
-4.439078328 12.613288066
-4.482538208 12.64625763
-4.491323201 12.662794088
-4.485251221 12.714677226
-4.481711385 12.717416077
-4.474941772 12.715762431
-4.464370142 12.717250671
-4.464296427 12.717261048
-4.435254272 12.728423157
-4.402026326 12.736562195
-4.368850057 12.738990988
-4.339446167 12.732789816
-4.310920776 12.716020813
-4.297226522 12.712145081
-4.276297566 12.714677226
-4.257642374 12.720930074
-4.245471963 12.728936319
-4.243973958 12.729921774
-4.234129598 12.742349955
-4.213278158 12.807178039
-4.211882894 12.81919281
-4.224646972 12.864513041
-4.221313843 12.921253764
-4.22932369 12.948952331
-4.247849691 12.971948344
-4.276917684 12.996236267
-4.28973344 13.013470358
-4.316398479 13.070857036
-4.345363118 13.097056987
-4.351073364 13.106074524
-4.351073364 13.118321839
-4.345905721 13.12713267
-4.339601196 13.135297547
-4.327043824 13.168551331
-4.310197307 13.175553488
-4.246170207 13.17247874
-4.234801392 13.175605164
-4.227773397 13.184441834
-4.230021322 13.193149312
-4.251208659 13.204750671
-4.258107462 13.214129944
-4.25350826 13.229090271
-4.238780477 13.24678945
-4.220667888 13.262834982
-4.205500855 13.272989401
-4.195837362 13.274694723
-4.186458089 13.272834371
-4.176872111 13.272369283
-4.16602006 13.278157044
-4.147106486 13.299602763
-4.131577719 13.32383901
-4.114653686 13.3645342
-4.104266724 13.382698466
-4.087549398 13.39799469
-4.079307007 13.402128804
-4.052538615 13.409001771
-4.04349524 13.414453634
-4.028199015 13.431532694
-4.016029216 13.435770162
-4.005358032 13.439516704
-3.990216838 13.44912852
-3.976910156 13.460626526
-3.971613322 13.469954122
-3.97946814 13.475380147
-3.992232218 13.476232809
-3.997968303 13.480521953
-3.984480754 13.496050721
-3.981250977 13.498970439
-3.97773698 13.499926453
-3.974093791 13.498944601
-3.970321411 13.496154074
-3.965467787 13.489217255
-3.964481975 13.487808329
-3.959288493 13.467938741
-3.956058716 13.461660055
-3.947480428 13.458197733
-3.923399211 13.453753561
-3.917973185 13.451066386
-3.918593303 13.440317689
-3.925543782 13.436312765
-3.934923055 13.434891663
-3.942726196 13.431946107
-3.963009196 13.413161723
-3.971613322 13.408329977
-3.984041504 13.396470235
-3.971613322 13.386755066
-3.948410604 13.380838115
-3.928825236 13.380269674
-3.908878134 13.381974996
-3.892600057 13.378926087
-3.8580802 13.365516052
-3.81710079 13.35468984
-3.798626465 13.347145081
-3.724419109 13.288828227
-3.678711304 13.261749776
-3.596881674 13.199402161
-3.589802002 13.19738678
-3.576598673 13.199298808
-3.569958252 13.196766663
-3.55391272 13.180256043
-3.545050211 13.17449412
-3.538487305 13.173408916
-3.516111409 13.173899841
-3.473921514 13.167601349
-3.461592774 13.165760803
-3.44947465 13.168809713
-3.43947526 13.184855245
-3.440586304 13.202838643
-3.452265177 13.23751353
-3.448544474 13.265780539
-3.426530315 13.274229635
-3.262405966 13.283918966
-3.248634196 13.292781474
-3.283955038 13.542197774
-3.269175578 13.579094747
-3.263904582 13.6026592
-3.25971879 13.658314718
-3.266281697 13.682344258
-3.28695227 13.697769674
-3.267056844 13.717044984
-3.240417643 13.707975769
-3.195820883 13.674902852
-3.167941447 13.672112325
-3.14603064 13.676659851
-3.125101684 13.677279968
-3.100038615 13.662733053
-3.082210246 13.646222433
-3.077300985 13.636791483
-3.074510458 13.622141215
-3.067508301 13.606767477
-3.056010294 13.610849915
-3.038621175 13.629582621
-3.026968139 13.635344543
-3.019113322 13.637514954
-2.994773722 13.634982808
-2.98640214 13.63206309
-2.979322469 13.627567241
-2.972320313 13.624466655
-2.965008097 13.625655213
-2.930473114 13.638522692
-2.895244914 13.651648458
-2.923382732 13.746035462
-2.928059448 13.799623922
-2.912168946 13.837941996
-2.894469767 13.86657074
-2.855376546 13.996175232
-2.857030192 13.997777201
-2.858606324 14.000231832
-2.86155188 14.001730449
-2.867287964 14.000541891
-2.840855469 14.04299408
-2.693190064 14.123195903
-2.676264865 14.141729055
-2.619757854 14.203604431
-2.597381959 14.2223113
-2.516146606 14.267864075
-2.461679647 14.280912374
-2.385611939 14.264711813
-2.151879436 14.156139628
-2.119840047 14.148775736
-2.104337117 14.151178691
-2.08500789 14.159668076
-2.035917521 14.181228536
-2.027287557 14.18812734
-2.023411825 14.198643494
-2.005015015 14.444235739
-1.997056844 14.470694072
-1.967032837 14.483742371
-1.919128785 14.485861104
-1.836963257 14.479582418
-1.766683309 14.48317393
-1.696920125 14.496118877
-1.350274618 14.714968567
-1.307744914 14.734657287
-1.116697144 14.780442606
-1.078559937 14.796358948
-1.04331661 14.81790802
-1.043138154 14.818061606
-0.836404175 14.995985006
-0.836249146 14.996088359
-0.782815715 15.048384908
-0.771271819 15.056619155
-0.75289506 15.069727274
-0.719718791 15.078460592
-0.50034326 15.079721112
-0.467899537 15.079907532
-0.458649455 15.075463359
-0.435601766 15.015156962
-0.425731568 15.002599589
-0.397671265 15.002134501
