37.863780144 -46.940850519
37.836436394 -46.958672784
37.806488477 -46.965752863
37.798106316 -46.964532159
37.781097852 -46.959405206
37.670176629 -46.955987238
37.65503991 -46.958265883
37.618825717 -46.954359633
37.602061394 -46.948663019
37.587412957 -46.938409113
37.582530144 -46.930759373
37.576670769 -46.916761977
37.575368686 -46.903497003
37.593597852 -46.892022394
37.615407748 -46.868747654
37.624847852 -46.86337656
37.631114129 -46.858575128
37.652354363 -46.836114191
37.662445509 -46.828545831
37.694834832 -46.822035415
37.728526238 -46.825290623
37.821055535 -46.844170831
37.868418816 -46.882094008
37.895762566 -46.889906508
37.884938998 -46.916436456
37.863780144 -46.940850519
37.976410352 -46.644707941
37.938649936 -46.654392185
37.891123894 -46.649672133
37.861094597 -46.636163019
37.864919467 -46.614190363
37.900401238 -46.599704685
37.945567254 -46.598321222
37.977793816 -46.615655206
37.976410352 -46.644707941
29.661424194 -22.126451925
29.679614298 -22.138337504
29.691448201 -22.134100036
29.758885946 -22.130896098
29.77924646 -22.136373799
29.83733077 -22.172443949
29.871488892 -22.179265239
29.896035197 -22.191357524
29.932105347 -22.194354756
29.946678101 -22.198282166
29.973963257 -22.213991801
29.983781779 -22.217712504
30.005279175 -22.22226003
30.015511109 -22.227014261
30.034528035 -22.246134542
30.035871623 -22.250578715
30.038145385 -22.253782654
30.067911011 -22.257089945
30.082587117 -22.262877706
30.111112508 -22.282308044
30.135090373 -22.293573507
30.152660359 -22.294813741
30.196998738 -22.289129334
30.221700073 -22.290886332
30.240406942 -22.296157328
30.255289755 -22.304735616
30.269345744 -22.316414489
30.300765014 -22.33698171
30.334974813 -22.344733175
30.372078491 -22.34349294
30.412696167 -22.336878356
30.431713094 -22.33119395
30.469230184 -22.315070902
30.488453817 -22.310213317
30.507367391 -22.309593201
30.572169637 -22.316621196
30.601108439 -22.316414489
30.610306844 -22.318688252
30.625551391 -22.328610128
30.632424357 -22.330677185
30.647410523 -22.326439718
30.674282267 -22.308559672
30.693919311 -22.302771911
30.805282023 -22.294503682
30.837889852 -22.282308044
30.867087036 -22.289646097
30.927186727 -22.295743916
31.036120646 -22.319618428
31.070330444 -22.333674418
31.087642049 -22.336878356
31.097047967 -22.334922386
31.104540243 -22.33336436
31.137716512 -22.318481547
31.152599325 -22.316414489
31.163348023 -22.322615662
31.18365686 -22.345559998
31.190684855 -22.350624288
31.197867879 -22.352587992
31.213474162 -22.36188975
31.221535685 -22.364886983
31.229597209 -22.363956807
31.245720256 -22.35754893
31.25564213 -22.357962341
31.265615682 -22.3655071
31.288921753 -22.397339783
31.279103231 -22.415323182
31.323338257 -22.542860616
31.374911336 -22.691585388
31.426381063 -22.840103455
31.467618856 -22.958959248
31.536348511 -23.156983338
31.54244633 -23.187265727
31.521465699 -23.415572204
31.527615193 -23.456809997
31.546270386 -23.492363383
31.642285197 -23.58786143
31.662025594 -23.624034932
31.700627889 -23.749091899
31.741193888 -23.836786804
31.755198202 -23.857767435
31.774060099 -23.874097188
31.83865564 -23.91781545
31.850437866 -23.930631205
31.855812215 -23.946547546
31.856491137 -23.962958053
31.863046916 -24.121420593
31.869454793 -24.163795268
31.926310767 -24.276739755
31.96133549 -24.346316426
31.986553589 -24.423107605
31.991927938 -24.500415547
31.983763062 -24.569145202
31.984589885 -24.708464864
31.985623413 -24.876930033
31.986295207 -24.996302591
31.987225382 -25.15536265
31.988723999 -25.372610372
31.971670776 -25.421496277
31.967640015 -25.446817729
31.966399781 -25.479683939
31.970120484 -25.510896504
31.980559122 -25.531567077
31.98639856 -25.552444357
31.995648641 -25.615179545
31.995751994 -25.636883647
31.99161788 -25.650216166
31.98479659 -25.656313985
31.975081421 -25.661688334
31.962265666 -25.672850444
31.954410848 -25.684942729
31.91193282 -25.78529836
31.905835001 -25.812996928
31.909969116 -25.842969259
31.949243204 -25.95810435
31.891882365 -25.983839213
31.863356974 -25.989937032
31.834573202 -25.982082214
31.74696632 -25.930789518
31.73060022 -25.921207378
31.6387712 -25.867463888
31.532834513 -25.805555522
31.426897827 -25.743647155
31.401473022 -25.735999044
31.372017456 -25.736412455
31.337394246 -25.744680684
31.309282268 -25.757393087
31.208409871 -25.838628438
31.119836467 -25.910045267
31.106865682 -25.930922547
31.091621134 -25.983632507
31.037774292 -26.100111186
30.96987146 -26.209148458
30.897333504 -26.291709465
30.897317749 -26.291727397
30.804558553 -26.397457377
30.782906128 -26.472388204
30.784146362 -26.578841655
30.785696655 -26.716921081
30.795670207 -26.785547383
30.802439819 -26.808905131
30.819803101 -26.807974955
30.836442912 -26.805081075
30.853392782 -26.79660614
30.868740682 -26.784927267
30.88021285 -26.772214864
30.885294444 -26.7856406
30.902588745 -26.831332702
30.915817911 -26.849419454
30.944446655 -26.876601257
30.955092 -26.891380717
30.960983114 -26.911224467
30.959742879 -26.936132507
30.949407593 -26.975406596
30.95364506 -27.000314636
30.976072632 -27.035041198
31.078753703 -27.118240254
31.126502727 -27.18262909
31.14195398 -27.196478373
31.157043497 -27.205573426
31.244706612 -27.232586324
31.280136759 -27.243503926
31.356669555 -27.26706838
31.459453979 -27.298694356
31.526529989 -27.310889994
31.636910848 -27.312233581
31.782535034 -27.313990581
31.878601522 -27.315230815
31.968260132 -27.316264343
31.967743368 -27.303035176
31.964849487 -27.291666361
31.959785197 -27.281021016
31.952963907 -27.270168965
31.947382853 -27.255492859
31.944850708 -27.181388855
31.944204309 -27.162338389
31.942111857 -27.100670268
31.959681844 -27.008789571
31.975288127 -26.926624043
31.992237996 -26.838257345
31.990067586 -26.808285014
32.057143596 -26.808595072
32.073163289 -26.8113856
32.097761272 -26.833503113
32.113884318 -26.840014343
32.143184855 -26.845698751
32.194086141 -26.840324402
32.223024943 -26.841357931
32.295837036 -26.852003275
32.352216024 -26.860271504
32.468901408 -26.857377625
32.598092488 -26.85396698
32.738445679 -26.850246277
32.893077019 -26.846123956
32.880544467 -26.886895441
32.865244988 -27.017347915
32.846934441 -27.080987238
32.844574415 -27.102715753
32.839366082 -27.123630467
32.80372155 -27.168226821
32.801036004 -27.176853123
32.796885613 -27.205743097
32.794688347 -27.214288019
32.785411004 -27.229668878
32.781016472 -27.255954685
32.676524285 -27.520684503
32.607188347 -27.813734633
32.605723504 -27.836114191
32.603770379 -27.846368097
32.594411655 -27.870049738
32.591481967 -27.880791925
32.591319207 -27.892998956
32.596934441 -27.911797784
32.598317905 -27.922458592
32.550547722 -28.171563409
32.543955925 -28.190118097
32.45997155 -28.306735935
32.454274936 -28.322686456
32.450368686 -28.345635675
32.439219597 -28.366631769
32.422048373 -28.381931248
32.399668816 -28.387872003
32.403330925 -28.397556248
32.406993035 -28.400323175
32.412119988 -28.398695571
32.420176629 -28.394707941
32.428233269 -28.429375909
32.417246941 -28.466485284
32.400726759 -28.502699477
32.392100457 -28.535332941
32.379405144 -28.552829685
32.293142123 -28.630954685
32.28003991 -28.640069269
32.247894727 -28.653903904
32.235118035 -28.661553644
32.22543379 -28.672621352
32.206797722 -28.701348566
32.193614129 -28.716241144
32.083750847 -28.799493097
32.056325717 -28.779473566
32.016856316 -28.78492604
31.993988477 -28.806247654
32.016123894 -28.833591404
32.024099155 -28.824965102
32.037364129 -28.814711196
32.05339603 -28.807061456
32.070078972 -28.805596613
32.051036004 -28.837823175
32.012054884 -28.866469008
31.888356967 -28.924737238
31.852061394 -28.931329034
31.813731316 -28.930108331
31.769053582 -28.922295831
31.770355665 -28.930840753
31.77230879 -28.936618748
31.77605228 -28.940524998
31.782725457 -28.943454685
31.782725457 -28.949639581
31.752126498 -28.966241144
31.55746504 -29.161879165
31.510264519 -29.19898854
31.494476759 -29.205661717
31.488454623 -29.209649347
31.486094597 -29.215752863
31.482188347 -29.233330988
31.478200717 -29.236993097
31.465342644 -29.244886977
31.427012566 -29.292168878
31.412608269 -29.303155206
31.378591342 -29.321872654
31.365000847 -29.332614842
31.360036655 -29.342461847
31.354665561 -29.36337656
31.342133009 -29.370049738
31.333994988 -29.376397394
31.326508009 -29.384209894
31.318614129 -29.402032159
31.186859571 -29.560316665
31.055511915 -29.789808852
31.045258009 -29.829522394
31.055837436 -29.868259373
31.015798373 -29.868096613
31.006114129 -29.876153253
31.001231316 -29.90243906
31.016368035 -29.895196222
31.050466342 -29.885186456
31.063324415 -29.874444269
31.063324415 -29.881931248
31.06153405 -29.888929946
31.058278842 -29.895928644
31.04957116 -29.908623956
31.023773634 -29.935804946
30.919932488 -30.018487238
30.890635613 -30.050062758
30.84253991 -30.123304946
30.786468946 -30.237481378
30.641612175 -30.459567967
30.621429884 -30.50009531
30.617686394 -30.515313409
30.609548373 -30.529554946
30.562347852 -30.573907159
30.392344597 -30.847100519
30.364024285 -30.882256769
30.348155144 -30.896579685
30.333750847 -30.9022763
30.320323113 -30.912286066
30.288747592 -30.971123956
30.195974155 -31.07789479
30.123383009 -31.161553644
30.095062696 -31.178643488
30.062754754 -31.238702081
30.009938998 -31.292250258
29.864105665 -31.411553644
29.846202019 -31.419610284
29.784515821 -31.434747003
29.761729363 -31.443942967
29.742035352 -31.457452081
29.733734571 -31.474867446
29.672373894 -31.539727472
29.650401238 -31.547784113
29.641368035 -31.553317967
29.634613477 -31.572442316
29.62769616 -31.580254816
29.61988366 -31.58603281
29.614431186 -31.588148696
29.592051629 -31.593031508
29.574066602 -31.6054013
29.5420028 -31.635918878
29.52605228 -31.643975519
29.486664259 -31.656426691
29.460785352 -31.672295831
29.45215905 -31.674004816
29.442718946 -31.674737238
29.432139519 -31.677504165
29.427256707 -31.677992446
29.416188998 -31.676527602
29.411631707 -31.677504165
29.405528191 -31.684177342
29.406911655 -31.689385675
29.410655144 -31.693780206
29.411631707 -31.698011977
29.391856316 -31.735528253
29.362478061 -31.74976979
29.356944207 -31.755791925
29.352875196 -31.780368748
29.342051629 -31.793552342
29.309255405 -31.814060154
29.276703321 -31.844659113
29.261241082 -31.863539321
29.254567905 -31.879571222
29.251963738 -31.889092706
29.234141472 -31.916599217
29.223399285 -31.92197031
29.220469597 -31.924004816
29.218760613 -31.927911066
29.215505405 -31.940118097
29.21363366 -31.943780206
29.147634311 -31.969821873
29.137950066 -31.982028904
29.133799675 -31.998467706
29.12378991 -32.017022394
29.09636478 -32.053643488
28.973317905 -32.166680597
28.870371941 -32.287041925
28.817149285 -32.315118097
28.808360222 -32.324883722
28.674082879 -32.430596613
28.65121504 -32.459079685
28.642751498 -32.465508722
28.626231316 -32.472344659
28.617198113 -32.478204034
28.580332879 -32.511163019
28.562673373 -32.531996352
28.555023634 -32.550469659
28.548594597 -32.56243255
28.437510613 -32.636000258
28.411957227 -32.647637628
28.379405144 -32.670993748
28.363291863 -32.678155206
28.360118035 -32.693942967
28.336924675 -32.709405206
28.287608269 -32.732110284
28.240570509 -32.760918878
28.210785352 -32.774672133
28.155528191 -32.788506769
28.130137566 -32.808851821
28.110850457 -32.836521092
28.103282097 -32.866143488
28.094004754 -32.887465102
28.072276238 -32.908298435
27.969899936 -32.98056406
27.939626498 -32.989841404
27.930674675 -32.997653904
27.917653842 -33.013848566
27.903981967 -33.020684503
27.902354363 -33.024346613
27.902110222 -33.029473566
27.90113366 -33.03492604
27.89714603 -33.039971613
27.849294467 -33.0585263
27.829844597 -33.077243748
27.818695509 -33.081638279
27.799327019 -33.084242446
27.749847852 -33.099786066
27.732676629 -33.108819269
27.64323978 -33.188653253
27.609873894 -33.211846613
27.539235873 -33.234551691
27.527842644 -33.242933852
27.523285352 -33.244398696
27.500010613 -33.27337005
27.492360873 -33.277032159
27.484711134 -33.278985284
27.476328972 -33.278090102
27.465668165 -33.27337005
27.458506707 -33.298923435
27.434580925 -33.320733331
27.380218946 -33.357354425
27.355804884 -33.369561456
27.351735873 -33.369561456
27.347504102 -33.36712005
27.344248894 -33.364434503
27.342295769 -33.36337656
27.3388778 -33.366387628
27.33480879 -33.377048435
27.228282097 -33.438897394
27.218760613 -33.448663019
27.143077019 -33.479424738
27.127452019 -33.489841404
27.11980228 -33.496758722
27.116384311 -33.503594659
27.114431186 -33.511163019
27.108897332 -33.519138279
27.100922071 -33.525323175
27.091807488 -33.527764581
27.071299675 -33.530857029
26.984629754 -33.57024505
26.965342644 -33.57431406
26.941254102 -33.575616144
26.919118686 -33.581475519
26.863047722 -33.622735284
26.84278405 -33.627373956
26.794606967 -33.632256769
26.761241082 -33.649021092
26.665375196 -33.68368906
26.653330925 -33.684828383
26.645518425 -33.689141534
26.638926629 -33.707777602
26.632578972 -33.712172133
26.610850457 -33.71493906
26.515147332 -33.755303644
26.476084832 -33.764255467
26.434825066 -33.766045831
26.349864129 -33.755547784
26.323415561 -33.756442967
26.304209832 -33.763767185
26.286631707 -33.766371352
26.263194207 -33.757989191
26.22559655 -33.739434503
26.09253991 -33.717054946
25.955251498 -33.71087005
25.867442254 -33.721856378
25.785411004 -33.743584894
25.711110873 -33.774183852
25.679047071 -33.795179946
25.653086785 -33.822686456
25.634043816 -33.855157159
25.617523634 -33.911390883
25.614919467 -33.934991144
25.619395379 -33.945896092
25.638926629 -33.953789972
25.64340254 -33.962579034
25.648203972 -33.96868255
25.677012566 -33.986504816
25.695648634 -34.01181406
25.704356316 -34.020684503
25.702891472 -34.028497003
25.701019727 -34.031670831
25.697520379 -34.03492604
25.666026238 -34.026543878
25.644297722 -34.032484633
25.624196811 -34.04306406
25.598155144 -34.048516534
25.566905144 -34.045505467
25.513926629 -34.031508071
25.485199415 -34.027520441
25.435394727 -34.032891534
25.410492384 -34.032972915
25.383555535 -34.01962656
25.347992384 -34.014418227
25.313812696 -33.993340753
25.277517123 -33.981133722
25.192637566 -33.962172133
25.101084832 -33.960544529
25.011485222 -33.970961196
24.952891472 -33.985121352
24.929047071 -33.99586354
24.913340691 -34.011325779
24.927419467 -34.052341404
24.916351759 -34.072360935
24.899261915 -34.08961354
24.888682488 -34.096368097
24.841075066 -34.132500909
24.834157748 -34.147637628
24.838226759 -34.159763279
24.847666863 -34.166273696
24.857106967 -34.171156508
24.861338738 -34.178317967
24.857920769 -34.186944269
24.840830925 -34.198011977
24.834157748 -34.205661717
24.827321811 -34.205661717
24.814707879 -34.190687758
24.793711785 -34.184747003
24.72535241 -34.183282159
24.670258009 -34.170830988
24.64722741 -34.168226821
24.583994988 -34.178317967
24.564952019 -34.176934503
24.478526238 -34.157810154
24.435231967 -34.138929946
24.400157097 -34.112562758
24.380869988 -34.106377863
24.259125196 -34.094170831
24.241709832 -34.086114191
24.227875196 -34.07789479
24.16309655 -34.05478281
23.984222852 -34.041110935
23.962657097 -34.036879165
23.919606967 -34.02353281
23.812998894 -34.014418227
23.63550866 -33.979668878
23.58855228 -33.981215102
23.427582227 -34.012383722
23.406097852 -34.020440363
23.386892123 -34.03118255
23.370860222 -34.044854425
23.361175977 -34.066664321
23.367930535 -34.086602472
23.38559004 -34.100274347
23.408376498 -34.103204034
23.408376498 -34.110039972
23.062836134 -34.082696222
23.05746504 -34.076267185
23.051524285 -34.047621352
23.049001498 -34.041110935
23.018890821 -34.03915781
23.00652103 -34.0350888
22.998057488 -34.027520441
23.001638217 -34.042575779
23.009043816 -34.048516534
23.018728061 -34.051690363
23.028819207 -34.0585263
23.038747592 -34.072442316
23.038910352 -34.079766534
23.032237175 -34.086114191
23.02621504 -34.080987238
23.012217644 -34.077406508
22.984548373 -34.075290623
22.9716903 -34.077732029
22.962087436 -34.081312758
22.951508009 -34.083916925
22.936045769 -34.082696222
22.856211785 -34.061781508
22.824229363 -34.045179946
22.81137129 -34.041761977
22.800140821 -34.035577081
22.7920028 -34.020684503
22.789805535 -34.011325779
22.790537957 -34.004327081
22.797211134 -34.000583592
22.812510613 -34.000746352
22.796722852 -33.989515883
22.774587436 -33.983575128
22.730479363 -33.979668878
22.739919467 -33.994724217
22.753184441 -34.009535415
22.768890821 -34.021416925
22.785166863 -34.027520441
22.766774936 -34.032891534
22.742523634 -34.028903904
22.629893425 -33.995782159
22.609873894 -33.993340753
22.583669467 -33.994073175
22.563975457 -33.997247003
22.547699415 -34.003594659
22.495860222 -34.039239191
22.455414259 -34.057061456
22.410492384 -34.065606378
22.317067905 -34.056898696
22.275157097 -34.057712498
22.189219597 -34.075290623
22.169200066 -34.083184503
22.152842644 -34.09368255
22.123545769 -34.120538019
22.111013217 -34.141534113
22.115407748 -34.157810154
22.129893425 -34.169691665
22.147715691 -34.178317967
22.134043816 -34.188083592
22.114105665 -34.193942967
21.984060092 -34.210137628
21.946950717 -34.223728123
21.921722852 -34.246677342
21.918711785 -34.262953383
21.923838738 -34.295668227
21.914317254 -34.306817316
21.894541863 -34.33603281
21.888682488 -34.33961354
21.829600457 -34.368584894
21.788747592 -34.381280206
21.746104363 -34.388360284
21.702647332 -34.39055755
21.597178582 -34.372653904
21.559743686 -34.353448175
21.537608269 -34.348890883
21.515879754 -34.352227472
21.474131707 -34.366794529
21.438975457 -34.372328383
21.431895379 -34.377862238
21.427500847 -34.384535415
21.422129754 -34.39055755
21.415537957 -34.394952081
21.348968946 -34.419203383
21.305918816 -34.424574477
21.262461785 -34.421563409
21.098399285 -34.370782159
21.058360222 -34.36337656
20.961273634 -34.356052342
20.913422071 -34.360446873
20.873545769 -34.376885675
20.880869988 -34.376885675
20.823741082 -34.390313409
20.805186394 -34.398044529
20.832204623 -34.401788019
20.856130405 -34.416924738
20.868174675 -34.437920831
20.859873894 -34.458754165
20.841075066 -34.465020441
20.664317254 -34.438409113
20.524424675 -34.454278253
20.482676629 -34.470472915
20.44800866 -34.493340753
20.39323978 -34.55478281
20.374522332 -34.569756769
20.355479363 -34.576104425
20.341156446 -34.578708592
20.334320509 -34.585219008
20.328868035 -34.594008071
20.318614129 -34.603448175
20.310069207 -34.607191665
20.277598504 -34.617771092
20.261485222 -34.627048435
20.243337436 -34.641045831
20.228526238 -34.657810154
20.222422722 -34.675062758
20.211680535 -34.672051691
20.187266472 -34.677422784
20.146657748 -34.692152602
20.072601759 -34.736911717
20.044444207 -34.768324477
20.057871941 -34.795179946
20.057871941 -34.801446222
20.04175866 -34.805108331
20.015635613 -34.818942967
19.999278191 -34.821954034
19.983571811 -34.82008229
19.967946811 -34.815199477
19.953461134 -34.80868906
19.890472852 -34.769707941
19.875987175 -34.757419529
19.85840905 -34.749688409
19.69809004 -34.75367604
19.683604363 -34.756605727
19.6670028 -34.770440363
19.653168165 -34.774102472
19.642425977 -34.772067967
19.6357528 -34.765883071
19.631114129 -34.758884373
19.626475457 -34.75367604
19.576019727 -34.727959894
19.499685092 -34.664239191
19.448496941 -34.640069269
19.432953321 -34.629978123
19.417328321 -34.614027602
19.398692254 -34.601820571
19.374766472 -34.599297784
19.350759311 -34.604913019
19.331716342 -34.617771092
19.32300866 -34.612481378
19.314219597 -34.610935154
19.305511915 -34.612725519
19.296885613 -34.617771092
19.300629102 -34.606622003
19.360118035 -34.538669529
19.365082227 -34.527764581
19.360199415 -34.500420831
19.344411655 -34.468438409
19.323903842 -34.438653253
19.304372592 -34.4179013
19.290375196 -34.409112238
19.277679884 -34.406508071
19.207774285 -34.418552342
19.146494988 -34.414971613
19.133067254 -34.411716404
19.119313998 -34.400567316
19.101084832 -34.372328383
19.085215691 -34.36337656
19.085215691 -34.356540623
19.111013217 -34.352634373
19.122894727 -34.337985935
19.129567905 -34.317071222
19.139903191 -34.294366144
19.122569207 -34.302666925
19.098968946 -34.335544529
19.088389519 -34.342705988
19.011973504 -34.338555597
18.99903405 -34.339288019
18.970225457 -34.348239842
18.872894727 -34.361911717
18.851898634 -34.373467706
18.847911004 -34.381605727
18.838226759 -34.383884373
18.82699629 -34.381768488
18.817637566 -34.376885675
18.808278842 -34.364678644
18.809418165 -34.354913019
18.817637566 -34.342705988
18.810883009 -34.309747003
18.810313347 -34.301853123
18.813731316 -34.290785415
18.818369988 -34.286065363
18.824229363 -34.282403253
18.831390821 -34.273858331
18.839691602 -34.254327081
18.838226759 -34.239678644
18.823903842 -34.205661717
18.822520379 -34.184991144
18.831390821 -34.17587656
18.845062696 -34.167657159
18.85816491 -34.150323175
18.816172722 -34.097100519
18.800059441 -34.089532159
18.740733269 -34.077406508
18.64722741 -34.070000909
18.555023634 -34.073825779
18.540293816 -34.079034113
18.531748894 -34.083916925
18.495616082 -34.096368097
18.478363477 -34.106866144
18.470062696 -34.114027602
18.460785352 -34.124281508
18.446055535 -34.137139581
18.441661004 -34.144219659
18.44027754 -34.157810154
18.442718946 -34.168145441
18.447764519 -34.173597915
18.454356316 -34.177911066
18.460785352 -34.184502863
18.474457227 -34.226169529
18.475922071 -34.235935154
18.476573113 -34.245049738
18.46762129 -34.311293227
18.4716903 -34.331719659
18.488780144 -34.342705988
18.470062696 -34.34742604
18.445160352 -34.336521092
18.421397332 -34.318454685
18.406260613 -34.301853123
18.382172071 -34.262139581
18.378916863 -34.250258071
18.380056186 -34.243910415
18.384613477 -34.230157159
18.3857528 -34.222344659
18.383799675 -34.21868255
18.379567905 -34.216403904
18.374766472 -34.214532159
18.372080925 -34.212497654
18.362478061 -34.186211847
18.35434004 -34.175388279
18.325450066 -34.167168878
18.316254102 -34.157484633
18.313812696 -34.14462656
18.316905144 -34.130547784
18.324229363 -34.122653904
18.333506707 -34.119886977
18.341319207 -34.114678644
18.344737175 -34.099786066
18.345225457 -34.086114191
18.347178582 -34.075453383
18.351410352 -34.065606378
18.35840905 -34.05478281
18.343760613 -34.056573175
18.337901238 -34.058282159
18.330414259 -34.062188409
18.316172722 -34.043552342
18.314789259 -34.029066665
18.32309004 -34.015883071
18.337901238 -34.000746352
18.351817254 -33.982191665
18.362559441 -33.946465753
18.372080925 -33.925062758
18.404551629 -33.903252863
18.443044467 -33.904066665
18.47535241 -33.899834894
18.488780144 -33.862969659
18.484385613 -33.843926691
18.465098504 -33.817966404
18.460785352 -33.804945571
18.458343946 -33.78525156
18.431813998 -33.696709894
18.405609571 -33.652927342
18.400075717 -33.633396092
18.390961134 -33.629489842
18.344737175 -33.582452081
18.328298373 -33.573418878
18.320323113 -33.567478123
18.316905144 -33.5585263
18.316905144 -33.517266534
18.314300977 -33.496514581
18.30738366 -33.479261977
18.282725457 -33.44524505
18.254161004 -33.419366144
18.146169467 -33.355889581
18.156016472 -33.339043878
18.150157097 -33.319268488
18.125010613 -33.280043227
18.11198978 -33.253513279
18.087738477 -33.225844008
18.08472741 -33.215264581
18.075205925 -33.202243748
18.029307488 -33.164971613
18.012380405 -33.157321873
17.991709832 -33.150323175
17.977793816 -33.134209894
17.966644727 -33.115817967
17.954925977 -33.101983331
17.980479363 -33.091241144
17.995290561 -33.088148696
18.005869988 -33.091729425
18.013682488 -33.103204034
18.019216342 -33.114027602
18.02605228 -33.123467706
18.037445509 -33.129978123
18.032969597 -33.140883071
18.040212436 -33.149102472
18.067637566 -33.167575779
18.086110873 -33.189385675
18.099131707 -33.200941665
18.11198978 -33.205010675
18.127452019 -33.197360935
18.123383009 -33.186130467
18.101817254 -33.167575779
18.09652754 -33.159112238
18.094493035 -33.142266534
18.091563347 -33.135511977
18.087168816 -33.133070571
18.075938347 -33.132012628
18.071055535 -33.129978123
18.049082879 -33.111423435
18.040863477 -33.10165781
18.037445509 -33.091729425
18.040537957 -33.048516534
18.037445509 -33.033786717
18.023203972 -33.014336847
17.999522332 -33.004489842
17.970550977 -33.002373956
17.940684441 -33.006442967
17.949717644 -33.022230727
17.954925977 -33.027520441
17.942718946 -33.029961847
17.93230228 -33.034356378
17.91277103 -33.047458592
17.901866082 -33.036879165
17.895843946 -33.026462498
17.89340254 -33.017185154
17.892832879 -33.010186456
17.889008009 -33.001560154
17.882090691 -32.992608331
17.878591342 -32.981540623
17.88550866 -32.966078383
17.880707227 -32.958184503
17.868500196 -32.929294529
17.862478061 -32.907159113
17.861664259 -32.899021092
17.865082227 -32.89055755
17.875254754 -32.879815363
17.881032748 -32.867608331
17.875498894 -32.855889581
17.852386915 -32.829685154
17.846853061 -32.827080988
17.843028191 -32.823337498
17.843923373 -32.814629816
17.847829623 -32.813409113
17.855153842 -32.814711196
17.861827019 -32.815199477
17.865000847 -32.811211847
17.868174675 -32.808200779
17.883555535 -32.79664479
17.889170769 -32.794122003
17.89730879 -32.79273854
17.899099155 -32.789239191
17.899424675 -32.783949477
17.902842644 -32.777032159
17.903575066 -32.769219659
17.902679884 -32.73837656
17.905935092 -32.725844008
17.919688347 -32.716566665
17.943369988 -32.708265883
17.96745853 -32.703545831
17.982269727 -32.704766534
17.974864129 -32.712172133
17.986582879 -32.726983331
18.037445509 -32.766778253
18.080577019 -32.78134531
18.118825717 -32.773044529
18.152110222 -32.751234633
18.273122592 -32.647556248
18.296397332 -32.608575128
18.310801629 -32.572849217
18.334157748 -32.491306248
18.337901238 -32.451592706
18.333181186 -32.382012628
18.327403191 -32.366143488
18.3154403 -32.34368255
18.321055535 -32.327325128
18.344737175 -32.3007138
18.349375847 -32.260349217
18.310720248 -32.129489842
18.29948978 -32.022637628
18.281748894 -31.979180597
18.275889519 -31.957452081
18.278330925 -31.913750909
18.276866082 -31.892673435
18.265635613 -31.872328383
18.253103061 -31.858330988
18.241709832 -31.841403904
18.235687696 -31.82805755
18.234873894 -31.819105727
18.235850457 -31.811130467
18.234873894 -31.800469659
18.21371504 -31.730645441
18.196787957 -31.697360935
18.172862175 -31.663262628
18.126231316 -31.612237238
18.118825717 -31.598077081
18.116709832 -31.590590102
18.071055535 -31.533461196
18.023285352 -31.490411066
18.015798373 -31.474867446
18.009450717 -31.456638279
17.994151238 -31.4413388
17.961192254 -31.416192316
17.922211134 -31.363946222
17.893728061 -31.344821873
17.883799675 -31.32008229
17.871836785 -31.272881769
17.859385613 -31.260349217
17.818614129 -31.232110284
17.809743686 -31.221612238
17.804372592 -31.208591404
17.750254754 -31.131931248
17.745290561 -31.1288388
17.735036655 -31.104261977
17.731211785 -31.097832941
17.718272332 -31.080661717
17.697113477 -31.035821222
17.686778191 -31.018975519
17.617198113 -30.934014581
17.561696811 -30.838067316
17.556488477 -30.823825779
17.548187696 -30.787204685
17.535980665 -30.752129816
17.477224155 -30.682386977
17.450368686 -30.639092706
17.454112175 -30.601250909
17.429535352 -30.576755467
17.373545769 -30.487237238
17.364593946 -30.464043878
17.346202019 -30.444512628
17.281993035 -30.34775156
17.277517123 -30.337579034
17.274424675 -30.311700128
17.265879754 -30.279961847
17.261729363 -30.271661066
17.259450717 -30.245049738
17.206879102 -30.165297133
17.193369988 -30.132012628
17.189626498 -30.093031508
17.166351759 -30.012872003
17.103688998 -29.884942316
17.097178582 -29.850844008
17.094981316 -29.845879816
17.090342644 -29.840752863
17.085703972 -29.833754165
17.083506707 -29.823337498
17.082774285 -29.812758071
17.056325717 -29.7304013
17.062510613 -29.7304013
17.0576278 -29.717461847
17.057790561 -29.690606378
17.056325717 -29.676446222
17.031586134 -29.618829034
17.032074415 -29.608168227
17.018809441 -29.598728123
17.011973504 -29.577080988
17.007823113 -29.539239191
16.978282097 -29.467868748
16.970876498 -29.456719659
16.933929884 -29.357679946
16.929698113 -29.351250909
16.910329623 -29.332777602
16.906016472 -29.322930597
16.903168165 -29.318291925
16.884938998 -29.299004816
16.863780144 -29.238702081
16.85808353 -29.229587498
16.847666863 -29.219903253
16.843272332 -29.211358331
16.844248894 -29.188409113
16.840586785 -29.178887628
16.831228061 -29.16383229
16.82292728 -29.14072031
16.81918379 -29.11728281
16.824066602 -29.101006769
16.808767123 -29.078301691
16.74496504 -29.028741144
16.735687696 -29.016208592
16.720469597 -28.977634373
16.712738477 -28.963962498
16.667735222 -28.908623956
16.60035241 -28.857517185
16.589528842 -28.83587005
16.579437696 -28.800388279
16.573903842 -28.765069269
16.57699629 -28.744235935
16.57292728 -28.737562758
16.564300977 -28.720310154
16.562754754 -28.712823175
16.558929884 -28.707614842
16.550547722 -28.705824477
16.541188998 -28.705254816
16.534841342 -28.70322031
16.513519727 -28.660902602
16.497080925 -28.649346613
16.471853061 -28.625420831
16.469981316 -28.620049738
16.480316602 -28.613539321
16.486664259 -28.598809503
16.488942905 -28.582940363
16.48707116 -28.5729305965
16.505379679 -28.565387064
16.531527954 -28.549677429
16.559123169 -28.53706838
16.597363728 -28.526216329
16.673121378 -28.459760437
16.683456665 -28.45624644
16.692345011 -28.461104024
16.696789185 -28.472472839
16.699683065 -28.485185242
16.70381718 -28.494487
16.72045699 -28.496037293
16.740404093 -28.480947774
16.758387492 -28.459657084
16.769342895 -28.442603862
16.772133423 -28.425757345
16.773373657 -28.402916362
16.778541301 -28.382969259
16.793217407 -28.374287618
16.803862753 -28.366122742
16.796834758 -28.347829285
16.775544067 -28.319097188
16.768412719 -28.303697611
16.764381958 -28.283233744
16.768722778 -28.265353699
16.786499471 -28.257602234
16.795181111 -28.261219584
16.805102987 -28.267730815
16.815231567 -28.2708314
16.824636678 -28.264526876
16.826600382 -28.251917826
16.820812622 -28.240032247
16.813267863 -28.229903666
16.81027063 -28.222875671
16.814301391 -28.213470561
16.819779094 -28.209749857
16.841069783 -28.209853211
16.856366007 -28.206649272
16.855952596 -28.199414571
16.838382609 -28.179467468
16.835695434 -28.174196472
16.837659139 -28.168202006
16.843756958 -28.163861185
16.84778772 -28.165411479
16.852025188 -28.168305359
16.868664998 -28.167891948
16.873832642 -28.171509298
16.878173462 -28.172026062
16.885511515 -28.162000834
16.892952921 -28.082625834
16.896466919 -28.07993866
16.913520142 -28.062678731
16.919617961 -28.058337911
16.927472778 -28.060198262
16.937498006 -28.071050313
16.947523234 -28.072703959
16.959512167 -28.068569844
16.973774862 -28.055030619
16.985350382 -28.052240092
17.012015421 -28.058337911
17.045398397 -28.036323751
17.056663859 -28.031156107
17.076404256 -28.026815287
17.086532837 -28.027021993
17.097798299 -28.031156107
17.111750936 -28.04603892
17.123223103 -28.066502788
17.136348917 -28.084692892
17.155779256 -28.092547709
17.180894002 -28.099472351
17.189989054 -28.116835632
17.189782349 -28.139366557
17.187095174 -28.162000834
17.191952758 -28.208819682
17.213140096 -28.232074076
17.245179484 -28.237448425
17.308638143 -28.224115905
17.334476359 -28.222875671
17.345741821 -28.227629903
17.349772583 -28.238688659
17.351219523 -28.251401062
17.355043579 -28.261012878
17.364138631 -28.273311869
17.367032512 -28.283543803
17.36806604 -28.293775736
17.371993449 -28.306074727
17.37891809 -28.316306661
17.394834432 -28.335116882
17.400002075 -28.346382345
17.402069133 -28.367776387
17.399692017 -28.395268249
17.391320435 -28.418832703
17.375404094 -28.428961283
17.358557577 -28.432785339
17.341194295 -28.442810567
17.328171834 -28.456143087
17.324244425 -28.470509135
17.332409302 -28.488595886
17.359487752 -28.519808452
17.365275512 -28.542546081
17.373026978 -28.559392598
17.409613892 -28.57138153
17.420569295 -28.593395691
17.414264771 -28.632669779
17.401759073 -28.674217631
17.403619425 -28.704293315
17.44092981 -28.709564311
17.485164836 -28.7001592
17.526609334 -28.69581838
17.546969849 -28.691374207
17.565986776 -28.683519389
17.582936646 -28.680212098
17.598026163 -28.689617207
17.603400513 -28.710804545
17.60257369 -28.735402527
17.607121216 -28.755659688
17.628721965 -28.764134623
17.660968058 -28.7722995
17.673783813 -28.771576029
17.68339563 -28.767545268
17.703239379 -28.755556335
17.71409143 -28.751112162
17.746337524 -28.748631693
17.913252401 -28.781291198
17.949529256 -28.794727071
17.983325643 -28.813743998
18.044097127 -28.858392435
18.08244104 -28.875962423
18.166466919 -28.901903991
18.185070434 -28.902214051
18.220727173 -28.891258647
18.308680461 -28.879993184
18.331004679 -28.881440124
18.373069295 -28.895186056
18.397563924 -28.898906759
18.416994262 -28.891672058
18.424745728 -28.887227885
18.435701131 -28.884230652
18.455234822 -28.881440124
18.460712525 -28.879889831
18.469394165 -28.874928894
18.474975219 -28.873998718
18.479419393 -28.876272481
18.491615031 -28.886297709
18.496162557 -28.888261413
18.517659953 -28.882266947
18.553936808 -28.864696961
18.745656372 -28.839892273
18.954532511 -28.866660665
18.971172323 -28.880509949
18.996390422 -28.91554657
19.006932414 -28.926295268
19.013960408 -28.928465677
19.04899703 -28.932393087
19.060055786 -28.935700378
19.064706665 -28.939834493
19.081656535 -28.959368184
19.120207154 -28.957507833
19.161548299 -28.945415548
19.218495727 -28.918853861
19.226660604 -28.911515808
19.237616007 -28.895599467
19.243713826 -28.891878764
19.276580037 -28.889501648
19.288362264 -28.88309377
19.288879028 -28.871001485
19.251568645 -28.814260763
19.244954061 -28.792453308
19.248571411 -28.771576029
19.265934692 -28.742637227
19.277303508 -28.72940806
19.290015909 -28.719692891
19.30448531 -28.718659362
19.328359822 -28.735815939
19.339005168 -28.737469584
19.353474569 -28.731888529
19.434606567 -28.713491719
19.455070434 -28.70522349
19.472433716 -28.692717794
19.482872355 -28.678248393
19.511707804 -28.598046569
19.517805623 -28.589364929
19.527417439 -28.585954284
19.533721965 -28.582440287
19.5421969 -28.564043477
19.547571248 -28.555878601
19.556459594 -28.546163431
19.562350708 -28.538101909
19.568758586 -28.531177266
19.579197225 -28.5251828
19.587982219 -28.522702332
19.68833785 -28.515984395
19.705597778 -28.508026225
19.725338175 -28.494176941
19.748075805 -28.487148946
19.796341593 -28.484151713
19.825590454 -28.476710307
19.870342245 -28.440846863
19.896697225 -28.427721049
19.907859334 -28.426480814
19.940208781 -28.430201517
19.950544067 -28.429271341
19.98165328 -28.4223467
19.983203572 -28.392684428
19.983203572 -28.353203633
19.983203572 -28.297186381
19.983203572 -28.241065775
19.983203572 -28.185048523
19.983100219 -28.12903127
19.982996867 -28.072910665
19.982996867 -28.016790059
19.982996867 -27.960772807
19.982996867 -27.904652201
19.982996867 -27.848531596
19.982996867 -27.792617696
19.982996867 -27.736497091
19.982996867 -27.680376485
19.982893514 -27.624359233
19.982893514 -27.568238627
19.982893514 -27.512118022
19.982893514 -27.456100769
19.982893514 -27.400186869
19.982893514 -27.344066263
19.982893514 -27.287945658
19.982790161 -27.231928406
19.982686808 -27.1758078
19.982686808 -27.119687194
19.982686808 -27.063669942
19.982686808 -27.00765269
19.982686808 -26.951532084
19.982686808 -26.895514832
19.982583456 -26.839394226
19.982583456 -26.783376974
19.982583456 -26.727256368
19.982583456 -26.671239116
19.982583456 -26.61511851
19.982480103 -26.559101258
19.98237675 -26.503084005
19.98237675 -26.4469634
19.98237675 -26.390946147
19.98237675 -26.334825542
19.98237675 -26.278808288
19.98237675 -26.222687683
19.982273396 -26.16667043
19.982273396 -26.110549825
19.982273396 -26.054532572
19.982273396 -25.99851532
19.982273396 -25.942394714
19.982170044 -25.886274109
19.982066691 -25.830256856
19.982066691 -25.774136251
19.982066691 -25.718118998
19.982066691 -25.662101746
19.982066691 -25.618988072
19.982066691 -25.606084493
19.982066691 -25.549963888
19.982066691 -25.493843282
19.982066691 -25.43782603
19.981963338 -25.381705424
19.981963338 -25.325688172
19.981963338 -25.269670919
19.981963338 -25.213550314
19.981963338 -25.157429708
19.981963338 -25.101412456
19.981963338 -25.045395202
19.981859985 -24.989274597
19.981756632 -24.933257344
19.981756632 -24.877136739
19.981756632 -24.821016133
19.981756632 -24.764998881
19.981446574 -24.752493184
19.986407511 -24.768822937
19.992918742 -24.775850932
20.010488729 -24.78804657
20.02929895 -24.815228373
20.081078735 -24.85264211
20.107847128 -24.880340678
20.118905884 -24.887368673
20.128414348 -24.889745788
20.14908492 -24.890986023
20.159316853 -24.893673197
20.235694621 -24.936047871
20.364885702 -25.033199565
20.375531047 -25.046118673
20.406846965 -25.107820333
20.433925415 -25.146784363
20.444777466 -25.168385111
20.443227173 -25.183061218
20.434442179 -25.199804382
20.44384729 -25.213343607
20.462450806 -25.223678894
20.481674439 -25.230500183
20.48353479 -25.256648457
20.485498495 -25.263159688
20.491803019 -25.269050802
20.50988977 -25.277525737
20.516401001 -25.283623556
20.518571411 -25.293028667
20.514850708 -25.299126485
20.510406534 -25.30470754
20.510509888 -25.312252299
20.514644002 -25.319280293
20.525082642 -25.332199402
20.529216756 -25.34005422
20.53583134 -25.371163431
20.542239217 -25.382222189
20.558775676 -25.392040711
20.588024536 -25.404029643
20.59360559 -25.413228047
20.596912882 -25.432865092
20.612002401 -25.43100474
20.611382283 -25.439376322
20.605904582 -25.451778666
20.606628051 -25.4620106
20.616549927 -25.466144714
20.625644979 -25.46273407
20.634429972 -25.457669779
20.643525024 -25.457359721
20.656547486 -25.46779836
20.626885213 -25.48474823
20.620373983 -25.500561219
20.618513631 -25.528466492
20.663368774 -25.564743347
20.671430298 -25.591201681
20.665229126 -25.601020203
20.643318319 -25.613215841
20.637943969 -25.620347188
20.641044556 -25.631199239
20.651379842 -25.634609884
20.663058716 -25.636263529
20.670810181 -25.642257995
20.671430298 -25.653316752
20.662748657 -25.674917501
20.66285201 -25.685252787
20.671016887 -25.695484721
20.696545044 -25.707060242
20.70688033 -25.714811706
20.716698853 -25.732588399
20.737782837 -25.798940938
20.727137492 -25.818164571
20.726517375 -25.827362976
20.7400566 -25.823125508
20.749978475 -25.818474629
20.755766235 -25.818991394
20.766928344 -25.830670267
20.76713505 -25.834390971
20.794110148 -25.893922221
20.802791789 -25.980531922
20.800518026 -26.052465515
20.80392867 -26.071275736
20.84144576 -26.131323751
20.837931763 -26.146826681
20.794730265 -26.201913757
20.776230103 -26.240567728
20.753285767 -26.276224467
20.695511515 -26.341956888
20.665952596 -26.39177297
20.652103312 -26.407792664
20.622544392 -26.42753306
20.618203573 -26.439728699
20.605284464 -26.493265483
20.602287232 -26.522204285
20.605284464 -26.547732442
20.611485636 -26.55992808
20.627712036 -26.580805359
20.632362915 -26.59527476
20.630709269 -26.618322449
20.608901815 -26.686121928
20.609211873 -26.716197612
20.614689575 -26.753197937
20.624818156 -26.789371439
20.63866744 -26.816966654
20.644868612 -26.824511414
20.650553019 -26.829679057
20.665642537 -26.839084168
20.675461059 -26.850039571
20.685692993 -26.8817689
20.690757283 -26.891794128
20.69354781 -26.889003601
20.714941854 -26.875050965
20.779434042 -26.848075867
20.826046183 -26.818827006
20.8518844 -26.806528015
20.907694946 -26.800016784
20.950172973 -26.816036479
20.990377238 -26.838567403
21.122462199 -26.865335795
21.153468058 -26.864508972
21.240594523 -26.841978048
21.254857218 -26.841771342
21.282865845 -26.844975281
21.296921834 -26.844458516
21.38084436 -26.823994649
21.426629679 -26.822651062
21.449470662 -26.826371765
21.498666626 -26.846422221
21.583932739 -26.848385925
21.643360636 -26.862751973
21.664547974 -26.863062032
21.687182251 -26.855207214
21.74381962 -26.820480652
21.762319784 -26.804460958
21.77337854 -26.786787618
21.777512654 -26.768494161
21.776479126 -26.749167175
21.767487427 -26.704312032
21.768727661 -26.688705749
21.780613241 -26.678163757
21.80727828 -26.669585469
21.838800903 -26.664521179
21.935849243 -26.663901062
21.998997843 -26.650258484
22.057702271 -26.617598979
22.108138469 -26.571917012
22.146172322 -26.519207051
22.178315064 -26.439935405
22.197435344 -26.40407196
22.237742961 -26.366761576
22.248284953 -26.346917827
22.257276652 -26.340923361
22.303165324 -26.333585306
22.318771606 -26.328831075
22.342852824 -26.317358907
22.39504602 -26.271883646
22.428842407 -26.226511739
22.450856568 -26.210078634
22.482585897 -26.204807638
22.527957805 -26.213695984
22.54511438 -26.207391459
22.563821248 -26.181139831
22.580254354 -26.146516622
22.591519816 -26.133184102
22.611156861 -26.120575053
22.620863103 -26.111532485
22.623249146 -26.10930959
22.665003702 -26.051431986
22.665830526 -26.039856466
22.662109823 -26.029831238
22.661593058 -26.020942891
22.672238403 -26.012881368
22.700660441 -26.003269552
22.710478963 -25.996861674
22.719367309 -25.984252625
22.724224894 -25.96750946
22.727222127 -25.943945007
22.726808716 -25.921620789
22.721641072 -25.909011739
22.708825318 -25.89102834
22.719470662 -25.874285177
22.739521118 -25.858472188
22.754713989 -25.84338267
22.765462687 -25.826536153
22.7641191 -25.820334981
22.757917928 -25.805968933
22.750889934 -25.796047058
22.74499882 -25.794083354
22.741174764 -25.790879414
22.740451294 -25.777030131
22.74644576 -25.755326029
22.75977828 -25.734862162
22.804426717 -25.687216491
22.810214478 -25.677397969
22.812798299 -25.667062683
22.81496871 -25.652799988
22.813418416 -25.641947937
22.80959436 -25.633266297
22.810834594 -25.625308126
22.824373819 -25.615799662
22.833365519 -25.606084493
22.82871464 -25.5955425
22.819206177 -25.584897156
22.813418416 -25.575078633
22.814038534 -25.566603698
22.816829061 -25.558438823
22.824683879 -25.543039246
22.844630981 -25.48113088
22.851348918 -25.471312357
22.876773722 -25.4620106
22.887625773 -25.450228373
22.903645467 -25.411367696
22.911913696 -25.399068705
22.920491984 -25.390490417
22.930930623 -25.384289245
22.944779907 -25.378708191
22.956148722 -25.372093607
22.960282837 -25.364342143
22.9625566 -25.355763855
22.968034302 -25.346875508
23.006998332 -25.310805359
23.030666138 -25.299436544
23.054540649 -25.302537129
23.061155233 -25.310702006
23.065496053 -25.320830587
23.071697225 -25.32599823
23.083892863 -25.319693706
23.093401327 -25.312459005
23.168538859 -25.280006205
23.216081176 -25.26719045
23.265690551 -25.263986511
23.320364217 -25.273391622
23.365942831 -25.289307963
23.38144576 -25.292615254
23.399222453 -25.29137502
23.43198531 -25.280316264
23.444904419 -25.278145853
23.459270467 -25.282176616
23.468158813 -25.290238139
23.483455037 -25.311528829
23.496580851 -25.324241231
23.506606079 -25.330959167
23.53585494 -25.343258158
23.561073038 -25.357314148
23.666699666 -25.432658386
23.674244425 -25.442580262
23.686750122 -25.454362487
23.742664022 -25.46996877
23.752069133 -25.477616883
23.762301066 -25.498494161
23.769019002 -25.507382507
23.77832076 -25.512550151
23.798577921 -25.518544617
23.807466268 -25.523608907
23.845396769 -25.569084167
23.890665324 -25.598849792
23.905754842 -25.618486836
23.924771769 -25.629235534
23.976448202 -25.617556661
23.988023723 -25.619520365
23.998255656 -25.625308126
24.008694296 -25.633162944
24.009624471 -25.641327819
24.004250122 -25.649906108
24.005697062 -25.654660339
24.027091105 -25.651766459
24.130960734 -25.626238302
24.18346399 -25.625928243
24.227699015 -25.648975932
24.296738729 -25.723493348
24.338906698 -25.751812032
24.389239542 -25.759460144
24.416731405 -25.753052266
24.436781861 -25.745300802
24.456728963 -25.743027039
24.500851117 -25.757848434
24.576721639 -25.783334656
24.629638306 -25.816097513
24.664984985 -25.823332214
24.737952107 -25.815890808
24.770714966 -25.822608744
24.798620239 -25.829223327
24.828902629 -25.826019389
24.888537231 -25.811653341
24.908380982 -25.804108581
24.967912231 -25.762870788
25.013284139 -25.743027039
25.051731405 -25.737859395
25.090282023 -25.743647155
25.13596399 -25.756566264
25.177821899 -25.7632842
25.386491333 -25.743543803
25.458424927 -25.711194356
25.587254272 -25.619520365
25.608855021 -25.559265645
25.652837702 -25.46331855
25.663528687 -25.439996439
25.695464722 -25.309978536
25.782901245 -25.131384785
25.804915405 -25.064825541
25.835197795 -25.016353048
25.837058146 -24.979146016
25.866203654 -24.918167827
25.876745646 -24.886025085
25.877262411 -24.845717469
25.866927124 -24.772646993
25.868374064 -24.748152364
25.874058472 -24.743398133
25.881706583 -24.742157898
25.914676148 -24.731822611
25.966042521 -24.733579611
25.981132039 -24.72634491
26.013584839 -24.704537456
26.165910617 -24.660846195
26.27878829 -24.628469746
26.32571049 -24.622371928
26.344520711 -24.624025574
26.363537638 -24.628056335
26.38162439 -24.629503275
26.404001092 -24.632758068
26.40436202 -24.632810567
26.469474325 -24.571418966
26.476812378 -24.559946798
26.506061238 -24.488840027
26.531175985 -24.458660991
26.558357788 -24.438197123
26.623470093 -24.399439799
26.684086547 -24.341458842
26.692923218 -24.326576029
26.714007202 -24.315930684
26.802270549 -24.289679056
26.82325118 -24.278827006
26.839167522 -24.265597839
26.849709513 -24.248131205
26.868933146 -24.160384623
26.870896851 -24.115839538
26.941176798 -23.850222677
26.945000854 -23.823247579
26.938127889 -23.802887065
26.966601603 -23.755189718
26.964542365 -23.74713997
26.962054077 -23.737413025
26.967170044 -23.718706156
26.986548706 -23.686976827
27.00417037 -23.645842387
27.013833862 -23.638504334
27.024272502 -23.642535095
27.029853557 -23.654730733
27.037605021 -23.665686136
27.054761596 -23.666409607
27.070057821 -23.65607432
27.069437703 -23.641708273
27.063133178 -23.624241638
27.061531209 -23.604397888
27.068404175 -23.607291768
27.075225464 -23.611219177
27.07832605 -23.602020773
27.084113811 -23.596026306
27.10251062 -23.583830668
27.095792684 -23.583830668
27.103750855 -23.571738383
27.113362671 -23.564296976
27.124421427 -23.563160095
27.136720418 -23.57018809
27.141164591 -23.55830251
27.135686889 -23.551894633
27.127418661 -23.54528005
27.12307784 -23.532981058
27.127418661 -23.525022888
27.137650594 -23.523369242
27.149122762 -23.527503357
27.157184285 -23.536701762
27.161525106 -23.529880473
27.168966512 -23.521612244
27.171446981 -23.515617777
27.178681681 -23.523575948
27.186639852 -23.527296651
27.195631551 -23.527089946
27.205656779 -23.523059184
27.191497437 -23.503835551
27.202504516 -23.492053324
27.239711548 -23.48140798
27.278107137 -23.463631287
27.295573771 -23.451745707
27.312006877 -23.4370696
27.33557133 -23.402446391
27.349989055 -23.391490987
27.36120284 -23.422496847
27.371331421 -23.417019144
27.380839885 -23.405340271
27.383733765 -23.399552511
27.39582605 -23.394074809
27.410502156 -23.389320577
27.418460327 -23.391284281
27.411122274 -23.405753682
27.425178263 -23.412678325
27.434996786 -23.406580506
27.443161661 -23.395108337
27.452670125 -23.385289815
27.465692586 -23.380432231
27.507240438 -23.379088644
27.528841186 -23.373094177
27.548891642 -23.360795187
27.563671102 -23.342811788
27.569355509 -23.320384216
27.56775354 -23.313769633
27.564911336 -23.305811462
27.563309367 -23.299196879
27.565893189 -23.296509704
27.569613892 -23.294856059
27.573076212 -23.290515238
27.575246623 -23.284830831
27.576073446 -23.279146423
27.580414266 -23.263850199
27.599224487 -23.244626566
27.608009481 -23.216721293
27.61917159 -23.217031351
27.633434285 -23.22343923
27.64712854 -23.227573344
27.658755737 -23.22343923
27.698443237 -23.193466899
27.725728394 -23.22168223
27.739164266 -23.227573344
27.753633667 -23.220752054
27.759421428 -23.211450297
27.774200887 -23.173003031
27.77575118 -23.172486267
27.783295939 -23.166905213
27.78458785 -23.165561625
27.789290405 -23.163804626
27.787378377 -23.159773865
27.783037557 -23.155433044
27.781022176 -23.152539164
27.779058472 -23.14768158
27.774614298 -23.140756937
27.771720418 -23.133005473
27.774200887 -23.125150655
27.784949585 -23.127011007
27.806446981 -23.128354594
27.822259969 -23.122980245
27.815748738 -23.104686788
27.853782593 -23.095591736
27.89553715 -23.079468689
27.930057007 -23.057041118
27.9460767 -23.029032491
27.937911825 -22.986657816
27.937498413 -22.963816833
27.949177287 -22.953894958
27.96840092 -22.951001078
27.989381551 -22.943766378
28.008295125 -22.934774678
28.02183435 -22.926609803
28.037440633 -22.911416931
28.049739624 -22.891366475
28.053977091 -22.86914561
28.045398804 -22.847751566
28.047155802 -22.836899516
28.065759318 -22.828837992
28.088807007 -22.82263682
28.103689819 -22.816745707
28.107720581 -22.810647888
28.113198283 -22.795351664
28.117435751 -22.789460551
28.125600626 -22.785533142
28.135625855 -22.783362732
28.145857788 -22.779745382
28.15495284 -22.771993916
28.162497599 -22.758971456
28.162704305 -22.751013285
28.159707072 -22.74326182
28.157743367 -22.731066182
28.159707072 -22.718147075
28.16466801 -22.708638611
28.196190633 -22.671638285
28.205492391 -22.665953877
28.216344442 -22.66316335
28.240684041 -22.660889587
28.25055424 -22.655618591
28.286831095 -22.615827739
28.301817261 -22.603838806
28.338559204 -22.584615173
28.376851441 -22.575003357
28.459378703 -22.569629007
28.522475626 -22.584821879
28.538495321 -22.580274353
28.559837687 -22.563014425
28.577562703 -22.560017192
28.597199747 -22.562704366
28.623864787 -22.562807719
28.659004761 -22.551955668
28.731351766 -22.513921814
28.774759969 -22.501416117
28.796774129 -22.498212178
28.816824585 -22.492941182
28.831190634 -22.482295837
28.836771688 -22.463175557
28.84659021 -22.449946391
28.869379517 -22.448912862
28.912529338 -22.453667094
28.930409383 -22.440851339
28.953457072 -22.400750427
28.963378947 -22.392172139
28.967926473 -22.380389913
28.960226685 -22.310213317
28.983739461 -22.281997986
29.002756388 -22.263394471
29.018052612 -22.255022888
29.017845906 -22.250372009
29.038723186 -22.223913676
29.047818237 -22.220296326
29.168844442 -22.213991801
29.186621134 -22.207687276
29.202795858 -22.194458109
29.222071167 -22.182159118
29.248219441 -22.179265239
29.302893107 -22.190220642
29.33152185 -22.192804464
29.350073689 -22.186706645
29.356946656 -22.190944112
29.36325118 -22.1922877
29.37803064 -22.192907816
29.399528036 -22.182159118
29.436114949 -22.163142191
29.456888875 -22.158801371
29.506911662 -22.170066833
29.531819703 -22.172443949
29.542516724 -22.162522074
29.551043335 -22.145985616
29.570163615 -22.141954854
29.603960001 -22.14505544
29.64106368 -22.129242452
29.661424194 -22.126451925
28.33644047 -28.68465627
28.317216837 -28.700055847
28.297063029 -28.706877136
28.273911987 -28.709564311
28.250864298 -28.7073939
28.23071049 -28.699539083
28.218116094 -28.700652076
28.164047892 -28.705430196
28.15495284 -28.70232961
28.145030965 -28.714731954
28.131698445 -28.729304708
28.104103231 -28.765064799
28.100899292 -28.77085256
28.056560913 -28.812503764
28.018733765 -28.856842143
28.014496297 -28.864800314
28.014806355 -28.872551778
28.013566121 -28.878442891
28.004677775 -28.880716655
27.977495972 -28.880716655
27.966230509 -28.875652364
27.956928751 -28.865110372
27.945043173 -28.855498556
27.926232951 -28.853431498
27.911660197 -28.860769551
27.903598673 -28.873998718
27.897294149 -28.889811706
27.887992391 -28.904901225
27.861327352 -28.915443217
27.747432495 -28.908621928
27.754770549 -28.925468445
27.744073527 -28.933219909
27.728312215 -28.937974141
27.720147339 -28.945932312
27.720043986 -28.959781595
27.719010457 -28.967843119
27.716685018 -28.973217469
27.714462931 -28.976421407
27.713377726 -28.979521993
27.713326049 -28.986860046
27.711672404 -28.990994161
27.707641642 -28.990684102
27.702887411 -28.989340515
27.699063355 -28.99058075
27.679736369 -29.015075378
27.667489054 -29.026650899
27.655035034 -29.031508484
27.639170369 -29.03533254
27.643769572 -29.044530945
27.656275268 -29.055796407
27.664956909 -29.065718282
27.658600708 -29.066751811
27.649350626 -29.070885926
27.644389689 -29.072539571
27.637516724 -29.065718282
27.630747111 -29.072539571
27.634479067 -29.091040541
27.635604696 -29.096620789
27.612970418 -29.13382782
27.555712932 -29.195426127
27.548478231 -29.198940125
27.538246297 -29.202350769
27.528169393 -29.207621765
27.521503133 -29.216510111
27.520986369 -29.226121928
27.527239217 -29.249376323
27.528892863 -29.260951843
27.518919311 -29.268393249
27.510686378 -29.270752952
27.469878377 -29.282449239
27.453290243 -29.291647644
27.450293009 -29.299709167
27.448329305 -29.322963562
27.445848837 -29.331955261
27.436133667 -29.343530782
27.426831909 -29.347974955
27.417633504 -29.35066213
27.408641805 -29.357070007
27.406264689 -29.36399465
27.410295451 -29.369782409
27.416186564 -29.375983582
27.419080444 -29.383838399
27.417633504 -29.396550802
27.413706095 -29.402545268
27.407091512 -29.406886088
27.36554366 -29.446676941
27.354484904 -29.462283223
27.350247436 -29.480266622
27.344873088 -29.48450409
27.321411987 -29.483573914
27.316037638 -29.487191264
27.314073934 -29.498663431
27.309112996 -29.509205424
27.302498413 -29.51809377
27.300306527 -29.520119604
27.295677124 -29.524398295
27.263120972 -29.54114146
27.241830281 -29.548996277
27.213718302 -29.554060567
27.195838257 -29.562638855
27.185709676 -29.565946146
27.156357463 -29.568633321
27.12814213 -29.578555196
27.122767782 -29.581759135
27.090418335 -29.611628113
27.085870809 -29.61441864
27.077705932 -29.611318054
27.075122111 -29.605116883
27.072021525 -29.599949239
27.062203002 -29.600155945
27.056828654 -29.604393412
27.049180542 -29.620516459
27.042359253 -29.628061219
27.032954142 -29.616175639
27.02241215 -29.616175639
27.014867391 -29.62558075
27.01445398 -29.641703796
27.002154989 -29.666508484
27.010216512 -29.669919128
27.024530884 -29.680047709
27.037656698 -29.686455587
27.050989217 -29.696790874
27.080134725 -29.735134786
27.088661336 -29.750017599
27.088661336 -29.750120951
27.08876469 -29.750120951
27.171350065 -29.921495298
27.19883549 -29.978530782
27.21795577 -29.998064473
27.265911499 -30.033307801
27.280174194 -30.053461608
27.293713419 -30.100900574
27.300431356 -30.114956563
27.312782023 -30.131596374
27.322032104 -30.134800313
27.334434448 -30.132216492
27.356655314 -30.132216492
27.371951538 -30.135937195
27.381356649 -30.142655131
27.380529825 -30.152577006
27.36554366 -30.165806173
27.343684529 -30.212935079
27.345544881 -30.241563822
27.367817424 -30.295410665
27.366163778 -30.311016947
27.377015829 -30.312153829
27.377707729 -30.312323769
27.397634725 -30.317218119
27.407814982 -30.318561706
27.414842977 -30.317528177
27.436030314 -30.309880066
27.452101684 -30.310086771
27.459388062 -30.316598002
27.466726115 -30.341092631
27.477474813 -30.356285502
27.493184448 -30.367654317
27.529668009 -30.382227071
27.533363824 -30.39342484
27.536592651 -30.403207702
27.562740926 -30.425531921
27.586822144 -30.454987487
27.590129435 -30.463875834
27.5906462 -30.472867533
27.592299845 -30.481859233
27.59860437 -30.490334168
27.659530883 -30.530538432
27.713532756 -30.583765157
27.743608439 -30.600301615
27.778438354 -30.609706726
27.820399617 -30.614564311
27.830424846 -30.613117371
27.849545125 -30.604952494
27.858226766 -30.60371226
27.869802287 -30.607122905
27.878277221 -30.612910664
27.88613204 -30.619731954
27.895640503 -30.626243184
27.915587606 -30.634924825
27.936568238 -30.640815939
28.054700562 -30.649704285
28.078781779 -30.658799336
28.078988485 -30.639265645
28.076508016 -30.623245951
28.075836223 -30.607019552
28.081572306 -30.586865743
28.088031861 -30.577563985
28.096351766 -30.572396342
28.104878378 -30.56836558
28.112836548 -30.562474467
28.120846394 -30.553379415
28.124257039 -30.547281596
28.141206909 -30.500772806
28.142447143 -30.492607931
28.139243205 -30.482686055
28.127564331 -30.465116069
28.125393921 -30.457261251
28.133248739 -30.445375671
28.218204793 -30.387394714
28.23143396 -30.373855489
28.238461955 -30.35225474
28.23577478 -30.329413757
28.224095907 -30.320525411
28.2094198 -30.314634298
28.198464396 -30.301095073
28.200634807 -30.282491556
28.216034383 -30.267402039
28.237015015 -30.256343282
28.255308472 -30.249935404
28.284712362 -30.246214701
28.294375854 -30.242493998
28.301300496 -30.236499532
28.31370284 -30.220789896
28.323004598 -30.214692077
28.338662557 -30.2010495
28.355596048 -30.173240027
28.364087362 -30.159294942
28.383879436 -30.144205424
28.407960653 -30.140898132
28.456226441 -30.146995951
28.480927775 -30.13934784
28.524335978 -30.116713562
28.540562377 -30.113302917
28.557305542 -30.114956563
28.605881389 -30.131286316
28.639677775 -30.131493021
28.729491414 -30.10183075
28.795637248 -30.089428405
28.860026082 -30.066380717
28.976298055 -29.999924825
29.015786029 -29.978587463
29.094120321 -29.93625946
29.106315959 -29.931505228
29.132774292 -29.92468394
29.14424646 -29.919723003
29.150654337 -29.911144714
29.148277221 -29.901326192
29.137321818 -29.882102559
29.135151408 -29.86804657
29.135771525 -29.859158223
29.132980998 -29.852026875
29.120371948 -29.843448588
29.105799194 -29.825568542
29.106315959 -29.801590678
29.112310425 -29.775132345
29.113599444 -29.752850735
29.113757365 -29.750120951
29.132412557 -29.720251973
29.145073283 -29.691933289
29.161299682 -29.666921895
29.190341837 -29.646871439
29.267339721 -29.626097514
29.278605184 -29.613591818
29.278398478 -29.597055359
29.279948771 -29.581449076
29.296278524 -29.571630554
29.282015828 -29.556127624
29.275142863 -29.532253113
29.275198725 -29.528294892
29.275504598 -29.506621602
29.282739298 -29.485640971
29.303823282 -29.46683075
29.332038615 -29.455978699
29.36180424 -29.447917175
29.38815922 -29.437788595
29.399528036 -29.430347189
29.407899618 -29.421458842
29.412550497 -29.410296733
29.411878703 -29.395827331
29.413739054 -29.380117696
29.432239217 -29.356966655
29.435908244 -29.342393901
29.432807657 -29.33660614
29.419475138 -29.325030619
29.415030965 -29.3189328
29.413997437 -29.311698099
29.414927613 -29.296401876
29.413997437 -29.290304057
29.403868855 -29.268703308
29.375963582 -29.235527038
29.365008178 -29.200283712
29.35746342 -29.183333842
29.343717489 -29.169794617
29.32805953 -29.159355977
29.316845744 -29.147367045
29.311781453 -29.089799499
29.281395711 -29.07863739
29.241398153 -29.077707214
29.208428589 -29.068922221
29.125953003 -28.992441101
29.091536499 -28.978591817
29.069005575 -28.973320821
29.055776408 -28.96536265
29.049988647 -28.952650249
29.049678589 -28.933013204
29.040531861 -28.922987976
29.018982788 -28.913996276
28.995418335 -28.908311869
28.980845581 -28.909035339
28.925861857 -28.859529317
28.885657593 -28.79720754
28.872841837 -28.783564961
28.859013629 -28.772990448
28.858785848 -28.772816263
28.84369633 -28.764754741
28.827936586 -28.759534325
28.827159871 -28.759277038
28.795947306 -28.754316101
28.787679077 -28.748735046
28.758636922 -28.700469258
28.743857462 -28.689513855
28.699519083 -28.688480326
28.688977092 -28.674424337
28.681742391 -28.63339325
28.675644572 -28.613756205
28.66654952 -28.597219747
28.653217 -28.583060404
28.634303426 -28.570761414
28.619420614 -28.572415059
28.562473185 -28.606521504
28.542629435 -28.610758972
28.403413127 -28.618923849
28.38294926 -28.626468608
28.363518921 -28.643625183
28.33644047 -28.68465627
