-151.780954556 -11.454685154
-151.800892707 -11.461114191
-151.812489387 -11.443536066
-151.819528775 -11.420993748
-151.818918424 -11.399672133
-151.807728645 -11.385918878
-151.79792233 -11.401462498
-151.784494595 -11.429375909
-151.780954556 -11.454685154
-155.906809049 -5.611993097
-155.899322069 -5.616794529
-155.879628059 -5.60947031
-155.865061002 -5.615166925
-155.859811978 -5.62509531
-155.867990689 -5.630303644
-155.906442838 -5.635349217
-155.922474739 -5.629978123
-155.933461067 -5.60914479
-155.923898892 -5.608086847
-155.914987759 -5.609063409
-155.906809049 -5.611993097
-174.500681119 -4.694268488
-174.501535611 -4.697360935
-174.512155728 -4.691989842
-174.521555142 -4.683851821
-174.51671302 -4.684258722
-174.506418424 -4.689141534
-174.500681119 -4.694268488
-174.527902799 -4.6835263
-174.527658658 -4.683851821
-174.533884244 -4.680759373
-174.541737434 -4.672784113
-174.54010983 -4.672051691
-174.535878059 -4.677504165
-174.529286262 -4.682712498
-174.527902799 -4.6835263
-174.501535611 -4.687676691
-174.500843879 -4.691094659
-174.513986783 -4.676202081
-174.528269009 -4.667413019
-174.538075325 -4.665215753
-174.543405728 -4.66025156
-174.538400845 -4.656508071
-174.52440345 -4.664483331
-174.501535611 -4.687676691
-172.214711067 -4.517347915
-172.202015754 -4.520684503
-172.187692838 -4.518487238
-172.174387174 -4.513116144
-172.203439908 -4.532159113
-172.227162239 -4.518731378
-172.229603645 -4.497328383
-172.20046953 -4.493422133
-172.201608853 -4.496270441
-172.201039192 -4.50009531
-172.206857877 -4.501071873
-172.222767707 -4.506280206
-172.214711067 -4.517347915
-171.236520963 -4.46851979
-171.249582486 -4.469821873
-171.259632942 -4.465264581
-171.264027473 -4.456312758
-171.259958463 -4.444105727
-171.259917773 -4.444105727
-171.244984504 -4.4413388
-171.233876106 -4.44898854
-171.230051236 -4.460544529
-171.236520963 -4.46851979
-154.953358528 -4.094821873
-154.964792447 -4.094984633
-154.97752845 -4.078708592
-154.990915494 -4.07431406
-154.998483853 -4.070000909
-155.010812955 -4.060642185
-155.018422004 -4.051202081
-155.011708137 -4.047051691
-154.962269661 -4.032159113
-154.940297004 -4.031996352
-154.94660397 -4.053155206
-154.953602668 -4.060723566
-154.958566861 -4.071221613
-154.959217903 -4.083184503
-154.953358528 -4.094821873
-171.087269661 -3.143161717
-171.092477994 -3.145440363
-171.093576627 -3.131442967
-171.090036588 -3.12086354
-171.085438606 -3.111260675
-171.08311927 -3.129978123
-171.087269661 -3.143161717
-171.715077278 -2.759047133
-171.680287239 -2.775811456
-171.649851041 -2.797295831
-171.629628059 -2.827243748
-171.625681119 -2.847181899
-171.624460416 -2.856133722
-171.625721809 -2.868910415
-171.639352994 -2.862074477
-171.648426887 -2.849786066
-171.660104947 -2.840508722
-171.674143033 -2.834161066
-171.677805142 -2.833184503
-171.707875129 -2.825127863
-171.7121069 -2.823011977
-171.712717252 -2.822198175
-171.693186002 -2.828301691
-171.664011197 -2.835381769
-171.658070442 -2.838555597
-171.652821418 -2.843194269
-171.651600715 -2.844577732
-171.633249478 -2.862074477
-171.633127408 -2.862074477
-171.630808072 -2.858575128
-171.629750129 -2.857598566
-171.628488736 -2.857028904
-171.626942512 -2.855726821
-171.627308723 -2.851901951
-171.653879361 -2.805922133
-171.666656054 -2.793145441
-171.666696744 -2.793145441
-171.678700325 -2.78492604
-171.697458463 -2.775323175
-171.714588996 -2.772881769
-171.721913215 -2.786309503
-171.72785397 -2.778415623
-171.72760983 -2.771905206
-171.722767707 -2.765801691
-171.715077278 -2.759047133
176.850922071 -2.654066665
176.840668165 -2.662774347
176.827321811 -2.65618255
176.77230879 -2.608168227
176.778981967 -2.605157159
176.782237175 -2.604913019
176.786143425 -2.608168227
176.813161655 -2.614434503
176.838226759 -2.633884373
176.850922071 -2.654066665
175.993174675 -2.510349217
175.989431186 -2.510918878
175.98698978 -2.509860935
175.984711134 -2.50790781
175.981700066 -2.505954685
175.976817254 -2.497816665
175.973155144 -2.489678644
175.979991082 -2.493584894
175.985118035 -2.498304946
175.989268425 -2.5038388
175.993174675 -2.510349217
175.599945509 -1.895114842
175.586273634 -1.922458592
175.583262566 -1.911065363
175.586273634 -1.870782159
175.576182488 -1.856052342
175.559092644 -1.832289321
175.552256707 -1.819268488
175.559580925 -1.826104425
175.591481967 -1.874200128
175.599945509 -1.895114842
175.060557488 -1.531670831
175.038259311 -1.552422784
175.012543165 -1.549248956
175.008474155 -1.526788019
175.020843946 -1.49993255
175.045095248 -1.48414479
175.045095248 -1.490980727
175.036143425 -1.497165623
175.025889519 -1.507256769
175.0185653 -1.51962656
175.01832116 -1.531914972
175.028005405 -1.541192316
175.03785241 -1.53525156
175.04566491 -1.524183852
175.048838738 -1.518243097
175.058278842 -1.506768488
175.058848504 -1.48056406
175.051768425 -1.452732029
175.038259311 -1.436293227
175.045095248 -1.428887628
175.048106316 -1.432793878
175.051117384 -1.434502863
175.058767123 -1.436293227
175.066661004 -1.46103281
175.068614129 -1.497002863
175.060557488 -1.531670831
176.459320509 -1.405857029
176.464040561 -1.436293227
176.449880405 -1.425388279
176.442149285 -1.408786717
176.436778191 -1.39039479
176.429860873 -1.374281508
176.410329623 -1.350355727
176.40113366 -1.336358331
176.395681186 -1.319594008
176.402354363 -1.320489191
176.405446811 -1.323500258
176.409353061 -1.332696222
176.426442905 -1.347100519
176.444834832 -1.373793227
176.459320509 -1.405857029
175.977305535 -1.284844659
175.989268425 -1.306817316
176.009287957 -1.334242446
176.023448113 -1.362888279
176.01832116 -1.387872003
176.011973504 -1.381280206
176.00277754 -1.375583592
175.983571811 -1.367445571
175.983571811 -1.360609633
175.993174675 -1.362562758
176.01832116 -1.374281508
176.014903191 -1.356540623
176.006358269 -1.342705988
175.983571811 -1.319594008
175.965830925 -1.295179946
175.95590254 -1.286553644
175.943125847 -1.284844659
175.94434655 -1.289320571
175.945567254 -1.292168878
175.949392123 -1.298516534
175.937022332 -1.29306406
175.942149285 -1.284844659
175.958018425 -1.280205988
175.977305535 -1.284844659
174.772715691 -1.247735284
174.778819207 -1.264418227
174.755869988 -1.257500909
174.748301629 -1.237481378
174.750743035 -1.199476821
174.746755405 -1.185967706
174.716644727 -1.134698175
174.72535241 -1.135511977
174.731618686 -1.137953383
174.737478061 -1.142266534
174.743988477 -1.14837005
174.747569207 -1.166110935
174.765147332 -1.20289479
174.772715691 -1.247735284
169.554453972 -0.869317316
169.55347741 -0.872247003
169.552500847 -0.873793227
169.550547722 -0.875583592
169.548106316 -0.876885675
169.545258009 -0.877211196
169.543142123 -0.878024998
169.541270379 -0.877618097
169.540049675 -0.876641534
169.538910352 -0.874607029
169.535492384 -0.872002863
169.533702019 -0.871514581
169.53028405 -0.871514581
169.527598504 -0.872491144
169.525075717 -0.87086354
169.523203972 -0.868259373
169.52214603 -0.865004165
169.522634311 -0.860528253
169.522959832 -0.85930755
169.523773634 -0.856622003
169.524750196 -0.854668878
169.525075717 -0.853773696
169.527598504 -0.850844008
169.532481316 -0.849541925
169.536387566 -0.847914321
169.540700717 -0.847914321
169.545176629 -0.847914321
169.549082879 -0.851820571
169.552256707 -0.854180597
169.554453972 -0.856052342
169.555918816 -0.85914479
169.555918816 -0.859795831
169.555674675 -0.860772394
169.555349155 -0.86337656
169.555349155 -0.866143488
169.554453972 -0.869317316
174.497325066 -0.805108331
174.48340905 -0.819431248
174.473887566 -0.812758071
174.469737175 -0.806735935
174.472341342 -0.801853123
174.48340905 -0.798923435
174.481130405 -0.80462005
174.480804884 -0.805759373
174.481944207 -0.806817316
174.48340905 -0.81259531
174.497569207 -0.79688893
174.497731967 -0.796319269
174.497731967 -0.794773045
174.493907097 -0.775485935
174.476573113 -0.740329685
174.462901238 -0.648125909
174.476573113 -0.669122003
174.476573113 -0.709567967
174.47934004 -0.720391534
174.490733269 -0.747165623
174.498383009 -0.78915781
174.497976108 -0.795830988
174.497894727 -0.796482029
174.497325066 -0.805108331
174.46363366 -0.644789321
174.452647332 -0.648125909
174.437185092 -0.640801691
174.391612175 -0.605645441
174.380869988 -0.592868748
174.393890821 -0.592868748
174.402598504 -0.602227472
174.429942254 -0.623467706
174.438731316 -0.627618097
174.447113477 -0.630791925
174.458669467 -0.637872003
174.46363366 -0.644789321
173.637543165 0.176499742
173.620616082 0.133368231
173.609873894 0.143052476
173.614512566 0.155096747
173.634125196 0.174017645
173.638356967 0.19521719
173.633799675 0.200873114
173.623301629 0.207993882
173.606211785 0.215969143
173.628672722 0.219142971
173.636485222 0.216742255
173.641123894 0.208441473
173.641368035 0.200018622
173.640798373 0.192124742
173.637543165 0.176499742
173.832286004 0.448675848
173.890879754 0.418402411
173.917246941 0.399481512
173.921641472 0.379787502
173.867686394 0.419582424
173.832041863 0.436346747
173.804942254 0.434393622
173.808767123 0.44159577
173.813243035 0.446926174
173.818614129 0.451320705
173.825450066 0.455511786
173.832286004 0.448675848
172.989756707 0.82802969
172.990000847 0.825425523
172.986338738 0.829169012
172.98340905 0.831284898
172.98715254 0.832342841
172.988942905 0.833197333
172.990244988 0.833970445
172.990000847 0.830267645
172.989756707 0.82802969
172.982432488 0.831162828
172.97934004 0.830755927
172.97535241 0.831691799
172.972178582 0.834540106
172.969411655 0.839667059
172.975759311 0.839667059
172.977793816 0.836330471
172.9795028 0.834214585
172.982432488 0.831162828
173.01465905 1.008856512
173.064952019 0.976263739
173.075938347 0.965887762
173.079925977 0.960394598
173.079274936 0.94521719
173.06120853 0.91421133
173.0498153 0.904201565
173.011241082 0.854152736
172.99097741 0.834418036
172.996592644 0.845038153
173.013682488 0.860337632
173.022715691 0.88271719
173.046641472 0.901516018
173.055918816 0.927720445
173.064138217 0.938299872
173.071299675 0.949896552
173.071787957 0.962591864
173.062266472 0.975165106
173.044932488 0.987779039
173.025563998 0.998032945
173.009776238 1.003607489
173.009532097 1.00023021
173.009776238 0.989935614
173.003672722 0.989935614
173.003428582 1.001410223
173.000498894 1.010646877
172.995616082 1.018052476
172.990000847 1.024074611
173.003672722 1.024074611
173.01465905 1.008856512
173.171397332 1.362372137
173.16293379 1.356512762
173.150645379 1.356431382
173.126475457 1.361070054
173.1045028 1.361965236
173.078623894 1.360012111
173.054453972 1.353583075
173.038259311 1.341050523
173.024424675 1.336615302
173.018077019 1.33592357
173.011241082 1.337347723
173.059580925 1.359767971
173.08472741 1.366685289
173.151540561 1.371812242
173.160655144 1.37494538
173.14332116 1.380316473
173.153168165 1.386542059
173.164317254 1.383246161
173.171722852 1.374172268
173.171397332 1.362372137
172.98316491 1.53119538
172.978282097 1.53119538
172.97535241 1.532945054
172.972992384 1.535589911
172.969411655 1.537990627
172.963145379 1.560248114
172.959157748 1.609686591
172.948985222 1.627346096
172.962901238 1.620591539
172.972341342 1.590236721
172.98316491 1.53119538
173.029307488 1.716294664
173.003672722 1.709295966
172.996348504 1.710679429
172.993174675 1.712062893
172.990000847 1.715521552
173.023773634 1.721096096
173.035492384 1.743557033
173.033376498 1.774318752
173.024668816 1.80487702
173.025889519 1.806138414
173.026621941 1.807521877
173.027110222 1.808905341
173.027354363 1.810451565
173.036143425 1.777167059
173.038340691 1.74237702
173.029307488 1.716294664
173.020274285 1.82807038
173.023448113 1.821437893
172.975759311 1.873765367
172.961436394 1.899644273
172.955088738 1.907945054
172.938487175 1.923163153
172.933604363 1.931463934
172.934743686 1.942694403
172.941742384 1.926947333
172.969411655 1.907049872
172.975759311 1.897650458
172.980316602 1.882025458
173.020274285 1.82807038
-157.423817512 2.020453192
-157.385853645 1.990464585
-157.321848111 1.972113348
-157.310129361 1.973089911
-157.311390754 1.962591864
-157.315052864 1.952785549
-157.320668098 1.94550202
-157.336171028 1.939113674
-157.340443489 1.930243231
-157.3449194 1.907945054
-157.347727017 1.860785223
-157.32542884 1.83584219
-157.289784309 1.818752346
-157.252430793 1.795314846
-157.238392707 1.783636786
-157.222971158 1.77358633
-157.206898567 1.766546942
-157.190988736 1.763902085
-157.179392056 1.75389232
-157.174631314 1.733791408
-157.178781705 1.718491929
-157.194081184 1.722967841
-157.203073697 1.717474677
-157.213246223 1.712795315
-157.224110481 1.709702867
-157.235056119 1.709295966
-157.246408658 1.713324286
-157.254628059 1.720282294
-157.260853645 1.726874091
-157.271188931 1.732977606
-157.281564908 1.747056382
-157.286854621 1.75023021
-157.309274869 1.751898505
-157.410593228 1.781927802
-157.448963996 1.800238348
-157.482655403 1.825384833
-157.508615689 1.849595445
-157.528269009 1.862494208
-157.537302213 1.856675523
-157.546823697 1.856431382
-157.566029426 1.863755601
-157.581166145 1.880316473
-157.578236457 1.907945054
-157.572336392 1.912787177
-157.543527799 1.929022528
-157.530140754 1.930568752
-157.521229621 1.927679755
-157.517567512 1.923651434
-157.519886848 1.921576239
-157.532826301 1.916083075
-157.545358853 1.90232982
-157.549509244 1.884466864
-157.537302213 1.866359768
-157.526926236 1.864813544
-157.513050911 1.866603908
-157.500925259 1.865871486
-157.495716926 1.856675523
-157.490671353 1.850165106
-157.478830533 1.847967841
-157.454782681 1.847072658
-157.43468177 1.838527736
-157.428537564 1.838568427
-157.437367317 1.850165106
-157.447946744 1.857489325
-157.458607551 1.862127997
-157.468088345 1.868353583
-157.475209114 1.880601304
-157.462351041 1.876288153
-157.451649543 1.876410223
-157.445790168 1.883734442
-157.447336392 1.901109117
-157.436594205 1.893866278
-157.432484504 1.883734442
-157.430002408 1.872788804
-157.423695442 1.86322663
-157.411976692 1.858465887
-157.407948371 1.866156317
-157.410023567 1.879380601
-157.424427864 1.901841539
-157.426380989 1.912054755
-157.424387174 1.921210028
-157.419992642 1.929022528
-157.408314582 1.921454169
-157.403146939 1.924221096
-157.406320767 1.942694403
-157.394724088 1.935736395
-157.393991666 1.926743882
-157.395863411 1.916978257
-157.392079231 1.907945054
-157.382069465 1.902167059
-157.377186653 1.905259507
-157.373972134 1.911363023
-157.363840299 1.917385158
-157.358469205 1.923895575
-157.354115364 1.931830145
-157.352365689 1.938950914
-157.355051236 1.947658596
-157.361683723 1.951483466
-157.379628059 1.955715236
-157.408884244 1.969305731
-157.445301887 1.994370835
-157.451039192 1.997300523
-157.455393033 2.002997137
-157.466297981 2.013332424
-157.47752845 2.018133856
-157.482655403 2.007228908
-157.487904426 2.000555731
-157.498890754 2.002183335
-157.508412239 2.010687567
-157.509388801 2.024603583
-157.496286588 2.034409898
-157.474598762 2.033351955
-157.423817512 2.020453192
173.289073113 2.050360419
173.293467644 2.043443101
173.293711785 2.042303778
173.29590905 2.033636786
173.298350457 2.013983466
173.305430535 1.993312893
173.309418165 1.98432038
173.312510613 1.982082424
173.315684441 1.979966539
173.318369988 1.976996161
173.318044467 1.974025783
173.317881707 1.970770575
173.315928582 1.967759507
173.312998894 1.965521552
173.310720248 1.964178778
173.308848504 1.963120835
173.304453972 1.961574611
173.297373894 1.961574611
173.284841342 1.963771877
173.269216342 1.967718817
173.260264519 1.971136786
173.257497592 1.974595445
173.255869988 1.985663153
173.256195509 1.989976304
173.258474155 1.992824611
173.261485222 1.993231512
173.263031446 1.991400458
173.263926629 1.98847077
173.263519727 1.983587958
173.263926629 1.978013414
173.271657748 1.974839585
173.289317254 1.970038153
173.293711785 1.969142971
173.301524285 1.96869538
173.304698113 1.969549872
173.305918816 1.969875393
173.307871941 1.973293361
173.306813998 1.97646719
173.305918816 1.98069896
173.300791863 1.985663153
173.297373894 1.989894924
173.297618035 1.991441148
173.296722852 1.993719794
173.296153191 1.997015692
173.293711785 2.005438544
173.291514519 2.015122789
173.29184004 2.01947663
173.291514519 2.026678778
173.289724155 2.033840236
173.287119988 2.038560289
173.284678582 2.040269273
173.281586134 2.041815497
173.277028842 2.044378973
173.270518425 2.045558986
173.266123894 2.043850002
173.26465905 2.036769924
173.266937696 2.020412502
173.2685653 2.011419989
173.266774936 2.004299221
173.262705925 1.997463283
173.257823113 1.997015692
173.258067254 1.997626044
173.259287957 2.000881252
173.260264519 2.007228908
173.26050866 2.012844143
173.260020379 2.018784898
173.257497592 2.028469143
173.258067254 2.034002997
173.259613477 2.043402411
173.262054884 2.049872137
173.26465905 2.055161851
173.2685653 2.059312242
173.273610873 2.059556382
173.278005405 2.0586612
173.282888217 2.056341864
173.289073113 2.050360419
172.8857528 3.061916408
172.880137566 3.052476304
172.844411655 3.059800523
172.812266472 3.040472723
172.786468946 3.016913153
172.770274285 3.011460679
172.763356967 3.014593817
172.757578972 3.019029039
172.753428582 3.024807033
172.750336134 3.031968492
172.771494988 3.023871161
172.788259311 3.029038804
172.802256707 3.041693427
172.814626498 3.056219794
172.829112175 3.064276434
172.868011915 3.067775783
172.886973504 3.072943427
172.886892123 3.06639232
172.8857528 3.061916408
172.899750196 3.100246486
172.886973504 3.100246486
172.94418379 3.127386786
172.962087436 3.141831773
172.967051629 3.135402736
172.968272332 3.132391669
172.969411655 3.128159898
172.947032097 3.123032945
172.899750196 3.100246486
-159.342274543 3.92576732
-159.331369595 3.910711981
-159.326771614 3.901190497
-159.324899869 3.891669012
-159.319894986 3.87909577
-159.308094856 3.876450914
-159.294667121 3.877264716
-159.284535286 3.874823309
-159.277902799 3.866441148
-159.266428189 3.845363674
-159.253285286 3.828680731
-159.249989387 3.819769598
-159.252634244 3.810044664
-159.263417121 3.799139716
-159.283762174 3.790187893
-159.308705207 3.784654039
-159.333444791 3.786444403
-159.35285397 3.799139716
-159.360788541 3.819403387
-159.342762825 3.819566148
-159.294789192 3.805975653
-159.285227017 3.811428127
-159.283884244 3.823919989
-159.287180142 3.837836005
-159.291371223 3.84760163
-159.299672004 3.854641018
-159.325144009 3.865301825
-159.335438606 3.871486721
-159.342030403 3.881496486
-159.347849088 3.902777411
-159.35285397 3.909002997
-159.366159634 3.911444403
-159.378244595 3.907171942
-159.38788815 3.898749091
-159.393788215 3.888576565
-159.367136197 3.840155341
-159.410023567 3.862046617
-159.406320767 3.90257396
-159.376820442 3.933294989
-159.342274543 3.92576732
-160.382761197 4.70697663
-160.395375129 4.704779364
-160.410389778 4.709173895
-160.416615364 4.717108466
-160.411813931 4.721625067
-160.401193814 4.723089911
-160.390004036 4.721014716
-160.378895637 4.713283596
-160.382761197 4.70697663
