-168.160471158 -14.520928644
-168.161569791 -14.532891534
-168.17308509 -14.523695571
-168.163522916 -14.519789321
-168.160471158 -14.520928644
-170.620065884 -14.254571222
-170.59101315 -14.264825128
-170.576242642 -14.252536717
-170.567250129 -14.258558852
-170.568470832 -14.270928644
-170.584177213 -14.277764581
-170.642323371 -14.280694269
-170.659291145 -14.28525156
-170.683583137 -14.302829685
-170.721791145 -14.353448175
-170.748646614 -14.374688409
-170.755482551 -14.36712005
-170.796457486 -14.33993906
-170.822824674 -14.326755467
-170.831247525 -14.319431248
-170.788644986 -14.294528904
-170.772572395 -14.291436456
-170.737863736 -14.292087498
-170.721506314 -14.289239191
-170.698475715 -14.260511977
-170.66144772 -14.252373956
-170.620065884 -14.254571222
-169.440134244 -14.245293878
-169.447132942 -14.255629165
-169.460153775 -14.250420831
-169.468088345 -14.258721613
-169.476185676 -14.262383722
-169.484974739 -14.261976821
-169.494862434 -14.257256769
-169.498361783 -14.266045831
-169.504261848 -14.270603123
-169.512521939 -14.271742446
-169.522816536 -14.270928644
-169.525502082 -14.258965753
-169.529286262 -14.248793227
-169.534779426 -14.241143488
-169.542673306 -14.236748956
-169.527536588 -14.226006769
-169.506459114 -14.222263279
-169.463856575 -14.223239842
-169.444040494 -14.230645441
-169.440134244 -14.245293878
-169.635609504 -14.177015883
-169.660145637 -14.189141534
-169.669748502 -14.187920831
-169.676218228 -14.174899998
-169.676177538 -14.174899998
-169.668161588 -14.169122003
-169.658192512 -14.168877863
-169.647165494 -14.172133071
-169.635609504 -14.177015883
-171.073475715 -11.062107029
-171.081532356 -11.066094659
-171.086537239 -11.060316665
-171.085642056 -11.051364842
-171.072824674 -11.052504165
-171.073475715 -11.062107029
