-20.269642707 63.409125067
-20.279530403 63.402736721
-20.286773241 63.40648021
-20.291615364 63.415350653
-20.29808509 63.423081773
-20.305572069 63.434759833
-20.302601692 63.445949611
-20.282622851 63.450588283
-20.25885983 63.451361395
-20.256947395 63.449652411
-20.261870898 63.444647528
-20.257923957 63.440985419
-20.252552864 63.429510809
-20.260161913 63.418646552
-20.269642707 63.409125067
-17.74315345 63.70319245
-17.749256965 63.691961981
-17.764963345 63.681952216
-17.771107551 63.680731512
-17.764068163 63.684881903
-17.75902259 63.690171617
-17.760609504 63.695990302
-17.768950976 63.698919989
-17.779693163 63.698228257
-17.823312955 63.69139232
-17.820708788 63.699652411
-17.79015052 63.713202216
-17.773101366 63.718085028
-17.765695767 63.719142971
-17.75129147 63.717840887
-17.743763801 63.711615302
-17.74315345 63.70319245
-18.35676022 65.981634833
-18.369943814 65.978013414
-18.381825325 65.979681708
-18.390492317 65.983465887
-18.396595832 65.989488023
-18.398793098 65.997259833
-18.404611783 66.009466864
-18.414418098 66.02366771
-18.408558723 66.0274112
-18.389312304 66.018540757
-18.380238411 66.012111721
-18.371327278 66.006537177
-18.35676022 65.993231512
-18.35676022 65.981634833
-16.022938606 66.536607164
-15.93871009 66.502671617
-15.891224739 66.494940497
-15.904693163 66.485785223
-15.920318163 66.481675523
-15.933338996 66.475490627
-15.939605273 66.460150458
-15.929351366 66.460435289
-15.925933398 66.460150458
-15.925933398 66.453924872
-15.94640052 66.446478583
-15.941029426 66.443670966
-15.931060351 66.435736395
-15.925933398 66.432806708
-15.937652148 66.423814195
-15.924061653 66.422349351
-15.888091601 66.42601146
-15.847971158 66.422308661
-15.830393033 66.42601146
-15.832264778 66.421454169
-15.834868944 66.41030508
-15.836537239 66.405503648
-15.741037564 66.405503648
-15.722971158 66.402818101
-15.706695116 66.395900783
-15.697417773 66.38686758
-15.699452278 66.377630927
-15.699452278 66.371405341
-15.679554817 66.344061591
-15.721302864 66.31240469
-15.744862434 66.299546617
-15.775135871 66.289455471
-15.761463996 66.275213934
-15.749501106 66.280666408
-15.737294075 66.27757396
-15.723459439 66.271633205
-15.690541145 66.26577383
-15.687001106 66.258693752
-15.691395637 66.247870184
-15.699452278 66.234198309
-15.683908658 66.228745835
-15.61066647 66.227362372
-15.57542884 66.233954169
-15.56358802 66.232611395
-15.558583137 66.228094794
-15.548573371 66.221177476
-15.54426022 66.221258856
-15.538319465 66.223049221
-15.528716601 66.227362372
-15.526478645 66.216498114
-15.520130989 66.207709052
-15.510121223 66.201646226
-15.481922981 66.196356512
-15.452015754 66.182684637
-15.419667121 66.172308661
-15.400135871 66.158514716
-15.380360481 66.149969794
-15.35676022 66.158514716
-15.364816861 66.16010163
-15.368031379 66.162054755
-15.371083137 66.165961005
-15.353505012 66.171210028
-15.340443489 66.182196356
-15.332346158 66.197943427
-15.329457161 66.217474677
-15.333485481 66.237616278
-15.337880012 66.251776434
-15.331288215 66.261460679
-15.302154101 66.268377997
-15.179025845 66.268377997
-15.108754036 66.278387762
-15.103260871 66.286118882
-15.102284309 66.295355536
-15.096750455 66.303127346
-15.025949674 66.321844794
-15.014800585 66.333807684
-15.007801887 66.349107164
-14.991118944 66.361314195
-14.952137825 66.377630927
-14.925445116 66.385321356
-14.839751757 66.391831773
-14.816151496 66.389105536
-14.777699348 66.375799872
-14.754139778 66.371405341
-14.56362871 66.384507554
-14.610747851 66.36322663
-14.788197395 66.330389716
-14.867176887 66.305853583
-14.959136523 66.296454169
-14.990589973 66.285834052
-15.014800585 66.268377997
-14.990305142 66.264593817
-14.978260871 66.259507554
-14.973215299 66.251613674
-14.968129036 66.249660549
-14.94640052 66.231838283
-14.942209439 66.227362372
-14.935210741 66.221909898
-14.939768033 66.210109768
-14.952137825 66.193304755
-14.960357226 66.185777085
-15.056019661 66.148138739
-15.072865364 66.144842841
-15.134632942 66.143255927
-15.161000129 66.133612372
-15.179351366 66.111314195
-15.148589648 66.10146719
-15.133452929 66.098700262
-15.074126757 66.097113348
-15.061390754 66.089341539
-15.05577552 66.07037995
-15.066273567 66.067328192
-15.084624804 66.059556382
-15.096750455 66.056097723
-15.075998502 66.049627997
-14.963205533 66.048041083
-14.898060676 66.035589911
-14.85269121 66.037176825
-14.770415819 66.067857164
-14.719349739 66.07037995
-14.697010871 66.065497137
-14.677316861 66.056219794
-14.663238085 66.041164455
-14.657866991 66.018500067
-14.651478645 66.006740627
-14.637440559 66.002752997
-14.623402473 66.001410223
-14.616932746 65.997748114
-14.614613411 65.986273505
-14.604725715 65.963934637
-14.603342252 65.95302969
-14.606353319 65.948919989
-14.619130012 65.943548895
-14.623768684 65.939398505
-14.624379036 65.934800523
-14.622873502 65.923895575
-14.623768684 65.919582424
-14.646839973 65.894964911
-14.650461392 65.888169664
-14.662017382 65.883937893
-14.726796028 65.850653387
-14.800526496 65.827948309
-14.822987434 65.815863348
-14.821156379 65.798407294
-14.8408097 65.784125067
-14.891265429 65.761216539
-14.861439582 65.762030341
-14.834868944 65.770900783
-14.788197395 65.796047268
-14.803618944 65.775580145
-14.832346158 65.753159898
-14.844105598 65.735174872
-14.808705207 65.727728583
-14.772816536 65.732001044
-14.694406705 65.750799872
-14.479725715 65.774888414
-14.402455207 65.792425848
-14.361561653 65.79677969
-14.329497851 65.782375393
-14.372873502 65.740383205
-14.397613085 65.730047919
-14.395130989 65.721502997
-14.38780677 65.713120835
-14.383615689 65.709702867
-14.378977017 65.70718008
-14.356271939 65.699855861
-14.292958137 65.682196356
-14.274322069 65.672512111
-14.328684049 65.665594794
-14.357818163 65.656073309
-14.382232226 65.630275783
-14.433908658 65.604803778
-14.45421302 65.583441473
-14.530181444 65.545477606
-14.545399543 65.532904364
-14.557036913 65.517889716
-14.562367317 65.501166083
-14.549631314 65.509019273
-14.5283097 65.530829169
-14.517648892 65.53534577
-14.506174283 65.538031317
-14.472645637 65.552313544
-14.462310351 65.558905341
-14.444081184 65.575140692
-14.320220507 65.6524112
-14.298491991 65.658840236
-14.271717903 65.655951239
-14.1923722 65.631537177
-14.20807858 65.641058661
-14.236480273 65.653957424
-14.247629361 65.665025132
-14.027902799 65.610419012
-13.999908007 65.608587958
-13.890044726 65.620184637
-13.871408658 65.619045315
-13.859689908 65.614162502
-13.852284309 65.602199611
-13.850941536 65.591986395
-13.85651608 65.585028387
-13.869618293 65.583156643
-13.869618293 65.576890367
-13.838205533 65.577378648
-13.824370898 65.575384833
-13.815012174 65.569403387
-13.813954231 65.56244538
-13.816477017 65.553290106
-13.82127845 65.541489976
-13.814442512 65.534165757
-13.80577552 65.528631903
-13.787668424 65.521673895
-13.741118944 65.550360419
-13.715443489 65.558294989
-13.685292121 65.555161851
-13.680083788 65.55097077
-13.678863085 65.544582424
-13.679066536 65.538560289
-13.677845832 65.53534577
-13.671620246 65.534572658
-13.65721595 65.536444403
-13.651193814 65.53534577
-13.615956184 65.518866278
-13.609608528 65.514227606
-13.607980924 65.49213288
-13.62222246 65.478257554
-13.640614387 65.46869538
-13.651193814 65.459621486
-13.648671028 65.453802802
-13.637196418 65.434759833
-13.636830207 65.426092841
-13.643462694 65.422186591
-13.677845832 65.411810614
-13.667632616 65.405707098
-13.667836067 65.398098049
-13.671376106 65.388861395
-13.670969205 65.377630927
-13.704741991 65.36733633
-13.795806444 65.373114325
-13.835519986 65.363999742
-13.810861783 65.355047919
-13.733062304 65.343491929
-13.729847786 65.327093817
-13.752674934 65.315863348
-13.784535286 65.309800523
-13.834339973 65.309637762
-13.855458137 65.306830145
-13.897531705 65.295721747
-13.981027799 65.28912995
-14.006743944 65.282049872
-13.991118944 65.272691148
-13.832508918 65.297593492
-13.784250455 65.295721747
-13.687652148 65.306382554
-13.65737871 65.302557684
-13.607818163 65.288641669
-13.582264778 65.276922919
-13.572987434 65.266546942
-13.567982551 65.260972398
-13.591786262 65.253078518
-13.632435676 65.225897528
-13.654204882 65.219956773
-13.780873176 65.206366278
-13.914621549 65.206366278
-13.972645637 65.200140692
-14.034087694 65.200140692
-14.003325976 65.189764716
-13.886952278 65.200140692
-13.733062304 65.192694403
-13.664173957 65.200140692
-13.626616991 65.200140692
-13.616607226 65.196763414
-13.621327278 65.189439195
-13.636830207 65.178412177
-13.639475064 65.17210521
-13.638579882 65.167547919
-13.638579882 65.163641669
-13.643666145 65.159165757
-13.681548632 65.151760158
-13.715240038 65.150336005
-13.746693489 65.144924221
-13.746693489 65.137437242
-13.669300911 65.144354559
-13.651193814 65.137437242
-13.651193814 65.131293036
-13.660755989 65.130194403
-13.669545051 65.127386786
-13.677723762 65.122992255
-13.685292121 65.117010809
-13.654204882 65.117010809
-13.644398567 65.114935614
-13.636626757 65.110419012
-13.630848762 65.105943101
-13.626616991 65.103949286
-13.616607226 65.107001044
-13.600575325 65.120672919
-13.592193163 65.123765367
-13.590158658 65.127671617
-13.561105924 65.151760158
-13.520171679 65.172186591
-13.517404752 65.157538153
-13.517811653 65.136297919
-13.521066861 65.115912177
-13.526966926 65.103949286
-13.526966926 65.096502997
-13.508371549 65.090765692
-13.502919075 65.081284898
-13.509592252 65.069159247
-13.526966926 65.055487372
-13.547230598 65.047593492
-13.589588996 65.042303778
-13.609608528 65.03506094
-13.591786262 65.021429755
-13.582671679 65.012030341
-13.585316536 65.00771719
-13.600900845 65.004461981
-13.632150845 64.989935614
-13.647368944 64.986639716
-13.719471809 64.994086005
-13.781605598 64.989325262
-13.80199134 64.994086005
-13.811512825 65.003404039
-13.819813606 65.017238674
-13.830311653 65.029608466
-13.846058723 65.03506094
-13.862294075 65.037298895
-13.895415819 65.04706452
-13.947865364 65.054510809
-14.003325976 65.077622789
-14.034087694 65.082831122
-14.027740038 65.071844794
-14.017323371 65.063788153
-14.00511634 65.058417059
-13.993763801 65.055487372
-14.029774543 65.038397528
-14.233387825 65.03506094
-14.233387825 65.02757396
-13.918039517 65.014593817
-13.907826301 65.010687567
-13.893950976 65.003078518
-13.881703254 64.993394273
-13.876454231 64.983547268
-13.867909309 64.978216864
-13.82127845 64.959947007
-13.718169726 64.939601955
-13.698312955 64.925197658
-13.739898241 64.911200262
-13.788929817 64.914374091
-13.876454231 64.932603257
-13.976063606 64.925197658
-14.037464973 64.936468817
-14.054595507 64.932603257
-13.995513476 64.914496161
-13.852284309 64.900295315
-13.787668424 64.877386786
-13.779693163 64.871527411
-13.770171679 64.862372137
-13.76691647 64.853827216
-13.777699348 64.850083726
-13.79401608 64.846869208
-13.818918424 64.832749742
-13.832102017 64.829575914
-13.936594205 64.847072658
-13.966420051 64.83584219
-13.858021614 64.816839911
-13.839833137 64.809312242
-13.839222786 64.798570054
-13.867787239 64.794745184
-13.981922981 64.79677969
-14.013661262 64.802313544
-14.019886848 64.797552802
-14.028146939 64.794094143
-14.048451301 64.788641669
-14.048451301 64.78119538
-14.017689582 64.764837958
-14.001454231 64.75381094
-13.986317512 64.740220445
-14.002593554 64.737616278
-14.048451301 64.719712632
-14.27061927 64.6992862
-14.306385871 64.704169012
-14.326242642 64.709621486
-14.339466926 64.716294664
-14.368072069 64.755316473
-14.393625455 64.766546942
-14.420562304 64.789618231
-14.435373502 64.794867255
-14.513905403 64.802313544
-14.504017707 64.796576239
-14.49327552 64.794582424
-14.469553189 64.794867255
-14.455799934 64.790228583
-14.457142707 64.779852606
-14.463775194 64.768540757
-14.46613522 64.761297919
-14.450672981 64.752875067
-14.400135871 64.741034247
-14.383615689 64.740220445
-14.383615689 64.733384507
-14.385243293 64.720851955
-14.371449348 64.704982815
-14.35265052 64.69135163
-14.339466926 64.685614325
-14.288685676 64.678127346
-14.270171679 64.669501044
-14.281158007 64.658270575
-14.274322069 64.651434637
-14.441965299 64.67572663
-14.49347897 64.658270575
-14.477162239 64.649725653
-14.437082486 64.64077383
-14.417713996 64.631008205
-14.408070442 64.619777736
-14.409250455 64.610256252
-14.419829882 64.602484442
-14.438832161 64.596869208
-14.572173632 64.596869208
-14.584380663 64.590318101
-14.572092252 64.576971747
-14.552235481 64.565741278
-14.541818814 64.565863348
-14.531605598 64.555609442
-14.509999153 64.549017645
-14.490467903 64.548407294
-14.486561653 64.555853583
-14.445383267 64.560695705
-14.383615689 64.600734768
-14.35252845 64.610500393
-14.346180793 64.60561758
-14.361561653 64.594468492
-14.453236457 64.546332098
-14.46613522 64.534735419
-14.469593879 64.525458075
-14.472564257 64.504828192
-14.476673957 64.496893622
-14.509348111 64.471909898
-14.513905403 64.462795315
-14.51280677 64.456610419
-14.511667447 64.45311107
-14.509388801 64.446112372
-14.510487434 64.442328192
-14.515492317 64.439195054
-14.521066861 64.43744538
-14.525624153 64.434515692
-14.527577278 64.428290106
-14.529855924 64.423976955
-14.540882942 64.408433335
-14.544911262 64.405096747
-14.648752408 64.400091864
-14.720692512 64.388902085
-14.746693489 64.383978583
-14.703358528 64.398871161
-14.613921679 64.41006094
-14.568511523 64.41811758
-14.594064908 64.425604559
-14.705230273 64.433294989
-14.713124153 64.431708075
-14.714426236 64.427476304
-14.712513801 64.41412995
-14.716297981 64.411281643
-14.7236222 64.409125067
-14.744984504 64.399725653
-14.757191536 64.397650458
-14.761789517 64.394964911
-14.782053189 64.377752997
-14.793609179 64.372544664
-14.84894772 64.357123114
-14.871652799 64.346747137
-14.892079231 64.334662177
-14.904896614 64.322455145
-14.89948483 64.333929755
-14.896107551 64.338771877
-14.891265429 64.342962958
-14.891265429 64.349798895
-14.898060676 64.349798895
-14.904896614 64.33982982
-14.920318163 64.331122137
-14.937245246 64.324896552
-14.949045377 64.322455145
-14.952748176 64.319240627
-14.949818489 64.311957098
-14.942209439 64.30467357
-14.931955533 64.301418361
-14.910308398 64.302476304
-14.900746223 64.30463288
-14.891265429 64.30882396
-14.886382616 64.294745184
-14.877593554 64.28148021
-14.899973111 64.281642971
-14.929432746 64.264837958
-14.949045377 64.260443427
-14.995472786 64.262600002
-15.015858528 64.266750393
-15.035267707 64.274115302
-15.066883918 64.290838934
-15.086048957 64.298285223
-15.10667884 64.301418361
-15.115630663 64.298570054
-15.134388801 64.285467841
-15.143950976 64.28148021
-15.156117317 64.282619533
-15.167551236 64.286525783
-15.179269986 64.287909247
-15.192290819 64.28148021
-15.179351366 64.274115302
-15.190052864 64.269191799
-15.201568163 64.267482815
-15.226470507 64.267889716
-15.206613736 64.295233466
-15.206613736 64.301418361
-15.238840299 64.297512111
-15.254505989 64.298041083
-15.261219856 64.305121161
-15.265777148 64.32054271
-15.276844856 64.330877997
-15.29027259 64.334377346
-15.302154101 64.329331773
-15.302154101 64.322455145
-15.2939347 64.317613023
-15.288197395 64.31256745
-15.284169075 64.305609442
-15.281117317 64.295233466
-15.294667121 64.299261786
-15.323150194 64.303900458
-15.336293098 64.30882396
-15.336293098 64.315008856
-15.326568163 64.329006252
-15.341297981 64.350043036
-15.366444465 64.369330145
-15.38784746 64.377752997
-15.408436653 64.387640692
-15.447987434 64.39447663
-15.473500129 64.397650458
-15.456450976 64.391546942
-15.422108528 64.385199286
-15.401478645 64.380804755
-15.390777148 64.369696356
-15.372466601 64.345200914
-15.363636848 64.336818752
-15.37214108 64.331366278
-15.380686002 64.329779364
-15.389271614 64.331732489
-15.397816536 64.336818752
-15.397816536 64.329331773
-15.377552864 64.321275132
-15.374012825 64.305894273
-15.382313606 64.288397528
-15.397816536 64.274115302
-15.422271288 64.268500067
-15.478016731 64.275132554
-15.500884569 64.267889716
-15.486805793 64.262518622
-15.471547004 64.260443427
-15.43871009 64.260443427
-15.464019335 64.251288153
-15.528065559 64.241156317
-15.585519986 64.238755601
-15.645904101 64.228827216
-15.672108528 64.219427802
-15.67686927 64.224432684
-15.683216926 64.228949286
-15.685699023 64.233791408
-15.713612434 64.216620184
-15.802398241 64.185370184
-15.719105598 64.197699286
-15.699452278 64.19155508
-15.733021614 64.179266669
-15.992054817 64.14447663
-16.0283097 64.130072333
-15.981190559 64.130072333
-15.981190559 64.123928127
-16.044789192 64.099798895
-16.066273567 64.096584377
-16.075998502 64.09393952
-16.11034095 64.076117255
-16.13402259 64.068426825
-16.143625455 64.063544012
-16.151275194 64.054999091
-16.161732551 64.064642645
-16.171701627 64.06635163
-16.181792773 64.062323309
-16.192860481 64.054999091
-16.192860481 64.048163153
-16.179269986 64.048163153
-16.179269986 64.041937567
-16.23932858 64.02350495
-16.261138476 64.020819403
-16.2548722 64.03510163
-16.308908658 64.017075914
-16.334787564 64.003241278
-16.350493944 63.986721096
-16.334095832 63.986314195
-16.321034309 63.991644598
-16.311024543 63.997259833
-16.33690345 63.974066473
-16.350493944 63.965562242
-16.422352668 63.938137111
-16.470204231 63.904771226
-16.501332161 63.897365627
-16.488880989 63.900376695
-16.476307746 63.905218817
-16.46597246 63.912909247
-16.460357226 63.924627997
-16.611195442 63.869370835
-16.745350715 63.852118231
-16.765370246 63.854722398
-16.78254147 63.86318594
-16.774891731 63.857123114
-16.76659095 63.852850653
-16.757639127 63.850287177
-16.747792121 63.849554755
-16.766346809 63.844549872
-16.78254147 63.842718817
-16.779204882 63.83218008
-16.779774543 63.818304755
-16.785064257 63.806463934
-16.796213345 63.801703192
-16.801096158 63.80487702
-16.802967903 63.811712958
-16.802967903 63.825384833
-16.805531379 63.828558661
-16.823475715 63.83588288
-16.861073371 63.858791408
-16.871327278 63.86318594
-16.887359179 63.865668036
-16.8954972 63.862779039
-16.898264127 63.854071356
-16.898548957 63.839300848
-16.895253059 63.820746161
-16.89582272 63.807766018
-16.901966926 63.801703192
-16.91535397 63.805161851
-16.917469856 63.814032294
-16.912220832 63.839300848
-16.915516731 63.848334052
-16.922759569 63.860012111
-16.930043098 63.866400458
-16.933338996 63.859808661
-16.932972786 63.833075262
-16.93468177 63.820624091
-16.939564582 63.809149481
-16.926136848 63.800034898
-16.93089759 63.79319896
-16.946848111 63.788885809
-16.966908332 63.787502346
-16.955637174 63.810126044
-16.954904752 63.820013739
-16.960682746 63.828436591
-16.956532356 63.837144273
-16.953846809 63.841050523
-16.95042884 63.842718817
-16.941273567 63.845526434
-16.940744595 63.851263739
-16.944162564 63.856187242
-16.947010871 63.856390692
-16.941395637 63.883205471
-16.940297004 63.897772528
-16.943267382 63.904201565
-16.946685351 63.908189195
-16.957508918 63.915838934
-16.968983528 63.920314846
-16.974354621 63.914740302
-16.977040168 63.888820705
-16.975331184 63.878241278
-16.966908332 63.869370835
-16.983225064 63.862860419
-17.001942512 63.86347077
-17.018544075 63.862005927
-17.028920051 63.849554755
-17.01671302 63.839300848
-17.011463996 63.827785549
-17.004750129 63.817084052
-16.987945116 63.809149481
-17.006214973 63.797837632
-17.043283658 63.794012762
-17.114857551 63.794907945
-17.13011634 63.797186591
-17.166127082 63.809149481
-17.179676887 63.80487702
-17.193226692 63.798041083
-17.203439908 63.798285223
-17.207102017 63.815375067
-17.330555793 63.78123607
-17.467762825 63.760728257
-17.560943163 63.750799872
-17.549916145 63.75800202
-17.543568489 63.766791083
-17.54401608 63.77749258
-17.549672004 63.787502346
-17.557118293 63.773260809
-17.569081184 63.763576565
-17.583363411 63.760728257
-17.598052538 63.767564195
-17.595692512 63.762030341
-17.595570442 63.759466864
-17.59496009 63.757554429
-17.590646939 63.7539737
-17.590646939 63.746527411
-17.721018033 63.705511786
-17.711171028 63.727362372
-17.685292121 63.739691473
-17.653228319 63.745266018
-17.624826627 63.746527411
-17.624826627 63.7539737
-17.690988736 63.769273179
-17.714751757 63.78123607
-17.71987871 63.767726955
-17.718983528 63.762274481
-17.714751757 63.7539737
-17.740467903 63.74599844
-17.765004036 63.748236395
-17.79002845 63.753404039
-17.817209439 63.7539737
-17.796742317 63.746527411
-17.796742317 63.740301825
-17.821929491 63.740545966
-17.83332272 63.73851146
-17.843861457 63.732855536
-17.860259569 63.737005927
-17.878407356 63.731024481
-17.893055793 63.719956773
-17.899159309 63.708929755
-17.904530403 63.691229559
-17.918080207 63.679022528
-17.935902473 63.67576732
-17.95441647 63.685044664
-17.967355924 63.676499742
-17.972075976 63.667669989
-17.966949023 63.660589911
-17.950672981 63.657700914
-17.937977668 63.659857489
-17.918080207 63.669256903
-17.902821418 63.671372789
-17.823882616 63.667425848
-17.796742317 63.671372789
-17.839751757 63.634100653
-17.865834114 63.623846747
-17.892323371 63.630438544
-17.888986783 63.632269598
-17.88784746 63.632269598
-17.887318489 63.63279857
-17.885487434 63.63666413
-17.926421679 63.63666413
-17.924956835 63.627346096
-17.953114387 63.628607489
-17.968617317 63.622992255
-17.955718554 63.623683986
-17.946888801 63.620794989
-17.943592903 63.613918361
-17.946929491 63.602484442
-17.872466601 63.604396877
-17.858225064 63.609930731
-17.883046028 63.576117255
-17.91905677 63.545152085
-17.964955207 63.522528387
-18.0673722 63.501532294
-18.132923957 63.479315497
-18.195383267 63.47280508
-18.228138801 63.493231512
-18.215484179 63.500555731
-18.187367317 63.505194403
-18.176584439 63.510646877
-18.163197395 63.521429755
-18.150624153 63.526312567
-18.118885871 63.5274112
-18.118885871 63.534247137
-18.147287564 63.534491278
-18.200917121 63.527044989
-18.228138801 63.5274112
-18.296376106 63.546454169
-18.316802538 63.548529364
-18.310658332 63.541001695
-18.318104621 63.539455471
-18.321197069 63.537665106
-18.324330207 63.534247137
-18.314686653 63.528143622
-18.293283658 63.511053778
-18.28644772 63.507513739
-18.276763476 63.501166083
-18.271962043 63.487046617
-18.269154426 63.472967841
-18.265695767 63.466538804
-18.22386634 63.465318101
-18.20030677 63.465318101
-18.183664517 63.463853257
-18.397694465 63.44920482
-18.521595832 63.422512111
-18.732045051 63.396714585
-18.783029752 63.397650458
-18.974761523 63.424383856
-19.05565345 63.414374091
-19.084624804 63.41815827
-19.073597786 63.418768622
-19.069081184 63.420314846
-19.064116991 63.424383856
-19.099842903 63.427964585
-19.117665168 63.432440497
-19.132435676 63.438666083
-19.152658658 63.42572663
-19.287261523 63.438666083
-19.299956835 63.441229559
-19.352162239 63.459133205
-19.434152799 63.466538804
-19.550933398 63.502020575
-19.711577929 63.521551825
-19.74323483 63.534247137
-19.729725715 63.53538646
-19.722035286 63.53925202
-19.723052538 63.544175523
-19.735747851 63.548529364
-19.747954882 63.548895575
-19.764759895 63.542792059
-19.777088996 63.541001695
-19.872914192 63.548529364
-19.869984504 63.543524481
-19.769886848 63.534247137
-20.033802864 63.542385158
-20.051014778 63.55475495
-20.055409309 63.553778387
-20.057972786 63.552313544
-20.060414192 63.550482489
-20.064076301 63.548529364
-20.068959114 63.552883205
-20.071888801 63.553859768
-20.078358528 63.55475495
-20.07152259 63.541001695
-20.148304817 63.540350653
-20.185699023 63.544419664
-20.337717252 63.60171133
-20.35269121 63.609930731
-20.338612434 63.604193427
-20.322499153 63.60175202
-20.30597897 63.603461005
-20.290638801 63.609930731
-20.303456184 63.611029364
-20.326242642 63.615668036
-20.339100715 63.616766669
-20.334299283 63.632269598
-20.332264778 63.63666413
-20.350575325 63.624660549
-20.367095507 63.619818427
-20.384999153 63.621893622
-20.40733802 63.630438544
-20.40733802 63.63666413
-20.373158332 63.630438544
-20.386545377 63.645697333
-20.404774543 63.654608466
-20.424468554 63.661688544
-20.442128059 63.671372789
-20.45824134 63.688218492
-20.466949023 63.700262762
-20.478667773 63.706366278
-20.503529426 63.705511786
-20.503529426 63.6992862
-20.468658007 63.677150783
-20.448475715 63.660711981
-20.43464108 63.644110419
-20.50108802 63.671128648
-20.531605598 63.688910223
-20.550689257 63.712347723
-20.546864387 63.714016018
-20.537098762 63.719794012
-20.544504361 63.724514065
-20.558216926 63.740301825
-20.530181444 63.754706122
-20.498524543 63.763006903
-20.431263801 63.767564195
-20.39964759 63.761053778
-20.344146288 63.734767971
-20.311146614 63.732855536
-20.327788866 63.742499091
-20.352202929 63.761135158
-20.365793424 63.767564195
-20.442128059 63.787502346
-20.412017382 63.81256745
-20.40733802 63.822211005
-20.4111222 63.836249091
-20.422271288 63.8399112
-20.431141731 63.836371161
-20.427845832 63.828436591
-20.427845832 63.822211005
-20.439768033 63.81256745
-20.483021614 63.787502346
-20.511097786 63.773179429
-20.530181444 63.764349677
-20.554514127 63.760728257
-20.562408007 63.756822007
-20.56346595 63.747300523
-20.562652148 63.735907294
-20.565052864 63.726019598
-20.572661913 63.716253973
-20.577504036 63.714178778
-20.622466601 63.725775458
-20.666574674 63.742905992
-20.70030677 63.749701239
-20.770415819 63.774400132
-20.705230273 63.774400132
-20.693470832 63.771795966
-20.669422981 63.761460679
-20.654367642 63.760728257
-20.652333137 63.766546942
-20.639149543 63.768377997
-20.605946418 63.767564195
-20.605946418 63.774400132
-20.63385983 63.774400132
-20.63385983 63.78123607
-20.630360481 63.78143952
-20.623158332 63.780991929
-20.619618293 63.78123607
-20.619618293 63.787502346
-20.690663215 63.779445705
-20.7158097 63.78123607
-20.7158097 63.787502346
-20.681792773 63.807318427
-20.671783007 63.837632554
-20.685617642 63.86343008
-20.723255989 63.869370835
-20.723255989 63.86318594
-20.695139127 63.857977606
-20.698312955 63.844183661
-20.717193163 63.82802969
-20.754505989 63.805650132
-20.77839108 63.797430731
-20.805287239 63.794745184
-20.832508918 63.801703192
-20.821766731 63.78530508
-20.818226692 63.78123607
-20.858631965 63.800441799
-20.948841926 63.827215887
-21.076730924 63.848456122
-21.120106575 63.862494208
-21.144276496 63.867499091
-21.168324348 63.875555731
-21.18879147 63.891099351
-21.183013476 63.898871161
-21.184478319 63.908758856
-21.194935676 63.932074286
-21.117014127 63.92987702
-21.074126757 63.934271552
-21.044789192 63.945746161
-21.119943814 63.945746161
-21.167591926 63.957709052
-21.185047981 63.959418036
-21.236439582 63.95335521
-21.2470597 63.94916413
-21.256092903 63.943019924
-21.287424283 63.928168036
-21.298695442 63.924627997
-21.298695442 63.918402411
-21.247792121 63.908392645
-21.222035286 63.898871161
-21.209299283 63.883693752
-21.230132616 63.888739325
-21.275380012 63.891791083
-21.321685351 63.889349677
-21.349761523 63.884182033
-21.365834114 63.873765367
-21.35265052 63.856390692
-21.357411262 63.856105861
-21.36042233 63.854234117
-21.363107877 63.85179271
-21.366932746 63.849554755
-21.659901496 63.831854559
-21.695301887 63.842718817
-21.728911913 63.858547268
-21.759999153 63.868394273
-21.793202278 63.870550848
-21.959462043 63.84373607
-22.000314908 63.842800197
-22.014393684 63.843207098
-22.065785286 63.83588288
-22.336415168 63.86318594
-22.357492642 63.856634833
-22.375884569 63.844142971
-22.394398567 63.83592357
-22.415882942 63.842718817
-22.401600715 63.849554755
-22.425160286 63.849514065
-22.462757942 63.838690497
-22.494781054 63.834173895
-22.513905403 63.825628973
-22.525135871 63.822211005
-22.535878059 63.821193752
-22.632679817 63.826117255
-22.654855924 63.822211005
-22.659657356 63.819403387
-22.664906379 63.815008856
-22.671254036 63.810980536
-22.679066536 63.809149481
-22.691232877 63.812201239
-22.706450976 63.825384833
-22.717518684 63.828436591
-22.711252408 63.838690497
-22.703480598 63.845119533
-22.697417773 63.851874091
-22.695871549 63.86318594
-22.7001847 63.874172268
-22.708485481 63.87905508
-22.719227668 63.88304271
-22.730580207 63.891099351
-22.715077278 63.901271877
-22.694976366 63.93773021
-22.685902473 63.945746161
-22.64183509 63.945868231
-22.634999153 63.94916413
-22.639230924 63.959540106
-22.64940345 63.959540106
-22.672515429 63.952582098
-22.691721158 63.954779364
-22.712880012 63.961981512
-22.729969856 63.974676825
-22.736805793 63.993475653
-22.721424934 64.012681382
-22.717518684 64.020819403
-22.716460741 64.032294012
-22.718088345 64.053208726
-22.717518684 64.06244538
-22.718739387 64.07050202
-22.712757942 64.078924872
-22.702137825 64.08592357
-22.689605273 64.08974844
-22.675160286 64.087388414
-22.644764778 64.072251695
-22.609974739 64.061590887
-22.582915819 64.043646552
-22.558461067 64.01943594
-22.544911262 63.993475653
-22.559234179 63.993475653
-22.542795377 63.982733466
-22.518462694 63.979437567
-22.420887825 63.977240302
-22.396839973 63.979803778
-22.381174283 63.986721096
-22.392323371 63.994086005
-22.386382616 64.002101955
-22.372792121 64.009222723
-22.360707161 64.014064846
-22.346058723 64.017279364
-22.298573371 64.020819403
-22.262074348 64.033351955
-22.250884569 64.03510163
-22.238392707 64.032904364
-22.212473111 64.023098049
-22.199208137 64.020819403
-22.172759569 64.025091864
-22.124175585 64.043890692
-22.040679491 64.051092841
-22.013579882 64.059271552
-21.990101692 64.076117255
-21.98167884 64.07037995
-21.975168424 64.069281317
-21.969349739 64.071478583
-21.963368293 64.076117255
-21.963368293 64.08226146
-21.980620898 64.090236721
-22.004750129 64.0977237
-22.02863522 64.101019598
-22.045318163 64.096584377
-22.034901496 64.112738348
-22.010121223 64.120591539
-21.982492642 64.121649481
-21.963368293 64.11709219
-21.971262174 64.116034247
-21.990101692 64.10956452
-21.971994595 64.10537344
-21.951771614 64.104234117
-21.931996223 64.105902411
-21.91502845 64.10956452
-21.91502845 64.11709219
-21.935454882 64.11709219
-21.921254036 64.122626044
-21.91502845 64.123928127
-21.977162239 64.149155992
-22.010853645 64.157049872
-22.045318163 64.158026434
-22.015126106 64.168280341
-21.864857551 64.15631745
-21.857533332 64.15228913
-21.852447069 64.147691148
-21.846669075 64.144354559
-21.815581835 64.13662344
-21.799672004 64.137274481
-21.784657356 64.144354559
-21.796050585 64.143459377
-21.806752082 64.143988348
-21.816802538 64.146470445
-21.826242642 64.151190497
-21.814320442 64.158921617
-21.806874153 64.162176825
-21.798247851 64.164862372
-21.818755663 64.171698309
-21.792836067 64.17597077
-21.757476366 64.171087958
-21.744048632 64.171250718
-21.72378496 64.171454169
-21.702748176 64.19155508
-21.737416145 64.182847398
-21.756092903 64.181789455
-21.764149543 64.188421942
-21.757232226 64.200344143
-21.741200325 64.206284898
-21.709584114 64.213202216
-21.729725715 64.21881745
-21.759999153 64.220404364
-21.790760871 64.218410549
-21.812652148 64.213202216
-21.806467252 64.230210679
-21.817860481 64.237982489
-21.837717252 64.240057684
-21.865712043 64.239569403
-21.875111457 64.238104559
-21.88394121 64.235174872
-21.891102668 64.23037344
-21.928618944 64.233791408
-21.899281379 64.244940497
-21.889556444 64.253119208
-21.894520637 64.267889716
-21.83324134 64.286810614
-21.803212043 64.301743882
-21.781239387 64.318793036
-21.764027473 64.339300848
-21.754505989 64.345200914
-21.737416145 64.349798895
-21.715687629 64.352036851
-21.671213345 64.349188544
-21.652577278 64.349188544
-21.672474739 64.352932033
-21.681141731 64.356634833
-21.689076301 64.356634833
-21.648548957 64.371486721
-21.626779752 64.376044012
-21.603098111 64.377752997
-21.465402799 64.361802476
-21.442005989 64.364081122
-21.425119595 64.376125393
-21.414133267 64.383978583
-21.459095832 64.372870184
-21.483021614 64.377752997
-21.483021614 64.383978583
-21.473459439 64.383775132
-21.465321418 64.385321356
-21.449452278 64.39077383
-21.448882616 64.395331122
-21.45030677 64.396551825
-21.452951627 64.396551825
-21.455718554 64.397650458
-21.449452278 64.397650458
-21.631174283 64.402655341
-21.716542121 64.393866278
-21.792103645 64.364081122
-21.796009895 64.359930731
-21.799183723 64.354437567
-21.803944465 64.348456122
-21.812652148 64.342962958
-21.821156379 64.34007396
-21.840565559 64.337103583
-21.850087043 64.336818752
-21.865834114 64.334173895
-21.9111222 64.319728908
-21.925282356 64.311957098
-21.962635871 64.297308661
-22.009999153 64.300116278
-22.099964973 64.315008856
-22.099964973 64.322455145
-22.057972786 64.333319403
-22.018055793 64.349798895
-21.984771288 64.370266018
-21.963368293 64.376125393
-21.941721158 64.370306708
-21.923247851 64.37889232
-21.879017707 64.385077216
-21.859730598 64.39077383
-21.948882616 64.394964911
-21.976429817 64.39077383
-21.995716926 64.384995835
-22.011341926 64.38275788
-22.026600715 64.388128973
-22.045318163 64.405096747
-22.031890429 64.414455471
-22.029611783 64.426459052
-22.029204882 64.440578518
-22.021473762 64.456000067
-22.014800585 64.45722077
-22.006703254 64.454291083
-21.999867317 64.453924872
-21.994699674 64.471258856
-21.9892472 64.479315497
-21.976429817 64.493150132
-21.975087043 64.503729559
-21.949818489 64.513902085
-21.837269661 64.53900788
-21.777821418 64.541571356
-21.782582161 64.550482489
-21.792062955 64.555487372
-21.804595507 64.557074286
-21.818755663 64.555853583
-21.818755663 64.562079169
-21.800526496 64.569566148
-21.762277799 64.592108466
-21.728749153 64.598578192
-21.712513801 64.607163804
-21.702748176 64.610500393
-21.689361132 64.611802476
-21.647450325 64.610500393
-21.651437955 64.592515367
-21.631255663 64.589585679
-21.605580207 64.589341539
-21.592884895 64.579169012
-21.579904752 64.571844794
-21.496652799 64.569525458
-21.513091601 64.575181382
-21.54800371 64.573635158
-21.565541145 64.575751044
-21.579945442 64.582586981
-21.601958788 64.598049221
-21.620187955 64.603013414
-21.57921302 64.610500393
-21.57921302 64.616644598
-21.682240364 64.616644598
-21.682240364 64.624172268
-21.624989387 64.639308986
-21.60651608 64.647691148
-21.589955207 64.649603583
-21.510894335 64.643988348
-21.510894335 64.651434637
-21.588734504 64.658636786
-21.613352017 64.658270575
-21.677316861 64.632513739
-21.702748176 64.631008205
-21.702748176 64.637844143
-21.676584439 64.64858633
-21.666981575 64.655951239
-21.6611222 64.665716864
-21.701039192 64.646918036
-21.712635871 64.643988348
-21.721831835 64.638820705
-21.728423632 64.615708726
-21.740589973 64.610500393
-21.750477668 64.607733466
-21.792103645 64.59003327
-21.844105598 64.581488348
-21.859730598 64.575751044
-21.853505012 64.562079169
-21.883168098 64.56659577
-21.91120358 64.563218492
-21.969593879 64.541571356
-21.99327552 64.529242255
-22.00902259 64.525091864
-22.024891731 64.527980861
-22.035633918 64.537665106
-22.034169075 64.547552802
-22.018055793 64.569525458
-22.038807746 64.56659577
-22.048654752 64.555405992
-22.051503059 64.540106512
-22.051584439 64.524562893
-22.055409309 64.51976146
-22.079457161 64.500637111
-22.083648241 64.491603908
-22.083648241 64.48456452
-22.085031705 64.478664455
-22.093088345 64.4727237
-22.129058398 64.47288646
-22.134755012 64.469305731
-22.138335741 64.465643622
-22.146799283 64.462591864
-22.156727668 64.460435289
-22.164784309 64.459662177
-22.181019661 64.462958075
-22.199045377 64.471869208
-22.214588996 64.484930731
-22.223500129 64.500637111
-22.232085741 64.494696356
-22.239857551 64.490871486
-22.247873502 64.48847077
-22.257639127 64.487005927
-22.24339759 64.499701239
-22.231109179 64.515285549
-22.227040168 64.530340887
-22.237172004 64.541571356
-22.232899543 64.54311758
-22.223500129 64.548407294
-22.231190559 64.552313544
-22.2392472 64.55483633
-22.248036262 64.556057033
-22.257639127 64.555853583
-22.253407356 64.559149481
-22.24339759 64.569525458
-22.24339759 64.575751044
-22.289377408 64.560858466
-22.317738411 64.554999091
-22.339507616 64.555853583
-22.357533332 64.568019924
-22.364816861 64.584418036
-22.361195442 64.600246486
-22.346994595 64.610500393
-22.346994595 64.616644598
-22.36432858 64.618109442
-22.377023892 64.625555731
-22.385731575 64.633856512
-22.391021288 64.637844143
-22.403879361 64.64069245
-22.418324348 64.647894598
-22.432118293 64.656968492
-22.44253496 64.665716864
-22.417591926 64.660956122
-22.391509569 64.649603583
-22.365101692 64.642645575
-22.339507616 64.651434637
-22.360707161 64.651434637
-22.354603645 64.662787177
-22.34504147 64.670314846
-22.33307858 64.675238348
-22.319650845 64.678778387
-22.32925371 64.684230861
-22.333363411 64.685614325
-22.333363411 64.692450262
-22.217518684 64.717433986
-22.18871009 64.733384507
-22.18871009 64.740220445
-22.250721809 64.717108466
-22.283762174 64.709540106
-22.315907356 64.706732489
-22.343169726 64.69920482
-22.373890754 64.685003973
-22.402088996 64.676336981
-22.422108528 64.685614325
-22.409047004 64.689642645
-22.381174283 64.706732489
-22.360829231 64.715806382
-22.349232551 64.723089911
-22.339507616 64.733384507
-22.346994595 64.740220445
-22.338002082 64.742010809
-22.332427538 64.744859117
-22.319650845 64.75385163
-22.342030403 64.765122789
-22.37214108 64.768744208
-22.436390754 64.767523505
-22.422108528 64.78119538
-22.44253496 64.78119538
-22.435536262 64.791327216
-22.417103645 64.810980536
-22.408436653 64.822739976
-22.418771939 64.821519273
-22.427886523 64.817572333
-22.435780403 64.811021226
-22.44253496 64.802313544
-22.448841926 64.811590887
-22.457020637 64.815334377
-22.466420051 64.814195054
-22.476714648 64.809149481
-22.476714648 64.802313544
-22.531890429 64.809149481
-22.547474739 64.805812893
-22.577015754 64.791571356
-22.593413866 64.788641669
-22.593413866 64.78119538
-22.585560676 64.780218817
-22.566070116 64.774359442
-22.658192512 64.766669012
-22.682118293 64.774359442
-22.658558723 64.772935289
-22.646555142 64.773749091
-22.638050911 64.777777411
-22.640939908 64.783392645
-22.651234504 64.791571356
-22.663685676 64.799017645
-22.672515429 64.802313544
-22.77839108 64.802313544
-22.76276608 64.794989325
-22.710072395 64.78119538
-22.710072395 64.774359442
-22.736887174 64.774807033
-22.783924934 64.792710679
-22.812570767 64.794867255
-22.80573483 64.794867255
-22.931141731 64.799790757
-23.050363736 64.799790757
-23.188099739 64.804144598
-23.246245898 64.830471096
-23.301665819 64.83222077
-23.398426887 64.822739976
-23.399037239 64.819891669
-23.416493293 64.806382554
-23.423329231 64.802313544
-23.433908658 64.798041083
-23.445057746 64.794907945
-23.457142707 64.793646552
-23.573475715 64.809149481
-23.562733528 64.813381252
-23.550933398 64.815904039
-23.538441536 64.816799221
-23.555246549 64.819810289
-23.593495246 64.810980536
-23.623524543 64.794256903
-23.628081835 64.774359442
-23.646595832 64.750881252
-23.673939582 64.741115627
-23.747873502 64.740220445
-23.769520637 64.737616278
-23.813303189 64.727118231
-23.833566861 64.725897528
-23.905873176 64.743963934
-23.921294726 64.753607489
-23.935617642 64.756048895
-23.946115689 64.760891018
-23.95026608 64.777777411
-23.955881314 64.786688544
-23.998646614 64.815904039
-24.016957161 64.831732489
-24.03246009 64.848537502
-24.060047981 64.891058661
-24.053293424 64.89850495
-24.033111132 64.889634507
-24.014271614 64.893377997
-23.97752845 64.912176825
-23.958404101 64.917303778
-23.849761523 64.930568752
-23.828521288 64.929510809
-23.748117642 64.906927802
-23.63801022 64.89850495
-23.628529426 64.901109117
-23.610259569 64.913804429
-23.600819465 64.918361721
-23.559437629 64.917385158
-23.549305793 64.92177969
-23.51284746 64.946356512
-23.471750455 64.952378648
-23.381092903 64.945624091
-23.381092903 64.95311107
-23.386830207 64.956000067
-23.389759895 64.958889065
-23.39183509 64.962307033
-23.395334439 64.966782945
-23.353423632 64.968003648
-23.339751757 64.962632554
-23.346913215 64.945624091
-23.333729621 64.94139232
-23.325103319 64.946722723
-23.317209439 64.953436591
-23.306019661 64.95311107
-23.302398241 64.943508205
-23.302235481 64.929510809
-23.297027148 64.922267971
-23.278675911 64.932603257
-23.263091601 64.926255601
-23.245025194 64.930121161
-23.230213996 64.939520575
-23.224029101 64.94940827
-23.22777259 64.959621486
-23.23534095 64.97260163
-23.240589973 64.986883856
-23.237660286 65.000921942
-23.210194465 65.016913153
-23.168568489 65.020086981
-23.086822069 65.014593817
-23.094349739 65.003159898
-23.106800911 64.995428778
-23.135324674 64.986639716
-23.132435676 64.982733466
-23.127797004 64.972967841
-23.139515754 64.971869208
-23.147938606 64.968085028
-23.154937304 64.961737372
-23.162587043 64.95311107
-23.107289192 64.918361721
-23.113270637 64.93353913
-23.114003059 64.946112372
-23.109527148 64.956854559
-23.099842903 64.966782945
-23.093413866 64.96898021
-23.074452278 64.970526434
-23.066395637 64.972967841
-23.059925911 64.978583075
-23.053578254 64.991400458
-23.048980273 64.997503973
-23.021392382 65.013006903
-22.992787239 65.014227606
-22.965646939 65.004299221
-22.942860481 64.986639716
-22.92699134 64.997015692
-22.906076627 65.003485419
-22.84471595 65.009914455
-22.785227017 65.02757396
-22.801136848 65.031927802
-22.873890754 65.02757396
-22.873890754 65.03506094
-22.831857877 65.03912995
-22.757069465 65.071926174
-22.717518684 65.075995184
-22.723255989 65.071966864
-22.730580207 65.069159247
-22.712757942 65.067124742
-22.695871549 65.062323309
-22.697417773 65.05463288
-22.697987434 65.053290106
-22.697499153 65.053208726
-22.695871549 65.049302476
-22.709868944 65.040594794
-22.740061002 65.033433335
-22.75108802 65.02757396
-22.737863736 65.026027736
-22.721180793 65.026556708
-22.704009569 65.029486395
-22.689605273 65.03506094
-22.682932095 65.01569245
-22.674427864 65.007554429
-22.641184049 65.000921942
-22.596506314 64.983343817
-22.579741991 64.98041413
-22.579741991 64.986639716
-22.592193163 64.989813544
-22.603423632 64.99607982
-22.628163215 65.014593817
-22.601063606 65.029974677
-22.586171028 65.034857489
-22.566070116 65.03506094
-22.564116991 65.048325914
-22.545399543 65.052191473
-22.46190345 65.050482489
-22.37999427 65.05878327
-22.244740364 65.047267971
-22.155181444 65.02757396
-22.145008918 65.030218817
-22.129709439 65.03921133
-22.120432095 65.041896877
-22.045318163 65.041896877
-22.025054491 65.037909247
-22.003570116 65.030829169
-21.982533332 65.02753327
-21.980620898 65.028306382
-21.963368293 65.03506094
-21.937163866 65.02753327
-21.826242642 65.03506094
-21.799672004 65.044623114
-21.798654752 65.057033596
-21.816477017 65.066961981
-21.846669075 65.069159247
-21.836577929 65.082424221
-21.824696418 65.086818752
-21.810170051 65.089260158
-21.792103645 65.096502997
-21.779286262 65.108058986
-21.737416145 65.159165757
-21.734120246 65.193793036
-21.766102668 65.207953192
-21.809478319 65.206122137
-21.840484179 65.192694403
-21.840484179 65.185858466
-21.83307858 65.185858466
-21.83307858 65.178412177
-21.983876106 65.123765367
-22.033843554 65.114935614
-22.318959114 65.138413804
-22.390736457 65.163275458
-22.401600715 65.165350653
-22.406483528 65.164740302
-22.420725064 65.1602237
-22.511870898 65.154201565
-22.538726366 65.159165757
-22.557687955 65.168931382
-22.542347786 65.173163153
-22.513091601 65.177069403
-22.490345832 65.185858466
-22.482736783 65.180650132
-22.475249804 65.178534247
-22.456857877 65.178412177
-22.456857877 65.185858466
-22.478993293 65.192775783
-22.504302538 65.193833726
-22.552479621 65.185858466
-22.542225715 65.200669664
-22.524037239 65.21499258
-22.490345832 65.233628648
-22.443837043 65.242987372
-22.426177538 65.251450914
-22.428863085 65.267767645
-22.414173957 65.270453192
-22.378041145 65.267767645
-22.369130012 65.271673895
-22.339507616 65.295721747
-22.312855598 65.304348049
-22.201283332 65.317694403
-22.107004361 65.348334052
-22.070871549 65.36737702
-22.006825325 65.381252346
-21.983876106 65.391913153
-21.986154752 65.393011786
-21.988636848 65.392767645
-21.990386523 65.393622137
-21.990101692 65.398138739
-21.975087043 65.397406317
-21.950550911 65.385891018
-21.935454882 65.385077216
-21.944406705 65.400539455
-21.949086067 65.405585028
-21.887074348 65.420721747
-21.757232226 65.437892971
-21.719349739 65.447373765
-21.695301887 65.45335521
-21.791330533 65.440130927
-21.826242642 65.439764716
-21.897572395 65.446519273
-21.956898567 65.439113674
-21.976429817 65.439764716
-21.956776496 65.455267645
-21.935454882 65.467027085
-21.971547004 65.481878973
-21.985096809 65.492743231
-21.990101692 65.50800202
-22.003163215 65.50389232
-22.016957161 65.501410223
-22.031158007 65.500433661
-22.045318163 65.501166083
-22.039662239 65.487127997
-22.048573371 65.482611395
-22.062814908 65.484035549
-22.073231575 65.487494208
-22.082427538 65.496486721
-22.101185676 65.520453192
-22.1142472 65.528509833
-22.109038866 65.51162344
-22.111398892 65.497463283
-22.120269335 65.485093492
-22.134755012 65.473863023
-22.152414517 65.464585679
-22.162587043 65.46100495
-22.171620246 65.459621486
-22.175282356 65.455308335
-22.181507942 65.445949611
-22.189605273 65.436590887
-22.199208137 65.432318427
-22.236927864 65.430812893
-22.253814257 65.4336612
-22.280669726 65.451320705
-22.339507616 65.473863023
-22.381581184 65.482855536
-22.387196418 65.491685289
-22.367502408 65.50800202
-22.345814582 65.514715887
-22.235096809 65.524807033
-22.18871009 65.538397528
-22.164784309 65.541489976
-22.153716601 65.545884507
-22.150746223 65.556138414
-22.150624153 65.567938544
-22.148345507 65.576890367
-22.139719205 65.583929755
-22.128651496 65.589300848
-22.106800911 65.596747137
-22.136382616 65.593329169
-22.209828254 65.548976955
-22.243885871 65.537095445
-22.276437955 65.530707098
-22.346994595 65.528509833
-22.346994595 65.53534577
-22.304676887 65.548041083
-22.291737434 65.555161851
-22.291737434 65.56264883
-22.312489387 65.561997789
-22.327381965 65.556097723
-22.353260871 65.541489976
-22.373931444 65.538153387
-22.386586067 65.542222398
-22.398182746 65.547796942
-22.415882942 65.548976955
-22.415882942 65.541489976
-22.403716601 65.533840236
-22.408843554 65.524847723
-22.423410611 65.517320054
-22.478627082 65.50800202
-22.49339759 65.511175848
-22.504017707 65.528509833
-22.50503496 65.544907945
-22.50121009 65.557196356
-22.501454231 65.569647528
-22.514556444 65.586574611
-22.533924934 65.621771552
-22.545887825 65.634019273
-22.558379687 65.624741929
-22.557687955 65.619370835
-22.558420377 65.608547268
-22.556955533 65.59788646
-22.541005012 65.576605536
-22.540882942 65.568426825
-22.546538866 65.560736395
-22.565744595 65.54311758
-22.576649543 65.536281643
-22.589182095 65.535589911
-22.603993293 65.545233466
-22.622954882 65.564154364
-22.631459114 65.565822658
-22.63776608 65.539780992
-22.645334439 65.531887111
-22.656158007 65.528062242
-22.66909746 65.528509833
-22.67682858 65.532782294
-22.68480384 65.540838934
-22.707630989 65.572211005
-22.71198483 65.588527736
-22.704741991 65.605292059
-22.682118293 65.624090887
-22.691232877 65.629584052
-22.69627845 65.628159898
-22.701242642 65.624741929
-22.710072395 65.624090887
-22.736805793 65.631537177
-22.753651496 65.631537177
-22.759388801 65.629828192
-22.764027473 65.624090887
-22.763417121 65.618353583
-22.754465299 65.596747137
-22.744862434 65.584377346
-22.717518684 65.50800202
-22.73151608 65.501776434
-22.748605924 65.503322658
-22.767079231 65.507228908
-22.785227017 65.50800202
-22.785227017 65.514227606
-22.779530403 65.522528387
-22.784413215 65.529282945
-22.795725064 65.533677476
-22.809152799 65.53534577
-22.842274543 65.530829169
-22.853260871 65.532049872
-22.854115364 65.541489976
-22.862294075 65.540716864
-22.887603319 65.541489976
-22.887603319 65.548976955
-22.863392707 65.559068101
-22.818714973 65.584540106
-22.791981575 65.58999258
-22.80199134 65.600978908
-22.818837043 65.608587958
-22.854115364 65.617905992
-22.859608528 65.595607815
-22.87995358 65.576483466
-22.905262825 65.566880601
-22.925770637 65.573187567
-22.932240364 65.584173895
-22.936756965 65.596380927
-22.942738411 65.606350002
-22.953439908 65.610419012
-22.956044075 65.603664455
-22.961008267 65.572088934
-22.963978645 65.56264883
-22.985218879 65.551214911
-23.045318163 65.545070705
-23.073475715 65.538397528
-23.128651496 65.549750067
-23.158111132 65.562201239
-23.155140754 65.576890367
-23.155140754 65.583156643
-23.183013476 65.576361395
-23.200021939 65.556586005
-23.201324023 65.534735419
-23.182443814 65.521673895
-23.182443814 65.514227606
-23.195383267 65.508612372
-23.218088345 65.493109442
-23.2314347 65.487494208
-23.247425911 65.485419012
-23.314035611 65.488714911
-23.341420051 65.493841864
-23.357492642 65.494940497
-23.373036262 65.498195705
-23.384917773 65.505601304
-23.395904101 65.514471747
-23.401519335 65.514227606
-23.408273892 65.513739325
-23.413075325 65.512355861
-23.423329231 65.50800202
-23.418812629 65.506659247
-23.415882942 65.505316473
-23.409006314 65.501166083
-23.437733528 65.4961612
-23.490345832 65.477932033
-23.625396288 65.466457424
-23.656076627 65.473863023
-23.656971809 65.461859442
-23.66128496 65.457993882
-23.668039517 65.45697663
-23.676503059 65.45335521
-23.714100715 65.426092841
-23.897531705 65.404608466
-23.943837043 65.406927802
-23.984364387 65.418646552
-23.984364387 65.426092841
-23.978749153 65.434027411
-23.982980924 65.44131094
-23.993031379 65.447821356
-24.0048722 65.45335521
-23.986643033 65.452826239
-23.978911913 65.450751044
-23.970692512 65.446519273
-23.967762825 65.4649112
-23.986195442 65.474188544
-24.00902259 65.47284577
-24.019154426 65.459621486
-24.043080207 65.474554755
-24.196685351 65.501166083
-24.48176022 65.48847077
-24.518299934 65.491359768
-24.539906379 65.50800202
-24.496001757 65.518988348
-24.47378496 65.528225002
-24.464182095 65.538397528
-24.451568163 65.545233466
-24.393137174 65.560736395
-24.375396288 65.569403387
-24.371327278 65.584947007
-24.371490038 65.602972723
-24.365793424 65.617905992
-24.335031705 65.626369533
-24.31753496 65.636135158
-24.303374804 65.638373114
-24.277943489 65.636419989
-24.18065345 65.612372137
-24.152577278 65.610419012
-24.135406054 65.606146552
-24.080555793 65.576890367
-24.041167773 65.5664737
-23.971302864 65.5586612
-23.954701301 65.549139716
-23.940174934 65.537909247
-23.92296302 65.528509833
-23.892811653 65.522162177
-23.863636848 65.523016669
-23.806792773 65.53534577
-23.852447069 65.534613348
-23.87608802 65.537298895
-23.895008918 65.541489976
-23.91136634 65.550482489
-23.925404426 65.562241929
-23.940785286 65.572495835
-23.960804817 65.576890367
-24.009999153 65.599432684
-24.037342903 65.619208075
-24.069243944 65.637030341
-24.086781379 65.651353257
-23.935943163 65.638373114
-23.838002082 65.614447333
-23.806792773 65.610419012
-23.825917121 65.625921942
-23.85265052 65.638983466
-23.881214973 65.648098049
-23.924672004 65.654730536
-23.976551887 65.669134833
-24.022857226 65.676174221
-24.044911262 65.685003973
-24.080555793 65.706000067
-24.121571418 65.740790106
-24.124867317 65.753485419
-24.123687304 65.76557038
-24.124826627 65.77732982
-24.135161913 65.78912995
-24.092844205 65.80475495
-24.049875455 65.803534247
-23.628081835 65.706000067
-23.618560351 65.701076565
-23.600819465 65.686183986
-23.573597786 65.677435614
-23.566639778 65.672512111
-23.556385871 65.654689846
-23.560861783 65.643377997
-23.57144121 65.63300202
-23.579701301 65.617905992
-23.561756965 65.613674221
-23.538807746 65.62128327
-23.497792121 65.645209052
-23.493804491 65.640204169
-23.477894661 65.631537177
-23.467030403 65.640936591
-23.412668424 65.635239976
-23.388539192 65.638373114
-23.388539192 65.645209052
-23.397328254 65.647202867
-23.401437955 65.649481512
-23.409006314 65.658840236
-23.39159095 65.659369208
-23.346913215 65.672512111
-23.330718554 65.673325914
-23.314686653 65.672349351
-23.299427864 65.673163153
-23.285471158 65.679348049
-23.404123502 65.675197658
-23.45824134 65.682440497
-23.497792121 65.693019924
-23.511626757 65.699693101
-23.529408332 65.711493231
-23.539173957 65.7227237
-23.529164192 65.727728583
-23.466908332 65.739691473
-23.453358528 65.737372137
-23.437814908 65.731634833
-23.356190559 65.736232815
-23.330189582 65.74599844
-23.30968177 65.748236395
-23.265939908 65.741278387
-23.244536913 65.740383205
-23.224029101 65.748236395
-23.236643033 65.753485419
-23.242909309 65.755194403
-23.251332161 65.755072333
-23.251332161 65.761216539
-23.20421302 65.774847723
-23.189849413 65.782375393
-23.244699674 65.779120184
-23.276275194 65.773138739
-23.319243944 65.757025458
-23.588775194 65.759751695
-23.64171302 65.768703518
-23.676503059 65.782375393
-23.729156054 65.774359442
-23.741078254 65.778631903
-23.75495358 65.78900788
-23.813099739 65.815863348
-23.845204231 65.842962958
-23.866607226 65.875555731
-23.863148567 65.905829169
-23.820546028 65.92572663
-23.800852017 65.926214911
-23.744130012 65.912095445
-23.669667121 65.905218817
-23.650949674 65.900213934
-23.619211392 65.884019273
-23.600819465 65.877915757
-23.581898567 65.876939195
-23.518869595 65.884751695
-23.395334439 65.864325262
-23.354359504 65.864325262
-23.283111132 65.842678127
-23.244536913 65.83612702
-23.209787564 65.843207098
-23.292469856 65.854234117
-23.318837043 65.867865302
-23.401519335 65.87107982
-23.427357551 65.877386786
-23.474273241 65.894842841
-23.577870246 65.905015367
-23.600819465 65.912095445
-23.655100064 65.942572333
-23.682525194 65.948960679
-23.695912239 65.958319403
-23.717518684 65.962062893
-23.763295051 65.979925848
-23.804188606 66.003241278
-23.813099739 66.011379299
-23.813221809 66.042222398
-23.807484504 66.058417059
-23.792591926 66.07037995
-23.751372851 66.076564846
-23.699574348 66.071722723
-23.518299934 66.026678778
-23.465199348 66.020982164
-23.429432746 66.029445705
-23.424794075 66.013739325
-23.412505663 66.000311591
-23.395130989 65.991034247
-23.374867317 65.987779039
-23.374867317 65.994045315
-23.39183509 66.004706122
-23.422515429 66.035874742
-23.443104621 66.042425848
-23.46597246 66.044582424
-23.511952278 66.053941148
-23.535878059 66.056097723
-23.547027148 66.059515692
-23.577504036 66.076605536
-23.636057095 66.098211981
-23.669667121 66.117499091
-23.637318489 66.128485419
-23.550160286 66.131984768
-23.484120246 66.127590236
-23.395334439 66.09764232
-23.41909746 66.106634833
-23.458404101 66.13304271
-23.481027799 66.138617255
-23.577056444 66.137681382
-23.600819465 66.144842841
-23.600819465 66.15228913
-23.59097246 66.159857489
-23.576405403 66.168890692
-23.5595597 66.176459052
-23.549916145 66.178290106
-23.542713996 66.17963288
-23.50129147 66.180487372
-23.48558509 66.186224677
-23.484120246 66.19944896
-23.461415168 66.204169012
-23.304351366 66.185777085
-23.202504036 66.155096747
-23.172474739 66.15228913
-23.152699348 66.145819403
-23.127430793 66.130560614
-23.110218879 66.112534898
-23.114165819 66.09764232
-23.107289192 66.075913804
-23.057972786 66.107611395
-23.038441536 66.111314195
-23.027699348 66.108710028
-23.018218554 66.102606512
-23.004302538 66.090236721
-22.986073371 66.079535223
-22.984038866 66.07412344
-22.983754036 66.059515692
-22.978382942 66.043361721
-22.976877408 66.033677476
-22.983509895 66.026312567
-23.000355598 66.013373114
-23.004302538 66.011379299
-23.049143033 65.97650788
-23.058949348 65.966701565
-23.052723762 65.966701565
-23.031239387 65.980943101
-22.976551887 66.008449611
-22.956532356 66.021918036
-22.950917121 66.030015367
-22.94640052 66.03912995
-22.940052864 66.046454169
-22.929188606 66.049261786
-22.917225715 66.046128648
-22.909657356 66.038641669
-22.895090299 66.015082098
-22.899769661 66.010646877
-22.901844856 66.007635809
-22.887440559 66.013413804
-22.871571418 66.023016669
-22.855539517 66.028509833
-22.840443489 66.021918036
-22.857492642 65.998683986
-22.880970832 65.975287177
-22.909779426 65.956366278
-22.942860481 65.946844794
-22.902699348 65.947902736
-22.884429491 65.951808986
-22.867746549 65.960516669
-22.8486222 65.986151434
-22.834095832 66.001410223
-22.823109504 66.004584052
-22.809152799 65.977606512
-22.815541145 65.949774481
-22.824696418 65.926255601
-22.819325325 65.912095445
-22.785227017 65.960516669
-22.787098762 65.982855536
-22.782948371 66.008612372
-22.77456621 66.032538153
-22.764027473 66.049261786
-22.755970832 66.056830145
-22.750477668 66.058417059
-22.682728645 66.055853583
-22.675933398 66.052679755
-22.673573371 66.03912995
-22.667225715 66.030910549
-22.658518033 66.025864976
-22.620269335 66.009222723
-22.584136523 65.981187242
-22.578277148 65.977606512
-22.577381965 65.973089911
-22.581939257 65.951402085
-22.586171028 65.940375067
-22.592274543 65.930650132
-22.600209114 65.92572663
-22.597645637 65.92206452
-22.593413866 65.919582424
-22.644886848 65.860581773
-22.655425585 65.842189846
-22.648182746 65.833685614
-22.635161913 65.835272528
-22.611683723 65.873846747
-22.545318163 65.946966864
-22.538726366 65.966701565
-22.538726366 65.974188544
-22.517323371 65.975775458
-22.503732877 65.966294664
-22.492176887 65.952093817
-22.476714648 65.939398505
-22.469471809 65.938666083
-22.463693814 65.941107489
-22.457508918 65.941066799
-22.449370898 65.932562567
-22.449940559 65.924505927
-22.455311653 65.916734117
-22.456166145 65.909979559
-22.44253496 65.905218817
-22.440785286 65.91030508
-22.436105924 65.920355536
-22.429432746 65.927964585
-22.422108528 65.92572663
-22.422027148 65.918890692
-22.428863085 65.884751695
-22.437163866 65.873521226
-22.460275845 65.854315497
-22.46987871 65.843207098
-22.46987871 65.836981512
-22.431630012 65.845892645
-22.392648892 65.901678778
-22.360707161 65.912095445
-22.360707161 65.919582424
-22.381255663 65.928778387
-22.392648892 65.948065497
-22.399891731 65.970160223
-22.408436653 65.987779039
-22.42300371 66.002020575
-22.442046679 66.015448309
-22.463205533 66.025458075
-22.484201627 66.029445705
-22.47386634 66.042425848
-22.469471809 66.05463288
-22.463734504 66.065863348
-22.449370898 66.075913804
-22.430287239 66.079901434
-22.410308398 66.080389716
-22.392811653 66.084051825
-22.381174283 66.09764232
-22.401722786 66.097316799
-22.451079882 66.087144273
-22.46987871 66.079657294
-22.488392707 66.076727606
-22.572173632 66.09369538
-22.628163215 66.117499091
-22.865956184 66.159491278
-22.935861783 66.189764716
-22.97760983 66.234198309
-22.93089759 66.246405341
-22.78246009 66.262762762
-22.75108802 66.262152411
-22.644886848 66.248480536
-22.617298957 66.248480536
-22.60655677 66.246771552
-22.601185676 66.242661851
-22.597889778 66.237941799
-22.593413866 66.234198309
-22.566517707 66.22284577
-22.552357551 66.221380927
-22.538726366 66.227362372
-22.545480924 66.230780341
-22.550363736 66.235296942
-22.559234179 66.248480536
-22.509836392 66.248358466
-22.484486457 66.251166083
-22.440541145 66.265448309
-22.390614387 66.267523505
-22.367502408 66.275213934
-22.503407356 66.266424872
-22.544911262 66.275213934
-22.564564582 66.283636786
-22.560414192 66.284979559
-22.544300911 66.285711981
-22.528187629 66.292629299
-22.517567512 66.300116278
-22.502919075 66.306097723
-22.486317512 66.309515692
-22.46987871 66.309312242
-22.46987871 66.316799221
-22.492095507 66.321966864
-22.505360481 66.320054429
-22.544911262 66.303127346
-22.595692512 66.291734117
-22.654855924 66.289455471
-22.701649543 66.293402411
-22.710072395 66.295640367
-22.711415168 66.306463934
-22.702748176 66.313706773
-22.682118293 66.323635158
-22.678456184 66.330755927
-22.67308509 66.350816148
-22.66909746 66.357123114
-22.655425585 66.36318594
-22.607655403 66.371405341
-22.651112434 66.367743231
-22.683949348 66.358303127
-22.763050911 66.323675848
-22.781646288 66.319525458
-22.823109504 66.316799221
-22.835357226 66.322658596
-22.828602668 66.335760809
-22.813140429 66.349514065
-22.799468554 66.357123114
-22.799468554 66.364569403
-22.833729621 66.358832098
-22.850697395 66.352932033
-22.867746549 66.344061591
-22.907622851 66.315130927
-22.915598111 66.313055731
-22.939686653 66.301459052
-23.098052538 66.318304755
-23.139312304 66.327785549
-23.166493293 66.342271226
-23.182850715 66.348781643
-23.189686653 66.355292059
-23.176258918 66.364569403
-23.13784746 66.365668036
-23.089507616 66.358099677
-23.046742317 66.360663153
-23.024810351 66.391831773
-23.053049283 66.393540757
-23.084624804 66.403265692
-23.113880989 66.417466539
-23.135324674 66.432806708
-23.104725715 66.442816473
-23.073312955 66.436957098
-23.041900194 66.425604559
-23.011708137 66.419175523
-23.019113736 66.430405992
-23.024159309 66.435248114
-23.03229733 66.440252997
-22.922718879 66.447658596
-22.915598111 66.446478583
-22.909494595 66.442450262
-22.901112434 66.430243231
-22.895090299 66.42601146
-22.873524543 66.423773505
-22.86449134 66.431382554
-22.86815345 66.44139232
-22.884510871 66.446478583
-22.900868293 66.449042059
-22.95030677 66.466986395
-22.850331184 66.466986395
-22.832630989 66.463812567
-22.797271288 66.449693101
-22.752186653 66.442694403
-22.71613522 66.424872137
-22.695871549 66.419175523
-22.670236783 66.420965887
-22.631174283 66.439601955
-22.607655403 66.446478583
-22.609852668 66.450140692
-22.613880989 66.460150458
-22.574533658 66.465887762
-22.542225715 66.455389716
-22.510731575 66.440415757
-22.441721158 66.426662502
-22.426625129 66.427923895
-22.422108528 66.440252997
-22.429351366 66.450140692
-22.455555793 66.457464911
-22.463124153 66.466986395
-22.431019661 66.46474844
-22.400135871 66.452215887
-22.376698371 66.432562567
-22.367502408 66.408921617
-22.350005663 66.394191799
-22.268625455 66.375921942
-22.24339759 66.357123114
-22.257639127 66.347154039
-22.244740364 66.341131903
-22.202300585 66.337225653
-22.202300585 66.330389716
-22.220611132 66.332831122
-22.228260871 66.328558661
-22.229725715 66.319973049
-22.229644335 66.309312242
-22.224680142 66.304144598
-22.21589108 66.297186591
-22.214100715 66.289699611
-22.229644335 66.282619533
-22.229644335 66.275213934
-22.216664192 66.268377997
-22.203033007 66.274481512
-22.187123176 66.279486395
-22.170562304 66.282538153
-22.155181444 66.282619533
-22.145985481 66.278143622
-22.13792884 66.271307684
-22.128285286 66.268296617
-22.120432095 66.275213934
-22.105620898 66.287827867
-22.089588996 66.289862372
-22.080393033 66.282863674
-22.086293098 66.268377997
-22.015044726 66.271429755
-21.996937629 66.268377997
-21.988189257 66.274644273
-21.979318814 66.274969794
-21.970936653 66.271958726
-21.963368293 66.268377997
-21.957712369 66.264634507
-21.921783007 66.241034247
-21.931263801 66.233954169
-21.990101692 66.213771877
-21.976796028 66.210109768
-21.963978645 66.212876695
-21.950550911 66.218085028
-21.935454882 66.221177476
-21.920725064 66.219671942
-21.874012825 66.203802802
-21.861439582 66.196112372
-21.853505012 66.193304755
-21.843617317 66.193060614
-21.823353645 66.198309637
-21.812652148 66.19944896
-21.749867317 66.185777085
-21.752837694 66.182196356
-21.757313606 66.172756252
-21.740061002 66.16819896
-21.730091926 66.15623607
-21.730336067 66.144110419
-21.743641731 66.138617255
-21.739898241 66.132391669
-21.731800911 66.122503973
-21.730051236 66.117499091
-21.729725715 66.117865302
-21.728098111 66.10146719
-21.723011848 66.08222077
-21.716379361 66.075506903
-21.702748176 66.07037995
-21.68854733 66.071275132
-21.671009895 66.075751044
-21.653960741 66.077582098
-21.641224739 66.07037995
-21.639271614 66.056545315
-21.648060676 66.044012762
-21.660023567 66.032538153
-21.667958137 66.021918036
-21.655181444 66.02338288
-21.639312304 66.028021552
-21.625884569 66.033840236
-21.620187955 66.03900788
-21.619699674 66.055731512
-21.620716926 66.063462632
-21.641224739 66.083441473
-21.628814257 66.089016018
-21.593251106 66.096380927
-21.548817512 66.09764232
-21.541330533 66.094224351
-21.535878059 66.086818752
-21.531605598 66.079331773
-21.527658658 66.075913804
-21.509185351 66.072333075
-21.521229621 66.064520575
-21.542551236 66.057440497
-21.55186927 66.056097723
-21.558461067 66.046535549
-21.554025845 66.03925202
-21.534779426 66.025702216
-21.509388801 66.017075914
-21.401031054 66.029445705
-21.37230384 66.026312567
-21.34870358 66.020697333
-21.330637174 66.009019273
-21.318511523 65.987779039
-21.459299283 65.982326565
-21.486073371 65.973211981
-21.591623502 65.960394598
-21.60651608 65.960516669
-21.588124153 65.946356512
-21.560129361 65.947943427
-21.503773567 65.960516669
-21.410023567 65.967474677
-21.380604621 65.960516669
-21.392689582 65.952053127
-21.435780403 65.939398505
-21.435780403 65.932562567
-21.328114387 65.94525788
-21.3017472 65.935980536
-21.287180142 65.915838934
-21.284047004 65.89862702
-21.295887825 65.885565497
-21.325917121 65.877915757
-21.278187629 65.864325262
-21.278187629 65.856878973
-21.327788866 65.809027411
-21.345814582 65.796047268
-21.375314908 65.784898179
-21.476796028 65.768703518
-21.476796028 65.761216539
-21.455148892 65.760565497
-21.417876757 65.763495184
-21.401031054 65.761216539
-21.347889778 65.747137762
-21.332142707 65.740790106
-21.414133267 65.699855861
-21.443511523 65.690497137
-21.57921302 65.693019924
-21.588856575 65.697658596
-21.605336067 65.710679429
-21.609934049 65.713446356
-21.629221158 65.719387111
-21.647206184 65.732611395
-21.659331835 65.746568101
-21.6611222 65.755072333
-21.685943163 65.76943594
-21.716704882 65.776434637
-21.748890754 65.776068427
-21.777821418 65.768703518
-21.758412239 65.767401434
-21.711333788 65.754624742
-21.695301887 65.748236395
-21.693226692 65.745510158
-21.672230598 65.729193427
-21.667958137 65.727728583
-21.665394661 65.715643622
-21.668527799 65.707668361
-21.676584439 65.700995184
-21.689076301 65.693019924
-21.67296302 65.686183986
-21.664662239 65.681138414
-21.6611222 65.67593008
-21.655873176 65.662665106
-21.644398567 65.655096747
-21.632883267 65.651027736
-21.627674934 65.648260809
-21.609934049 65.641546942
-21.442982551 65.643377997
-21.414296028 65.637152411
-21.401031054 65.624090887
-21.41120358 65.612697658
-21.462880012 65.578517971
-21.483021614 65.569403387
-21.483021614 65.56264883
-21.4345597 65.573797919
-21.373361783 65.596909898
-21.320912239 65.601874091
-21.298695442 65.558905341
-21.319813606 65.522365627
-21.369862434 65.487127997
-21.428822395 65.461493231
-21.476796028 65.45335521
-21.476796028 65.446519273
-21.375884569 65.462876695
-21.33714759 65.477362372
-21.315419075 65.48069896
-21.292958137 65.478745835
-21.27843177 65.473293361
-21.250233528 65.45335521
-21.21214759 65.438177802
-21.201893684 65.428412177
-21.209299283 65.411810614
-21.195179817 65.408107815
-21.193023241 65.400580145
-21.195423957 65.390204169
-21.194935676 65.377630927
-21.188954231 65.3555362
-21.18879147 65.34007396
-21.193348762 65.320013739
-21.192860481 65.310126044
-21.153960741 65.257554429
-21.140370246 65.247300523
-21.144398567 65.245510158
-21.145375129 65.244859117
-21.14561927 65.243963934
-21.147816536 65.241156317
-21.127837694 65.232163804
-21.107655403 65.215521552
-21.097075976 65.195990302
-21.106190559 65.178412177
-21.106190559 65.172186591
-21.089914517 65.166164455
-21.083566861 65.168402411
-21.073312955 65.17206452
-21.065419075 65.185777085
-21.079986132 65.210150458
-21.082875129 65.226304429
-21.085682746 65.233628648
-21.094471809 65.243841864
-21.112049934 65.258937893
-21.119943814 65.267767645
-21.105213996 65.278957424
-21.099436002 65.282049872
-21.103016731 65.290716864
-21.096587694 65.29706452
-21.086496549 65.302639065
-21.078968879 65.30878327
-21.073557095 65.32416413
-21.074086067 65.338039455
-21.09483802 65.413763739
-21.09886634 65.44546133
-21.086048957 65.459621486
-21.055246549 65.452337958
-21.033802864 65.434475002
-21.003244595 65.391913153
-20.974029101 65.367499091
-20.96971595 65.360581773
-20.962961392 65.353338934
-20.928822395 65.348700262
-20.91510983 65.343491929
-20.907622851 65.351019598
-20.933705207 65.374009507
-20.957264778 65.404730536
-20.975005663 65.43756745
-20.983306444 65.467027085
-20.986968554 65.490545966
-20.987294075 65.506781317
-20.983306444 65.521673895
-20.978871223 65.527167059
-20.966664192 65.536688544
-20.96222897 65.541489976
-20.951771614 65.57037995
-20.948597786 65.576890367
-20.918080207 65.601385809
-20.805246549 65.638373114
-20.743723111 65.672512111
-20.725209114 65.676743882
-20.706044075 65.679022528
-20.691965299 65.683172919
-20.68854733 65.693019924
-20.675363736 65.693915106
-20.665760871 65.690863348
-20.646962043 65.679348049
-20.642648892 65.679022528
-20.629790819 65.680243231
-20.626372851 65.679348049
-20.623443163 65.670721747
-20.626372851 65.66795482
-20.631255663 65.667385158
-20.63385983 65.665025132
-20.640858528 65.62498607
-20.64171302 65.604803778
-20.63385983 65.58999258
-20.645863411 65.573065497
-20.646473762 65.555650132
-20.635731575 65.545152085
-20.613392707 65.548976955
-20.623646614 65.567287502
-20.621896939 65.583441473
-20.608957486 65.590969143
-20.585519986 65.583156643
-20.576771614 65.576646226
-20.575795051 65.572658596
-20.576283332 65.566839911
-20.572417773 65.555161851
-20.576527473 65.547552802
-20.578724739 65.540838934
-20.578684049 65.53534577
-20.5751847 65.535711981
-20.556507942 65.531073309
-20.550689257 65.528509833
-20.543690559 65.520168361
-20.54002845 65.513413804
-20.535023567 65.507391669
-20.523996549 65.501166083
-20.51284746 65.497381903
-20.500884569 65.494940497
-20.488352017 65.494045315
-20.475656705 65.494940497
-20.472320116 65.495917059
-20.453439908 65.501450914
-20.444691536 65.512111721
-20.439564582 65.52757396
-20.427845832 65.548976955
-20.439320442 65.553168036
-20.454660611 65.56659577
-20.46597246 65.569403387
-20.500396288 65.568182684
-20.516997851 65.570135809
-20.530873176 65.576890367
-20.497547981 65.58226146
-20.46597246 65.583156643
-20.452707486 65.585272528
-20.425160286 65.594671942
-20.410715299 65.596747137
-20.398019986 65.587347723
-20.402007616 65.54287344
-20.387521939 65.528509833
-20.391184049 65.544623114
-20.381947395 65.556586005
-20.375559049 65.568101304
-20.387521939 65.583156643
-20.37612871 65.596421617
-20.343983528 65.615912177
-20.328521288 65.627834377
-20.324777799 65.635158596
-20.323597786 65.651434637
-20.318592903 65.658840236
-20.309193489 65.662665106
-20.290760871 65.662543036
-20.270130989 65.665025132
-20.292347786 65.666937567
-20.306019661 65.679266669
-20.307850715 65.693182684
-20.294300911 65.699855861
-20.281320767 65.703762111
-20.271595832 65.714016018
-20.265492317 65.728257554
-20.263295051 65.744533596
-20.271229621 65.770168361
-20.290679491 65.793646552
-20.315419075 65.812160549
-20.339100715 65.822699286
-20.339100715 65.830145575
-20.312489387 65.840399481
-20.322580533 65.869452216
-20.348459439 65.901922919
-20.386382616 65.937201239
-20.393422004 65.946519273
-20.399891731 65.980943101
-20.406158007 65.997503973
-20.416981575 66.010402736
-20.431507942 66.020697333
-20.448882616 66.029445705
-20.433583137 66.03921133
-20.419504361 66.054388739
-20.414865689 66.070624091
-20.427845832 66.083441473
-20.407704231 66.090765692
-20.383697069 66.092474677
-20.342152473 66.090236721
-20.332142707 66.091986395
-20.314076301 66.100531317
-20.304351366 66.103908596
-20.291249153 66.10561758
-20.255930142 66.103908596
-20.236683723 66.108384507
-20.200672981 66.127020575
-20.18480384 66.131170966
-20.135812955 66.123846747
-20.124908007 66.123358466
-20.113433398 66.122870184
-20.092030403 66.131170966
-20.08690345 66.109808661
-20.073638476 66.097357489
-20.054351366 66.08978913
-20.030588345 66.083441473
-20.037424283 66.075913804
-20.027007616 66.071926174
-20.019642707 66.064398505
-20.010121223 66.049261786
-19.996937629 66.034409898
-19.954823371 66.001450914
-19.948719856 65.992621161
-19.945301887 65.984808661
-19.940052864 65.978420315
-19.928130663 65.974188544
-19.931630012 65.971096096
-19.937733528 65.963568427
-19.941232877 65.960516669
-19.921783007 65.947170315
-19.896107551 65.936224677
-19.877593554 65.923570054
-19.879790819 65.905218817
-19.861724413 65.898138739
-19.807850715 65.89447663
-19.767811653 65.883490302
-19.755767382 65.883734442
-19.744781054 65.88279857
-19.732329882 65.874497789
-19.726551887 65.871771552
-19.713734504 65.872748114
-19.708404101 65.87107982
-19.702137825 65.863836981
-19.699452278 65.856756903
-19.697865364 65.849798895
-19.694813606 65.843207098
-19.672759569 65.823228257
-19.666859504 65.815863348
-19.662505663 65.803452867
-19.656971809 65.776434637
-19.650380012 65.764960028
-19.628773567 65.752752997
-19.577748176 65.746405341
-19.557606575 65.733954169
-19.551380989 65.755275783
-19.544300911 65.762844143
-19.513539192 65.761216539
-19.509673632 65.759466864
-19.495920377 65.751044012
-19.488677538 65.748236395
-19.477406379 65.746893622
-19.449086067 65.747503973
-19.457915819 65.745306708
-19.465240038 65.741888739
-19.468251106 65.737372137
-19.464670377 65.729234117
-19.456166145 65.728949286
-19.437855598 65.733954169
-19.427235481 65.739935614
-19.418039517 65.75385163
-19.406809049 65.782375393
-19.399810351 65.811509507
-19.399240689 65.836615302
-19.405832486 65.860174872
-19.420399543 65.884751695
-19.448841926 65.919419664
-19.451527473 65.92572663
-19.510406054 65.95302969
-19.510853645 65.960150458
-19.506459114 65.969549872
-19.497914192 65.977525132
-19.48558509 65.980943101
-19.467396614 65.982652085
-19.447499153 65.987779039
-19.428578254 65.9961612
-19.413644986 66.007635809
-19.424631314 66.013373114
-19.434315559 66.021429755
-19.442209439 66.03131745
-19.451771614 66.052557684
-19.451893684 66.055975653
-19.447580533 66.0586612
-19.437855598 66.06663646
-19.419829882 66.075832424
-19.362700976 66.088364976
-19.229318814 66.09764232
-19.182484504 66.082953192
-19.157582161 66.081122137
-19.159738736 66.09764232
-19.151926236 66.10162995
-19.143950976 66.104071356
-19.135243293 66.104925848
-19.125599739 66.103908596
-19.128407356 66.100043036
-19.132435676 66.090236721
-19.112375455 66.086981512
-19.078439908 66.072495835
-19.057932095 66.07037995
-19.070546028 66.075262762
-19.079660611 66.081000067
-19.086252408 66.088283596
-19.091460741 66.09764232
-19.084624804 66.09764232
-19.084624804 66.103908596
-19.090199348 66.1055362
-19.099680142 66.109686591
-19.105132616 66.111314195
-19.105132616 66.117499091
-19.095773892 66.124457098
-19.085031705 66.147935289
-19.078439908 66.158514716
-19.068674283 66.164618231
-19.034047004 66.177191473
-18.944691536 66.190659898
-18.912912564 66.184393622
-18.920155403 66.15228913
-18.901031054 66.155462958
-18.8876847 66.16425202
-18.864898241 66.185777085
-18.869374153 66.195624091
-18.872425911 66.19944896
-18.854115364 66.205389716
-18.827015754 66.203436591
-18.776844856 66.193304755
-18.784657356 66.178371486
-18.801503059 66.156642971
-18.804676887 66.141750393
-18.793568489 66.142075914
-18.721547004 66.172756252
-18.692250129 66.169989325
-18.668120898 66.157945054
-18.647572395 66.144842841
-18.629058398 66.138617255
-18.619618293 66.131496486
-18.631214973 66.115627346
-18.659535286 66.090236721
-18.646880663 66.08978913
-18.632557746 66.091376044
-18.618967252 66.095038153
-18.608876106 66.100775458
-18.597157356 66.104559637
-18.584095832 66.100327867
-18.57135983 66.09369538
-18.560170051 66.090236721
-18.544545051 66.082749742
-18.534820116 66.065252997
-18.526844856 66.044989325
-18.516102668 66.029445705
-18.534575976 65.999497789
-18.542469856 65.981919664
-18.54002845 65.974188544
-18.468332486 65.966701565
-18.422230598 65.954657294
-18.348011848 65.950181382
-18.338002082 65.946844794
-18.327259895 65.939032294
-18.310454882 65.922674872
-18.287342903 65.915106512
-18.279611783 65.904852606
-18.27440345 65.893255927
-18.265533007 65.880072333
-18.263661262 65.875677802
-18.260324674 65.872381903
-18.252308723 65.87107982
-18.233998176 65.872219143
-18.224964973 65.871405341
-18.218169726 65.867743231
-18.20815996 65.855292059
-18.205474413 65.847072658
-18.207630989 65.819281317
-18.203684049 65.807928778
-18.185292121 65.790025132
-18.179676887 65.782375393
-18.179839648 65.740423895
-18.176584439 65.733954169
-18.167958137 65.731146552
-18.138742642 65.713446356
-18.091542121 65.693019924
-18.096913215 65.67963288
-18.091949023 65.661810614
-18.079904752 65.647609768
-18.06358802 65.645209052
-18.051014778 65.657660223
-18.05186927 65.67597077
-18.060373502 65.694077867
-18.070423957 65.706000067
-18.078480598 65.709784247
-18.099232551 65.716376044
-18.105132616 65.720282294
-18.109486457 65.731594143
-18.10655677 65.738023179
-18.101185676 65.742621161
-18.097767707 65.748236395
-18.098378059 65.757635809
-18.100697395 65.764553127
-18.101633267 65.771714585
-18.097767707 65.782375393
-18.092518684 65.786281643
-18.07534746 65.792792059
-18.070423957 65.796047268
-18.064564582 65.814601955
-18.06761634 65.830552476
-18.097767707 65.877915757
-18.098500129 65.881048895
-18.097767707 65.894964911
-18.100331184 65.898749091
-18.1064347 65.89858633
-18.113514778 65.897447007
-18.118885871 65.89838288
-18.138579882 65.916164455
-18.146148241 65.919582424
-18.147206184 65.920599677
-18.148671028 65.922796942
-18.151519335 65.924790757
-18.156727668 65.92572663
-18.161691861 65.923570054
-18.169911262 65.91400788
-18.173451301 65.912095445
-18.187001106 65.915838934
-18.217925585 65.932074286
-18.228138801 65.939398505
-18.218739387 65.953558661
-18.222523567 65.966986395
-18.235218879 65.976996161
-18.264068163 65.984849351
-18.284250455 66.005519924
-18.296986457 66.015082098
-18.296986457 66.021918036
-18.289540168 66.021918036
-18.289540168 66.029445705
-18.316721158 66.057359117
-18.32921302 66.103949286
-18.323841926 66.150783596
-18.296986457 66.17963288
-18.283680793 66.182033596
-18.193959114 66.17963288
-18.180327929 66.176336981
-18.156239387 66.167710679
-18.142445442 66.165961005
-18.099720832 66.167710679
-18.084136523 66.165961005
-18.086171028 66.162298895
-18.086171028 66.160956122
-18.086822069 66.16030508
-18.091542121 66.158514716
-18.054066536 66.149562893
-17.955433723 66.16014232
-17.912749804 66.15228913
-17.904530403 66.1445987
-17.894154426 66.12490469
-17.885487434 66.117499091
-17.874419726 66.115220445
-17.833973762 66.117499091
-17.816477017 66.11326732
-17.784413215 66.094468492
-17.765736457 66.090236721
-17.752349413 66.085394598
-17.713124153 66.060288804
-17.70051022 66.049261786
-17.684396939 66.020453192
-17.67296302 66.007066148
-17.640858528 65.997219143
-17.623768684 65.987209377
-17.598052538 65.966701565
-17.564076301 65.925116278
-17.549672004 65.912095445
-17.545643684 65.931138414
-17.554025845 65.946030992
-17.567128059 65.959458726
-17.577626106 65.974188544
-17.558176236 65.973700262
-17.535267707 65.976263739
-17.51292884 65.981187242
-17.495106575 65.987779039
-17.58690345 65.985785223
-17.611154752 65.994045315
-17.452015754 65.995184637
-17.440337694 65.990383205
-17.433664517 65.978989976
-17.419341601 65.960516669
-17.413197395 65.960516669
-17.407826301 65.967596747
-17.406646288 65.975002346
-17.410389778 65.981878973
-17.419341601 65.987779039
-17.419341601 65.994045315
-17.406483528 65.998602606
-17.395130989 66.006089585
-17.388986783 66.016343492
-17.391997851 66.029445705
-17.37608802 66.036810614
-17.369699674 66.041734117
-17.364654101 66.049261786
-17.364003059 66.054999091
-17.366322395 66.07050202
-17.364654101 66.083441473
-17.352162239 66.097113348
-17.326771614 66.110337632
-17.297230598 66.120428778
-17.272287564 66.124335028
-17.261463996 66.129706122
-17.255726692 66.141424872
-17.254790819 66.153143622
-17.25890052 66.158514716
-17.269886848 66.161525783
-17.264963345 66.168646552
-17.244618293 66.182684637
-17.217355924 66.194240627
-17.156117317 66.203680731
-17.14561927 66.221177476
-17.119252082 66.21112702
-17.018666145 66.20693594
-16.992421028 66.199530341
-16.991525845 66.198757229
-16.972035286 66.181463934
-16.933338996 66.138617255
-16.934396939 66.133205471
-16.934437629 66.131089585
-16.933949348 66.12913646
-16.933338996 66.124335028
-16.947010871 66.124335028
-16.947010871 66.117499091
-16.935292121 66.11322663
-16.922759569 66.111029364
-16.910267707 66.112005927
-16.898548957 66.117499091
-16.905181444 66.118312893
-16.919748502 66.124335028
-16.88410397 66.135321356
-16.758127408 66.149603583
-16.721058723 66.144842841
-16.737172004 66.145086981
-16.753041145 66.142889716
-16.768218554 66.138373114
-16.78254147 66.131170966
-16.769764778 66.127630927
-16.751820442 66.11318594
-16.744699674 66.114447333
-16.724436002 66.134426174
-16.712513801 66.142482815
-16.700550911 66.144842841
-16.672352668 66.133693752
-16.651682095 66.115952867
-16.629546679 66.100816148
-16.596913215 66.09764232
-16.596913215 66.103908596
-16.628895637 66.1133487
-16.644846158 66.120510158
-16.655629036 66.127752997
-16.663441536 66.14085521
-16.663726366 66.150702216
-16.667713996 66.158514716
-16.686268684 66.165961005
-16.640736457 66.179348049
-16.572499153 66.188544012
-16.531361457 66.19916413
-16.508168098 66.19944896
-16.596669075 66.178290106
-16.624256965 66.165961005
-16.536529101 66.180121161
-16.515695767 66.17963288
-16.491363085 66.170599677
-16.452463345 66.146429755
-16.426258918 66.144842841
-16.426258918 66.15228913
-16.461537239 66.167181708
-16.479359504 66.178412177
-16.487049934 66.189520575
-16.483143684 66.204779364
-16.472767707 66.217678127
-16.457671679 66.227606512
-16.439930793 66.234198309
-16.439361132 66.238918361
-16.440907356 66.240139065
-16.437489387 66.244940497
-16.428700325 66.252752997
-16.421986457 66.262396552
-16.419422981 66.271795966
-16.421945767 66.287095445
-16.428618944 66.295477606
-16.438303189 66.302313544
-16.45421302 66.317450262
-16.459095832 66.320746161
-16.464751757 66.322902736
-16.470936653 66.323635158
-16.476185676 66.327337958
-16.478016731 66.335760809
-16.478830533 66.344794012
-16.480824348 66.350287177
-16.508534309 66.35932038
-16.515370246 66.36733633
-16.508168098 66.385077216
-16.511463996 66.385443427
-16.521839973 66.385077216
-16.518299934 66.388373114
-16.511830207 66.395982164
-16.508168098 66.399318752
-16.515248176 66.402167059
-16.520130989 66.40643952
-16.529286262 66.419175523
-16.508168098 66.419175523
-16.508168098 66.42601146
-16.525502082 66.435736395
-16.544667121 66.467596747
-16.572987434 66.481024481
-16.563954231 66.494818427
-16.543324348 66.506984768
-16.521839973 66.508530992
-16.515980598 66.502630927
-16.515207486 66.495021877
-16.512603319 66.488836981
-16.501332161 66.487494208
-16.498605924 66.492010809
-16.494496223 66.501613674
-16.487049934 66.511053778
-16.473988411 66.515366929
-16.445912239 66.520209052
-16.429676887 66.519842841
-16.429351366 66.51194896
-16.434437629 66.500921942
-16.431019661 66.491603908
-16.422434049 66.484686591
-16.411976692 66.481268622
-16.413929817 66.486721096
-16.414662239 66.491115627
-16.415882942 66.495550848
-16.419422981 66.501125393
-16.40363522 66.503607489
-16.374134895 66.513739325
-16.364735481 66.515366929
-16.350005663 66.510199286
-16.339019335 66.502508856
-16.327015754 66.4961612
-16.3095597 66.494940497
-16.323597786 66.488836981
-16.330067512 66.487494208
-16.312855598 66.481268622
-16.29426022 66.482733466
-16.27472897 66.486558335
-16.268625455 66.487494208
-16.268625455 66.494940497
-16.257557746 66.502020575
-16.24730384 66.51162344
-16.23558509 66.517889716
-16.233794726 66.515366929
-16.226796028 66.50389232
-16.215199348 66.502183335
-16.204457161 66.50796133
-16.19627845 66.526841539
-16.187652148 66.53143952
-16.165516731 66.535874742
-16.13780677 66.535874742
-16.080799934 66.525946356
-16.069406705 66.528469143
-16.022938606 66.536607164
-17.980458137 66.53904857
-17.999826627 66.533392645
-18.017201301 66.544989325
-18.019520637 66.561346747
-18.00894121 66.564154364
-17.983998176 66.550604559
-17.976307746 66.548285223
-17.980458137 66.53904857
