32.840808764 34.699467441
32.84599175 34.699467441
32.853766229 34.699467441
32.859689642 34.700578081
32.860430068 34.687620615
32.865613055 34.678735496
32.884503565 34.666606879
32.91366655 34.660279908
32.917246135 34.667135722
32.929751831 34.662484843
32.936056356 34.657730611
32.942257528 34.667135722
32.954711548 34.677315979
32.987526082 34.673388571
32.989799845 34.646103415
32.970266154 34.646103415
32.965615276 34.651581116
32.954039755 34.642951152
32.955590047 34.628895162
32.962514689 34.62501943
32.969542683 34.632047425
32.990730021 34.634424541
33.0156346362 34.6344245411
33.009938998 34.62490469
33.009125196 34.597398179
33.03028405 34.574774481
33.03028405 34.568548895
32.940928582 34.568548895
32.940928582 34.574774481
32.944672071 34.59369538
32.915863477 34.639390367
32.913584832 34.656683661
32.857432488 34.669012762
32.834320509 34.670965887
32.812836134 34.668646552
32.76067142 34.653225002
32.760102265 34.66910995
32.766766104 34.676144003
32.778612929 34.673182297
32.798604448 34.670961017
32.806008714 34.685769549
32.819336392 34.687620615
32.822668312 34.691322748
32.827481085 34.696505734
32.832293858 34.700948294
32.835625777 34.699837654
32.840808764 34.699467441
