9.58120284 47.056870423
9.56063562 47.052400412
9.499554077 47.059350891
9.477023153 47.063898417
9.475886271 47.073226014
9.487565145 47.083948874
9.502861368 47.094697572
9.512369832 47.108030091
9.511853068 47.129372457
9.503481486 47.145392151
9.492629435 47.159809876
9.484981323 47.176346334
9.487358439 47.210013529
9.504618368 47.243732402
9.521154825 47.262801005
9.530249878 47.253654277
9.547096395 47.24303477
9.540378458 47.229107972
9.544822632 47.220322978
9.554331095 47.211615499
9.562909383 47.197740377
9.561875854 47.190609029
9.551953979 47.175571188
9.552057332 47.166889547
9.581822957 47.154900615
9.605594116 47.132266337
9.615722697 47.106764018
9.608798055 47.080770773
9.58120284 47.056870423
