40.479833618 43.508740743
40.519624471 43.505175069
40.550837036 43.511247051
40.615535929 43.535845032
40.651916138 43.538971456
40.681061645 43.528067729
40.689965576 43.523129317
40.740179484 43.495279033
40.842705525 43.46938914
40.874951619 43.455643209
41.011790813 43.375415548
41.042486613 43.369834494
41.1466663 43.379859721
41.180772746 43.374692078
41.213122193 43.36278066
41.243921346 43.344202982
41.278751261 43.333195903
41.350271443 43.343350322
41.380657185 43.334772034
41.389752238 43.324875997
41.403808228 43.30151825
41.413109985 43.291286317
41.427579386 43.283198954
41.479772583 43.271235861
41.506127564 43.259789531
41.550569295 43.226277365
41.577544393 43.215296123
41.614131307 43.21302236
41.687408488 43.220205383
41.723788696 43.217233989
41.788901001 43.203565573
41.820320272 43.201240133
41.889980103 43.207027893
41.919332316 43.205942689
41.948271118 43.200077413
41.979690389 43.188656921
42.011316365 43.181861471
42.043355754 43.18056956
42.075291789 43.185272115
42.154333961 43.217497744
42.159834432 43.219740296
42.18536259 43.22547638
42.354551229 43.236018372
42.3625601 43.235194464
42.422867473 43.228990377
42.479711548 43.200904236
42.506066529 43.181551412
42.534901978 43.16506663
42.595880167 43.140029399
42.615207153 43.13698049
42.629366496 43.141269634
42.65623824 43.159795634
42.673601522 43.165893453
42.70491744 43.166436056
42.751529581 43.17695221
42.791320434 43.176177063
42.8297677 43.168761495
42.857672973 43.155454814
42.885784953 43.135843608
42.914827108 43.121942648
43.000093221 43.098662415
43.000196574 43.085355733
42.992548462 43.068819276
42.989757935 43.05267039
42.998852986 43.042205913
43.048255656 43.016961975
43.155587606 42.942392884
43.175228461 42.934471072
43.19434493 42.926760763
43.386178313 42.886882356
43.479598837 42.867462057
43.517425985 42.8604599
43.586258992 42.835629374
43.603002157 42.824803162
43.644343302 42.788577983
43.662843466 42.779844666
43.755964396 42.76312734
43.782525649 42.753212983
43.800612834 42.74646169
43.811774943 42.717264507
43.788727254 42.693079936
43.753793986 42.674657288
43.725682007 42.654400127
43.722581421 42.624867045
43.751106812 42.598744609
43.79616866 42.589830424
43.845002889 42.587039897
43.885362183 42.579210918
43.908160536 42.566282989
43.920812216 42.559108786
43.939725789 42.552209982
43.958432658 42.55440623
43.973212118 42.563992208
43.998016805 42.589365336
44.011504354 42.60032074
44.055067586 42.615306905
44.150824016 42.618665874
44.185803459 42.626508101
44.197384481 42.629104512
44.21135073 42.639634271
44.230147339 42.653805848
44.248647501 42.681995342
44.272005249 42.702381694
44.360682007 42.703751119
44.401403035 42.713517965
44.479227743 42.74429128
44.508114868 42.750285746
44.558292684 42.753102113
44.600977417 42.749123027
44.638758823 42.740148766
44.642421916 42.739278667
44.679422242 42.723672384
44.695028524 42.714215597
44.72448409 42.691038717
44.73636967 42.677551168
44.761071004 42.619234315
44.773473348 42.609648337
44.782310017 42.616650493
44.798484741 42.671737569
44.827423543 42.717962138
44.833676392 42.734085185
44.859359579 42.75950999
44.902974487 42.753076274
45.012115113 42.695302023
45.029788452 42.688764954
45.048081909 42.685896912
45.066995483 42.688454895
45.076018191 42.691411917
45.103892456 42.70054718
45.12296106 42.702278341
45.155362182 42.693260804
45.184197632 42.674838156
45.282692912 42.586393941
45.293648315 42.572906393
45.301571319 42.559842096
45.31256189 42.541719665
45.32269047 42.530118307
45.355970093 42.519963888
45.398551473 42.524382223
45.47927006 42.542339783
45.536837606 42.541357931
45.620656779 42.530376689
45.698688192 42.507587382
45.739615926 42.471465556
45.739506285 42.470646785
45.736411987 42.447539368
45.621380249 42.224478048
45.631405477 42.201171977
45.661584513 42.186702576
45.701788778 42.172749939
45.811601196 42.115492452
45.88136438 42.102030742
45.895161987 42.091876323
45.923480672 42.03963145
45.934126017 42.028495179
45.947561889 42.022914124
45.966372111 42.022061463
45.973503459 42.024154358
45.986732626 42.031905823
45.995155884 42.033456116
46.001615438 42.030975648
46.018358602 42.020046082
46.026730184 42.016790467
46.044816935 42.017720642
46.058459513 42.020330302
46.068278035 42.015317688
46.074995972 41.993484395
46.099180542 41.985061137
46.129876343 41.984492697
46.18858077 41.993536072
46.188890828 41.993639425
46.189200887 41.993768616
46.197675822 41.995499776
46.206150757 41.996094055
46.214574015 41.995499776
46.224340861 41.993484395
46.250489136 41.977723084
46.294155721 41.938629863
46.322629435 41.929018047
46.382057333 41.925245667
46.406551961 41.915039571
46.430891561 41.89044159
46.392754354 41.831685486
46.371308635 41.805692241
46.328313843 41.766418152
46.313741089 41.756651306
46.297773071 41.75081187
46.27694747 41.749313253
46.230128622 41.7573231
46.208321167 41.755514425
46.188994182 41.740140686
46.179537394 41.705879212
46.180002482 41.655158793
46.192766561 41.610174459
46.219689982 41.593302104
46.228474975 41.598728129
46.233435913 41.607952373
46.240050497 41.615497132
46.25389978 41.615910543
46.256173543 41.610329489
46.278394409 41.578393453
46.279871058 41.57117159
46.287851196 41.532143046
46.296739542 41.510387268
46.313947794 41.493747457
46.366244345 41.466565654
46.377923218 41.462483216
46.398283732 41.458710836
46.44510258 41.425947978
46.542460978 41.394993795
46.591553589 41.372927959
46.607366578 41.345022685
46.622869507 41.349621887
46.629840532 41.346136375
46.631034383 41.345539449
46.63775232 41.336961162
46.657079305 41.320631409
46.688498576 41.284354553
46.694803101 41.269781799
46.691702514 41.268541565
46.683434286 41.269471741
46.674649292 41.2616686
46.672685588 41.253968811
46.671600382 41.236450501
46.669481649 41.229887594
46.663590535 41.223531393
46.650361369 41.214177958
46.644470255 41.207976786
46.634755086 41.181053365
46.62948409 41.146740214
46.621112508 41.114597473
46.61553865 41.108665934
46.601785523 41.094030253
46.582148479 41.091653137
46.563131551 41.095580546
46.543546183 41.097027487
46.522410522 41.087002258
46.51114506 41.070982565
46.505564005 41.055272929
46.496779012 41.04483429
46.474919881 41.04411082
46.456988159 41.052430725
46.429031209 41.080956116
46.41264978 41.091859843
46.353118531 41.10653595
46.332344604 41.115889384
46.273433472 41.156300354
46.244391317 41.18374054
46.228578328 41.195419413
46.21059493 41.200173645
46.135405721 41.199915263
46.113133179 41.196039531
46.087607991 41.183659051
46.061353394 41.170924785
46.041612996 41.165447083
46.017428426 41.163793437
45.969162638 41.168289286
45.820747925 41.20880361
45.770336852 41.232101903
45.751088094 41.240998027
45.709746948 41.267714743
45.685872436 41.296240133
45.708093303 41.317117412
45.731037639 41.323266907
45.745300334 41.32915802
45.7440601 41.335359192
45.720702352 41.342387187
45.655590047 41.352360739
45.511826213 41.394580383
45.47927006 41.417679749
45.464800659 41.430185445
45.4500212 41.432200827
45.416948283 41.424604391
45.396794475 41.423260804
45.381239868 41.425586243
45.333095597 41.444352456
45.314422241 41.451631165
45.28171106 41.452923075
45.249619996 41.444499817
45.0978335 41.349918809
45.002399944 41.290452373
44.989997599 41.284457907
44.967363322 41.269006653
44.955167684 41.262702128
44.917237183 41.261771952
44.820705607 41.273347474
44.801275269 41.258516337
44.809543498 41.244408672
44.847060588 41.230766094
44.853820486 41.22351397
44.857705933 41.219345602
44.847784057 41.208906962
44.82153243 41.206219788
44.674926391 41.208493551
44.633120158 41.221050924
44.612862996 41.223117981
44.591365601 41.215779928
44.578446493 41.202809144
44.566250855 41.186944479
44.551523071 41.177022604
44.531007528 41.181466777
44.525529826 41.189063212
44.521912476 41.199295146
44.51664148 41.206839905
44.505892782 41.206581523
44.499381551 41.202809144
44.479227743 41.185807597
44.45493982 41.180484924
44.432460571 41.181673483
44.410601441 41.187719625
44.357271363 41.212162578
44.344920695 41.213247782
44.333086792 41.210353902
44.324921916 41.204824524
44.317738891 41.198571676
44.30848881 41.193817444
44.284976034 41.190871887
44.266475871 41.19619456
44.218106731 41.221567688
44.190976604 41.230042623
44.180331258 41.22993927
44.168445679 41.223583069
44.165861857 41.216141663
44.165190064 41.207666728
44.160074097 41.197899882
44.144364461 41.186065979
44.124727417 41.178056132
44.103643432 41.175162252
44.061268758 41.184153951
44.041321655 41.182551982
44.001117391 41.168857727
43.97818639 41.164617062
43.97775529 41.164537338
43.955848837 41.160486145
43.86324467 41.158987528
43.820353231 41.14549998
43.773741089 41.114494121
43.754155721 41.108241272
43.729712769 41.106690979
43.566621948 41.124054261
43.524143921 41.122814026
43.470142049 41.106174215
43.460323527 41.104520569
43.450453328 41.104675599
43.4404281 41.106587626
43.451796916 41.132580872
43.437585897 41.156197001
43.410559122 41.175162252
43.383273967 41.187202861
43.351751343 41.193610738
43.322605835 41.192060446
43.230621785 41.172630107
43.216204061 41.180536601
43.192226196 41.224978333
43.172020712 41.242341614
43.152331991 41.244150289
43.13031783 41.242289938
43.103136027 41.248801168
43.157241251 41.269730123
43.171865682 41.27934194
43.185353231 41.293811341
43.184009644 41.298978984
43.154760783 41.301872864
43.123909953 41.312931621
43.075644165 41.344867656
43.002056925 41.382694805
42.987587524 41.394683736
42.957718546 41.437006734
42.949967082 41.443672994
42.941078736 41.446308493
42.936221151 41.450235901
42.932190389 41.454783427
42.92609257 41.459072571
42.896637004 41.466565654
42.888988891 41.469976298
42.880720662 41.481241761
42.875139608 41.493695781
42.86800826 41.500207011
42.854572388 41.493799134
42.829974406 41.472508444
42.811164185 41.477159323
42.792147257 41.492868958
42.766515747 41.504341125
42.774887329 41.514263001
42.794627726 41.526820374
42.80268925 41.534106751
42.806823364 41.542995097
42.808890422 41.552916972
42.812197714 41.562993877
42.819949178 41.572347311
42.800932251 41.579220276
42.660992472 41.588263652
42.610556274 41.585059713
42.590913541 41.580169073
42.5866475753 41.5791069349
42.585234822 41.578755188
42.565184367 41.567127991
42.554952433 41.550333151
42.545547323 41.509612122
42.535522095 41.493489075
42.513817993 41.476229147
42.483845662 41.442174377
42.463071737 41.431839092
42.451032576 41.431370354
42.437853638 41.430857239
42.262463827 41.482326966
42.213267863 41.480208232
42.189289998 41.481706849
42.172650187 41.493489075
42.158387491 41.499896953
42.143194621 41.500258688
42.11177535 41.493489075
42.097512655 41.498346659
42.083456665 41.500103658
42.069400676 41.498605042
42.054931275 41.493489075
42.019584594 41.485065817
41.94796106 41.50558136
41.907756796 41.493489075
41.894010864 41.485530905
41.862694946 41.451786194
41.822594035 41.425999654
41.812982218 41.421813863
41.800786581 41.425689596
41.760995728 41.453543193
41.747766561 41.456850485
41.718517701 41.459589335
41.706838827 41.463155009
41.702601359 41.469459534
41.702808065 41.477624411
41.703944947 41.485117493
41.702601359 41.489044902
41.694953247 41.489096578
41.669838501 41.480466614
41.639969524 41.478709615
41.627257121 41.48051829
41.520762566 41.5142276065
41.586273634 41.602728583
41.615733269 41.632635809
41.676036004 41.662176825
41.692881707 41.692287502
41.739756707 41.74990469
41.742360873 41.76166413
41.742442254 41.770697333
41.743907097 41.778631903
41.750010613 41.787502346
41.766286655 41.804185289
41.771820509 41.81256745
41.773936394 41.821600653
41.7739363945 41.902609811
41.773936394 41.902614651
41.773936394 41.906927802
41.761973504 41.969875393
41.760264519 41.992580471
41.755707227 42.006415106
41.715261264 42.059352932
41.684906446 42.098944403
41.674327019 42.1055362
41.664073113 42.113959052
41.6591903 42.13300202
41.657237175 42.167059637
41.649180535 42.212225653
41.596202019 42.349432684
41.592295769 42.35541413
41.585215691 42.362860419
41.558360222 42.38279857
41.554860873 42.389837958
41.551198764 42.40643952
41.5511948629 42.406457421
41.500173373 42.64057038
41.482758009 42.680243231
41.457367384 42.713690497
41.424327019 42.739894924
41.383474155 42.757269598
41.30730228 42.767645575
41.291026238 42.774359442
41.274912957 42.78530508
41.250743035 42.795233466
41.22535241 42.802313544
41.205332879 42.804429429
41.193695509 42.801906643
41.173594597 42.792792059
41.160899285 42.790838934
41.150238477 42.795640367
41.104746941 42.846584377
41.081797722 42.908148505
41.040293816 42.961330471
41.023122592 42.989976304
40.998383009 42.989447333
40.958994988 42.976385809
40.933767123 42.982733466
40.903981967 43.016343492
40.886566602 43.024155992
40.886241082 43.029282945
40.862803582 43.058986721
40.855967644 43.063055731
40.783050977 43.084173895
40.682871941 43.094305731
40.636241082 43.092474677
40.604014519 43.086493231
40.591807488 43.085638739
40.579925977 43.088812567
40.560720248 43.102972723
40.550547722 43.106105861
40.546071811 43.108832098
40.528981967 43.122259833
40.520192905 43.127264716
40.510264519 43.129950262
40.478526238 43.134019273
40.398285352 43.162339585
40.361175977 43.165472723
40.335134311 43.14085521
40.325043165 43.148830471
40.310313347 43.17572663
40.301036004 43.188666083
40.278330925 43.205511786
40.26840254 43.216376044
40.272797071 43.247992255
40.257172071 43.2774112
40.235199415 43.304429429
40.219086134 43.319037177
40.188243035 43.329575914
40.133474155 43.341620184
40.101328972 43.365179755
40.086924675 43.370306708
40.040782097 43.375799872
40.009776238 43.385158596
39.986013217 43.388983466
39.9859763554 43.3889896097
39.991284627 43.406318055
40.05918746 43.535199077
40.072830038 43.551063742
40.096704549 43.562639262
40.164297323 43.57584259
40.233130331 43.575765076
40.479833618 43.508740743
