-62.147368944 16.744289455
-62.147694465 16.737046617
-62.151763476 16.724514065
-62.150786913 16.720363674
-62.147572395 16.715887762
-62.143910286 16.708970445
-62.141184049 16.701849677
-62.140533007 16.696478583
-62.144032356 16.688218492
-62.149769661 16.681789455
-62.157826301 16.677313544
-62.167876757 16.675360419
-62.218861457 16.688706773
-62.230132616 16.727606512
-62.218861457 16.776312567
-62.202015754 16.819322007
-62.189442512 16.814439195
-62.182932095 16.81273021
-62.174672004 16.813137111
-62.179310676 16.794501044
-62.170033332 16.777004299
-62.156320767 16.760321356
-62.147368944 16.744289455
