27.606872599 48.457818502
27.627026408 48.451255595
27.751773315 48.451979066
27.785259643 48.441566264
27.849855184 48.409630229
27.864841349 48.398907369
27.885371499 48.378443876
27.896674032 48.36717804
27.904528849 48.362475484
27.926439656 48.339427795
27.967057332 48.328885804
28.003176857 48.325882843
28.055940796 48.321496074
28.076404663 48.314933167
28.092837768 48.302065735
28.098315471 48.284108175
28.078678426 48.244911601
28.09325118 48.237444357
28.115575399 48.236746725
28.131078329 48.239588929
28.162084188 48.257184754
28.178517293 48.258864238
28.185751994 48.242379456
28.189369344 48.22305247
28.199911336 48.211735332
28.216964559 48.20814382
28.240322307 48.211631979
28.261716349 48.219951884
28.277529337 48.229124451
28.294479207 48.236488343
28.340574585 48.240105693
28.357731161 48.238607076
28.3681698 48.230623068
28.370030151 48.211631979
28.363363892 48.191013082
28.352253458 48.181866354
28.33788741 48.175484315
28.322177775 48.163211161
28.315563192 48.149284363
28.317423543 48.135357565
28.328585653 48.12701182
28.349566284 48.129724833
28.364965861 48.14150706
28.375559529 48.156648255
28.388633667 48.168585511
28.411578003 48.170704244
28.427287639 48.163366191
28.436899455 48.149852804
28.435659221 48.134685771
28.419019409 48.122231751
28.447441447 48.082750957
28.459378703 48.074456889
28.479584188 48.064922588
28.490022827 48.065491028
28.493743531 48.074818624
28.494156942 48.091846009
28.499790098 48.10891363
28.501081584 48.11282664
28.501113053 48.112889266
28.519323364 48.149129334
28.541595906 48.155950623
28.573635295 48.154968771
28.665619344 48.12933726
28.735072469 48.128691305
28.771245972 48.124453837
28.799254598 48.111793111
28.805920858 48.103809103
28.80834965 48.096574402
28.809176473 48.089778952
28.811553589 48.082905986
28.827573283 48.057016094
28.830777221 48.030867819
28.832534221 48.024821676
28.839252156 48.018284607
28.855685262 48.007923483
28.862085148 48.000502077
28.882557007 47.976762594
28.914803101 47.953146464
28.936086736 47.942164356
28.950356486 47.934801331
28.980845581 47.926378072
29.01722579 47.931080628
29.061047404 47.969760438
29.092725057 47.980173238
29.110036662 47.979656474
29.123989298 47.975987447
29.13628829 47.968184306
29.147967163 47.955368551
29.155821981 47.939865621
29.164606974 47.905604147
29.172565145 47.891005554
29.186621134 47.883641663
29.225998576 47.87558014
29.236023803 47.870722555
29.232768188 47.857079976
29.217420288 47.842894796
29.198920125 47.829484762
29.186724487 47.8182193
29.177732788 47.800700989
29.177836141 47.789719747
29.187447957 47.783208517
29.221967814 47.774811096
29.234731893 47.76680125
29.238607625 47.756000875
29.226670369 47.743236796
29.196956421 47.717501933
29.191478719 47.686263529
29.192408895 47.65091685
29.182073609 47.613218893
29.156183716 47.582781474
29.130500529 47.559630433
29.117426391 47.533327128
29.130397176 47.493200378
29.130500529 47.493097026
29.130603882 47.49304535
29.130655558 47.492941997
29.137188792 47.484008432
29.140008993 47.48015208
29.155615275 47.449998881
29.163883504 47.439379374
29.182073609 47.429870911
29.192408895 47.435813701
29.201865682 47.446588237
29.218350464 47.45160085
29.232613159 47.446329855
29.25069991 47.425375061
29.281395711 47.411474101
29.288217001 47.40077708
29.29271285 47.388865662
29.30082605 47.378194479
29.314675333 47.372716777
29.330384969 47.37049469
29.345836222 47.365843811
29.35891036 47.352717998
29.364078002 47.336879171
29.364491415 47.322435608
29.367592 47.30822459
29.370881519 47.304433933
29.380821167 47.292980041
29.394463745 47.284711813
29.409553263 47.279750876
29.425572957 47.27866567
29.441696004 47.282127991
29.459162638 47.293496806
29.46608728 47.307449442
29.470634806 47.322745667
29.48086674 47.338274435
29.501072225 47.339824728
29.520967652 47.33892039
29.539881225 47.334217835
29.556572714 47.324037578
29.570060262 47.306777649
29.579258667 47.283600769
29.580188843 47.260449727
29.568716675 47.243138123
29.54401534 47.234249777
29.54039799 47.212545675
29.550629923 47.160171611
29.544842163 47.135573629
29.530372762 47.12368805
29.50866866 47.119398906
29.48086674 47.117486878
29.478592976 47.114644674
29.477869507 47.111544088
29.47869633 47.108469341
29.48086674 47.105239563
29.511459188 47.066017151
29.520140829 47.059919332
29.530992879 47.066017151
29.539726197 47.078884582
29.551353394 47.090201721
29.570163615 47.091441956
29.583392781 47.085214945
29.59486495 47.074595439
29.60209965 47.061004538
29.603029826 47.045759989
29.59543339 47.03214325
29.583392781 47.022789816
29.572489055 47.011756897
29.564995972 46.97449819
29.560625743 46.961256395
29.559828329 46.95884023
29.558691447 46.945740255
29.56747644 46.93465566
29.573160848 46.933725485
29.5984823 46.93537913
29.607577352 46.932020163
29.623286987 46.919540304
29.631865275 46.914398499
29.648091675 46.910419414
29.680854533 46.908559062
29.696150757 46.904683329
29.712480509 46.893443706
29.735838257 46.867192078
29.754131714 46.858019511
29.78575769 46.854660543
29.815213257 46.856624248
29.843635294 46.854143779
29.872212361 46.837710673
29.876914917 46.830786031
29.884873087 46.812673442
29.889627319 46.807169902
29.898515666 46.806653138
29.90771407 46.810942282
29.91742924 46.813965353
29.928177938 46.809753723
29.930658406 46.803087464
29.930451701 46.781641744
29.931795288 46.772443339
29.935671021 46.765156963
29.946678101 46.750739238
29.951122273 46.743116964
29.95262089 46.724694316
29.944404338 46.662475891
29.940270223 46.650797017
29.935412638 46.641856995
29.931898641 46.632374369
29.931278524 46.619171041
29.93494755 46.608835755
29.94740157 46.588346049
29.949675334 46.578863424
29.938099812 46.55734019
29.916085652 46.554368795
29.898825724 46.553128561
29.90192631 46.53083018
29.916085652 46.51881541
29.960217326 46.505947978
29.962077677 46.503441671
29.967038614 46.493855693
29.970552612 46.49173696
29.977063843 46.4931839
29.989259481 46.498687439
29.994943889 46.49853241
30.002850383 46.494217428
30.00941329 46.488067932
30.02171228 46.470652975
30.014064168 46.46202301
30.060004516 46.436804911
30.077006063 46.422826437
30.086927938 46.42887258
30.102017456 46.430732931
30.118243856 46.428691712
30.131576375 46.422826437
30.1071851 46.391898092
30.081140177 46.374198914
30.037266886 46.368927918
29.918669474 46.373656311
29.902546427 46.371175843
29.884666382 46.364199524
29.84776941 46.341461894
29.828132365 46.339394837
29.808185262 46.354691061
29.806169882 46.361564026
29.806738322 46.380891012
29.805084676 46.389986064
29.800330444 46.398357646
29.779556519 46.421095276
29.72694991 46.455796
29.714134155 46.471169739
29.713824097 46.44305776
29.702868693 46.428329976
29.682714885 46.422929789
29.654396199 46.422697245
29.647988322 46.416392721
29.652949259 46.391898092
29.645507853 46.375594178
29.632071981 46.366059876
29.615638875 46.361822409
29.598585653 46.363062643
29.58297937 46.369651388
29.569440145 46.382286276
29.555642538 46.404197083
29.541431519 46.413033753
29.527478882 46.416651103
29.496059611 46.420811056
29.48086674 46.425151877
29.47507898 46.432257386
29.473321981 46.439802145
29.475285685 46.447553609
29.48086674 46.45551178
29.486241089 46.462488098
29.488204793 46.469361064
29.486447795 46.475872295
29.48086674 46.482047628
29.457612345 46.484708965
29.45672369 46.484366324
29.43683842 46.476699118
29.418234904 46.462488098
29.374723348 46.416186015
29.362114299 46.415927633
29.344234253 46.434169414
29.320773153 46.468740947
29.306717163 46.471996562
29.289147176 46.451636047
29.285943238 46.439492086
29.290697469 46.419260763
29.290077352 46.410243225
29.283256062 46.39742747
29.278191772 46.395877178
29.271370484 46.39742747
29.259174845 46.394352723
29.22289799 46.366473288
29.200677124 46.357119853
29.183727254 46.367170919
29.183417196 46.377609558
29.190341837 46.387195536
29.19928186 46.396497294
29.205638061 46.406109111
29.207601766 46.417891338
29.206774943 46.502511495
29.200212036 46.523983053
29.184244018 46.538039043
29.183059285 46.538041891
29.162746622 46.538090719
29.074948364 46.503674215
29.055914596 46.498740201
29.020326375 46.489514872
28.94580896 46.45478831
28.925448446 46.43277415
28.919247274 46.404662171
28.927308797 46.36802358
28.944878784 46.320739645
28.94580896 46.304978333
28.939917847 46.286994935
28.932889852 46.272628886
28.933509969 46.258986308
28.950614868 46.243121644
28.950769898 46.243069967
28.984112143 46.221221024
29.009836059 46.204364319
29.015365438 46.182608541
29.003479858 46.158940736
28.980845581 46.132120667
28.946429077 46.105093893
28.938780965 46.089280905
28.941158081 46.064682922
28.958934773 46.021016338
28.956867717 46.001379293
28.931959676 45.99316274
28.757603393 45.961175029
28.740240112 45.953216858
28.729181356 45.938644104
28.728406209 45.921952617
28.74230717 45.887329407
28.746441284 45.870586243
28.745046021 45.850484111
28.738276407 45.837565003
28.725564006 45.828780009
28.70639205 45.821131897
28.677298218 45.816584371
28.669753459 45.812036845
28.669391724 45.806300761
28.671923868 45.797257386
28.673267456 45.786870423
28.669753459 45.777310283
28.643605184 45.766509908
28.576684204 45.761910706
28.560612834 45.743203837
28.563525429 45.735494026
28.567640828 45.724600322
28.561439657 45.716590475
28.532500855 45.710079244
28.515240926 45.702017721
28.504182169 45.693697815
28.480927775 45.669461569
28.474003133 45.657937725
28.48289148 45.6507547
28.498497762 45.644295146
28.511313517 45.635045065
28.516894572 45.620989075
28.518754923 45.607036438
28.523095744 45.593238831
28.536893351 45.579802959
28.510435018 45.571017965
28.504595581 45.567245586
28.503743389 45.566102402
28.49823938 45.558718974
28.497980998 45.556445211
28.500048055 45.55458486
28.506455932 45.520581767
28.50201176 45.508747864
28.480927775 45.501978251
28.416848999 45.503786926
28.341918172 45.517636211
28.270501343 45.521511943
28.270423378 45.52147069
28.217274617 45.493348288
28.217171264 45.493193258
28.217171264 45.493141581
28.208489624 45.481411031
28.201564982 45.468853658
28.199497925 45.461773987
28.172936239 45.484356588
28.165908244 45.494588522
28.165391479 45.528281556
28.164047892 45.530606995
28.161567423 45.532725729
28.157743367 45.5389269
28.140948527 45.560217591
28.118004191 45.572723287
28.062141968 45.593600566
28.074751017 45.604866028
28.091184123 45.615976461
28.107720581 45.624399719
28.120846394 45.627707011
28.153712606 45.627500306
28.167975302 45.632461243
28.161774129 45.645432027
28.163737834 45.661503398
28.15495284 45.761807353
28.146477906 45.771160787
28.128907918 45.795035299
28.113301636 45.825369364
28.110511109 45.854308166
28.114955282 45.859734192
28.128184449 45.866400452
28.131078329 45.87136139
28.129114624 45.875133769
28.120226278 45.887846172
28.117435751 45.895235901
28.118779338 45.903142395
28.122810099 45.910790508
28.12498051 45.918386943
28.120846394 45.926293437
28.114851928 45.933218079
28.11237146 45.939212545
28.110511109 45.950426331
28.086119833 46.000552471
28.082709188 46.014711812
28.084466186 46.024582011
28.096868531 46.059670309
28.096558471 46.065044658
28.090460652 46.067990214
28.090150594 46.073364564
28.092837768 46.078377177
28.100795939 46.081994527
28.107822812 46.096102956
28.11050647 46.101491157
28.127357625 46.135324605
28.133248739 46.159974264
28.144720906 46.183228659
28.141516968 46.191961975
28.135625855 46.198834941
28.129321329 46.204674378
28.110976196 46.225603333
28.108960816 46.234129944
28.120846394 46.237850647
28.132111857 46.239917704
28.134488973 46.24534373
28.131078329 46.262396952
28.135212443 46.269321595
28.144927612 46.272938945
28.156296428 46.275367738
28.165753214 46.278830058
28.177793824 46.287046611
28.191333049 46.30776886
28.192883341 46.311231181
28.191953165 46.323504334
28.187922404 46.343787333
28.190351197 46.351073711
28.202391805 46.353915914
28.207146037 46.358153381
28.212933797 46.388694153
28.21954838 46.393345032
28.226796348 46.395548249
28.228643433 46.396109721
28.233294312 46.40176829
28.226059611 46.415359192
28.240218953 46.420268454
28.24605839 46.427864889
28.247246948 46.436184794
28.247143595 46.467190654
28.245800008 46.475510559
28.242337687 46.47651825
28.23810022 46.475588074
28.234121134 46.478068542
28.221098674 46.495767721
28.219031616 46.503725891
28.221098674 46.541191305
28.2247677 46.548736064
28.234121134 46.55312856
28.225439494 46.569561666
28.230503784 46.583901876
28.240529012 46.596381735
28.247143595 46.60715627
28.247350301 46.620824687
28.245085309 46.631451272
28.244249715 46.635371603
28.234121134 46.662424215
28.178103882 46.739835511
28.178155558 46.758645732
28.137796264 46.806239726
28.121518188 46.834300029
28.122615287 46.842269519
28.124257039 46.854195455
28.124257039 46.861636861
28.11309493 46.871429546
28.114335164 46.88339264
28.113560018 46.894761454
28.096868531 46.902616273
28.105446818 46.917679953
28.1049941 46.920184743
28.102294556 46.935120748
28.082709188 46.971526795
28.069066609 46.988502503
28.038146337 47.015482935
28.037027222 47.016459453
28.028035522 47.032970073
28.008295125 47.026303813
27.986591024 47.033228455
27.963129924 47.043382874
27.938738647 47.046638489
27.938428589 47.061056214
27.925922892 47.068756002
27.897604207 47.081416728
27.867011759 47.104645285
27.857710001 47.109322001
27.848201538 47.111414897
27.843757365 47.114386291
27.849855184 47.121724345
27.849855184 47.128519796
27.806550334 47.144617005
27.794664754 47.155830791
27.80587854 47.158233744
27.807687215 47.162471212
27.804793335 47.168491517
27.80210616 47.176346334
27.800349162 47.176966452
27.788308553 47.204277446
27.763038778 47.226317444
27.752393433 47.238926494
27.753633667 47.25143219
27.733273153 47.275616761
27.722834513 47.283316549
27.69782312 47.28750234
27.68986495 47.290887146
27.682320191 47.295253805
27.671726521 47.299853008
27.644699748 47.303987122
27.636948283 47.306674296
27.624029174 47.321427918
27.599947957 47.360727844
27.58872399 47.367389398
27.586408732 47.36876353
27.572352743 47.375197245
27.580310913 47.4059964
27.56253422 47.416538391
27.565531454 47.428268942
27.569355509 47.438552552
27.574781535 47.44625234
27.582998087 47.450670675
27.575866739 47.460411682
27.563154338 47.468344015
27.548168172 47.474260966
27.534525594 47.47798167
27.532975301 47.477413229
27.507240438 47.47798167
27.501452678 47.479945374
27.497525268 47.482425843
27.492564331 47.484544576
27.483675985 47.485423076
27.473133992 47.491779277
27.466726115 47.506352031
27.459491414 47.533223775
27.456907593 47.533895569
27.446055542 47.534877422
27.442128134 47.53663442
27.440061076 47.541026917
27.440267782 47.550096131
27.43897587 47.553713481
27.435823608 47.559940491
27.431342298 47.572637535
27.42940389 47.578129692
27.428382202 47.581024475
27.397066284 47.589085999
27.369161011 47.608309632
27.304048706 47.666548971
27.28110437 47.693007304
27.272009318 47.714969788
27.295057007 47.718173727
27.295057007 47.724426575
27.289579305 47.731687114
27.291129598 47.742409974
27.288114459 47.750680067
27.287512247 47.752331849
27.282447957 47.755690816
27.264671264 47.764553325
27.260847208 47.769075013
27.256196329 47.777549948
27.244879191 47.792587789
27.231081584 47.807083029
27.219196004 47.813775126
27.253405802 47.828089498
27.245809367 47.836590272
27.23490564 47.840207622
27.222813355 47.842662252
27.212374715 47.847933248
27.213201538 47.85413442
27.211547892 47.885011088
27.212374715 47.889506938
27.194184611 47.904053854
27.171550333 47.912632142
27.160698283 47.921727193
27.17826827 47.937927755
27.17826827 47.942095667
27.17826827 47.944128927
27.171963746 47.946428528
27.150983113 47.957797343
27.162868693 47.965006206
27.169793335 47.973791199
27.168759806 47.983067119
27.157184285 47.991955465
27.143748413 47.986839498
27.134601685 48.000456238
27.121475871 48.013194478
27.095792684 48.005598043
27.093363892 48.008440247
27.091451864 48.011850891
27.090004924 48.015623271
27.088971395 48.019809062
27.10933191 48.026087748
27.10933191 48.033503317
27.083183635 48.043657736
27.05920577 48.058049621
27.041739136 48.077273254
27.034297729 48.101767884
27.036881551 48.107348938
27.047423543 48.116495666
27.047954757 48.121409387
27.048043661 48.122231751
27.042772664 48.127296041
27.033677612 48.13238617
27.025099325 48.135047506
27.01269698 48.128122864
26.993990112 48.132412008
26.966601603 48.143367412
26.966601603 48.149594422
26.986238647 48.150421244
26.997607463 48.157940166
26.997607463 48.166570129
26.963087606 48.175380962
26.955646199 48.186000469
26.950581909 48.197524313
26.938127889 48.204810689
26.929084513 48.199048767
26.917715699 48.187964173
26.908000529 48.18452769
26.903969767 48.201451722
26.897665242 48.208970642
26.855497274 48.23783193
26.844748576 48.233310242
26.821907593 48.252533875
26.804906047 48.258269959
26.76371993 48.25274058
26.744031209 48.255582784
26.733127482 48.270749817
26.722378784 48.259768575
26.711475057 48.261318868
26.688530721 48.274832256
26.665741415 48.274212138
26.617889038 48.258967591
26.618612508 48.267184143
26.625123739 48.282893778
26.636079142 48.294882711
26.669100382 48.308809509
26.674009644 48.321702779
26.679797404 48.330177714
26.699434449 48.325113424
26.712973674 48.314907328
26.723619019 48.302582499
26.73591801 48.291833801
26.754573202 48.286149394
26.774365275 48.287182923
26.78573409 48.294107564
26.790074911 48.307052511
26.78935144 48.325940247
26.784080444 48.34516388
26.778189331 48.357204488
26.777517538 48.36617035
26.78805953 48.375963033
26.793588908 48.376273092
26.81007369 48.371880595
26.816946655 48.371725566
26.825628296 48.377771708
26.828418824 48.3851356
26.831932821 48.39136261
26.842784872 48.393739726
26.875961141 48.383998719
26.908723999 48.365240174
26.943243856 48.351261699
26.981071004 48.355680034
26.990579468 48.362372131
26.997814168 48.361545309
27.004635458 48.358754781
27.015590861 48.359400737
27.027683146 48.357747091
27.033057495 48.360201722
27.03181726 48.365240174
27.028509969 48.37079539
27.027786499 48.374774476
27.02819991 48.381389059
27.025409383 48.389863994
27.026339559 48.397098694
27.037398315 48.399682516
27.048043661 48.397667135
27.068817586 48.388882142
27.175787801 48.361803691
27.208550659 48.360615133
27.24648116 48.373740947
27.251930017 48.378310041
27.306012411 48.42366038
27.342185913 48.436114401
27.361409546 48.432807109
27.389831583 48.415004578
27.403474161 48.411490581
27.420217325 48.41714915
27.480885458 48.451410625
27.503829794 48.472365418
27.503896381 48.472365418
27.545170939 48.472365418
27.557056519 48.474354961
27.582998087 48.486033834
27.604805542 48.484121806
27.606872599 48.457818502
