-78.204890618 2.687339382
-78.187677068 2.678285431
-78.165919355 2.685515512
-78.145085735 2.673748199
-78.139515754 2.655422268
-78.131703254 2.646185614
-78.128977017 2.633693752
-78.131418424 2.627264716
-78.12999427 2.622463283
-78.10655677 2.59381745
-78.097279426 2.572170315
-78.096180793 2.540025132
-78.107289192 2.512518622
-78.134429491 2.504380601
-78.157582161 2.518133856
-78.1845597 2.545396226
-78.207020637 2.575344143
-78.216420051 2.596869208
-78.213286913 2.610744533
-78.206450976 2.616848049
-78.199696418 2.621527411
-78.194965921 2.632143556
-78.202208203 2.643003083
-78.216696248 2.670149764
-78.214867981 2.681913849
-78.204890618 2.687339382
-77.808420377 2.578599351
-77.839914517 2.577337958
-77.869740364 2.584418036
-77.888050911 2.59381745
-77.880686002 2.600002346
-77.888050911 2.607407945
-77.867176887 2.627183335
-77.867502408 2.639837958
-77.880726692 2.646429755
-77.898589648 2.64838288
-77.914051887 2.658677476
-77.920236783 2.67975495
-77.916371223 2.697211005
-77.902333137 2.696234442
-77.88801022 2.68744538
-77.850493944 2.638128973
-77.835316536 2.626369533
-77.801625129 2.607082424
-77.785023567 2.59381745
-77.808420377 2.578599351
-77.871327278 2.714300848
-77.860096809 2.709865627
-77.857492642 2.716131903
-77.854562955 2.719061591
-77.851063606 2.720892645
-77.847075976 2.724107164
-77.819203254 2.696234442
-77.815256314 2.688462632
-77.810536262 2.669419664
-77.806141731 2.662054755
-77.767689582 2.632554429
-77.754139778 2.617987372
-77.75910397 2.603094794
-77.775868293 2.601019598
-77.8017472 2.613959052
-77.847075976 2.64838288
-77.874582486 2.684759833
-77.880686002 2.696234442
-77.88390052 2.707993882
-77.885121223 2.719631252
-77.882557746 2.724595445
-77.874419726 2.716701565
-77.871327278 2.714300848
-78.193223498 2.933616561
-78.208154963 2.929889171
-78.22028892 2.933616538
-78.22029022 2.943867961
-78.204423309 2.945731374
-78.199723624 2.960621378
-78.195028304 2.980156382
-78.186611576 2.990372525
-78.172643387 3.00249552
-78.164269953 3.001595525
-78.166129556 2.987616597
-78.166130855 2.97364891
-78.16709083 2.959704273
-78.182025675 2.942935303
-78.193223498 2.933616561
-81.582264778 3.991522528
-81.578724739 3.978176174
-81.580311653 3.976019598
-81.584868944 3.974595445
-81.589019335 3.970282294
-81.594227668 3.970770575
-81.606312629 3.960191148
-81.611724413 3.958970445
-81.615305142 3.961330471
-81.616322395 3.963812567
-81.614654101 3.969183661
-81.609852668 3.974920966
-81.604115364 3.976874091
-81.602406379 3.979559637
-81.601429817 3.9883487
-81.596180793 3.991197007
-81.590565559 3.990464585
-81.585194465 3.99237702
-81.582264778 3.991522528
-77.353016731 4.265326239
-77.332427538 4.255031643
-77.311634895 4.257554429
-77.291167773 4.262355861
-77.271717903 4.258490302
-77.29002845 4.229437567
-77.302967903 4.217596747
-77.315663215 4.2227237
-77.33315996 4.244818427
-77.357777473 4.235541083
-77.381581184 4.231634833
-77.434071418 4.232123114
-77.453765429 4.236395575
-77.466297981 4.237372137
-77.48167884 4.23444245
-77.490549283 4.227362372
-77.496815559 4.218573309
-77.504505989 4.210638739
-77.541330533 4.19940827
-77.545480924 4.196356512
-77.549549934 4.204779364
-77.549143033 4.21865469
-77.54426022 4.231634833
-77.534901496 4.237372137
-77.521595832 4.241685289
-77.499663866 4.260972398
-77.487131314 4.265326239
-77.47378496 4.263739325
-77.449533658 4.258286851
-77.435617642 4.258490302
-77.440297004 4.266546942
-77.455474413 4.277004299
-77.462880012 4.285793361
-77.428130663 4.285793361
-77.452015754 4.291693427
-77.449370898 4.301255601
-77.432932095 4.311835028
-77.41510983 4.32050202
-77.420562304 4.322333075
-77.423898892 4.32436758
-77.427886523 4.326157945
-77.435617642 4.327337958
-77.434315559 4.331529039
-77.432972786 4.334418036
-77.428130663 4.341009833
-77.401478645 4.327337958
-77.386138476 4.314642645
-77.375396288 4.300441799
-77.367298957 4.284125067
-77.353016731 4.265326239
-75.535319919 10.35064606
-75.546263278 10.339266993
-75.55591495 10.340542755
-75.567497901 10.343719089
-75.575861487 10.338658252
-75.578432726 10.325996191
-75.582290112 10.319033361
-75.590661325 10.319043831
-75.594526429 10.331077056
-75.595812816 10.347537475
-75.592594507 10.360198024
-75.586801162 10.367791823
-75.575830135 10.377872464
-75.568108087 10.372799271
-75.555904299 10.367757667
-75.537887887 10.362673061
-75.535319919 10.35064606
-71.656158007 12.465318101
-71.62608802 12.451483466
-71.604156054 12.447211005
-71.531605598 12.447211005
-71.511301236 12.443264065
-71.490630663 12.43382396
-71.459584114 12.413723049
-71.445952929 12.400580145
-71.439076301 12.396185614
-71.426096158 12.392564195
-71.390248176 12.393296617
-71.381092903 12.389146226
-71.361236132 12.374457098
-71.34093177 12.36717357
-71.295155403 12.358465887
-71.261830207 12.341864325
-71.242298957 12.327704169
-71.23159746 12.310858466
-71.227162239 12.305405992
-71.222645637 12.297308661
-71.219064908 12.278265692
-71.158436653 12.176703192
-71.151722786 12.149603583
-71.113880989 12.094387111
-71.107492642 12.074937242
-71.113677538 12.052394924
-71.12608802 12.03119538
-71.138091601 12.01581452
-71.164906379 11.9961612
-71.233998176 11.958889065
-71.254139778 11.936957098
-71.268666145 11.929185289
-71.285633918 11.922919012
-71.298817512 11.920233466
-71.303578254 11.911688544
-71.323068814 11.858140367
-71.327463345 11.850083726
-71.327504036 11.850002346
-71.3275065336 11.8499976907
-71.357629354 11.850802307
-71.375457724 11.841087138
-71.409667522 11.812303365
-71.449458374 11.795456848
-71.476485149 11.788583883
-71.535086223 11.773546041
-71.593635621 11.758508199
-71.652288371 11.74357371
-71.710889445 11.728535868
-71.769438843 11.713549703
-71.828039917 11.698563538
-71.886640992 11.683525696
-71.945242066 11.66853953
-71.971080282 11.661924948
-71.990613974 11.649057516
-72.007925579 11.624614563
-72.018002483 11.6061144
-72.047819784 11.551311544
-72.077637085 11.496534526
-72.107454387 11.441757507
-72.137271688 11.386980489
-72.16708899 11.332203471
-72.196906291 11.277400614
-72.226775269 11.22257192
-72.25659257 11.167794902
-72.267082886 11.154901632
-72.284652873 11.150457458
-72.321859905 11.160095113
-72.341341919 11.162110494
-72.361444051 11.158002218
-72.416996216 11.137615865
-72.459991008 11.13580719
-72.481488403 11.132525737
-72.499316773 11.120795187
-72.503812623 11.111777649
-72.504691122 11.092709045
-72.507481649 11.082993876
-72.515026409 11.072477722
-72.533939982 11.05237559
-72.542053183 11.04108429
-72.576469686 10.957368469
-72.594504761 10.932977193
-72.613108277 10.915252177
-72.656723185 10.885202332
-72.682974813 10.855617575
-72.706125855 10.811253357
-72.754391642 10.674853414
-72.781418417 10.63131602
-72.843016724 10.560596822
-72.861413534 10.508093567
-72.875417847 10.489645081
-72.892005982 10.472927755
-72.907560588 10.452463888
-72.914898641 10.432904358
-72.915232105 10.42817173
-72.916242228 10.413835755
-72.915518759 10.394276225
-72.935620891 10.175193991
-72.987710734 9.999416606
-72.987865764 9.960426738
-72.996185669 9.92128184
-72.996960815 9.90071462
-72.990449585 9.874979757
-72.981612915 9.856557108
-72.97763383 9.838056946
-72.985540324 9.812167053
-73.016907919 9.748605041
-73.071891643 9.664088237
-73.097161418 9.596366272
-73.107651734 9.577995301
-73.123619751 9.561252137
-73.163720663 9.536344096
-73.178448446 9.523037415
-73.197413697 9.478673197
-73.277408813 9.361806946
-73.311773641 9.276230774
-73.324382691 9.255921936
-73.342159384 9.239178772
-73.379108033 9.213883159
-73.390838583 9.194504496
-73.391148641 9.172774556
-73.377816122 9.164687195
-73.363644982 9.165032761
-73.253844361 9.167710266
-73.212244833 9.17344635
-73.176174683 9.190938823
-73.141861532 9.223029887
-73.124343222 9.234476217
-73.098763388 9.241581727
-73.076025757 9.25426829
-73.032669231 9.294601746
-73.009724895 9.295376892
-73.003575399 9.287909648
-72.991121379 9.251684468
-72.991431437 9.247937927
-72.9954622 9.239101258
-72.995617228 9.235354716
-72.992206584 9.230342102
-72.98285315 9.22096283
-72.980062623 9.216518656
-72.976031861 9.19212738
-72.978667359 9.15014028
-72.973189657 9.128436178
-72.955309612 9.103993225
-72.936396037 9.099187317
-72.916190552 9.106964621
-72.881980754 9.129366353
-72.874022583 9.133422954
-72.861723593 9.137040304
-72.850251424 9.136730245
-72.841518108 9.133784688
-72.834128378 9.133629659
-72.826686972 9.141691182
-72.807670044 9.123733622
-72.791030233 9.113940939
-72.785604208 9.102442933
-72.800021933 9.07944692
-72.783072063 9.059939067
-72.778059449 9.041051331
-72.76658728 8.997384746
-72.755063436 8.953743998
-72.743539592 8.910051575
-72.732067424 8.86638499
-72.720491903 8.822744243
-72.709019735 8.779051819
-72.697495891 8.735385234
-72.686023723 8.69169281
-72.675430054 8.651514384
-72.655431275 8.617898865
-72.637086141 8.598184306
-72.617345745 8.577048645
-72.597760377 8.555964661
-72.578071656 8.534854839
-72.558537964 8.513719178
-72.538849244 8.492609355
-72.5192122 8.471525371
-72.499523479 8.450441386
-72.479938111 8.429331563
-72.456270305 8.403932597
-72.444539754 8.394114075
-72.434411174 8.390186666
-72.424954387 8.387706197
-72.415609207 8.382691114
-72.415084188 8.382409363
-72.403250286 8.370497946
-72.393535116 8.355382589
-72.386765503 8.338613587
-72.383974976 8.321792908
-72.385835328 8.305514831
-72.394775351 8.27280365
-72.395963908 8.256603088
-72.390537883 8.234330546
-72.35725826 8.17213796
-72.335760865 8.103899231
-72.333848836 8.065477804
-72.350075236 8.042585144
-72.367231812 8.042688497
-72.388315797 8.046176657
-72.407074342 8.043773702
-72.417099569 8.025764465
-72.421853801 8.006230774
-72.43012203 7.990521139
-72.441904257 7.977136942
-72.456735392 7.964941304
-72.467432414 7.959670309
-72.478801229 7.955536194
-72.487792929 7.949179993
-72.491203573 7.937501119
-72.486656047 7.928716126
-72.465675415 7.904583232
-72.45864742 7.893524475
-72.45446163 7.876161194
-72.451774455 7.832804667
-72.454151571 7.815234681
-72.47415035 7.754153137
-72.483348755 7.649353333
-72.480403199 7.628941142
-72.466812297 7.589873759
-72.463401652 7.570753479
-72.467380738 7.548739319
-72.475907349 7.528637187
-72.482005168 7.50801829
-72.478697876 7.484453837
-72.451309367 7.440218811
-72.4146191 7.413812155
-72.395812433 7.407491518
-72.370797486 7.399084371
-72.321808228 7.390040995
-72.239694377 7.39128123
-72.206208049 7.381876119
-72.171688192 7.337331034
-72.166313844 7.334075419
-72.16404008 7.328856099
-72.173496867 7.288186747
-72.174220338 7.27960846
-72.171481487 7.249894511
-72.164143433 7.22080068
-72.153343058 7.192585348
-72.098255982 7.086752014
-72.080996053 7.066598206
-72.069575562 7.059208476
-72.0420837 7.046909485
-72.028699504 7.038847962
-72.00529008 7.019107564
-71.99399818 7.01295297
-71.993817912 7.012854716
-71.964020717 7.005920692
-71.88100826 6.986603089
-71.848193726 6.983864238
-71.83263912 6.986448059
-71.821890422 6.99295929
-71.812123576 7.001175842
-71.799617879 7.009185689
-71.788559123 7.009702454
-71.777758749 7.007532044
-71.7715059 7.011149394
-71.774038046 7.028926086
-71.745357625 7.029339498
-71.72168982 7.033421936
-71.698022014 7.034972229
-71.669599976 7.027737529
-71.673527385 7.04422231
-71.667016154 7.051508688
-71.654303752 7.053369039
-71.620404013 7.052128805
-71.61218746 7.046341044
-71.606503052 7.038279521
-71.594720826 7.030114645
-71.587796183 7.029287821
-71.58061316 7.031561584
-71.567073935 7.03931305
-71.55844397 7.041225078
-71.553586386 7.037297668
-71.55105424 7.031819967
-71.549348918 7.029132793
-71.548625448 7.028305969
-71.528833375 7.027065735
-71.529091757 7.028305969
-71.528058228 7.029856262
-71.5099198 7.034610494
-71.487647258 7.028926086
-71.467700155 7.012441304
-71.455762899 7.01569692
-71.429459595 7.027737529
-71.413904989 7.030993144
-71.398195354 7.029494527
-71.366000936 7.020709534
-71.349361126 7.019469299
-71.307761598 7.027375793
-71.292517049 7.025773824
-71.28352535 7.018849183
-71.281458293 7.007221985
-71.280683147 6.994612936
-71.275515504 6.984381002
-71.262027954 6.978696595
-71.213245403 6.977508036
-71.201514852 6.971875305
-71.193815064 6.965312398
-71.184048218 6.962573547
-71.166323202 6.968102926
-71.153610799 6.977094625
-71.145394247 6.986189678
-71.136040813 6.992132467
-71.065476644 6.984536031
-71.011268066 6.990892232
-70.961322795 7.009444072
-70.918818929 7.039468079
-70.90809607 7.053369039
-70.903445191 7.063187561
-70.895538697 7.068510233
-70.874816447 7.069182027
-70.836627564 7.08189443
-70.793064332 7.085098369
-70.73296464 7.099309388
-70.703302369 7.099929504
-70.696739462 7.096673889
-70.682605958 7.084633281
-70.673175008 7.081170959
-70.639275269 7.073471171
-70.62289384 7.074091288
-70.594678508 7.082979635
-70.578607138 7.085821838
-70.57147579 7.079362284
-70.520910401 7.015593567
-70.510704306 7.009702454
-70.494813802 7.005516663
-70.48414262 7.005309957
-70.461301637 7.00830719
-70.451663982 7.007687073
-70.447013103 7.004741516
-70.44096696 6.995749817
-70.43778886 6.993010966
-70.422931885 6.987791646
-70.319062256 6.938285624
-70.287617147 6.936942037
-70.231263998 6.968516337
-70.19501298 6.977559713
-70.157780111 6.979523418
-70.129203044 6.972547099
-70.096621054 6.94443512
-70.079412802 6.922834371
-70.003577637 6.827362163
-69.927716635 6.731838278
-69.851829794 6.636314393
-69.775968791 6.540816345
-69.700211141 6.44529246
-69.624350138 6.349768575
-69.548489137 6.254296366
-69.472628134 6.158746643
-69.443637655 6.122237244
-69.432018569 6.122237244
-69.431080282 6.122237244
-69.406146404 6.129342753
-69.358164836 6.151615295
-69.331396444 6.156369527
-69.311345988 6.146215108
-69.268583741 6.097458395
-69.246104493 6.080663554
-69.189157064 6.112625427
-69.129961711 6.169934591
-69.108412639 6.182569479
-69.080197307 6.209389547
-69.061128703 6.217838644
-69.036892456 6.218768819
-69.016170207 6.21398875
-68.978575602 6.1973231
-68.960902263 6.202361553
-68.9383455 6.197116394
-68.914470988 6.188693135
-68.892921916 6.184326477
-68.82912736 6.187788798
-68.807862508 6.184326477
-68.744093791 6.164921977
-68.721614543 6.162519023
-68.700892294 6.157971497
-68.659344442 6.138670349
-68.635314901 6.135879822
-68.621982382 6.141925964
-68.595679077 6.164921977
-68.584723674 6.170012106
-68.52250525 6.173293559
-68.449021363 6.194997661
-68.427420614 6.1973231
-68.406698365 6.194894308
-68.341120972 6.176833394
-68.304172323 6.176988424
-68.190277467 6.217838644
-68.146507528 6.223781433
-68.01902177 6.211611634
-67.977990683 6.217838644
-67.943315796 6.229698385
-67.933652304 6.231455383
-67.92414384 6.23455597
-67.916289022 6.24222992
-67.911069703 6.252306824
-67.909157675 6.262512919
-67.90430009 6.275147807
-67.892827922 6.27830007
-67.879288697 6.277938334
-67.868126588 6.279876201
-67.857636271 6.288454488
-67.839136109 6.307523092
-67.827198853 6.313414205
-67.818517212 6.313750102
-67.800792196 6.308608297
-67.730977336 6.302691345
-67.573984335 6.266233622
-67.544890503 6.248069356
-67.51827714 6.222541199
-67.49047522 6.201638082
-67.450972372 6.198035463
-67.449960897 6.197943218
-67.4562994 6.193223721
-67.476160848 6.178435364
-67.486961222 6.166782328
-67.491405396 6.152958883
-67.49119869 6.114485779
-67.454301717 6.056789042
-67.428566854 6.038469747
-67.420970419 6.018341776
-67.418593303 5.995345764
-67.422469035 5.978240865
-67.434768026 5.968163961
-67.470889853 5.952841899
-67.485204224 5.944082743
-67.532384807 5.89256134
-67.541583211 5.876722514
-67.601217815 5.82057607
-67.625144003 5.784505921
-67.641163696 5.744844259
-67.649121867 5.70195282
-67.649070191 5.656089986
-67.637753052 5.597308045
-67.635996053 5.577593485
-67.632585409 5.573071798
-67.61765092 5.558524882
-67.614291952 5.553667298
-67.617030803 5.541600851
-67.622973592 5.533410136
-67.630001587 5.526898906
-67.635996053 5.519535014
-67.647003134 5.483361511
-67.652480835 5.477961324
-67.664469768 5.474912415
-67.675270142 5.467186788
-67.693718628 5.447213847
-67.702141887 5.441400248
-67.73164913 5.430134786
-67.737023478 5.425819804
-67.746686972 5.414321798
-67.752112997 5.409670919
-67.756712199 5.40879242
-67.767925985 5.410497742
-67.772576864 5.409670919
-67.809783896 5.378820089
-67.834588583 5.339313456
-67.843683635 5.29724884
-67.834020142 5.25887909
-67.824976766 5.242781881
-67.818620565 5.227821554
-67.814744833 5.210277405
-67.813504599 5.186557923
-67.815571655 5.17790212
-67.824563355 5.154337667
-67.827198853 5.142116191
-67.827560588 5.130695699
-67.826630413 5.120386251
-67.824511678 5.110593567
-67.820997681 5.100594177
-67.814744833 5.090956523
-67.796761434 5.070156759
-67.793092407 5.06333547
-67.795211142 5.052715963
-67.79986202 5.045868835
-67.804564576 5.040856221
-67.806734986 5.035714417
-67.804977987 4.991246846
-67.806683309 4.972255757
-67.819602418 4.933317566
-67.82637203 4.894844462
-67.827198853 4.871538391
-67.825235149 4.86489797
-67.816140096 4.847302145
-67.813504599 4.840506694
-67.813866334 4.828259379
-67.817121949 4.821515605
-67.818620565 4.815676168
-67.813504599 4.806348572
-67.820532594 4.787641704
-67.822858033 4.743587545
-67.830609497 4.727542013
-67.840634726 4.71149648
-67.845647339 4.689740703
-67.848799601 4.634188538
-67.855155803 4.607730204
-67.853708863 4.575820007
-67.855155803 4.566156515
-67.860633505 4.5579658
-67.867609823 4.553159892
-67.873397584 4.546519471
-67.875051229 4.532644348
-67.871795614 4.521559753
-67.865077677 4.512077128
-67.856551067 4.504170634
-67.847662721 4.497891948
-67.847662721 4.504687399
-67.829059204 4.491432394
-67.821876181 4.478229065
-67.813504599 4.443269959
-67.80942216 4.439290873
-67.797071493 4.434924215
-67.793092407 4.428981425
-67.792678996 4.420842387
-67.798363404 4.406915589
-67.79986202 4.398905741
-67.796658082 4.385805766
-67.782653769 4.363791606
-67.779398153 4.350794983
-67.781981975 4.338883565
-67.79986202 4.306069031
-67.804926311 4.268474426
-67.799448609 4.235323995
-67.790766968 4.204266459
-67.786219442 4.17297638
-67.777744507 4.153933614
-67.758934285 4.138559875
-67.740175741 4.118716126
-67.73164913 4.086366679
-67.720642049 4.074972026
-67.714079142 4.056497701
-67.716932482 4.039878247
-67.717024699 4.039341125
-67.710410116 4.035723775
-67.701625122 4.011952616
-67.698576213 3.949966736
-67.693873658 3.928598531
-67.653876099 3.859248759
-67.644419312 3.834624939
-67.638786581 3.785170594
-67.631758586 3.761864523
-67.614136922 3.740573832
-67.594809937 3.73091034
-67.57651648 3.730703633
-67.557912965 3.734165955
-67.537449097 3.735509542
-67.499828655 3.717913717
-67.471406617 3.68006073
-67.403917196 3.504464213
-67.390119589 3.485059713
-67.375391805 3.474905294
-67.337823039 3.460099996
-67.304646769 3.425709331
-67.309452678 3.383928935
-67.335290894 3.342096863
-67.395803996 3.266571757
-67.40805131 3.25727
-67.418386597 3.253704325
-67.440245728 3.249415182
-67.452182984 3.243679098
-67.470941529 3.226315816
-67.513832968 3.18673167
-67.556621053 3.14704417
-67.599512493 3.107460022
-67.642300578 3.067824198
-67.68514034 3.028240052
-67.727980103 2.988604228
-67.770768189 2.948968404
-67.813607951 2.909332581
-67.838619345 2.886129863
-67.855259155 2.858172913
-67.855930949 2.789753316
-67.841254842 2.80143219
-67.833348348 2.815229798
-67.823323121 2.827322083
-67.803324341 2.832593078
-67.781413534 2.831507874
-67.770199748 2.83243805
-67.751027791 2.842101542
-67.742552857 2.838587545
-67.73164913 2.826340231
-67.690411337 2.806341451
-67.665606649 2.801328837
-67.645659547 2.808666891
-67.626590943 2.813421122
-67.608452515 2.798589986
-67.594293173 2.776110738
-67.587058472 2.75812734
-67.581477417 2.713065491
-67.575586304 2.691103007
-67.563700725 2.681749573
-67.518793905 2.681026103
-67.500293742 2.675341695
-67.485204224 2.661905823
-67.481018433 2.653534241
-67.475023967 2.634672343
-67.470889853 2.627127584
-67.461743123 2.620409647
-67.440349081 2.610022685
-67.43616329 2.60356313
-67.432649293 2.595398255
-67.416991333 2.57576121
-67.412908895 2.571885478
-67.400351523 2.568216451
-67.393220175 2.559328105
-67.388104208 2.548165996
-67.381541301 2.537779032
-67.372032837 2.530440979
-67.349863648 2.518452047
-67.340613566 2.510493876
-67.335807659 2.500313619
-67.331260132 2.486671041
-67.325420695 2.474630432
-67.316635702 2.469462789
-67.305680298 2.466207174
-67.294724895 2.458352356
-67.275707967 2.439387106
-67.266561239 2.433754375
-67.231369588 2.422333883
-67.197624878 2.402025045
-67.189718384 2.394376933
-67.186101034 2.384455058
-67.185739299 2.365489808
-67.180158244 2.356498108
-67.173750366 2.336447652
-67.18703121 2.315983785
-67.206306519 2.297793681
-67.217675334 2.284512838
-67.217261922 2.266064351
-67.201345581 2.227927144
-67.194265911 2.197024638
-67.177832805 2.154494934
-67.169254517 2.141162415
-67.154113322 2.13268748
-67.136026571 2.127132263
-67.120988729 2.119096578
-67.114632528 2.10299937
-67.111170207 2.048842469
-67.114632528 2.03129832
-67.119025025 2.023986105
-67.135148072 2.00334137
-67.132615926 1.990809835
-67.125536256 1.980500386
-67.118094849 1.972387187
-67.110343384 1.959519755
-67.091584839 1.946523133
-67.087295695 1.938823344
-67.084815227 1.927997132
-67.066831828 1.89412323
-66.980893921 1.665945943
-66.978051717 1.644293518
-66.978051717 1.599722596
-66.974175985 1.580033875
-66.964460816 1.558303935
-66.943170126 1.523189799
-66.933609986 1.501692403
-66.929682577 1.479497375
-66.936503866 1.438517965
-66.932731486 1.424642843
-66.923378052 1.414359232
-66.911905885 1.405186666
-66.901725627 1.394463806
-66.891183635 1.374542542
-66.883535522 1.34994456
-66.882501995 1.326018372
-66.900898804 1.28896637
-66.89588619 1.265298564
-66.875060588 1.222510478
-66.913404501 1.214862366
-66.978206747 1.196827291
-67.065229859 1.172694397
-67.086107137 1.176001689
-67.094478719 1.201219788
-67.098199422 1.253361308
-67.073601441 1.541199035
-67.082954875 1.604631856
-67.117164674 1.709793396
-67.155715292 1.788083191
-67.264752564 1.932544657
-67.288627076 1.974893494
-67.320408082 2.053079936
-67.340613566 2.0901061
-67.365779989 2.114962464
-67.381748006 2.122739767
-67.424639446 2.138113505
-67.439728963 2.139560445
-67.449134074 2.13413442
-67.466083944 2.116357727
-67.475334025 2.111861877
-67.510267294 2.107417705
-67.527320516 2.096591492
-67.554398967 2.073130392
-67.592949586 2.054811096
-67.669740763 1.973343201
-67.79045691 1.81257782
-67.820842652 1.784000753
-67.860530152 1.761521505
-67.893189657 1.74971344
-67.928846395 1.741290181
-67.964864869 1.7401533
-67.998247843 1.749971823
-68.031785849 1.777515361
-68.058657593 1.816401876
-68.079224813 1.859965109
-68.101238973 1.924121399
-68.111109172 1.942414856
-68.126147014 1.956212463
-68.149143027 1.96554006
-68.169761922 1.969725851
-68.177099976 1.973188172
-68.1851615 1.980758769
-68.187280233 1.988200175
-68.187435263 2.008250631
-68.192189494 2.014891052
-68.200819458 2.007837219
-68.260815797 1.85820811
-68.280246135 1.829398499
-68.273683228 1.825264385
-68.248310099 1.822112121
-68.238956665 1.81025238
-68.241127076 1.788341573
-68.238956665 1.77028066
-68.201542928 1.768678691
-68.193533082 1.763743592
-68.190742555 1.755010274
-68.191724406 1.742427063
-68.18877885 1.735838318
-68.180407268 1.729688823
-68.163302368 1.721291402
-68.23859493 1.721188049
-68.286447307 1.721136373
-68.412641155 1.721033021
-68.591028199 1.720877991
-68.795486003 1.720671285
-68.999995484 1.72046458
-69.178382528 1.72030955
-69.3045247 1.720206197
-69.352402914 1.720206197
-69.393382325 1.725270488
-69.469191651 1.75738739
-69.541952067 1.772709452
-69.58029598 1.770228983
-69.649051473 1.738938904
-69.690082561 1.735476583
-69.711450765 1.738525493
-69.729149943 1.738990581
-69.746358195 1.735166525
-69.789197958 1.712790629
-69.807543091 1.707364603
-69.841184588 1.707579109
-69.856170614 1.707674663
-69.848806723 1.6688915
-69.849245972 1.600187684
-69.849607707 1.531483866
-69.84999528 1.462805888
-69.850357015 1.394050395
-69.850770426 1.325346578
-69.851106324 1.256616923
-69.851545574 1.187990621
-69.851933146 1.119260966
-69.852191529 1.059419657
-69.829350546 1.057249248
-69.787673503 1.084224345
-69.762558757 1.09109731
-69.749665487 1.09052887
-69.736823893 1.088358459
-69.728064738 1.082984111
-69.726514446 1.061021627
-69.716024129 1.058592835
-69.619905966 1.072752177
-69.596754924 1.071925354
-69.553295044 1.056835836
-69.542959757 1.055595601
-69.510093547 1.056112366
-69.478260865 1.060659892
-69.468726563 1.059419657
-69.459760701 1.05518219
-69.455419882 1.050738017
-69.452370972 1.046242167
-69.447280844 1.041694641
-69.428418946 1.030480855
-69.418161173 1.028620504
-69.3708514 1.062985332
-69.354960898 1.06706777
-69.338786174 1.064122213
-69.288815064 1.038439026
-69.274268148 1.028207093
-69.257189087 1.006916402
-69.240239217 0.995650941
-69.232849488 0.988364563
-69.230162314 0.979114482
-69.229128785 0.967435608
-69.226183228 0.957203675
-69.204324097 0.943664449
-69.209982666 0.907542623
-69.193885457 0.89209137
-69.170734416 0.883151347
-69.158926352 0.876175028
-69.152389283 0.867803446
-69.152337606 0.854264221
-69.159753174 0.849613342
-69.169313314 0.848063049
-69.175385295 0.844445699
-69.177607381 0.823568421
-69.167763022 0.778971659
-69.167763022 0.756027323
-69.174558472 0.745433655
-69.18502295 0.73768219
-69.19225765 0.728948873
-69.189260417 0.715151266
-69.181198894 0.707503154
-69.159494792 0.697322897
-69.152079224 0.690553283
-69.141201335 0.668177388
-69.137454794 0.650142314
-69.143655966 0.637533265
-69.162336996 0.631435445
-69.171406209 0.632779033
-69.190138917 0.639703674
-69.200603394 0.639496969
-69.208354858 0.634639384
-69.21905188 0.619549866
-69.226183228 0.614795634
-69.242383789 0.613762106
-69.278996542 0.619239807
-69.297057455 0.618102925
-69.292819987 0.645594788
-69.302147584 0.656550191
-69.320260173 0.656343486
-69.342326009 0.650245667
-69.362557332 0.640943909
-69.368939372 0.64440623
-69.439710246 0.715771382
-69.457874512 0.728070374
-69.478079997 0.732824606
-69.503711508 0.729620667
-69.523426066 0.720939026
-69.555646322 0.7001651
-69.574224 0.697943014
-69.594119426 0.689313049
-69.604583903 0.667402242
-69.619156657 0.650659078
-69.65127356 0.657377014
-69.679488892 0.67003774
-69.694681763 0.668745829
-69.732870646 0.638980205
-69.767545533 0.620686748
-69.805321005 0.606940816
-69.845912842 0.598672587
-69.91446163 0.594538473
-69.933891968 0.588957418
-69.952857218 0.58575348
-69.976499186 0.590404358
-69.999236817 0.589784241
-70.020656698 0.579862366
-70.039415243 0.574591369
-70.054246379 0.588130595
-70.056106731 0.518574117
-70.056830201 0.49304596
-70.058690552 0.425866598
-70.061377726 0.330885315
-70.064271607 0.221951396
-70.06726884 0.113017477
-70.069956015 0.0180361940001
-70.071816366 -0.049143168
-70.07248816 -0.0746713249999
-70.073805908 -0.124900818
-70.068043986 -0.160144145
-70.056365113 -0.181021423
-70.017556112 -0.22566986
-69.966654826 -0.272282003
-69.944356446 -0.305458273
-69.933633586 -0.314346619
-69.914978394 -0.321684672
-69.875239218 -0.330573018
-69.858108481 -0.341425069
-69.851674764 -0.35083018
-69.842295492 -0.373154399
-69.834776571 -0.383179626
-69.824777181 -0.390207621
-69.801755331 -0.400956319
-69.791445882 -0.40819102
-69.761576905 -0.440850525
-69.746461548 -0.453046163
-69.66649227 -0.482915141
-69.649516561 -0.492010193
-69.632075765 -0.506893006
-69.619750936 -0.524566345
-69.611715251 -0.544616801
-69.607064372 -0.566837666
-69.606573446 -0.596499939
-69.604532227 -0.606318461
-69.599261231 -0.616447041
-69.592698324 -0.624095154
-69.58696224 -0.632466736
-69.584223389 -0.644559021
-69.590760458 -0.668226827
-69.621973022 -0.715355733
-69.628380901 -0.733442484
-69.618355672 -0.756903585
-69.580683554 -0.799381612
-69.572725383 -0.813540955
-69.575670939 -0.839172465
-69.573242148 -0.849197692
-69.564198772 -0.863460388
-69.557506674 -0.869454854
-69.550246135 -0.873175557
-69.543295654 -0.878653259
-69.537327027 -0.88950531
-69.536215983 -0.901184184
-69.538618938 -0.910589294
-69.539239054 -0.920614522
-69.532598633 -0.934050395
-69.524278728 -0.940975037
-69.502471274 -0.950276794
-69.493143677 -0.956167907
-69.47123287 -0.98800059
-69.465135051 -0.99306488
-69.455083985 -0.994615173
-69.449968018 -0.996785583
-69.446919108 -1.000816345
-69.442862509 -1.008361104
-69.445032919 -1.01073822
-69.439761922 -1.048668721
-69.441932333 -1.059830831
-69.448288534 -1.080398051
-69.448159343 -1.092076925
-69.410461386 -1.152745056
-69.399454305 -1.182717387
-69.42110673 -1.238631286
-69.421065072 -1.239310157
-69.418316203 -1.284106547
-69.434697632 -1.376400655
-69.433948324 -1.422185974
-69.452267619 -1.490502217
-69.451931723 -1.510862732
-69.466426961 -1.561092224
-69.47761491 -1.622483826
-69.506967123 -1.783610941
-69.536319336 -1.94484141
-69.565697388 -2.105968526
-69.594997925 -2.267095642
-69.624350138 -2.428326111
-69.653702352 -2.589453227
-69.683080404 -2.750683695
-69.712406779 -2.911810811
-69.741733155 -3.072937927
-69.771162883 -3.234168396
-69.80046342 -3.395295512
-69.829815634 -3.556525981
-69.859167847 -3.717653096
-69.888520061 -3.878780212
-69.917846436 -4.040010681
-69.947198649 -4.201137797
-69.948335531 -4.20341156
-69.949420736 -4.20558197
-69.950557618 -4.20775238
-69.951694499 -4.209922791
-69.952779704 -4.2120932
-69.953916586 -4.214366963
-69.955079306 -4.216640726
-69.956112834 -4.218811137
-69.957198039 -4.220878194
-69.958334921 -4.223151957
-69.959420125 -4.22542572
-69.960505331 -4.22759613
-69.961642213 -4.22976654
-69.962727417 -4.232040304
-69.963864299 -4.234314067
-69.964949504 -4.236484477
-69.992751424 -4.180880635
-70.010218059 -4.155145772
-70.030501059 -4.131581319
-70.060499227 -4.107190043
-70.16170752 -4.055616964
-70.188398397 -4.028951924
-70.198940389 -3.995982361
-70.204573121 -3.960118916
-70.216975464 -3.924978943
-70.240875815 -3.890872497
-70.273561157 -3.856559346
-70.311104085 -3.82927419
-70.34957719 -3.815838318
-70.377689169 -3.818835551
-70.399212403 -3.831858012
-70.438512329 -3.867721456
-70.464247193 -3.878780212
-70.490886394 -3.878470154
-70.544293986 -3.865240987
-70.55496517 -3.857902934
-70.690641643 -3.786796163
-70.73412736 -3.782041931
-70.700563518 -3.729642028
-70.622118694 -3.607272237
-70.543725545 -3.485005798
-70.465280721 -3.362532654
-70.386835897 -3.240162862
-70.308365234 -3.11779307
-70.229946249 -2.995319926
-70.151501424 -2.873053487
-70.0730566 -2.750683695
-70.050629028 -2.71513031
-70.050448161 -2.714303487
-70.056003378 -2.712443136
-70.067475545 -2.703451436
-70.075795451 -2.691359151
-70.082125814 -2.676579691
-70.094967407 -2.632551371
-70.10579362 -2.625213317
-70.126205811 -2.638752543
-70.131941895 -2.647950948
-70.136437744 -2.658596293
-70.141837932 -2.666967875
-70.150467896 -2.669241638
-70.159717977 -2.663970642
-70.161474976 -2.655185648
-70.161139079 -2.645057068
-70.164084636 -2.635031839
-70.18387671 -2.619528911
-70.200904094 -2.624386495
-70.217518067 -2.63213796
-70.236069906 -2.625109965
-70.24730953 -2.607229919
-70.261391358 -2.564751892
-70.273948731 -2.546251729
-70.295885377 -2.535399679
-70.315083171 -2.541807556
-70.335107789 -2.554003194
-70.359602417 -2.560617778
-70.364615031 -2.557620544
-70.370919556 -2.550282491
-70.375725465 -2.541084086
-70.376345581 -2.532609151
-70.371565511 -2.527958272
-70.354538127 -2.521550394
-70.349628866 -2.518346456
-70.344926311 -2.496642354
-70.357535361 -2.486927185
-70.378774374 -2.484653422
-70.400245932 -2.484860128
-70.411330526 -2.487443949
-70.434843303 -2.497675883
-70.445256104 -2.498502706
-70.456986654 -2.492714945
-70.462593547 -2.48424001
-70.466107544 -2.474008077
-70.471921143 -2.463156026
-70.484452678 -2.452510681
-70.501996827 -2.44382904
-70.520910401 -2.43804128
-70.537731079 -2.43587087
-70.553208171 -2.428119405
-70.565533001 -2.413753357
-70.578607138 -2.405485128
-70.596073771 -2.416543884
-70.598580078 -2.425845642
-70.597753255 -2.437111104
-70.598631755 -2.446619568
-70.606357381 -2.450753683
-70.647595175 -2.450753683
-70.65446814 -2.445379333
-70.656250977 -2.433080342
-70.656225139 -2.419231059
-70.657542888 -2.409102478
-70.663718222 -2.398250427
-70.695240845 -2.372102152
-70.699039063 -2.370138448
-70.699064901 -2.341096293
-70.701442017 -2.333241475
-70.706583822 -2.328280538
-70.732473715 -2.324973246
-70.751051392 -2.320529073
-70.78787085 -2.307403259
-70.822364868 -2.284768982
-70.87419633 -2.229578552
-70.904556234 -2.211078389
-70.925252645 -2.220276795
-70.950315715 -2.215419209
-70.992716228 -2.197435812
-71.021448324 -2.196712341
-71.031990316 -2.210768331
-71.029794068 -2.233505961
-71.020621501 -2.258930766
-71.029690715 -2.263995056
-71.041421265 -2.265338643
-71.053926962 -2.262651469
-71.079119222 -2.24756195
-71.092219198 -2.247251892
-71.119969442 -2.252109477
-71.142810425 -2.262858175
-71.161930706 -2.310193786
-71.19024939 -2.324559835
-71.209059612 -2.339235941
-71.219859986 -2.341509704
-71.230453654 -2.337995707
-71.242442586 -2.329107361
-71.253346314 -2.326626892
-71.26817745 -2.332414653
-71.289054729 -2.343370056
-71.307606568 -2.347814229
-71.315461385 -2.334068298
-71.386981568 -2.368898214
-71.420829631 -2.376029562
-71.432146769 -2.355152282
-71.428167684 -2.347504171
-71.414370077 -2.335101827
-71.411631226 -2.326626892
-71.415248577 -2.316291605
-71.438968059 -2.286215922
-71.456486369 -2.255106709
-71.466666627 -2.251489359
-71.480567587 -2.265752055
-71.490437786 -2.303269144
-71.498137573 -2.315051371
-71.514053915 -2.307403259
-71.520978556 -2.292107035
-71.522270468 -2.250352477
-71.527128052 -2.231542257
-71.538393514 -2.222963969
-71.59596106 -2.211078389
-71.616631633 -2.19991628
-71.635235149 -2.185550232
-71.654923869 -2.173768005
-71.678539999 -2.169530537
-71.712026327 -2.186790466
-71.731404989 -2.189891052
-71.739983277 -2.172941182
-71.73848466 -2.137697855
-71.746132773 -2.132323507
-71.767940227 -2.142245382
-71.826127889 -2.179039001
-71.836204794 -2.179762471
-71.841062379 -2.190097757
-71.877184204 -2.245288187
-71.924416463 -2.281875102
-71.931754517 -2.289626566
-71.93635372 -2.311847432
-71.94865271 -2.324146424
-71.966274374 -2.328487243
-72.028957886 -2.319598897
-72.061514039 -2.320012308
-72.089419312 -2.330967712
-72.117376261 -2.355152282
-72.161456259 -2.405691833
-72.176390747 -2.410342712
-72.240934611 -2.3954599
-72.25095984 -2.396286722
-72.276694702 -2.401557719
-72.281862345 -2.405691833
-72.280983846 -2.4261557
-72.28382605 -2.433183695
-72.292404338 -2.43587087
-72.315658732 -2.438351338
-72.355604615 -2.448893331
-72.378032187 -2.450753683
-72.396584026 -2.446516215
-72.414257365 -2.437111104
-72.427538209 -2.425018819
-72.432654175 -2.412926534
-72.441594198 -2.405175069
-72.544120239 -2.389052022
-72.562982138 -2.383057556
-72.608405722 -2.346367289
-72.625975708 -2.336858825
-72.644320842 -2.334068298
-72.656826538 -2.350191345
-72.683181519 -2.404761658
-72.695842245 -2.416543884
-72.712430379 -2.422124939
-72.718321493 -2.419851176
-72.721732137 -2.393702901
-72.724574341 -2.383470968
-72.728760132 -2.374685974
-72.73372107 -2.367554627
-72.746071737 -2.37344574
-72.754184937 -2.380680441
-72.759042521 -2.389982198
-72.76167802 -2.402281188
-72.787981324 -2.38357432
-72.804672811 -2.37778656
-72.829477499 -2.390188903
-72.858054566 -2.400317485
-72.869991822 -2.411789652
-72.88378943 -2.416750589
-72.926164104 -2.425225524
-72.935414185 -2.425328878
-72.943269002 -2.419024353
-72.952777466 -2.402281188
-72.969779013 -2.356082458
-72.98430009 -2.343370056
-72.987555706 -2.337685649
-73.056440389 -2.2998585
-73.058869182 -2.310607198
-73.070703085 -2.333241475
-73.083828899 -2.345127055
-73.089978394 -2.323836364
-73.09886674 -2.314948018
-73.142481649 -2.304095967
-73.158914755 -2.293037211
-73.161395224 -2.285389099
-73.166304484 -2.255520121
-73.169456746 -2.250145772
-73.183099325 -2.239707133
-73.186251587 -2.234746196
-73.188318645 -2.22875173
-73.197775432 -2.213558858
-73.199842489 -2.203740336
-73.198550578 -2.193818461
-73.195294963 -2.187203878
-73.186251587 -2.176351827
-73.149923055 -2.143588969
-73.140517944 -2.121884867
-73.111062378 -2.073412374
-73.124549927 -2.060803324
-73.132353069 -2.039822693
-73.13783077 -2.016878357
-73.144600383 -1.998171488
-73.161963664 -1.972436625
-73.168733277 -1.959310811
-73.172557333 -1.943601176
-73.171162069 -1.929545186
-73.161136841 -1.904430441
-73.158914755 -1.895232035
-73.164702516 -1.878488871
-73.188318645 -1.850686951
-73.193641318 -1.836837667
-73.186251587 -1.799630636
-73.1930212 -1.788675232
-73.201392782 -1.783300883
-73.21069454 -1.779270121
-73.220306357 -1.772345479
-73.247023071 -1.742373148
-73.257255006 -1.742373148
-73.261337444 -1.768831482
-73.267693644 -1.772242126
-73.301231649 -1.763560486
-73.31657955 -1.765420837
-73.332702596 -1.781130472
-73.340299032 -1.792189229
-73.350530966 -1.790638936
-73.374560507 -1.768831482
-73.387066203 -1.760873312
-73.399158488 -1.759219665
-73.410217245 -1.75973643
-73.424428264 -1.758082784
-73.435435344 -1.759529724
-73.440086222 -1.758702901
-73.441533163 -1.755292257
-73.444840454 -1.741856384
-73.446287395 -1.738135681
-73.510934612 -1.698551534
-73.530985067 -1.673746846
-73.528814657 -1.635092875
-73.517420003 -1.602019959
-73.508815877 -1.586827087
-73.484527954 -1.572461039
-73.483546102 -1.553340759
-73.494062256 -1.511586202
-73.49545752 -1.498460388
-73.495276652 -1.487918396
-73.497162842 -1.477996521
-73.504888469 -1.467247823
-73.525972454 -1.451744893
-73.537134563 -1.434278259
-73.574212403 -1.416914978
-73.583436646 -1.401722107
-73.567752849 -1.38270518
-73.562921103 -1.372163187
-73.578579061 -1.364928487
-73.584263469 -1.358313904
-73.588966024 -1.35025238
-73.590878052 -1.343431091
-73.59206661 -1.321726989
-73.593978638 -1.313355407
-73.5971309 -1.306120707
-73.600877442 -1.305190532
-73.614184123 -1.307050883
-73.618214885 -1.306120707
-73.62002356 -1.301573181
-73.621548015 -1.290617778
-73.628808554 -1.275114848
-73.631392375 -1.264056091
-73.636560018 -1.255167745
-73.660072795 -1.248346455
-73.67911556 -1.234290466
-73.690200155 -1.231086527
-73.713402874 -1.227159119
-73.732368124 -1.216513773
-73.746372437 -1.201320902
-73.754718181 -1.183337504
-73.769781861 -1.188918558
-73.785853232 -1.21424001
-73.802544719 -1.223645121
-73.814481974 -1.223335063
-73.830475831 -1.219924418
-73.857166708 -1.210519307
-73.871015991 -1.201424256
-73.880756999 -1.190985616
-73.898766236 -1.162770284
-73.914114136 -1.123082784
-73.919901897 -1.113781026
-73.936412517 -1.10778656
-73.967625082 -1.114814555
-73.981293498 -1.107476502
-73.982688761 -1.099208272
-73.973335327 -1.081638285
-73.974472209 -1.073370056
-73.982792114 -1.066238708
-73.987830567 -1.068925883
-73.991344564 -1.07533376
-73.994961915 -1.079674581
-74.00589148 -1.084842224
-74.0111108 -1.090009867
-74.016795207 -1.09156016
-74.029094198 -1.086392517
-74.037207398 -1.079674581
-74.042039144 -1.071096293
-74.065448568 -1.001436463
-74.076894898 -0.99089447
-74.092371989 -1.020143331
-74.119631307 -1.020970154
-74.180531983 -0.997715759
-74.240192424 -0.986863709
-74.26675411 -0.972290955
-74.289130006 -0.943042094
-74.3033927 -0.897773539
-74.313366252 -0.88444102
-74.338325969 -0.867697856
-74.344423788 -0.858602803
-74.337550822 -0.846820576
-74.325148479 -0.844546814
-74.30905127 -0.847337341
-74.295124472 -0.847337341
-74.289130006 -0.836278585
-74.294607707 -0.823669535
-74.304839641 -0.813127543
-74.310601563 -0.801448669
-74.302798422 -0.785428976
-74.310575725 -0.782018331
-74.327861491 -0.781501566
-74.337550822 -0.778607686
-74.344320435 -0.77406016
-74.378194337 -0.73654307
-74.385144816 -0.721970316
-74.384757244 -0.702850036
-74.380132202 -0.694271749
-74.367264771 -0.683212992
-74.364887655 -0.676184997
-74.412662517 -0.573142192
-74.414677898 -0.564150492
-74.414716937 -0.563756556
-74.415814779 -0.552678325
-74.417959351 -0.542653096
-74.422920289 -0.538312276
-74.436537029 -0.537795512
-74.441885539 -0.535521748
-74.450567179 -0.521569112
-74.463770509 -0.506789652
-74.47563025 -0.496454366
-74.536350058 -0.459970805
-74.562394979 -0.439403585
-74.604459595 -0.394961853
-74.632726604 -0.347419535
-74.642312582 -0.339771423
-74.653087118 -0.341941834
-74.661407023 -0.346799418
-74.667711548 -0.35155365
-74.672750001 -0.354034119
-74.686573446 -0.353414001
-74.692516236 -0.349693298
-74.69564266 -0.344629008
-74.700732788 -0.339771423
-74.70765743 -0.33460378
-74.711843221 -0.33026296
-74.718121908 -0.327265727
-74.74300411 -0.324888611
-74.762692831 -0.31982432
-74.773002279 -0.318687438
-74.790701457 -0.312589619
-74.782846639 -0.299153747
-74.755328939 -0.278276469
-74.789461222 -0.20903005
-74.80369808 -0.188979594
-74.824652873 -0.170479431
-74.836538453 -0.173269958
-74.861472331 -0.213164164
-74.872711955 -0.221949157
-74.882711345 -0.222775981
-74.899325318 -0.216781514
-74.933457602 -0.209443461
-74.954877482 -0.20003835
-74.968210002 -0.189703064
-75.009111898 -0.145261332
-75.015364746 -0.140507101
-75.024692343 -0.137716573
-75.042236491 -0.137303161
-75.050737264 -0.134305929
-75.062312786 -0.123143819
-75.10163855 -0.0690902699999
-75.120655478 -0.0541041049999
-75.141687786 -0.0434587599999
-75.186697957 -0.0312631219999
-75.206748414 -0.0290927119999
-75.222096314 -0.0324000039999
-75.23170813 -0.0426319379999
-75.235118775 -0.0619589239999
-75.240131389 -0.0747746779999
-75.252533733 -0.0895541379999
-75.268346721 -0.101749776
-75.283487915 -0.107020772
-75.30196224 -0.0960653689999
-75.365446737 -0.0728109739999
-75.421412313 -0.0621656289999
-75.440894329 -0.048109639
-75.464923869 -0.0397380569999
-75.523111532 -0.00397796599989
-75.570137085 0.037983297
-75.587965455 0.0438744100001
-75.598249065 0.0503856410001
-75.610961467 0.0646483360001
-75.626774455 0.0789110310001
-75.646669881 0.0854222620001
-75.665505941 0.0831484990001
-75.708629924 0.0733299770001
-75.731625936 0.071159567
-75.753846802 0.073019918
-75.773225464 0.077774149
-75.789710246 0.0843887330001
-75.817873902 0.100098369
-75.857974813 0.12976064
-75.866346395 0.143506572
-75.927117879 0.181023662
-75.951974244 0.203967997
-75.962981324 0.220091044
-75.96752885 0.239314677
-75.972489787 0.251923727
-76.03951412 0.336673076
-76.04385494 0.348558655
-76.053466757 0.36354482
-76.075997681 0.360754293
-76.101319133 0.352692769
-76.119560914 0.351762594
-76.124676881 0.359617411
-76.130309611 0.386075745
-76.136304078 0.39672109
-76.14467566 0.400441793
-76.155837769 0.401268616
-76.177593547 0.400131735
-76.202088176 0.40178538
-76.223740601 0.406746318
-76.243687704 0.415427958
-76.262911337 0.428037008
-76.290506552 0.457182516
-76.300480103 0.461626689
-76.311590536 0.458526103
-76.329728964 0.444780172
-76.334948284 0.441679586
-76.340529338 0.436615296
-76.365385702 0.406953023
-76.37468746 0.403542378
-76.385332805 0.401475322
-76.406933554 0.400131735
-76.41639034 0.401888733
-76.415873577 0.395377503
-76.418354045 0.320860087
-76.408018758 0.254507548
-76.425692099 0.242725322
-76.524910848 0.231253154
-76.550800741 0.217920635
-76.565425172 0.216060283
-76.584338745 0.222571513
-76.611055461 0.247479553
-76.626868449 0.25853831
-76.641234497 0.262775778
-76.689965373 0.268150126
-76.724536906 0.277555237
-76.736887574 0.272904358
-76.734355428 0.233113505
-76.749599976 0.232700094
-76.785256714 0.248719788
-76.797865764 0.249960022
-76.867318889 0.239521382
-76.882460083 0.2401415
-76.896826132 0.245309143
-76.913879354 0.25781484
-76.935686808 0.279829
-76.945867066 0.287063701
-76.962455201 0.292851461
-76.97490922 0.294918518
-77.01490678 0.295641988
-77.044620728 0.305667216
-77.082861288 0.348868713
-77.10385608 0.354140948
-77.117432821 0.357550354
-77.134796102 0.354346416
-77.185180624 0.335432841
-77.206936402 0.334192607
-77.222542685 0.338843486
-77.237270467 0.346388245
-77.256132366 0.353209534
-77.362534139 0.374810283
-77.397467407 0.387626038
-77.424390829 0.40829661
-77.434726116 0.433824769
-77.439118612 0.463693746
-77.448161988 0.497283427
-77.454569865 0.60239329
-77.468057414 0.650865784
-77.509346884 0.66120107
-77.514137795 0.660531216
-77.543349976 0.656446838
-77.579833537 0.670916239
-77.64556596 0.716288147
-77.666804973 0.747707418
-77.673316203 0.819641012
-77.703185181 0.843102112
-77.727886515 0.843308818
-77.807623251 0.813026428
-77.827725383 0.808892314
-77.847982544 0.809254048
-77.869324911 0.814059957
-77.892630982 0.823051656
-77.90322465 0.832095032
-77.905291708 0.842895406
-77.904981649 0.85400584
-77.908547323 0.864186096
-77.918262492 0.87441803
-77.923068401 0.875038147
-77.928184367 0.872350972
-77.939036418 0.872557678
-78.007042603 0.898189189
-78.077942668 0.900773011
-78.120007284 0.921236878
-78.250154379 1.019628804
-78.270618246 1.030480855
-78.330071981 1.04650055
-78.3492181 1.055802307
-78.372808391 1.073785705
-78.466911174 1.178378805
-78.478122651 1.187119956
-78.485204631 1.1926415
-78.540601767 1.205353902
-78.55561377 1.204113668
-78.570057333 1.195845439
-78.575690064 1.211968486
-78.596619019 1.234085998
-78.600443075 1.244421285
-78.602148397 1.263644918
-78.611527669 1.266435445
-78.625557821 1.261991272
-78.641267456 1.25940745
-78.66467688 1.266642151
-78.684288087 1.281886698
-78.699351766 1.302040507
-78.709196126 1.32415802
-78.719479736 1.341056214
-78.748986979 1.36485321
-78.769967611 1.394102072
-78.8286544484 1.43432624323
-78.812855598 1.441799221
-78.819569465 1.459702867
-78.831939257 1.470363674
-78.845204231 1.478827216
-78.854481575 1.490179755
-78.855620898 1.505438544
-78.853505012 1.524400132
-78.853342252 1.543361721
-78.860707161 1.55849844
-78.867095507 1.560288804
-78.87999427 1.554144598
-78.899599347 1.545328417
-78.907931751 1.555049163
-78.918115279 1.56430607
-78.931078677 1.5661576
-78.940800744 1.57495114
-78.96257099 1.586986923
-78.971512915 1.591281121
-78.997980077 1.607936954
-79.012686312 1.623613374
-79.021511547 1.638310358
-79.016611534 1.654964673
-79.008769754 1.664760146
-78.99308466 1.670634053
-78.973479632 1.675526632
-78.955839936 1.692179301
-78.94016327 1.7225583
-78.926442727 1.741178241
-78.900958476 1.766663027
-78.880371745 1.790193196
-78.866645051 1.804905033
-78.846051956 1.821585486
-78.799387174 1.83201732
-78.776844856 1.828436591
-78.759447806 1.830547266
-78.737600276 1.825800734
-78.718604442 1.817256321
-78.697255012 1.812079169
-78.663726366 1.809759833
-78.64159095 1.80487702
-78.612635847 1.801310645
-78.607538321 1.798764066
-78.600527359 1.790488726
-78.59097342 1.783484927
-78.580788149 1.780299772
-78.571230418 1.782207066
-78.571848619 1.796212322
-78.570563936 1.803852028
-78.566726718 1.819768385
-78.553327552 1.834412355
-78.546295613 1.859884284
-78.554066536 1.876206773
-78.552845832 1.891180731
-78.551177538 1.89447663
-78.54784095 1.899318752
-78.545155403 1.905910549
-78.545399543 1.914740302
-78.548350347 1.920613375
-78.552299572 1.916645812
-78.558482815 1.904170269
-78.571496681 1.896806241
-78.591367124 1.896842641
-78.597630307 1.90988494
-78.598209061 1.928567313
-78.593820767 1.948879299
-78.592518684 1.964056708
-78.587473111 1.98847077
-78.586333788 2.000392971
-78.589588996 2.009100653
-78.597727017 2.019354559
-78.608021614 2.027980861
-78.617990689 2.03143952
-78.629017707 2.025336005
-78.637196418 2.012355861
-78.647474134 1.98064128
-78.658243586 1.974992279
-78.665605778 1.982915292
-78.667347786 2.003648179
-78.670683595 2.030994482
-78.68298692 2.065041284
-78.691768767 2.112479953
-78.700548438 2.146743957
-78.703158747 2.189805173
-78.691705934 2.214419156
-78.679361093 2.241683269
-78.672298279 2.26719001
-78.645375129 2.278265692
-78.636952278 2.306586005
-78.607411262 2.359808661
-78.585682746 2.403143622
-78.574086067 2.433172919
-78.558990038 2.44916413
-78.565297004 2.432562567
-78.566273567 2.415513414
-78.56358802 2.39834219
-78.558990038 2.381537177
-78.544911262 2.426743882
-78.536202908 2.475151515
-78.525045133 2.495506662
-78.506457945 2.490871279
-78.481388477 2.522313629
-78.456333374 2.551898515
-78.432215846 2.587028252
-78.410887104 2.595331203
-78.393276488 2.61196318
-78.371963268 2.632291167
-78.346018239 2.647985921
-78.333972984 2.647045418
-78.324706693 2.623909973
-78.31359515 2.597081555
-78.297860033 2.571180762
-78.277503606 2.54250937
-78.254750129 2.541896877
-78.265463334 2.575777132
-78.271009392 2.604440755
-78.270076331 2.63495207
-78.261743375 2.649741391
-78.246930744 2.663600774
-78.235825577 2.646015167
-78.22843127 2.6154957
-78.23491747 2.593315008
-78.224744656 2.576667705
-78.21550106 2.555402443
-78.207753059 2.537339585
-78.193104621 2.521429755
-78.184396939 2.515204169
-78.148793098 2.497544664
-78.132476366 2.492743231
-78.122954882 2.493638414
-78.10655677 2.504380601
-78.086659309 2.510565497
-78.085275845 2.516058661
-78.085072395 2.52358633
-78.085764127 2.529852606
-78.086659309 2.531683661
-78.08311927 2.537543036
-78.081654426 2.541489976
-78.081361246 2.577489655
-78.085049306 2.592281302
-78.089662757 2.60799646
-78.099826974 2.624637143
-78.105364944 2.642204308
-78.096104902 2.65145139
-78.073901625 2.646820263
-78.063717987 2.654210089
-78.03965607 2.655126742
-78.021146998 2.654194966
-78.00448539 2.655113608
-77.991517114 2.663432042
-77.969283355 2.676372319
-77.94984013 2.674518088
-77.935861783 2.662054755
-77.925445116 2.643215236
-77.917591926 2.632269598
-77.906890429 2.629461981
-77.888050911 2.634711005
-77.897043424 2.619086005
-77.905425585 2.598211981
-77.904286262 2.579982815
-77.884348111 2.572088934
-77.872547981 2.570786851
-77.852365689 2.566107489
-77.839670377 2.565863348
-77.813832161 2.571234442
-77.802398241 2.572088934
-77.777943489 2.577704169
-77.760406054 2.591620184
-77.75121009 2.60960521
-77.751535611 2.627264716
-77.757639127 2.639960028
-77.768910286 2.657171942
-77.783355273 2.671372789
-77.798695442 2.67572663
-77.798695442 2.681870835
-77.778187629 2.681870835
-77.778187629 2.689398505
-77.791330533 2.691961981
-77.797596809 2.698716539
-77.797759569 2.707668361
-77.792469856 2.716701565
-77.802886523 2.719387111
-77.806304491 2.725531317
-77.804432746 2.734076239
-77.798695442 2.743963934
-77.807525194 2.745794989
-77.811756965 2.748480536
-77.812855598 2.75409577
-77.812367317 2.764471747
-77.794789192 2.757269598
-77.780913866 2.763169664
-77.768299934 2.77334219
-77.754628059 2.778753973
-77.748199023 2.779527085
-77.7392472 2.782049872
-77.733550585 2.786118882
-77.737212694 2.791734117
-77.745513476 2.79315827
-77.761952278 2.785589911
-77.77074134 2.785589911
-77.785755989 2.794826565
-77.781849739 2.802150783
-77.77082272 2.80874258
-77.764556444 2.815659898
-77.757639127 2.813299872
-77.741566536 2.810044664
-77.723215299 2.80874258
-77.709339973 2.812241929
-77.705189582 2.805650132
-77.698475715 2.797512111
-77.69627845 2.791734117
-77.688832161 2.791734117
-77.698597786 2.813137111
-77.73542233 2.822495835
-77.723540819 2.840155341
-77.70815996 2.848456122
-77.693592903 2.850165106
-77.680246549 2.853664455
-77.668324348 2.867499091
-77.658599413 2.86347077
-77.650705533 2.859116929
-77.644886848 2.853745835
-77.64171302 2.846380927
-77.636057095 2.869614976
-77.657704231 2.876898505
-77.688221809 2.872503973
-77.709339973 2.860663153
-77.714914517 2.875677802
-77.715687629 2.897528387
-77.710072395 2.91811758
-77.69627845 2.928941148
-77.682606575 2.927313544
-77.673451301 2.919175523
-77.66519121 2.909247137
-77.654652473 2.901597398
-77.643381314 2.898138739
-77.640126106 2.900051174
-77.639068163 2.90615469
-77.634185351 2.915350653
-77.625070767 2.924465236
-77.620716926 2.927679755
-77.619699674 2.931586005
-77.620513476 2.942613023
-77.623931444 2.947984117
-77.6376847 2.951727606
-77.64171302 2.956244208
-77.641468879 2.961330471
-77.635894335 2.96482982
-77.631092903 2.977972723
-77.625884569 2.979681708
-77.623158332 2.981838283
-77.627349413 2.991034247
-77.63390052 2.994859117
-77.642160611 2.994289455
-77.649769661 2.995550848
-77.654652473 3.004706122
-77.656117317 2.997503973
-77.65754147 2.995835679
-77.65754147 2.995184637
-77.654652473 2.991034247
-77.665435351 2.98456452
-77.676625129 2.982326565
-77.685414192 2.985907294
-77.688832161 2.997259833
-77.713937955 2.974758205
-77.723540819 2.969916083
-77.721791145 2.982001044
-77.685023288 3.025839156
-77.662256367 3.058458759
-77.647706848 3.07385283
-77.571428685 3.138075139
-77.551437011 3.17514888
-77.53962884 3.196844681
-77.525120718 3.201353588
-77.508656379 3.194566148
-77.505523241 3.204575914
-77.504505989 3.213202216
-77.501820442 3.223374742
-77.494862434 3.223618882
-77.485747851 3.221380927
-77.479683975 3.227463768
-77.485436417 3.237703861
-77.500799922 3.244758117
-77.516177241 3.239661555
-77.538601648 3.237124141
-77.541794519 3.246080663
-77.529603722 3.261417016
-77.505238631 3.282491318
-77.488572765 3.292702895
-77.464864341 3.301625682
-77.477658404 3.313153257
-77.476551887 3.333644924
-77.468658007 3.344671942
-77.457386848 3.356146552
-77.445464648 3.36322663
-77.435617642 3.360988674
-77.41905677 3.365220445
-77.404855924 3.36717357
-77.400461392 3.370021877
-77.380970832 3.387640692
-77.358509895 3.345770575
-77.343739387 3.329413153
-77.318918424 3.319973049
-77.323475715 3.331122137
-77.35676022 3.370917059
-77.365630663 3.385646877
-77.367054817 3.402085679
-77.362456835 3.417792059
-77.353016731 3.42983633
-77.349436002 3.421332098
-77.342681444 3.412054755
-77.336089648 3.407171942
-77.33315996 3.411810614
-77.335194465 3.419256903
-77.344146288 3.432033596
-77.346180793 3.436021226
-77.34113522 3.456244208
-77.331695116 3.473334052
-77.326283332 3.490668036
-77.33315996 3.5117862
-77.322906054 3.512396552
-77.312733528 3.5117862
-77.315825976 3.506903387
-77.317738411 3.501776434
-77.318674283 3.495550848
-77.318918424 3.487616278
-77.316151496 3.48037344
-77.30980384 3.480210679
-77.300282356 3.486558335
-77.282826301 3.485174872
-77.278187629 3.482611395
-77.269154426 3.473944403
-77.264271614 3.470851955
-77.265492317 3.48041413
-77.269439257 3.487941799
-77.275868293 3.493475653
-77.284779426 3.497503973
-77.280506965 3.499701239
-77.275868293 3.502997137
-77.271717903 3.504950262
-77.290516731 3.511542059
-77.298980273 3.5117862
-77.294789192 3.521144924
-77.291005012 3.52366771
-77.285959439 3.521918036
-77.277943489 3.517971096
-77.274891731 3.532782294
-77.289051887 3.538072007
-77.3095597 3.536851304
-77.325754361 3.532212632
-77.321766731 3.547837632
-77.310536262 3.550197658
-77.294992642 3.54702383
-77.277943489 3.545884507
-77.283192512 3.548570054
-77.293568489 3.555894273
-77.298980273 3.558986721
-77.293283658 3.561183986
-77.289906379 3.563421942
-77.285878059 3.565334377
-77.277943489 3.56639232
-77.280995246 3.57046133
-77.284779426 3.580633856
-77.264759895 3.585028387
-77.243763801 3.586900132
-77.243763801 3.580633856
-77.248605924 3.571519273
-77.238840299 3.571682033
-77.209624804 3.580633856
-77.22386634 3.584214585
-77.227162239 3.591009833
-77.222645637 3.600165106
-77.204904752 3.62124258
-77.198638476 3.633530992
-77.189198371 3.662583726
-77.177723762 3.654445705
-77.169545051 3.65224844
-77.161854621 3.655951239
-77.151275194 3.665716864
-77.140288866 3.669826565
-77.124867317 3.673732815
-77.11827552 3.678045966
-77.13394121 3.683050848
-77.147206184 3.681097723
-77.160552538 3.676214911
-77.170806444 3.677191473
-77.174916145 3.692694403
-77.167876757 3.694973049
-77.152211067 3.697943427
-77.135731575 3.704413153
-77.126454231 3.717230536
-77.143666145 3.71507396
-77.185414192 3.703599351
-77.198719856 3.710028387
-77.202951627 3.725490627
-77.200795051 3.743475653
-77.195423957 3.758205471
-77.167388476 3.737941799
-77.152333137 3.733099677
-77.13019772 3.731512762
-77.125640429 3.733547268
-77.128244595 3.737982489
-77.135365364 3.742499091
-77.144439257 3.744533596
-77.155262825 3.744452216
-77.163441536 3.745347398
-77.169789192 3.749253648
-77.174916145 3.758205471
-77.158436653 3.756903387
-77.144439257 3.759588934
-77.133656379 3.766750393
-77.126454231 3.778713283
-77.141997851 3.788478908
-77.151478645 3.800441799
-77.150380012 3.813666083
-77.13394121 3.827093817
-77.12612871 3.821600653
-77.121490038 3.81635163
-77.119699674 3.809515692
-77.120269335 3.799139716
-77.105620898 3.813462632
-77.111887174 3.834051825
-77.11449134 3.852606512
-77.068592903 3.867743231
-77.056304491 3.884344794
-77.046009895 3.902777411
-77.031564908 3.915838934
-77.031564908 3.92206452
-77.093006965 3.909002997
-77.093006965 3.915838934
-77.086008267 3.91815827
-77.07933509 3.92206452
-77.104644335 3.92177969
-77.116078254 3.923814195
-77.126454231 3.929510809
-77.123036262 3.886135158
-77.181141731 3.852972723
-77.253163215 3.840806382
-77.291615364 3.860581773
-77.289540168 3.869818427
-77.275217252 3.877752997
-77.271717903 3.885402736
-77.275257942 3.889227606
-77.292632616 3.897772528
-77.304798957 3.905829169
-77.309152799 3.905951239
-77.311756965 3.908433335
-77.312733528 3.919012762
-77.311634895 3.927557684
-77.309152799 3.934800523
-77.305246549 3.943182684
-77.300200976 3.969142971
-77.295074023 3.977972723
-77.284779426 3.984076239
-77.270415819 3.986395575
-77.260894335 3.983140367
-77.259999153 3.975409247
-77.271717903 3.964260158
-77.223988411 3.971991278
-77.209624804 3.977280992
-77.209624804 3.984076239
-77.243763801 3.977280992
-77.2392472 3.989935614
-77.232289192 4.001206773
-77.205393033 4.032619533
-77.189198371 4.067328192
-77.199818489 4.066880601
-77.204741991 4.068101304
-77.206939257 4.072170315
-77.209624804 4.080308335
-77.224924283 4.076971747
-77.236683723 4.085353908
-77.248605924 4.098211981
-77.264271614 4.108221747
-77.259999153 4.098537502
-77.258534309 4.087632554
-77.259999153 4.076890367
-77.264271614 4.067328192
-77.272938606 4.072088934
-77.281605598 4.073553778
-77.290394661 4.071844794
-77.298980273 4.067328192
-77.298980273 4.059881903
-77.29409746 4.055487372
-77.293771939 4.054999091
-77.296009895 4.053371486
-77.298980273 4.045599677
-77.303456184 4.049790757
-77.306507942 4.05097077
-77.310699023 4.051255601
-77.318918424 4.053045966
-77.315825976 4.034247137
-77.318918424 4.006537177
-77.326324023 3.981390692
-77.336537239 3.970445054
-77.339711067 3.964422919
-77.343251106 3.936957098
-77.346180793 3.929510809
-77.362131314 3.928045966
-77.374663866 3.936428127
-77.379790819 3.950018622
-77.373524543 3.964260158
-77.425038215 4.004584052
-77.43077552 4.012640692
-77.435170051 4.029364325
-77.430409309 4.044012762
-77.408273892 4.045599677
-77.419829882 4.060207424
-77.423980273 4.067328192
-77.431141731 4.094387111
-77.435047981 4.12490469
-77.435170051 4.155218817
-77.432850715 4.169012762
-77.426665819 4.180365302
-77.41510983 4.190171617
-77.401193814 4.193304755
-77.38776608 4.191717841
-77.377552864 4.193589585
-77.373524543 4.20693594
-77.369618293 4.213934637
-77.360096809 4.221136786
-77.348052538 4.224676825
-77.336537239 4.220607815
-77.319813606 4.200832424
-77.313099739 4.198879299
-77.298980273 4.20319245
-77.280995246 4.213771877
-77.264963345 4.228745835
-77.236317512 4.265326239
-77.320912239 4.266343492
-77.336537239 4.268744208
-77.350331184 4.285793361
-77.387196418 4.347235419
-77.358998176 4.387193101
-77.353016731 4.40249258
-77.345082161 4.44554271
-77.335113085 4.46092357
-77.312733528 4.471380927
-77.312733528 4.478176174
-77.33315996 4.471380927
-77.330433723 4.499660549
-77.319569465 4.546616929
-77.318918424 4.6836612
-77.315663215 4.674383856
-77.311675585 4.667181708
-77.306304491 4.661200262
-77.298980273 4.655707098
-77.294422981 4.665716864
-77.291615364 4.682074286
-77.294992642 4.697333075
-77.318837043 4.709662177
-77.322132942 4.72284577
-77.323109504 4.738755601
-77.325754361 4.752508856
-77.303334114 4.749212958
-77.285796679 4.737005927
-77.272938606 4.720607815
-77.264271614 4.704087632
-77.258046028 4.704087632
-77.269764778 4.736070054
-77.312163866 4.787176825
-77.318918424 4.820868231
-77.323597786 4.818793036
-77.335357226 4.815497137
-77.339995898 4.813381252
-77.3486222 4.854193427
-77.36050371 4.982489325
-77.366688606 4.998928127
-77.372873502 5.149155992
-77.367909309 5.183254299
-77.358998176 5.215643622
-77.346180793 5.244777736
-77.36058509 5.253485419
-77.361561653 5.275213934
-77.359201627 5.297308661
-77.363596158 5.307440497
-77.373036262 5.315659898
-77.378244595 5.335191148
-77.380970832 5.37506745
-77.39574134 5.370347398
-77.404652473 5.374701239
-77.408558723 5.386175848
-77.408273892 5.403021552
-77.401478645 5.403021552
-77.396962043 5.39842357
-77.393422004 5.395941473
-77.388783332 5.397040106
-77.380970832 5.403021552
-77.391265429 5.409572658
-77.395334439 5.418687242
-77.402577278 5.449652411
-77.401600715 5.45311107
-77.402251757 5.45722077
-77.408273892 5.464504299
-77.412912564 5.466213283
-77.429310676 5.46893952
-77.435617642 5.471340236
-77.446888801 5.482082424
-77.453968879 5.492621161
-77.46214759 5.501044012
-77.476551887 5.505438544
-77.490874804 5.505438544
-77.501332161 5.502427476
-77.507923957 5.495754299
-77.510650194 5.484930731
-77.522694465 5.495550848
-77.534535286 5.494940497
-77.544789192 5.491115627
-77.552235481 5.491848049
-77.559193489 5.503078518
-77.556874153 5.51190827
-77.54784095 5.517645575
-77.534901496 5.51972077
-77.526234504 5.530178127
-77.502756314 5.579250393
-77.490834114 5.594794012
-77.481841601 5.59760163
-77.459543424 5.599025783
-77.449818489 5.60162995
-77.437896288 5.610174872
-77.429107226 5.618963934
-77.419504361 5.625677802
-77.404855924 5.628363348
-77.387196418 5.623195705
-77.37218177 5.61347077
-77.355620898 5.607896226
-77.33315996 5.615301825
-77.326771614 5.62128327
-77.324452278 5.627386786
-77.322987434 5.634426174
-77.318918424 5.642564195
-77.317941861 5.647040106
-77.319732226 5.658514716
-77.318918424 5.663031317
-77.314442512 5.66429271
-77.307850715 5.663031317
-77.301665819 5.662543036
-77.298980273 5.666164455
-77.294300911 5.676947333
-77.283273892 5.685777085
-77.27061927 5.693548895
-77.261138476 5.700913804
-77.254505989 5.71092357
-77.249419726 5.722316799
-77.245920377 5.734198309
-77.243763801 5.745672919
-77.246449348 5.787339585
-77.261586067 5.822495835
-77.302398241 5.888251044
-77.30589759 5.891506252
-77.312733528 5.896429755
-77.31346595 5.918402411
-77.353016731 6.026190497
-77.36046302 6.026190497
-77.36046302 5.998928127
-77.366688606 5.998928127
-77.382801887 6.042629299
-77.408436653 6.08197663
-77.46971595 6.15648021
-77.480620898 6.174058335
-77.484364387 6.188788153
-77.483387825 6.228501695
-77.476551887 6.264064846
-77.475697395 6.281561591
-77.483387825 6.294338283
-77.476551887 6.300523179
-77.439035611 6.26947663
-77.41510983 6.239081122
-77.405018684 6.24624258
-77.394886848 6.263576565
-77.380970832 6.300523179
-77.377593554 6.319240627
-77.376698371 6.336859442
-77.377919075 6.35179271
-77.380970832 6.362616278
-77.399281379 6.387640692
-77.396473762 6.395819403
-77.373524543 6.404201565
-77.370838996 6.397935289
-77.367665168 6.395086981
-77.364125129 6.393133856
-77.36046302 6.389878648
-77.356312629 6.405178127
-77.359934049 6.419175523
-77.368804491 6.430487372
-77.380970832 6.43768952
-77.380970832 6.444525458
-77.365793424 6.470038153
-77.360829231 6.486070054
-77.36046302 6.506577867
-77.347523567 6.521551825
-77.343006965 6.543768622
-77.345366991 6.566107489
-77.353016731 6.581732489
-77.387196418 6.609035549
-77.394154426 6.616685289
-77.398833788 6.623683986
-77.404693163 6.630113023
-77.41510983 6.636297919
-77.414662239 6.647447007
-77.409535286 6.668280341
-77.408273892 6.681057033
-77.41124427 6.693793036
-77.418690559 6.698716539
-77.428700325 6.701564846
-77.462635871 6.720689195
-77.486154752 6.71507396
-77.505686002 6.700140692
-77.517486132 6.684759833
-77.513335741 6.677923895
-77.510650194 6.671087958
-77.518706835 6.669582424
-77.524281379 6.667466539
-77.531809049 6.663641669
-77.537993944 6.663641669
-77.538197395 6.688910223
-77.536488411 6.700832424
-77.531809049 6.712062893
-77.573353645 6.80101146
-77.593251106 6.82811107
-77.621815559 6.855943101
-77.636219856 6.865423895
-77.662505663 6.871771552
-77.666737434 6.876857815
-77.671050585 6.879706122
-77.682606575 6.875921942
-77.686024543 6.870184637
-77.685699023 6.861883856
-77.687367317 6.853989976
-77.69627845 6.849188544
-77.701324023 6.918361721
-77.692209439 6.947251695
-77.664662239 6.959051825
-77.652740038 6.97662995
-77.66502845 7.01557038
-77.69627845 7.074530341
-77.703114387 7.074530341
-77.696766731 7.06268952
-77.693714973 7.05874258
-77.688832161 7.05463288
-77.688832161 7.047186591
-77.69627845 7.047186591
-77.713246223 7.07050202
-77.786936002 7.148871161
-77.797678189 7.154933986
-77.815785286 7.157049872
-77.825591601 7.162787177
-77.831857877 7.175238348
-77.839588996 7.187241929
-77.853911913 7.191839911
-77.847075976 7.198065497
-77.859852668 7.201849677
-77.871408658 7.21112702
-77.888050911 7.232814846
-77.89582272 7.235093492
-77.8958391508 7.23509805635
-77.855010539 7.365391337
-77.820180624 7.476547343
-77.796306112 7.471276347
-77.774240275 7.474738668
-77.755119995 7.486107483
-77.740237183 7.504607645
-77.731245484 7.530342509
-77.734242717 7.551788228
-77.756825318 7.595558167
-77.765817017 7.626460674
-77.770519572 7.668990377
-77.764215048 7.70573232
-77.740237183 7.718858134
-77.729901897 7.713328756
-77.679930787 7.670954081
-77.670215618 7.659947001
-77.670629029 7.657311504
-77.674763143 7.648423157
-77.67481482 7.644650778
-77.671869263 7.641963603
-77.663394328 7.639948222
-77.66075883 7.638036194
-77.633060262 7.600674134
-77.625463827 7.587444967
-77.613319866 7.537473857
-77.60267452 7.526053365
-77.579988567 7.528378805
-77.554925497 7.548480937
-77.509346884 7.594111227
-77.369097046 7.680772603
-77.339744833 7.707230937
-77.345997681 7.725731099
-77.366513225 7.745109762
-77.379897421 7.774410299
-77.376641806 7.786605937
-77.347186239 7.823812968
-77.321606405 7.881018779
-77.300419068 7.902102763
-77.269723267 7.918122457
-77.236133586 7.92923289
-77.206057903 7.935485738
-77.1690059 7.935072326
-77.163269816 7.939258117
-77.171072958 7.954916077
-77.180839804 7.96514801
-77.191536825 7.972847799
-77.201200318 7.981994527
-77.207763224 7.996567281
-77.209623576 8.020700175
-77.231069295 8.098731588
-77.26011145 8.154025371
-77.269434251 8.167700643
-77.295199748 8.205495097
-77.31690385 8.250841166
-77.324345256 8.261202291
-77.337161011 8.266628316
-77.350493531 8.267403463
-77.363205933 8.27208018
-77.374368043 8.28931427
-77.382998006 8.324945171
-77.391266236 8.393545634
-77.405787314 8.428453064
-77.422323771 8.456410014
-77.432710735 8.465065816
-77.449608928 8.470646871
-77.479684611 8.467856343
-77.488727987 8.473644104
-77.48867631 8.496536764
-77.480356405 8.526199036
-77.469373301 8.537811606
-77.441133993 8.567669372
-77.429093385 8.59262909
-77.430230265 8.610457459
-77.435036174 8.620637716
-77.434002645 8.628259989
-77.417672893 8.638466085
-77.401549846 8.642031759
-77.385375122 8.643633728
-77.374936484 8.650945944
-77.373524543 8.664740302
-77.373158332 8.669338283
-77.371449348 8.672186591
-77.368967252 8.674750067
-77.366688606 8.678412177
-77.351673957 8.669338283
-77.341379361 8.632473049
-77.329457161 8.61351146
-77.317128059 8.601385809
-77.307118293 8.589016018
-77.298817512 8.5742862
-77.291615364 8.555487372
-77.283192512 8.516791083
-77.27472897 8.495794989
-77.209624804 8.451849677
-77.159169075 8.431708075
-77.144439257 8.421087958
-77.133615689 8.408392645
-77.052805142 8.276312567
-77.031564908 8.259995835
-77.017730273 8.257635809
-76.989857551 8.257269598
-76.98542233 8.256170966
-76.976307746 8.25385163
-76.970122851 8.266750393
-76.96202552 8.266546942
-76.956125455 8.256537177
-76.956410286 8.240179755
-76.962635871 8.240179755
-76.96597246 8.243353583
-76.970082161 8.246405341
-76.970122851 8.221340236
-76.963124153 8.203680731
-76.950835741 8.197088934
-76.935292121 8.205389716
-76.935292121 8.184963283
-76.921701627 8.19920482
-76.917591926 8.188950914
-76.927113411 8.172756252
-76.928537564 8.157660223
-76.933013476 8.159613348
-76.944447395 8.162543036
-76.948963996 8.164496161
-76.94253496 8.12885163
-76.918324348 8.113918361
-76.89574134 8.11725495
-76.893706835 8.136542059
-76.832264778 8.136542059
-76.838368293 8.127875067
-76.843617317 8.117987372
-76.846750455 8.107123114
-76.846547004 8.095526434
-76.839100715 8.095526434
-76.835601366 8.098334052
-76.82542884 8.103013414
-76.82542884 8.095526434
-76.860218879 8.082505601
-76.860218879 8.075669664
-76.851226366 8.07416413
-76.845285611 8.071519273
-76.83706621 8.06248607
-76.838246223 8.060777085
-76.838124153 8.057928778
-76.839100715 8.05463288
-76.843413866 8.059393622
-76.849232551 8.062323309
-76.856800911 8.063177802
-76.866444465 8.061997789
-76.858265754 8.053290106
-76.848378059 8.04702383
-76.838978645 8.039618231
-76.832264778 8.02728913
-76.857289192 8.03900788
-76.884388801 8.046332098
-76.907704231 8.044094143
-76.921701627 8.02728913
-76.922027148 8.023016669
-76.920765754 8.021918036
-76.918324348 8.021918036
-76.915394661 8.021063544
-76.933705207 7.964585679
-76.907053189 7.929510809
-76.853586392 7.912746486
-76.791330533 7.911200262
-76.779611783 7.913234768
-76.767648892 7.917425848
-76.757232226 7.923570054
-76.750355598 7.931708075
-76.74714108 7.940497137
-76.747466601 7.946437893
-76.749256965 7.952622789
-76.750355598 7.962103583
-76.748199023 7.970282294
-76.738840299 7.980292059
-76.736683723 7.989732164
-76.730620898 8.051336981
-76.732004361 8.079291083
-76.744130012 8.103013414
-76.746652799 8.095160223
-76.747670051 8.08999258
-76.746937629 8.084540106
-76.744130012 8.075669664
-76.750355598 8.075669664
-76.755482551 8.091620184
-76.759185351 8.114691473
-76.759388801 8.137884833
-76.747914192 8.171535549
-76.751779752 8.192938544
-76.764637825 8.225897528
-76.770171679 8.258490302
-76.770090299 8.398016669
-76.774810351 8.416693427
-76.787912564 8.424505927
-76.80207272 8.430161851
-76.808420377 8.444159247
-76.812245246 8.461981512
-76.818592903 8.479152736
-76.838612434 8.500433661
-76.869984504 8.521551825
-76.906483528 8.538641669
-76.935292121 8.541815497
-76.935292121 8.534369208
-76.947173632 8.545477606
-76.93081621 8.570705471
-76.906361457 8.599310614
-76.893706835 8.620347398
-76.794748502 8.651068427
-76.77061927 8.652980861
-76.673207161 8.680405992
-76.660227017 8.68744538
-76.654774543 8.695746161
-76.654530403 8.706529039
-76.652943489 8.718166408
-76.648752408 8.728013414
-76.640492317 8.733628648
-76.640492317 8.739813544
-76.647328254 8.739813544
-76.647328254 8.747300523
-76.628244595 8.750474351
-76.560454882 8.775376695
-76.546864387 8.784572658
-76.502797004 8.828802802
-76.450998502 8.864447333
-76.428212043 8.884466864
-76.428212043 8.89069245
-76.435536262 8.90257396
-76.42686927 8.910549221
-76.366118944 8.925441799
-76.342518684 8.939113674
-76.323963996 8.94135163
-76.315541145 8.947739976
-76.310373502 8.957464911
-76.301258918 8.969794012
-76.264271614 8.99632396
-76.256255663 9.007391669
-76.265004036 9.042181708
-76.25495358 9.070786851
-76.23546302 9.093573309
-76.201812304 9.123114325
-76.19261634 9.134914455
-76.186512825 9.149725653
-76.174875455 9.232855536
-76.168120898 9.246975002
-76.162505663 9.248114325
-76.134429491 9.258612372
-76.12999427 9.261216539
-76.116932746 9.26581452
-76.112538215 9.276353257
-76.112904426 9.294745184
-76.110829231 9.312160549
-76.107045051 9.321600653
-76.096099413 9.333197333
-76.086577929 9.3399112
-76.077992317 9.34381745
-76.037505663 9.356594143
-76.005285804 9.366241125
-75.976925157 9.382517238
-75.953284622 9.402296152
-75.95090073 9.426762639
-75.943798043 9.440734321
-75.921343287 9.438369571
-75.909982877 9.428168036
-75.877430793 9.429999091
-75.842884895 9.436509507
-75.818674283 9.446193752
-75.811024543 9.443548895
-75.803293424 9.438544012
-75.79808509 9.430365302
-75.798207161 9.41819896
-75.812001106 9.424221096
-75.826730924 9.42601146
-75.8408097 9.422512111
-75.85285397 9.412054755
-75.84487871 9.406724351
-75.838856575 9.404852606
-75.832753059 9.406561591
-75.824859179 9.412054755
-75.819081184 9.40615469
-75.815256314 9.403387762
-75.812896288 9.399847723
-75.811879036 9.391546942
-75.781117317 9.412420966
-75.762033658 9.42182038
-75.7392472 9.42572663
-75.716786262 9.42206452
-75.698272265 9.416896877
-75.697377082 9.416652736
-75.672607852 9.409990145
-75.658643873 9.41994333
-75.620632773 9.452853128
-75.596576869 9.498749423
-75.577167465 9.562213509
-75.576366904 9.621085904
-75.587213842 9.648615712
-75.599618271 9.663148619
-75.60667884 9.669256903
-75.618031379 9.689276434
-75.633741666 9.689159259
-75.647368944 9.69940827
-75.657794427 9.705232142
-75.677972812 9.704476967
-75.691165581 9.699126972
-75.70280624 9.690716519
-75.705137354 9.700661772
-75.649251941 9.756470368
-75.639945062 9.783262609
-75.622862323 9.838364154
-75.623639497 9.861348866
-75.617417562 9.882749292
-75.604675052 9.910354199
-75.593666115 9.943990109
-75.589515921 9.964189339
-75.589955207 9.984849351
-75.576191386 10.04184712
-75.57384834 10.073960264
-75.588591073 10.108378036
-75.589360706 10.128261433
-75.583920883 10.135911362
-75.580067512 10.139146226
-75.572336392 10.14081452
-75.565500455 10.14447663
-75.561634895 10.149969794
-75.551136848 10.172349351
-75.54401608 10.182684637
-75.540882942 10.188544012
-75.537505663 10.199693101
-75.53620358 10.21100495
-75.53636634 10.221014716
-75.535511848 10.23061758
-75.530669726 10.240668036
-75.562854673 10.223084992
-75.604002246 10.196124838
-75.643786087 10.154375703
-75.684880108 10.131519625
-75.703576646 10.134428033
-75.688922326 10.167966257
-75.660149739 10.184107151
-75.646442301 10.193508987
-75.6376847 10.203680731
-75.630848762 10.213446356
-75.625355598 10.225816148
-75.616322395 10.237534898
-75.613636848 10.248765367
-75.617746549 10.261135158
-75.615101692 10.26951732
-75.592152473 10.268622137
-75.597523567 10.277004299
-75.599354621 10.285630601
-75.597523567 10.294378973
-75.592152473 10.302720445
-75.583811002 10.282375393
-75.563384569 10.287095445
-75.527251757 10.309556382
-75.515695767 10.318996486
-75.516428189 10.341457424
-75.521799283 10.368394273
-75.523833788 10.391506252
-75.530669726 10.391506252
-75.539173957 10.386297919
-75.544300911 10.393011786
-75.551136848 10.419419664
-75.557972786 10.419419664
-75.560943163 10.409857489
-75.564198371 10.403713283
-75.569406705 10.400132554
-75.578480598 10.39834219
-75.574696418 10.406887111
-75.569406705 10.425279039
-75.565500455 10.433050848
-75.559315559 10.438950914
-75.547108528 10.444240627
-75.540598111 10.449855861
-75.512115038 10.481675523
-75.502756314 10.487738348
-75.507964648 10.470851955
-75.518666145 10.450262762
-75.522206184 10.432928778
-75.506499804 10.425604559
-75.49327552 10.434637762
-75.487131314 10.455877997
-75.486317512 10.480943101
-75.489125129 10.501369533
-75.49327552 10.505682684
-75.500355598 10.507391669
-75.510243293 10.508205471
-75.509632942 10.514105536
-75.504139778 10.526841539
-75.502756314 10.529282945
-75.504383918 10.540716864
-75.504465299 10.551581122
-75.508127408 10.559637762
-75.5204972 10.562811591
-75.52452552 10.567084052
-75.519602017 10.576483466
-75.509836392 10.58584219
-75.499623176 10.59007396
-75.488026496 10.591620184
-75.475493944 10.596014716
-75.463856575 10.602728583
-75.454945442 10.611232815
-75.454823371 10.616400458
-75.462513801 10.626450914
-75.461822069 10.631048895
-75.458648241 10.63300202
-75.450998502 10.635891018
-75.448109504 10.637884833
-75.439564582 10.642035223
-75.43089759 10.641343492
-75.424183723 10.643296617
-75.421457486 10.655259507
-75.417713996 10.655707098
-75.410023567 10.664618231
-75.403675911 10.675034898
-75.403797981 10.680121161
-75.397572395 10.681870835
-75.373036262 10.693101304
-75.307281054 10.709540106
-75.297352668 10.717352606
-75.287464973 10.733465887
-75.279611783 10.742743231
-75.273752408 10.744330145
-75.268788215 10.741400458
-75.263050911 10.739813544
-75.258290168 10.737127997
-75.256337043 10.731024481
-75.258452929 10.727199611
-75.262033658 10.724188544
-75.26276608 10.720282294
-75.256337043 10.713609117
-75.256337043 10.709336656
-75.256337043 10.706773179
-75.249501106 10.706773179
-75.243763801 10.71474844
-75.222238736 10.734686591
-75.226389127 10.742824611
-75.228667773 10.75006745
-75.229725715 10.75804271
-75.229644335 10.768255927
-75.245187955 10.754950262
-75.249501106 10.747748114
-75.270008918 10.759100653
-75.275542773 10.777777411
-75.267404752 10.795314846
-75.23167884 10.807318427
-75.215687629 10.826605536
-75.204823371 10.830959377
-75.193430142 10.831854559
-75.182240364 10.834540106
-75.171376106 10.838812567
-75.107980924 10.880438544
-75.069894986 10.889553127
-75.049549934 10.901190497
-75.035959439 10.916693427
-75.037220832 10.932684637
-75.032826301 10.942694403
-75.027740038 10.965521552
-75.023589648 10.974310614
-75.014149543 10.98041413
-75.000396288 10.986395575
-74.981971232 10.987428285
-74.96280928 10.994894226
-74.95001693 11.009460454
-74.925717873 11.028578244
-74.923570575 11.045671746
-74.895502539 11.045590797
-74.861510173 11.04883374
-74.845338025 11.062129538
-74.846992465 11.080480967
-74.84822491 11.09800148
-74.850336651 11.10343057
-74.844372315 11.109669657
-74.819335864 11.097919317
-74.796750522 11.090365157
-74.743173747 11.072652528
-74.645424234 11.03308754
-74.572299836 11.00862393
-74.522950916 10.995924341
-74.471262174 10.989691473
-74.40347246 10.982855536
-74.337269661 10.986965236
-74.297829548 10.991499283
-74.312408007 10.980943101
-74.361805793 10.971665757
-74.45815996 10.974310614
-74.46983802 10.976060289
-74.480783658 10.978949286
-74.491566536 10.979478257
-74.502837694 10.974310614
-74.505767382 10.965765692
-74.504505989 10.954169012
-74.50503496 10.943915106
-74.513417121 10.939601955
-74.517445442 10.926662502
-74.506337043 10.897772528
-74.48176022 10.850816148
-74.49714108 10.858954169
-74.511708137 10.874457098
-74.525013801 10.883449611
-74.53636634 10.871893622
-74.543365038 10.881415106
-74.567209439 10.881415106
-74.581369595 10.888088283
-74.589222786 10.884670315
-74.596994595 10.867824611
-74.602894661 10.84756094
-74.605213996 10.834051825
-74.606353319 10.803656317
-74.604603645 10.78900788
-74.598459439 10.781927802
-74.584624804 10.786851304
-74.578724739 10.802557684
-74.574208137 10.820135809
-74.564279752 10.830959377
-74.564320442 10.82050202
-74.560902473 10.813421942
-74.554025845 10.809556382
-74.543812629 10.809230861
-74.545521614 10.799383856
-74.543812629 10.762030341
-74.52855384 10.755275783
-74.512318489 10.756008205
-74.499663866 10.764715887
-74.495432095 10.781927802
-74.506743944 10.775783596
-74.515614387 10.778225002
-74.521311002 10.787746486
-74.523304817 10.802964585
-74.519276496 10.816066799
-74.511463996 10.825100002
-74.506174283 10.833482164
-74.509632942 10.844549872
-74.489654101 10.841050523
-74.477121549 10.827582098
-74.470570442 10.807847398
-74.465687629 10.759670315
-74.456613736 10.748032945
-74.441477017 10.745835679
-74.402088996 10.748032945
-74.395090299 10.749497789
-74.385568814 10.754584052
-74.366566536 10.772772528
-74.362172004 10.775702216
-74.360015429 10.784816799
-74.330922004 10.837144273
-74.330067512 10.844305731
-74.330922004 10.871893622
-74.319650845 10.893703518
-74.317860481 10.902004299
-74.314605273 10.907171942
-74.300607877 10.923488674
-74.297352668 10.929348049
-74.289906379 10.967474677
-74.280425585 10.989732164
-74.218129036 11.079087632
-74.214914517 11.086981512
-74.217844205 11.098822333
-74.231800911 11.115708726
-74.235951301 11.12514883
-74.235707161 11.135972398
-74.229969856 11.153021552
-74.228505012 11.162746486
-74.230376757 11.172674872
-74.23932858 11.190741278
-74.242176887 11.200262762
-74.240345832 11.204250393
-74.230702278 11.212836005
-74.228505012 11.217678127
-74.229644335 11.223537502
-74.232248502 11.226304429
-74.234771288 11.228013414
-74.235951301 11.23065827
-74.233631965 11.241156317
-74.228138801 11.250881252
-74.214914517 11.269110419
-74.209624804 11.274847723
-74.205067512 11.277655341
-74.201771614 11.282049872
-74.200550911 11.292710679
-74.187489387 11.316961981
-74.171864387 11.318101304
-74.159006314 11.315130927
-74.151844856 11.319728908
-74.15339108 11.34365469
-74.145904101 11.34365469
-74.145334439 11.337225653
-74.143666145 11.332953192
-74.139068163 11.323716539
-74.128488736 11.337836005
-74.12608802 11.34365469
-74.122710741 11.341538804
-74.121490038 11.341498114
-74.120716926 11.341009833
-74.118641731 11.337388414
-74.112416145 11.337388414
-74.112416145 11.357896226
-74.102447069 11.349920966
-74.09487871 11.334418036
-74.083851692 11.330633856
-74.074126757 11.335394598
-74.069569465 11.345770575
-74.065419075 11.35175202
-74.057199674 11.34365469
-74.049712694 11.34365469
-74.04792233 11.350816148
-74.04401608 11.354641018
-74.037993944 11.356390692
-74.029896614 11.357896226
-74.004628059 11.355292059
-73.985259569 11.34780508
-73.968495246 11.33592357
-73.951039192 11.32029857
-73.943592903 11.317368882
-73.897775845 11.307684637
-73.865386523 11.28900788
-73.826039192 11.276760158
-73.705148892 11.268255927
-73.592396614 11.277044989
-73.565581835 11.277085679
-73.402495898 11.27724844
-73.292388476 11.294012762
-73.282582161 11.299546617
-73.276193814 11.308050848
-73.245757616 11.330877997
-73.22004147 11.344875393
-73.214955207 11.348944403
-73.207427538 11.357896226
-73.195668098 11.381577867
-73.190663215 11.385199286
-73.179025845 11.388617255
-73.170277473 11.396877346
-73.156239387 11.416245835
-73.145253059 11.425523179
-73.111887174 11.440415757
-73.054839648 11.493963934
-72.933990038 11.556789455
-72.759673632 11.697088934
-72.741322395 11.707953192
-72.704701301 11.720363674
-72.643910286 11.733303127
-72.628325976 11.740423895
-72.597971158 11.76194896
-72.577463345 11.756048895
-72.556263801 11.766587632
-72.534331835 11.781642971
-72.511626757 11.78925202
-72.452056444 11.791327216
-72.433461067 11.796087958
-72.417591926 11.805121161
-72.391997851 11.826117255
-72.359608528 11.833970445
-72.316151496 11.864976304
-72.263050911 11.885972398
-72.250559049 11.901678778
-72.232167121 11.919745184
-72.228016731 11.930161851
-72.226307746 11.938950914
-72.213734504 11.974839585
-72.177967903 12.029852606
-72.167876757 12.063381252
-72.1454972 12.092515367
-72.138661262 12.104559637
-72.137115038 12.124090887
-72.141224739 12.180324611
-72.145415819 12.200832424
-72.151112434 12.208482164
-72.160511848 12.216538804
-72.16926022 12.221828518
-72.172759569 12.221258856
-72.170521614 12.23427969
-72.161976692 12.242865302
-72.138661262 12.256048895
-72.107533332 12.245021877
-72.0048722 12.262884833
-71.969634569 12.255113023
-71.973540819 12.236558335
-72.015126106 12.193996486
-72.000152148 12.186224677
-71.984852668 12.160956122
-71.967274543 12.153021552
-71.937611457 12.166449286
-71.932525194 12.169745184
-71.929921028 12.182766018
-71.923247851 12.194077867
-71.914418098 12.202785549
-71.905262825 12.207668361
-71.892323371 12.208319403
-71.878773567 12.206773179
-71.868031379 12.208238023
-71.863636848 12.217840887
-71.867665168 12.228094794
-71.874867317 12.237127997
-71.878325976 12.24603913
-71.871083137 12.256048895
-71.881214973 12.263861395
-71.886586067 12.271307684
-71.892730273 12.277777411
-71.905262825 12.282700914
-71.918324348 12.283921617
-71.93065345 12.281887111
-71.940744595 12.276922919
-71.946848111 12.269029039
-71.953033007 12.269029039
-71.960519986 12.282700914
-71.914784309 12.313625393
-71.877919075 12.344794012
-71.875477668 12.349554755
-71.871245898 12.362616278
-71.867421028 12.365301825
-71.849436002 12.364325262
-71.844390429 12.365301825
-71.82909095 12.376206773
-71.820912239 12.377875067
-71.809071418 12.372137762
-71.826812304 12.3633487
-71.840077278 12.35171133
-71.843129036 12.338080145
-71.830148892 12.323675848
-71.822865364 12.319810289
-71.81769772 12.319281317
-71.802845832 12.323675848
-71.80182858 12.326402085
-71.802967903 12.331244208
-71.803212043 12.33588288
-71.799427864 12.337958075
-71.785389778 12.337144273
-71.781727668 12.337958075
-71.763295051 12.34760163
-71.75108802 12.356187242
-71.744048632 12.367621161
-71.740793424 12.385728257
-71.74339759 12.387193101
-71.748687304 12.387844143
-71.751820442 12.39081452
-71.748199023 12.399400132
-71.741525845 12.405747789
-71.732533332 12.4102237
-71.722767707 12.412787177
-71.713449674 12.413723049
-71.71983802 12.395982164
-71.713775194 12.387030341
-71.70421302 12.379217841
-71.699818489 12.365301825
-71.693592903 12.365301825
-71.690988736 12.368963934
-71.687082486 12.375921942
-71.685454882 12.38271719
-71.689849413 12.385728257
-71.696766731 12.388128973
-71.691639778 12.393377997
-71.682972786 12.398138739
-71.679310676 12.399400132
-71.667591926 12.405747789
-71.653797981 12.41006094
-71.640736457 12.415961005
-71.630930142 12.427394924
-71.643381314 12.42597077
-71.653879361 12.421210028
-71.662342903 12.416083075
-71.668771939 12.413723049
-71.679107226 12.416978257
-71.677316861 12.424790757
-71.668690559 12.43374258
-71.658802864 12.440375067
-71.670074023 12.440415757
-71.680083788 12.438381252
-71.688099739 12.434068101
-71.693592903 12.427394924
-71.691883918 12.443426825
-71.690256314 12.44916413
-71.686146614 12.454657294
-71.699289517 12.446275132
-71.725697395 12.423488674
-71.734527148 12.413723049
-71.740793424 12.419907945
-71.730539517 12.438055731
-71.715728319 12.453517971
-71.697255012 12.464300848
-71.675607877 12.468329169
-71.656158007 12.465318101
-81.704741991 12.504461981
-81.717396614 12.502427476
-81.72370358 12.511542059
-81.711496549 12.522935289
-81.71979733 12.54315827
-81.716949023 12.563218492
-81.706369595 12.580308335
-81.691029426 12.591253973
-81.686390754 12.580064195
-81.704741991 12.504461981
-81.365345832 13.323879299
-81.382639127 13.319159247
-81.386138476 13.341457424
-81.378732877 13.362697658
-81.365345832 13.373968817
-81.351389127 13.366197007
-81.346302864 13.348700262
-81.352162239 13.334173895
-81.365345832 13.323879299
-80.089914517 13.57835521
-80.089914517 13.577704169
-80.089344856 13.577866929
-80.089426236 13.576849677
-80.090402799 13.576605536
-80.090402799 13.577297268
-80.09089108 13.577093817
-80.09089108 13.57802969
-80.089914517 13.57835521
