144.886403842 13.640204169
144.896657748 13.617987372
144.914317254 13.60541413
144.934418165 13.599839585
144.95191491 13.598578192
144.95215905 13.586859442
144.937673373 13.560532945
144.906993035 13.516669012
144.871836785 13.485174872
144.808278842 13.445786851
144.783457879 13.420477606
144.769379102 13.37913646
144.760101759 13.285630601
144.735606316 13.249172268
144.718028191 13.241848049
144.697520379 13.241034247
144.680674675 13.246771552
144.670420769 13.264837958
144.656748894 13.282049872
144.653575066 13.287014065
144.64747155 13.324896552
144.644297722 13.331610419
144.63949629 13.337469794
144.633636915 13.342108466
144.626312696 13.345363674
144.636566602 13.35541413
144.643077019 13.365708726
144.646494988 13.378485419
144.64747155 13.396226304
144.645518425 13.404486395
144.640472852 13.414780992
144.634776238 13.423529364
144.624196811 13.431219794
144.628672722 13.438788153
144.636485222 13.443101304
144.640635613 13.437811591
144.654470248 13.439154364
144.714854363 13.473456122
144.728770379 13.485581773
144.783457879 13.516669012
144.794118686 13.527085679
144.803233269 13.53912995
144.81120853 13.553615627
144.832204623 13.620672919
144.83863366 13.63275788
144.85043379 13.643744208
144.866709832 13.653021552
144.880625847 13.654120184
144.886403842 13.640204169
