91.938731316 21.71482982
91.974864129 21.648749091
91.983897332 21.609198309
91.981700066 21.588080145
91.972422722 21.546087958
91.970225457 21.52358633
91.961110873 21.506170966
91.939219597 21.505357164
91.914073113 21.509466864
91.894541863 21.506781317
91.894541863 21.501410223
91.899180535 21.493841864
91.899668816 21.486029364
91.887705925 21.480129299
91.877126498 21.481024481
91.868418816 21.486761786
91.862559441 21.494940497
91.85824629 21.512640692
91.855235222 21.51947663
91.855479363 21.526678778
91.871104363 21.547674872
91.87370853 21.558010158
91.87403405 21.581854559
91.868907097 21.622219143
91.847911004 21.688788153
91.853526238 21.725816148
91.862966342 21.745591539
91.872325066 21.754828192
91.883311394 21.75389232
91.897959832 21.743312893
91.902842644 21.730292059
91.898203972 21.71482982
91.890879754 21.698960679
91.887705925 21.684963283
91.903330925 21.702866929
91.909515821 21.72679271
91.908376498 21.752183335
91.90121504 21.774318752
91.919118686 21.776841539
91.935557488 21.78115469
91.935883009 21.765122789
91.935557488 21.759995835
91.938731316 21.71482982
89.144704623 21.739325262
89.132497592 21.721625067
89.102305535 21.736761786
89.051524285 21.79319896
89.051442905 21.79710521
89.057790561 21.803290106
89.064219597 21.822088934
89.063812696 21.841457424
89.05372155 21.874741929
89.051117384 21.890326239
89.044688347 21.907782294
89.04566491 21.917059637
89.05738366 21.917669989
89.06153405 21.914943752
89.064952019 21.9102237
89.067637566 21.904364325
89.071543816 21.890326239
89.081309441 21.822943427
89.09278405 21.793402411
89.115733269 21.78115469
89.139008009 21.766831773
89.144704623 21.739325262
91.841075066 21.735419012
91.832530144 21.725816148
91.823985222 21.742621161
91.839854363 21.825506903
91.832530144 21.876695054
91.836192254 21.894110419
91.843435092 21.906968492
91.867198113 21.931952216
91.871104363 21.928859768
91.872731967 21.925604559
91.87403405 21.917669989
91.886078321 21.880275783
91.887705925 21.866156317
91.884450717 21.850287177
91.870371941 21.824611721
91.862803582 21.789984442
91.841075066 21.735419012
90.590830925 21.935126044
90.58082116 21.912502346
90.572520379 21.917669989
90.565603061 21.917669989
90.557139519 21.897528387
90.540782097 21.875921942
90.521250847 21.861476955
90.503591342 21.862453518
90.503591342 21.869859117
90.5107528 21.871405341
90.523448113 21.875677802
90.531504754 21.876695054
90.522959832 21.888088283
90.517914259 21.893255927
90.51042728 21.897853908
90.516937696 21.904486395
90.516856316 21.912176825
90.515391472 21.921291408
90.517832879 21.931952216
90.521983269 21.938788153
90.5263778 21.943589585
90.593516472 21.986558335
90.593516472 21.966131903
90.597341342 21.961330471
90.600840691 21.954575914
90.606618686 21.938788153
90.590830925 21.935126044
90.332204623 21.849514065
90.32292728 21.84389883
90.318614129 21.846258856
90.318614129 21.892808335
90.322520379 21.916693427
90.332204623 21.938788153
90.354014519 21.97675202
90.371429884 21.994777736
90.394297722 22.00023021
90.390635613 21.978257554
90.365489129 21.938706773
90.341563347 21.860296942
90.332204623 21.849514065
90.345957879 21.972316799
90.339610222 21.972316799
90.345876498 21.993597723
90.358653191 22.022691148
90.37387129 22.045558986
90.387461785 22.048041083
90.381114129 22.023098049
90.352793816 21.992987372
90.345957879 21.972316799
90.431895379 21.907782294
90.415537957 21.900539455
90.402354363 21.906887111
90.394541863 21.921454169
90.394297722 21.938788153
90.399750196 21.952948309
90.406423373 21.963364976
90.411875847 21.976019598
90.414235873 21.997137762
90.411875847 22.028713283
90.415537957 22.038316148
90.42847741 22.048041083
90.435231967 22.041205145
90.473317905 22.003648179
90.486175977 21.97679271
90.476328972 21.945013739
90.454844597 21.933050848
90.431895379 21.907782294
90.613454623 22.16404857
90.593516472 22.102606512
90.593435092 22.112534898
90.591807488 22.119086005
90.586192254 22.130560614
90.574554884 22.096136786
90.568695509 22.058091539
90.559743686 22.023749091
90.538340691 22.00023021
90.519541863 21.994696356
90.509043816 21.999416408
90.504649285 22.010484117
90.503591342 22.024115302
90.508962436 22.033148505
90.544444207 22.061672268
90.538340691 22.068508205
90.495371941 22.044989325
90.489919467 22.034979559
90.483653191 22.034979559
90.485606316 22.058335679
90.491709832 22.080145575
90.503103061 22.096340236
90.520843946 22.102606512
90.533457879 22.110052802
90.560069207 22.137681382
90.572520379 22.137396552
90.5810653 22.148871161
90.59278405 22.159409898
90.6045028 22.165594794
90.613454623 22.16404857
90.954112175 22.208075262
90.956716342 22.198879299
90.956716342 22.144842841
90.948985222 22.121649481
90.929372592 22.116888739
90.919200066 22.132147528
90.920258009 22.16006094
90.927500847 22.190252997
90.935557488 22.212469794
90.941742384 22.205023505
90.947113477 22.211615302
90.951182488 22.212469794
90.954112175 22.208075262
90.987803582 22.19537995
90.976410352 22.185777085
90.977061394 22.239203192
90.982920769 22.259182033
90.996918165 22.253485419
90.997813347 22.235093492
90.99480228 22.213812567
90.987803582 22.19537995
90.990082227 22.28139883
90.952891472 22.22675202
90.937185092 22.232733466
90.94019616 22.246812242
90.950531446 22.263617255
90.956716342 22.277655341
90.960215691 22.322984117
90.966156446 22.347398179
90.976410352 22.3633487
90.983897332 22.355902411
90.989512566 22.340765692
90.993500196 22.322333075
90.994395379 22.302069403
90.990082227 22.28139883
91.082407719 22.101382523
91.063293649 22.089847552
91.038584832 22.091131903
91.02247155 22.094875393
91.011257169 22.102090665
91.005111115 22.116821943
91.033955083 22.148779882
91.052256707 22.175441799
91.059092644 22.192043361
91.068273939 22.240732781
91.069119534 22.311029637
91.074800663 22.388589827
91.092256984 22.391338292
91.126898793 22.374864818
91.148847154 22.357056968
91.156450276 22.332078852
91.171397332 22.319647528
91.181407097 22.283596096
91.181895379 22.260321356
91.186784662 22.227757465
91.170576339 22.197170808
91.160899285 22.182074286
91.154307488 22.169663804
91.14146765 22.146201361
91.120711971 22.130301388
91.106373953 22.1216579
91.093689318 22.118858822
91.082407719 22.101382523
90.633148634 22.431626695
90.647715691 22.407212632
90.658702019 22.379543361
90.661143425 22.355902411
90.650157097 22.376166083
90.64747155 22.383775132
90.640391472 22.366034247
90.646739129 22.326076565
90.640147332 22.30874258
90.635020379 22.317613023
90.634043816 22.32835521
90.634287957 22.339544989
90.633311394 22.349676825
90.640147332 22.349676825
90.633799675 22.367621161
90.626149936 22.406968492
90.619639519 22.424750067
90.613617384 22.428615627
90.606944207 22.427435614
90.601410352 22.429185289
90.599131707 22.442124742
90.601573113 22.448309637
90.607595248 22.450344143
90.614431186 22.449042059
90.619639519 22.44525788
90.633148634 22.431626695
90.653656446 22.431057033
90.64747155 22.424750067
90.653493686 22.483465887
90.656016472 22.48069896
90.661143425 22.480047919
90.665293816 22.469142971
90.6670028 22.458441473
90.667328321 22.439032294
90.657074415 22.4336612
90.653656446 22.431057033
91.159533241 22.450674247
91.134163288 22.4494804
91.11370966 22.46141485
91.12356215 22.489145564
91.158618605 22.503423074
91.199987966 22.514694415
91.210830486 22.495521457
91.201017198 22.472195996
91.180244454 22.459238753
91.159533241 22.450674247
91.555179078 22.402031244
91.507519217 22.396796588
91.476052165 22.413317257
91.446517271 22.453242453
91.429658286 22.493002901
91.423786399 22.52530195
91.446764587 22.576303983
91.467556614 22.586309651
91.556360625 22.47821017
91.563633084 22.435621052
91.555179078 22.402031244
90.827891472 22.1524112
90.774750196 22.075913804
90.757334832 22.061672268
90.755869988 22.065985419
90.750010613 22.075995184
90.727061394 22.053697007
90.71778405 22.048407294
90.691661004 22.007025458
90.682871941 22.0039737
90.670420769 21.997707424
90.657725457 21.992865302
90.64747155 21.994045315
90.63941491 22.016099351
90.65121504 22.044623114
90.669932488 22.074937242
90.681813998 22.102606512
90.625987175 22.027167059
90.610036655 22.024115302
90.603526238 22.044012762
90.607758009 22.072333075
90.618988477 22.101304429
90.633311394 22.123114325
90.622243686 22.145086981
90.63184655 22.182114976
90.673513217 22.266424872
90.67847741 22.282782294
90.681813998 22.301906643
90.681895379 22.360419012
90.687998894 22.377630927
90.679942254 22.407171942
90.677744988 22.426703192
90.681813998 22.439032294
90.681813998 22.44525788
90.67058353 22.463853257
90.65894616 22.524400132
90.64747155 22.548285223
90.631358269 22.561590887
90.574961785 22.598863023
90.558767123 22.602932033
90.553965691 22.639797268
90.556325717 22.674709377
90.578623894 22.757025458
90.585459832 22.768052476
90.596202019 22.775376695
90.613454623 22.781683661
90.631032748 22.785630601
90.650563998 22.787420966
90.660619449 22.757804896
90.671546494 22.722410315
90.684095252 22.694372801
90.701369487 22.661898417
90.715507023 22.63828356
90.731271613 22.620527278
90.746978558 22.596906803
90.754507385 22.548434354
90.766940216 22.517531391
90.790552519 22.495333023
90.83463688 22.45829561
90.855024091 22.43466514
90.835022009 22.339615964
90.836192254 22.178168036
90.827891472 22.1524112
90.606618686 22.877264716
90.626760276 22.857215927
90.645253503 22.849289349
90.663629592 22.828918033
90.678233269 22.808335679
90.662364129 22.805487372
90.628052252 22.812082197
90.590955634 22.813918922
90.561778191 22.788804429
90.546560092 22.783677476
90.531558685 22.769236749
90.529677236 22.744363068
90.534612117 22.728775291
90.520992829 22.711765344
90.510961293 22.722723883
90.498220248 22.733832098
90.496755405 22.743150132
90.492849155 22.753241278
90.482920769 22.759751695
90.45573978 22.767401434
90.464203321 22.778876044
90.465668165 22.788072007
90.462657097 22.815822658
90.463145379 22.834051825
90.466075066 22.85175202
90.473399285 22.865139065
90.486827019 22.870428778
90.521169467 22.864650783
90.537608269 22.866766669
90.544444207 22.880682684
90.552744988 22.881740627
90.592295769 22.881903387
90.606618686 22.877264716
90.645355665 22.974839585
90.667328321 22.959173895
90.667328321 22.95302969
90.641612175 22.952297268
90.633311394 22.95302969
90.644704623 22.945990302
90.654633009 22.937323309
90.662364129 22.927801825
90.667328321 22.91819896
90.636241082 22.921332098
90.627126498 22.925034898
90.619639519 22.932521877
90.607676629 22.952582098
90.599131707 22.959173895
90.58871504 22.962062893
90.58472741 22.960394598
90.581228061 22.956529039
90.572520379 22.95302969
90.561696811 22.951564846
90.534515821 22.951239325
90.524099155 22.95302969
90.508067254 22.975775458
90.528005405 23.007635809
90.56128991 23.032619533
90.586192254 23.034898179
90.607269727 23.018133856
90.645355665 22.974839585
90.477793816 23.012396552
90.469493035 23.007635809
90.460948113 23.048488674
90.45573978 23.062811591
90.494395379 23.062933661
90.502452019 23.064886786
90.51042728 23.069037177
90.517100457 23.059312242
90.515635613 23.051947333
90.500173373 23.038031317
90.477793816 23.012396552
90.539398634 23.350002346
90.577647332 23.323635158
90.586192254 23.301743882
90.54957116 23.326239325
90.529551629 23.333563544
90.524099155 23.322251695
90.506114129 23.314195054
90.48707116 23.319037177
90.468760613 23.331610419
90.437266472 23.361802476
90.426605665 23.375962632
90.429698113 23.385158596
90.45573978 23.384955145
90.491872592 23.373032945
90.539398634 23.350002346
88.506824585 26.487634989
88.526823364 26.475387676
88.5497677 26.466654358
88.557984253 26.465724182
88.57917159 26.466034241
88.591160522 26.461228333
88.597878459 26.451461487
88.603562867 26.440196025
88.611521037 26.430842591
88.622373088 26.424538066
88.633018433 26.420093893
88.656272827 26.415132955
88.651932007 26.407071432
88.64986495 26.398389791
88.652242066 26.391516826
88.661078736 26.388881328
88.668520142 26.385729065
88.667434937 26.368159078
88.673377727 26.360717672
88.696270386 26.350279032
88.709706259 26.34061554
88.712238403 26.328264872
88.702988322 26.309661357
88.690120891 26.299842835
88.653275594 26.283099671
88.645834188 26.276019999
88.663404175 26.264444479
88.747946818 26.292504782
88.784016968 26.279947409
88.792026815 26.264599508
88.798486369 26.247649638
88.807994832 26.233438619
88.824841349 26.226565654
88.840654338 26.232043355
88.855640504 26.265116272
88.875794311 26.277363586
88.902717733 26.272919414
88.946849406 26.232921855
88.97532312 26.224343567
89.019454793 26.234472148
89.039711955 26.24718455
89.034337606 26.265788066
89.023537231 26.268836975
89.011599976 26.269198711
89.004365275 26.275709941
89.007982626 26.29715566
88.998629192 26.291522929
88.989689169 26.289404195
88.981730998 26.291832987
88.97532312 26.299946188
88.966021362 26.328471578
88.941216675 26.340098775
88.912432902 26.348935445
88.891865682 26.368779196
88.891245565 26.385780741
88.899462118 26.40448761
88.911967814 26.421230774
88.924576864 26.432134501
88.941009969 26.439420878
88.950156697 26.43694041
88.959303427 26.428568828
88.97532312 26.417871806
88.986536906 26.412704163
89.001781454 26.397149557
89.010876505 26.390173239
89.021780233 26.386245829
89.043742717 26.381078186
89.052631063 26.374618632
89.057281942 26.3626297
89.054078003 26.353948059
89.055214885 26.347023417
89.071854696 26.34061554
89.095729208 26.334517721
89.102912232 26.327334696
89.103532349 26.313692118
89.094799032 26.309506327
89.080329631 26.315604146
89.068857462 26.314260559
89.069425903 26.287388815
89.075885457 26.271059062
89.095884237 26.241035055
89.10337732 26.22517039
89.111697225 26.164502259
89.119190308 26.146622213
89.131592651 26.133754781
89.197841837 26.107709859
89.212621298 26.098976543
89.223059936 26.086574198
89.229261108 26.067195537
89.23763269 26.058100484
89.272979371 26.043476054
89.296905558 26.018154603
89.315147339 26.006785787
89.335301147 25.998569235
89.351475871 25.996863912
89.367753947 26.0054422
89.379742879 26.015312399
89.391421753 26.015467428
89.406614625 25.995055237
89.411265503 25.993194885
89.416123087 25.992626444
89.421187378 25.993194885
89.426355021 25.994900208
89.426355021 25.994951884
89.426406697 25.99500356
89.426406697 25.995055237
89.480615275 25.999241028
89.48562789 25.998724263
89.490640503 25.997329
89.495343059 25.995055237
89.509450725 25.972627665
89.518184042 25.962085674
89.528415975 25.957124735
89.541696819 25.959708558
89.549086548 25.968855286
89.551825399 25.981516012
89.550688517 25.995055237
89.559163452 26.02223704
89.602881714 26.05525828
89.611356649 26.07220815
89.603863567 26.084662171
89.590789429 26.085023906
89.576940145 26.08264679
89.56701827 26.087090963
89.566914917 26.098976543
89.577870321 26.107244771
89.592546428 26.113962708
89.604225301 26.12073232
89.585776815 26.122902731
89.569395386 26.130085754
89.562780803 26.142591452
89.573426148 26.160729879
89.579937378 26.166104228
89.586758667 26.169204814
89.593993368 26.169721578
89.614405558 26.1641922
89.615284058 26.169101461
89.608462769 26.180676982
89.606395711 26.211011047
89.613320353 26.219382629
89.634921102 26.225842183
89.653007854 26.222689921
89.658382202 26.207858785
89.657828608 26.187174483
89.657245321 26.165380758
89.655798381 26.16129832
89.658175497 26.159231262
89.670371134 26.154115296
89.677709188 26.153133443
89.697656291 26.154787089
89.706544637 26.154166972
89.718481893 26.145537008
89.72432133 26.130654195
89.728765503 26.114169413
89.736723673 26.100578511
89.749849487 26.083887024
89.751141399 26.071536357
89.748712606 26.05903066
89.750211223 26.041564026
89.755843954 26.032417297
89.776411174 26.008232727
89.783955932 25.995106913
89.789433635 25.987975565
89.795531454 25.985960185
89.802042684 25.98864736
89.808863973 25.995106913
89.809174031 25.995106913
89.809329061 25.995210266
89.811034383 25.996037089
89.812688029 25.996347148
89.814134969 25.996140442
89.81527185 25.995106913
89.828656047 25.979397278
89.825607137 25.965703024
89.811551147 25.955212708
89.792017456 25.949114889
89.810724325 25.938779603
89.82643396 25.937487691
89.83439213 25.931751608
89.830051311 25.907980449
89.786953166 25.839147441
89.78312911 25.814446107
89.80152592 25.724684144
89.824211873 25.674092916
89.83439213 25.634767151
89.825090373 25.564487203
89.823230021 25.489142965
89.80856794 25.439507112
89.800699097 25.412868551
89.799234035 25.402892809
89.79501469 25.374162903
89.798528687 25.340056458
89.807365356 25.304503073
89.81904423 25.284969381
89.834598836 25.282437236
89.870203898 25.29556305
89.9081344 25.296906637
90.130084677 25.211588847
90.286922648 25.180066223
90.364644003 25.14999054
90.399783977 25.149008687
90.501379842 25.168800761
90.583338664 25.162031149
90.623439575 25.171436259
90.637598918 25.171074524
90.648967733 25.167818909
90.670568481 25.158775533
90.70767216 25.152987773
90.7163538 25.153556214
90.722038208 25.156605123
90.732683554 25.166888733
90.737954549 25.169420879
90.753974243 25.167560527
90.766893351 25.160532532
90.779399048 25.151954244
90.793971802 25.145391337
90.821980428 25.142290752
90.934821386 25.156359858
90.943420045 25.157431946
90.975149374 25.167818909
91.135346314 25.191228333
91.190846802 25.189471334
91.203145793 25.191331686
91.224953247 25.201615296
91.235701945 25.201925354
91.283967733 25.178981018
91.431865683 25.137949931
91.471036418 25.13391917
91.480751587 25.135262757
91.500905396 25.14115387
91.511654094 25.142497457
91.523436321 25.145184632
91.540179484 25.157638652
91.548757772 25.161100973
91.566121053 25.159964091
91.573459107 25.152264302
91.580177043 25.140895488
91.596196737 25.128906555
91.613146607 25.125134176
91.638674764 25.124048971
91.662032511 25.127201233
91.672264445 25.136502991
91.677432088 25.152626038
91.688904257 25.152987773
91.701823364 25.147148336
91.710711711 25.144667868
91.717739706 25.149835511
91.723734172 25.161927796
91.730142049 25.167457174
91.745334921 25.169369202
91.793704061 25.16533844
91.900570923 25.177585754
91.956278117 25.169782613
91.975088338 25.175363668
92.001753377 25.182960104
92.033999471 25.181668193
92.06603886 25.174536845
92.092910604 25.164718323
92.100455363 25.159085592
92.110377238 25.144874573
92.116164999 25.139448548
92.124123169 25.136968079
92.13859257 25.136399638
92.145517212 25.131697082
92.150994914 25.129733379
92.164740845 25.133557434
92.172699016 25.131955465
92.179210246 25.126684469
92.194093059 25.109166159
92.208045695 25.098107401
92.22013798 25.090381775
92.233677206 25.08495575
92.251557251 25.080795797
92.303543742 25.074284566
92.31212203 25.068600159
92.328141724 25.048007101
92.356253703 25.037000021
92.381058391 25.023434957
92.384937035 25.004773236
92.386875924 24.995444456
92.386926351 24.99520183
92.386949504 24.995090434
92.394700969 24.993230082
92.411860006 24.987527227
92.4121395 24.987434336
92.412270956 24.987390646
92.412460321 24.984360817
92.412477662 24.984083354
92.444446273 24.962427197
92.444517049 24.962379252
92.45376877 24.958231063
92.454025513 24.958115947
92.457828128 24.953557685
92.458056275 24.953284201
92.450028486 24.946636187
92.449813868 24.946458457
92.449788046 24.946437073
92.474272333 24.936715371
92.474386027 24.936670228
92.483791138 24.92822113
92.491267148 24.912424218
92.491335897 24.912278951
92.494539836 24.894863993
92.491542602 24.883727722
92.477693319 24.86390981
92.44203658 24.855409037
92.380748332 24.836702169
92.370929809 24.837916565
92.363591756 24.841017151
92.363507409 24.841120014
92.359354289 24.846184794
92.359320577 24.846428366
92.35832076 24.853652039
92.358146052 24.853748899
92.290417929 24.89129832
92.2902445 24.891351286
92.252177368 24.902977194
92.223031861 24.891375834
92.217657511 24.874580994
92.221759058 24.857046883
92.221791626 24.856907654
92.234927861 24.82499071
92.235020793 24.824764914
92.236881144 24.80859019
92.236467733 24.793035584
92.233780559 24.777532654
92.182930949 24.647256368
92.173422486 24.608395692
92.16887496 24.574315084
92.163603963 24.559199728
92.153165324 24.544549459
92.149979862 24.542182954
92.13859257 24.533723246
92.123192993 24.525377503
92.110894003 24.514292908
92.105933065 24.495250143
92.111204061 24.434297791
92.107586711 24.405979106
92.088259725 24.381639507
92.062731568 24.37102
92.033379354 24.36884959
91.949973592 24.375386658
91.948836711 24.363526917
91.971367635 24.329678853
91.972194459 24.316062114
91.953074178 24.322986755
91.930956665 24.336965231
91.921861613 24.34450999
91.899847453 24.338050435
91.896436809 24.320118714
91.906875448 24.280353699
91.905945272 24.26063914
91.884344523 24.175553895
91.877109823 24.158035584
91.864500773 24.150594177
91.844243612 24.155322571
91.813754517 24.183124492
91.811377401 24.192038676
91.809723755 24.214543763
91.807036581 24.221132507
91.796597941 24.221597595
91.732932576 24.234284159
91.723010702 24.220977478
91.725801229 24.202063904
91.7320024 24.181677551
91.732622518 24.16431427
91.721150351 24.148992208
91.703683716 24.142946065
91.684150025 24.145478211
91.666166626 24.15591685
91.657174927 24.171368104
91.639501587 24.211701559
91.629062948 24.215318909
91.624515421 24.203459168
91.613766723 24.140103862
91.606015259 24.118864848
91.596506795 24.104989726
91.581830689 24.09610138
91.558679647 24.089667663
91.517545207 24.085197652
91.480441529 24.088014018
91.404580526 24.103129374
91.363032675 24.099847921
91.350837036 24.074242249
91.349286743 24.036053366
91.33905481 23.995228984
91.327065878 23.987865092
91.316213827 23.989467062
91.308432577 23.992501035
91.304948364 23.993859558
91.291615845 23.994815573
91.274149211 23.988226827
91.260920044 23.977271424
91.250378052 23.964042257
91.216271607 23.908386739
91.211930786 23.894459941
91.212757609 23.880739848
91.224023071 23.857485453
91.228157186 23.844979757
91.225263306 23.826143698
91.20521285 23.771573385
91.194980916 23.755166118
91.176584107 23.746536154
91.157567179 23.744985861
91.141754191 23.739895732
91.13234908 23.720646261
91.136586548 23.698890483
91.152399537 23.691009827
91.168935995 23.685377096
91.17524052 23.670313416
91.166455526 23.654087016
91.152296184 23.655094707
91.139687134 23.653570251
91.136276489 23.629514872
91.140824015 23.612099915
91.16986617 23.561973776
91.177514283 23.544274597
91.185885865 23.511563416
91.195084269 23.495181986
91.203352499 23.487921448
91.220819133 23.47789622
91.227330363 23.46877533
91.229707479 23.461178894
91.234461711 23.436270854
91.247897583 23.393766989
91.258129517 23.373639018
91.270945272 23.364595643
91.283967733 23.36144338
91.287275025 23.355552267
91.282934204 23.347645773
91.272908977 23.338499044
91.265777629 23.329352315
91.267534627 23.321549174
91.272908977 23.313487651
91.277249796 23.303255717
91.300504192 23.142309469
91.313526652 23.101045838
91.337401164 23.071073507
91.370887492 23.06277944
91.374608195 23.095723165
91.355901327 23.179645691
91.355694621 23.224139099
91.360965617 23.247522685
91.372127726 23.261888733
91.394348592 23.262663879
91.413572225 23.248633728
91.42814498 23.229513449
91.436516561 23.21486318
91.436206502 23.215715841
91.439617147 23.222640482
91.439927205 23.223518983
91.446438436 23.215534973
91.446748495 23.208791199
91.445404908 23.203029277
91.446438436 23.197887471
91.461217896 23.184425761
91.463595012 23.184115702
91.470416301 23.153290711
91.475067179 23.143084615
91.498114869 23.069962464
91.503282512 23.044408468
91.506073039 23.041178691
91.515581502 23.038801575
91.518165324 23.035080872
91.519405558 23.005625305
91.523643026 22.995212504
91.536562134 22.981854146
91.5497913 22.977229106
91.56312382 22.974981181
91.576766399 22.968805848
91.583070923 22.957798767
91.58296757 22.947902731
91.586068156 22.944466248
91.602397909 22.952967021
91.608289022 22.960330913
91.612009725 22.969839376
91.616660604 22.978055929
91.625755656 22.981544088
91.632783651 22.980303853
91.639914998 22.978004253
91.646942993 22.97658315
91.654074341 22.978055929
91.667613566 22.982629293
91.694692017 22.988132833
91.706991008 22.995367534
91.714432414 23.003118998
91.731278931 23.017330018
91.738306926 23.024668071
91.75505009 23.048232524
91.756290324 23.052159933
91.755566854 23.05683665
91.755980265 23.061539206
91.760941203 23.065492453
91.764248494 23.065647481
91.773756958 23.064898173
91.776237427 23.065259909
91.791326945 23.080375265
91.795564412 23.089496155
91.791947062 23.10114919
91.779027954 23.131767476
91.763938436 23.200626323
91.749158977 23.232407329
91.743681274 23.272327373
91.762594849 23.321549174
91.791637004 23.368342183
91.817681926 23.400924174
91.833804973 23.413894959
91.889098755 23.435934958
91.905118449 23.446631979
91.91814091 23.45993866
91.940775188 23.495181986
91.94232548 23.534430237
91.9159705 23.650159607
91.914420207 23.688322653
91.916487264 23.709871725
91.922688436 23.7229717
91.936641073 23.723540141
91.94914677 23.709768372
91.961652466 23.691139018
92.003510377 23.647420757
92.019013306 23.640056865
92.042371053 23.645560405
92.059630981 23.659487203
92.092187134 23.701345114
92.108413534 23.718243307
92.150788208 23.731653341
92.170631958 23.703644714
92.180760539 23.665378317
92.194299764 23.648144226
92.209389282 23.661605937
92.222101685 23.707778829
92.238741496 23.716848043
92.259308716 23.706486918
92.259736605 23.702640572
92.261685832 23.685118713
92.250006958 23.642614848
92.252797485 23.609309388
92.291038045 23.49528534
92.296825806 23.446580302
92.301476685 23.431800842
92.306747681 23.42386851
92.319770142 23.412163798
92.325351197 23.403507995
92.32690149 23.396014913
92.325351197 23.382165629
92.326694784 23.375266825
92.331655721 23.368652243
92.344884888 23.35911794
92.348605591 23.354105326
92.349535767 23.344958598
92.346745239 23.325295715
92.347055298 23.315425517
92.352222941 23.298837382
92.35687382 23.289122213
92.357493937 23.278941956
92.350672649 23.260984395
92.33268925 23.226257833
92.328555135 23.211194153
92.327624959 23.171429138
92.353049765 23.029913228
92.352222941 22.960330913
92.359871053 22.92661204
92.378681275 22.900437928
92.411857544 22.887932231
92.426326945 22.871059876
92.435008586 22.793286846
92.44203658 22.762926941
92.453715454 22.747966614
92.480690552 22.726159159
92.491542602 22.711069641
92.495883423 22.695618388
92.502911418 22.618620504
92.50084436 22.560536194
92.504565064 22.54379303
92.517380819 22.512580465
92.518931112 22.495372213
92.577015422 22.168673808
92.575568482 22.14330068
92.564199667 22.138339742
92.549316854 22.138494772
92.537327921 22.128624573
92.559962199 22.061341859
92.573088013 21.995402731
92.57515507 21.986566061
92.57587854 21.977574362
92.590244588 21.917164612
92.593035116 21.886933899
92.575568482 21.73397166
92.590244588 21.495536601
92.592725057 21.470163472
92.603267049 21.42008901
92.639233846 21.31869985
92.641039906 21.308585918
92.642851197 21.298442688
92.633756144 21.282216289
92.614325806 21.263147685
92.590864706 21.24888499
92.570607544 21.24728302
92.558721965 21.259840393
92.551590617 21.280510966
92.543942505 21.320921937
92.524512167 21.361126201
92.49867395 21.366603902
92.465394328 21.35983429
92.423123007 21.363658345
92.400282024 21.3709964
92.389636678 21.376525778
92.381161744 21.384794006
92.374237101 21.402312318
92.372170044 21.419055481
92.367932577 21.43543691
92.35470341 21.45181834
92.322664022 21.461895243
92.284526815 21.419055481
92.252900838 21.419520569
92.236261028 21.417091777
92.225098917 21.397454732
92.211559692 21.354873352
92.183654419 21.317201233
92.178280071 21.299734599
92.178073364 21.280149231
92.185204712 21.240410055
92.183964477 21.220876364
92.178383423 21.191265767
92.174972779 21.175607809
92.180760539 21.157882793
92.188305298 21.144085185
92.211766398 21.123517965
92.218380982 21.108635152
92.224272095 21.093183899
92.265147332 21.061102606
92.258555535 21.022528387
92.257090691 20.981105861
92.261485222 20.940252997
92.271983269 20.903509833
92.300629102 20.862372137
92.305430535 20.851955471
92.3076278 20.833197333
92.325938347 20.780585028
92.333262566 20.767726955
92.336273634 20.757147528
92.333994988 20.746405341
92.325531446 20.738714911
92.31934655 20.742010809
92.314219597 20.749253648
92.309092644 20.753241278
92.301036004 20.762274481
92.278086785 20.814113674
92.20972741 20.930812893
92.192881707 20.995672919
92.18628991 21.005845445
92.134125196 21.047512111
92.124359571 21.060451565
92.10808353 21.0899112
92.096853061 21.105861721
92.052500847 21.154771226
92.045420769 21.170965887
92.043955925 21.192043361
92.052256707 21.256659247
92.050466342 21.280462958
92.045258009 21.299546617
91.989756707 21.394232489
91.980479363 21.403753973
91.969411655 21.409613348
91.95972741 21.423976955
91.952972852 21.441839911
91.949717644 21.458400783
91.95590254 21.458400783
91.958018425 21.455023505
91.958832227 21.454413153
91.960134311 21.454250393
91.963389519 21.452134507
91.970876498 21.470038153
91.982920769 21.488836981
91.99903405 21.499497789
92.017914259 21.493109442
92.005381707 21.504299221
91.995371941 21.522609768
91.989756707 21.543402411
91.990000847 21.561997789
91.998545769 21.573187567
92.012461785 21.585394598
92.02214603 21.599351304
92.017914259 21.616034247
92.032969597 21.63300202
92.035817905 21.640448309
92.031748894 21.650132554
92.03777103 21.659572658
92.035899285 21.66815827
92.028575066 21.674790757
92.022797071 21.676825262
92.025563998 21.687241929
92.029307488 21.696234442
92.029307488 21.704901434
92.025401238 21.712836005
92.023936394 21.704657294
92.02214603 21.701564846
92.017914259 21.698553778
92.025401238 21.698553778
92.012380405 21.66421133
92.000743035 21.649807033
91.983897332 21.650132554
91.976084832 21.662054755
91.978851759 21.677720445
91.984222852 21.693508205
91.983897332 21.705389716
91.977061394 21.705389716
91.971934441 21.688218492
91.962657097 21.689520575
91.953623894 21.701402085
91.949717644 21.715969143
91.952972852 21.7383487
91.961924675 21.743841864
91.974782748 21.746486721
91.990000847 21.759995835
91.983897332 21.766831773
91.967295769 21.755438544
91.960297071 21.763820705
91.966563347 21.778876044
91.990000847 21.787909247
91.990000847 21.794826565
91.943695509 21.791408596
91.924082879 21.7852237
91.908702019 21.78115469
91.899261915 21.789496161
91.900889519 21.813299872
91.911387566 21.834702867
91.929372592 21.843166408
91.921641472 21.853420315
91.925547722 21.862860419
91.93628991 21.870835679
91.949717644 21.876695054
91.949717644 21.884182033
91.939219597 21.88304271
91.929942254 21.878648179
91.922129754 21.871568101
91.915700717 21.862453518
91.910329623 21.87490469
91.905609571 21.895575262
91.90121504 21.935370184
91.898203972 21.944891669
91.884043816 21.960150458
91.880869988 21.969183661
91.880869988 22.007025458
91.855235222 22.109198309
91.853526238 22.143622137
91.863942905 22.139593817
91.867198113 22.137396552
91.86207116 22.150620835
91.853282097 22.148749091
91.846039259 22.135972398
91.846039259 22.116888739
91.839854363 22.116888739
91.829112175 22.134100653
91.81934655 22.155951239
91.812998894 22.180324611
91.812022332 22.205023505
91.816905144 22.220282294
91.825856967 22.230047919
91.83472741 22.237616278
91.839854363 22.246649481
91.838389519 22.263088283
91.829844597 22.271307684
91.81918379 22.275824286
91.812022332 22.28139883
91.808848504 22.306341864
91.826508009 22.318264065
91.852386915 22.325344143
91.87403405 22.33600495
91.884938998 22.353827216
91.908050977 22.424750067
91.901866082 22.424058335
91.887705925 22.424750067
91.88550866 22.409654039
91.875743035 22.37107982
91.877452019 22.3633487
91.870453321 22.358099677
91.859141472 22.346625067
91.844004754 22.334947007
91.826345248 22.329169012
91.8232528 22.32416413
91.798594597 22.311916408
91.791351759 22.301906643
91.793955925 22.286037502
91.804535352 22.278469143
91.817230665 22.274074611
91.826345248 22.267767645
91.825938347 22.248480536
91.808929884 22.236273505
91.787119988 22.237941799
91.771657748 22.260321356
91.754405144 22.374660549
91.743662957 22.411078192
91.676036004 22.534613348
91.548106316 22.700344143
91.516368035 22.712225653
91.49870853 22.727280992
91.484629754 22.745510158
91.476817254 22.761175848
91.469004754 22.757066148
91.462412957 22.76190827
91.458018425 22.772284247
91.456309441 22.784816799
91.458343946 22.79706452
91.46778405 22.809312242
91.473968946 22.838324286
91.490000847 22.880560614
91.490489129 22.904527085
91.48308353 22.904527085
91.479665561 22.885891018
91.462412957 22.833441473
91.452484571 22.822658596
91.430430535 22.81631094
91.41675866 22.799994208
91.411631707 22.777818101
91.414724155 22.753729559
91.399668816 22.764308986
91.385020379 22.770697333
91.368337436 22.773993231
91.34644616 22.774847723
91.34644616 22.767401434
91.367442254 22.76166413
91.3701278 22.752183335
91.360118035 22.743394273
91.34262129 22.739447333
91.290782097 22.73843008
91.308848504 22.733099677
91.325043165 22.726141669
91.332774285 22.720200914
91.329925977 22.705715236
91.317393425 22.697211005
91.300547722 22.693264065
91.284434441 22.692287502
91.283457879 22.693345445
91.25277754 22.6992862
91.248383009 22.698228257
91.24480228 22.698391018
91.243418816 22.702215887
91.243907097 22.717433986
91.243418816 22.720200914
91.231211785 22.724310614
91.216075066 22.726060289
91.181895379 22.72646719
91.181895379 22.720200914
91.194590691 22.709662177
91.199229363 22.698797919
91.192149285 22.69163646
91.168955925 22.692287502
91.168955925 22.684881903
91.226898634 22.671087958
91.253428582 22.660711981
91.26449629 22.64081452
91.261078321 22.627875067
91.253103061 22.613836981
91.2415688 22.575395765
91.221364576 22.557192605
91.202743046 22.543219639
91.176565684 22.536419414
91.127343458 22.527025948
91.089200582 22.544430256
91.069579671 22.571556869
91.058604363 22.614325262
91.048675977 22.626166083
91.03793379 22.643866278
91.026703321 22.674261786
91.01832116 22.683091539
91.003754102 22.678656317
91.018728061 22.664455471
91.032237175 22.63686758
91.040212436 22.607733466
91.03793379 22.588609117
91.017588738 22.579291083
90.985118035 22.57436758
90.954925977 22.575832424
90.941742384 22.58588288
90.935557488 22.599676825
90.908213738 22.617865302
90.902028842 22.627101955
90.898773634 22.636175848
90.884125196 22.654486395
90.876475457 22.682806708
90.865489129 22.687160549
90.835948113 22.684881903
90.831309441 22.690578518
90.819509311 22.72646719
90.811778191 22.732367255
90.802582227 22.736395575
90.794932488 22.741359768
90.788340691 22.759222723
90.774180535 22.778062242
90.771006707 22.784816799
90.769541863 22.795355536
90.757334832 22.822658596
90.750010613 22.856756903
90.741953972 22.874212958
90.732920769 22.889064846
90.72559655 22.905707098
90.722666863 22.928452867
90.71745853 22.940619208
90.640147332 23.038031317
90.629405144 23.064398505
90.627126498 23.075873114
90.627207879 23.086655992
90.638682488 23.147894598
90.640147332 23.188869533
90.645843946 23.21092357
90.657074415 23.23037344
90.665212436 23.248765367
90.661143425 23.267645575
90.667328321 23.267645575
90.650889519 23.300238348
90.650157097 23.313544012
90.661143425 23.322251695
90.657725457 23.323228257
90.654795769 23.323309637
90.653168165 23.324652411
90.653656446 23.329738674
90.628428582 23.321519273
90.611338738 23.342474677
90.601735873 23.372463283
90.599131707 23.391180731
90.60027103 23.449937242
90.608734571 23.4727237
90.633311394 23.486761786
90.691579623 23.486476955
90.715017123 23.498358466
90.715830925 23.53514232
90.711192254 23.548814195
90.705577019 23.554510809
90.695811394 23.555487372
90.678233269 23.555080471
90.675466342 23.55093008
90.684336785 23.541734117
90.70215905 23.528387762
90.695323113 23.50787995
90.677744988 23.517279364
90.66675866 23.518215236
90.64747155 23.50787995
90.622080925 23.50006745
90.607758009 23.491115627
90.603363477 23.494696356
90.588145379 23.534165757
90.592051629 23.56248607
90.60816491 23.585760809
90.633311394 23.596625067
90.627126498 23.603461005
90.625336134 23.599351304
90.625254754 23.598334052
90.62403405 23.598089911
90.619639519 23.596625067
90.61198978 23.606105861
90.595469597 23.604396877
90.558767123 23.590399481
90.564463738 23.576402085
90.559418165 23.567938544
90.547211134 23.563788153
90.531504754 23.56248607
90.51465905 23.563788153
90.501719597 23.567938544
90.476328972 23.582953192
90.484385613 23.567450262
90.498383009 23.557277736
90.514984571 23.551418361
90.531504754 23.548814195
90.568695509 23.547512111
90.57683353 23.539496161
90.578949415 23.449855861
90.575938347 23.438950914
90.568125847 23.432928778
90.559906446 23.418402411
90.55372155 23.400702216
90.551931186 23.384955145
90.51832116 23.398260809
90.322438998 23.433294989
90.284434441 23.446193752
90.250336134 23.466945705
90.249359571 23.455389716
90.258799675 23.444566148
90.388519727 23.372381903
90.404144727 23.360419012
90.413422071 23.347967841
90.419688347 23.335598049
90.42847741 23.326117255
90.460215691 23.319728908
90.487966342 23.306830145
90.503591342 23.301743882
90.56910241 23.294989325
90.577321811 23.288397528
90.606618686 23.247219143
90.610850457 23.230780341
90.614512566 23.19546133
90.610362175 23.201157945
90.602712436 23.21100495
90.593516472 23.219875393
90.598399285 23.200425523
90.602875196 23.141302802
90.599131707 23.117499091
90.571950717 23.081732489
90.565603061 23.075873114
90.55372155 23.078558661
90.551280144 23.086900132
90.555918816 23.096828518
90.565603061 23.103827216
90.565603061 23.110663153
90.558767123 23.110663153
90.547618035 23.096747137
90.536631707 23.086818752
90.522797071 23.080145575
90.503591342 23.075873114
90.466075066 23.076849677
90.453623894 23.072333075
90.448903842 23.055731512
90.450124545 23.049343166
90.454356316 23.02753327
90.468272332 22.99607982
90.48698978 22.966131903
90.507009311 22.942084052
90.509287957 22.936997789
90.507578972 22.925360419
90.51042728 22.91819896
90.512950066 22.917059637
90.516856316 22.916815497
90.521006707 22.915676174
90.524099155 22.912014065
90.535980665 22.903387762
90.540049675 22.896551825
90.534922722 22.887152411
90.520030144 22.880194403
90.505137566 22.881659247
90.490489129 22.885199286
90.476328972 22.884100653
90.457204623 22.861761786
90.44809004 22.828436591
90.436045769 22.800604559
90.407969597 22.794663804
90.424001498 22.781683661
90.419932488 22.768255927
90.406423373 22.763088283
90.394297722 22.774847723
90.372569207 22.761419989
90.387217644 22.751288153
90.415782097 22.742499091
90.435231967 22.733303127
90.444590691 22.751654364
90.461680535 22.748846747
90.479014519 22.735012111
90.489919467 22.720200914
90.492930535 22.709906317
90.496755405 22.678656317
90.508962436 22.646429755
90.512705925 22.611476955
90.510020379 22.604234117
90.500173373 22.592352606
90.491384311 22.587836005
90.468597852 22.584702867
90.459239129 22.579291083
90.453461134 22.564195054
90.442149285 22.508734442
90.442067905 22.493638414
90.444997592 22.50413646
90.451182488 22.510158596
90.458018425 22.514634507
90.462657097 22.520982164
90.46355228 22.53143952
90.460459832 22.551174221
90.462657097 22.561957098
90.472504102 22.575588283
90.4873153 22.583726304
90.505137566 22.586249091
90.524099155 22.583075262
90.559743686 22.562323309
90.577810092 22.533677476
90.589691602 22.500433661
90.606618686 22.465765692
90.591319207 22.470526434
90.586192254 22.473211981
90.586436394 22.450588283
90.593597852 22.432318427
90.613454623 22.396877346
90.618418816 22.376654364
90.619313998 22.355902411
90.613454623 22.314886786
90.581553582 22.23822663
90.557953321 22.20335521
90.538340691 22.198879299
90.511729363 22.185288804
90.501149936 22.176703192
90.496755405 22.167792059
90.494395379 22.154242255
90.488291863 22.138617255
90.45964603 22.091945705
90.450043165 22.080796617
90.438649936 22.075995184
90.425466342 22.078843492
90.408457879 22.08592357
90.393809441 22.094712632
90.387461785 22.102606512
90.39323978 22.127386786
90.417491082 22.175034898
90.421641472 22.198879299
90.410004102 22.227280992
90.407969597 22.240423895
90.414073113 22.271795966
90.410899285 22.284247137
90.394297722 22.288234768
90.398692254 22.267482815
90.388682488 22.223211981
90.390879754 22.208807684
90.399099155 22.202215887
90.405528191 22.199530341
90.410492384 22.195705471
90.414235873 22.185777085
90.41285241 22.178045966
90.408213738 22.171210028
90.400563998 22.16404857
90.399180535 22.162339585
90.39714603 22.160630601
90.395192905 22.157212632
90.392588738 22.143011786
90.388682488 22.143459377
90.383799675 22.145738023
90.380056186 22.143622137
90.377126498 22.133612372
90.37378991 22.102606512
90.36988366 22.08982982
90.365733269 22.081203518
90.347422722 22.055324611
90.33472741 22.041815497
90.332204623 22.038072007
90.327891472 22.020493882
90.308604363 21.984035549
90.304372592 21.965765692
90.299978061 21.927679755
90.290700717 21.890326239
90.282888217 21.870794989
90.272715691 21.857407945
90.21762129 21.813462632
90.203786655 21.80459219
90.184825066 21.80097077
90.164398634 21.804266669
90.126800977 21.818793036
90.109060092 21.822088934
90.092946811 21.830267645
90.08855228 21.846747137
90.095388217 21.85944245
90.112478061 21.856268622
90.104991082 21.870266018
90.110850457 21.880113023
90.120860222 21.889308986
90.126231316 21.901190497
90.124522332 21.909735419
90.121836785 21.915350653
90.121348504 21.921576239
90.126231316 21.931952216
90.11622155 21.919338283
90.098480665 21.878607489
90.0888778 21.869859117
90.079356316 21.866929429
90.066905144 21.853420315
90.057871941 21.849351304
90.049327019 21.851019598
90.036306186 21.861151434
90.024424675 21.862453518
90.031260613 21.889227606
90.03394616 21.943548895
90.044932488 21.966131903
90.054209832 21.973374742
90.065765821 21.979885158
90.07715905 21.987982489
90.085785352 22.00023021
90.090586785 22.015448309
90.09253991 22.027980861
90.095957879 22.040106512
90.105642123 22.054266669
90.146739129 22.089016018
90.151621941 22.094875393
90.15886478 22.106919664
90.164073113 22.11322663
90.172862175 22.117010809
90.181813998 22.114813544
90.189707879 22.110825914
90.195078972 22.10952383
90.216156446 22.123236395
90.231700066 22.145656643
90.239105665 22.172267971
90.236094597 22.198879299
90.218272332 22.155707098
90.20582116 22.13296133
90.191661004 22.123114325
90.164805535 22.119818427
90.148285352 22.110785223
90.0888778 22.051174221
90.081797722 22.041001695
90.073741082 22.019232489
90.061045769 22.000799872
90.057953321 21.993719794
90.052419467 21.988999742
90.03809655 21.986558335
90.028168165 21.988104559
89.996348504 22.00023021
90.002126498 22.014105536
90.003184441 22.029364325
90.0107528 22.041205145
90.020192905 22.048814195
90.028981967 22.052964585
90.035411004 22.059800523
90.03809655 22.075344143
90.034678582 22.105169989
90.039073113 22.116278387
90.042735222 22.131252346
90.052093946 22.141099351
90.063243035 22.145738023
90.072601759 22.152044989
90.078379754 22.16404857
90.052582227 22.155462958
90.040049675 22.138088283
90.024424675 22.089016018
90.015391472 22.077866929
89.988536004 22.053045966
89.982758009 22.044623114
89.985199415 21.999416408
89.982758009 21.986558335
89.96778405 21.974554755
89.949717644 21.980902411
89.934418165 21.997707424
89.928233269 22.017279364
89.926280144 22.027167059
89.917491082 22.049872137
89.914561394 22.061672268
89.912364129 22.135565497
89.903086785 22.176906643
89.900889519 22.201971747
89.898285352 22.211655992
89.88550866 22.23061758
89.880381707 22.240423895
89.876638217 22.253485419
89.875336134 22.263983466
89.876800977 22.274725653
89.880381707 22.288234768
89.900157097 22.333929755
89.982758009 22.44525788
89.988291863 22.457749742
89.991953972 22.469875393
89.997894727 22.480861721
90.010101759 22.490220445
89.982758009 22.473211981
89.9795028 22.470078843
89.947438998 22.439683335
89.933604363 22.423529364
89.928233269 22.407700914
89.920420769 22.391831773
89.903086785 22.396429755
89.872894727 22.418605861
89.874847852 22.397650458
89.880544467 22.380601304
89.884125196 22.36351146
89.880381707 22.342230536
89.83871504 22.267767645
89.850840691 22.246527411
89.861338738 22.21100495
89.872894727 22.143622137
89.874278191 22.108832098
89.871348504 22.091864325
89.862966342 22.079046942
89.846202019 22.070624091
89.831553582 22.071966864
89.816172722 22.075995184
89.797211134 22.075995184
89.797211134 22.068508205
89.818369988 22.060044664
89.835948113 22.049465236
89.847911004 22.033880927
89.852386915 22.010443427
89.851084832 22.000881252
89.845957879 21.982896226
89.846202019 21.972316799
89.85027103 21.963120835
89.863780144 21.943304755
89.871836785 21.924261786
89.88160241 21.912990627
89.887217644 21.900091864
89.880381707 21.884182033
89.873220248 21.881577867
89.850922071 21.877508856
89.825205925 21.856268622
89.819590691 21.849554755
89.817637566 21.844916083
89.814219597 21.840806382
89.804698113 21.835760809
89.786387566 21.828924872
89.775726759 21.827582098
89.771169467 21.832342841
89.765879754 21.846747137
89.753428582 21.84389883
89.738454623 21.834418036
89.725840691 21.828924872
89.709157748 21.830064195
89.6904403 21.833726304
89.673350457 21.84007396
89.661306186 21.849351304
89.656911655 21.857123114
89.653168165 21.867743231
89.652598504 21.87885163
89.663340691 21.896307684
89.661306186 21.905829169
89.646983269 21.925116278
89.618988477 21.869859117
89.630381707 21.85146719
89.649750196 21.826361395
89.672048373 21.804266669
89.692067905 21.794826565
89.700694207 21.784857489
89.689952019 21.765204169
89.668223504 21.750881252
89.6435653 21.756903387
89.63152103 21.764064846
89.620371941 21.764349677
89.595469597 21.759995835
89.59278405 21.754380601
89.603770379 21.727687893
89.605967644 21.719061591
89.586924675 21.700832424
89.565684441 21.713364976
89.537119988 21.75381094
89.538910352 21.771470445
89.527354363 21.812811591
89.53028405 21.835760809
89.538340691 21.848618882
89.556895379 21.868801174
89.564463738 21.884182033
89.567637566 21.900702216
89.563487175 21.973130601
89.571299675 22.03123607
89.576670769 22.051703192
89.60059655 22.091253973
89.605967644 22.11322663
89.602549675 22.134507554
89.593760613 22.155422268
89.581390821 22.174058335
89.567881707 22.188910223
89.567230665 22.202826239
89.597911004 22.240301825
89.605967644 22.256903387
89.607106967 22.278265692
89.610606316 22.298895575
89.616953972 22.318426825
89.626475457 22.33600495
89.615489129 22.32827383
89.606211785 22.315619208
89.59245853 22.288234768
89.58082116 22.27724844
89.57715905 22.268500067
89.586192254 22.245428778
89.580332879 22.236761786
89.561045769 22.223089911
89.549164259 22.205267645
89.550303582 22.192124742
89.571299675 22.157904364
89.576345248 22.145493882
89.578786655 22.135891018
89.579356316 22.11322663
89.57699629 22.101263739
89.566742384 22.0820987
89.564463738 22.072211005
89.556488477 22.008449611
89.551442905 21.994045315
89.532888217 21.984686591
89.524750196 22.00014883
89.523448113 22.044623114
89.52613366 22.055121161
89.536468946 22.075832424
89.537119988 22.089016018
89.492035352 22.188381252
89.489431186 22.208807684
89.494151238 22.253566799
89.493011915 22.27350495
89.48316491 22.295070705
89.475759311 22.295070705
89.46745853 22.228989976
89.475759311 22.102606512
89.48316491 22.102606512
89.484060092 22.116685289
89.488780144 22.129584052
89.494151238 22.13686758
89.496836785 22.133978583
89.498220248 22.125311591
89.501719597 22.113104559
89.50684655 22.101019598
89.512950066 22.092433986
89.51832116 22.081000067
89.517425977 22.0664737
89.509125196 22.041205145
89.504161004 22.036688544
89.491872592 22.034572658
89.489431186 22.03123607
89.490407748 22.023993231
89.492686394 22.019191799
89.496836785 22.013861395
89.500498894 22.002590236
89.512705925 21.978094794
89.520030144 21.969183661
89.521820509 21.962307033
89.512543165 21.909125067
89.502289259 21.897528387
89.489105665 21.888373114
89.475759311 21.876695054
89.464610222 21.859198309
89.46363366 21.845038153
89.467051629 21.828599351
89.469493035 21.804388739
89.465830925 21.78131745
89.456228061 21.762396552
89.442718946 21.746649481
89.406423373 21.717352606
89.395192905 21.716376044
89.369639519 21.743312893
89.364268425 21.758205471
89.362803582 21.783840236
89.36589603 21.828924872
89.371267123 21.847154039
89.384287957 21.877834377
89.386973504 21.901190497
89.382660352 21.921332098
89.364024285 21.955064195
89.359629754 21.972316799
89.352224155 21.972316799
89.345957879 21.95701732
89.348806186 21.944159247
89.355235222 21.931626695
89.359629754 21.917669989
89.359629754 21.901678778
89.355967644 21.892523505
89.339121941 21.876695054
89.328868035 21.864650783
89.322601759 21.854641018
89.306162957 21.817613023
89.301280144 21.809393622
89.296234571 21.809068101
89.290700717 21.822088934
89.28394616 21.822088934
89.284434441 21.79682038
89.294688347 21.75779857
89.290700717 21.733343817
89.273692254 21.698797919
89.276621941 21.68756745
89.297536655 21.678127346
89.285899285 21.665594794
89.268728061 21.653998114
89.24870853 21.645900783
89.22925866 21.643947658
89.210459832 21.654120184
89.204437696 21.672674872
89.208262566 21.690619208
89.218597852 21.698553778
89.220713738 21.709418036
89.189707879 21.791245835
89.188243035 21.799709377
89.187673373 21.811509507
89.183360222 21.815619208
89.174082879 21.810044664
89.164561394 21.800197658
89.160411004 21.791327216
89.154551629 21.786851304
89.141286655 21.790228583
89.119395379 21.80097077
89.109060092 21.809515692
89.104665561 21.815863348
89.079925977 21.897406317
89.077810092 21.91425202
89.080414259 21.934881903
89.091075066 21.97679271
89.091481967 22.00023021
89.084239129 22.021185614
89.062022332 22.049505927
89.05738366 22.065090236
89.063487175 22.111029364
89.0604043081 22.1298105106
89.060692587 22.130484925
89.07815922 22.150845439
89.076195517 22.175030009
89.070717814 22.194822083
89.062294555 22.211565247
89.018627971 22.264688619
89.009119507 22.285617575
89.023537231 22.294815979
89.006949097 22.321429342
89.001523071 22.333676656
88.989585816 22.386903382
88.989482463 22.396670227
88.992169637 22.406953837
89.000747925 22.420131328
89.002504923 22.427986145
88.998370809 22.451240539
88.979974 22.490928039
88.9709823 22.527928365
88.959045044 22.536816711
88.927987509 22.54813385
88.950311727 22.561983134
88.956409546 22.584979146
88.952017049 22.611902568
88.942353557 22.637482402
88.930002889 22.658618063
88.925920451 22.680838928
88.922509806 22.69370636
88.910572551 22.722593486
88.908143758 22.74078359
88.914965048 22.75440033
88.92623051 22.767035218
88.936875855 22.782331441
88.941216675 22.795663961
88.945144084 22.8150943
88.94679773 22.834524638
88.944523966 22.848012187
88.933103475 22.858114929
88.905146526 22.866434835
88.893467652 22.879638164
88.872176961 22.92676707
88.861738322 22.94239919
88.842773071 22.96456838
88.838793987 22.975808004
88.839414103 22.995367534
88.848715861 23.023841248
88.851299683 23.075130107
88.864787232 23.100270691
88.919099162 23.153859152
88.945867554 23.174348857
88.954704224 23.183805644
88.959820191 23.194450989
88.95997522 23.20269338
88.954239136 23.207421773
88.92695398 23.206517436
88.918065633 23.208584493
88.909642375 23.212434388
88.839620809 23.234810283
88.822670939 23.237962545
88.809545125 23.236050517
88.800966838 23.230753683
88.794197225 23.224965922
88.786187378 23.221529439
88.775697063 23.221632792
88.710016317 23.24121816
88.696580445 23.252354432
88.686606893 23.271603902
88.6859351 23.293308004
88.695030151 23.312609152
88.719266398 23.348291728
88.767893921 23.467276713
88.770167684 23.488825786
88.756835165 23.498799337
88.743709351 23.489316711
88.731927124 23.472625224
88.719421428 23.468103536
88.704641968 23.495181986
88.693789917 23.499807028
88.66448938 23.51830719
88.647642864 23.535076193
88.62423344 23.573859355
88.609247274 23.588793844
88.601289104 23.590344137
88.581548706 23.588328756
88.571420126 23.592333679
88.561704956 23.60202301
88.561084839 23.608611756
88.564392131 23.616208191
88.566355835 23.628739726
88.561239868 23.632486268
88.550956258 23.634424134
88.541551148 23.638764954
88.540104208 23.649952901
88.561188192 23.741006775
88.559741252 23.750282695
88.552506551 23.76542389
88.552713257 23.774984029
88.557674194 23.785681051
88.572350302 23.806894226
88.577517945 23.818521424
88.577621297 23.827616476
88.575450887 23.836556499
88.574365682 23.845625712
88.577621297 23.855160014
88.593589315 23.866916402
88.613174683 23.867846578
88.633948609 23.866141256
88.653120565 23.869784445
88.666504761 23.879499614
88.704435262 23.913709412
88.714150431 23.925155742
88.717147665 23.94313914
88.714357137 23.964403992
88.708362671 23.98355011
88.701593058 23.99528066
88.713840373 24.014685161
88.72546757 24.028896179
88.725002482 24.038378805
88.700921265 24.043649801
88.697820679 24.05625885
88.679010457 24.071219178
88.674101197 24.082639669
88.675393107 24.091838074
88.681800985 24.112663676
88.682989543 24.124290873
88.678286988 24.144651388
88.678080281 24.154289043
88.683764689 24.166536356
88.693789917 24.175321351
88.71590743 24.182917786
88.731455735 24.189771315
88.731617066 24.189842428
88.734821004 24.198420715
88.746396525 24.214078675
88.74980717 24.223251242
88.74748173 24.226971945
88.744949585 24.243379212
88.743037557 24.247539165
88.737508179 24.287097473
88.714563843 24.315416158
88.681800985 24.333890483
88.66014856 24.338257141
88.649503215 24.315364482
88.63451705 24.294125468
88.612451213 24.292885234
88.563100219 24.308207296
88.49834965 24.310971985
88.475405314 24.315467835
88.401301311 24.36941803
88.138785034 24.495250143
88.109949585 24.500986227
88.107934204 24.507962545
88.098787476 24.522483623
88.090002483 24.532999777
88.086023397 24.53672048
88.084989868 24.541733093
88.084989868 24.593874614
88.081837606 24.59986908
88.067264852 24.613666687
88.057239624 24.634104716
88.040909872 24.640435079
88.021789592 24.645602722
88.027163941 24.675730082
88.035432169 24.693816834
88.048454631 24.711205953
88.053208862 24.754975891
88.064267619 24.759161682
88.076980022 24.761177063
88.084008016 24.770452983
88.085351604 24.784018046
88.088245483 24.79613617
88.09480839 24.803112488
88.107779175 24.801097107
88.117390991 24.819261373
88.131240275 24.83176707
88.140955445 24.844582825
88.138061564 24.863496399
88.124935751 24.898145447
88.120336548 24.906775411
88.114910522 24.912020569
88.114910522 24.916413066
88.164519897 24.9411144
88.183020061 24.946979675
88.202450399 24.945300191
88.218780151 24.935145772
88.232836141 24.918273417
88.241879517 24.898765564
88.242758016 24.880601299
88.254850301 24.879955343
88.296811564 24.869697571
88.313606405 24.868302307
88.322753134 24.874684347
88.340891561 24.904139913
88.3756698 24.945610251
88.387865438 24.968761292
88.391017701 24.995090434
88.414117065 25.021522929
88.425795939 25.05105601
88.434167521 25.116659241
88.431480347 25.173038229
88.441298869 25.189729716
88.475405314 25.195104065
88.49183842 25.19112498
88.523154338 25.179807841
88.550026082 25.173141582
88.554676961 25.171126201
88.559379516 25.170764466
88.570696655 25.173244935
88.57772465 25.177482401
88.590126994 25.190143127
88.599118693 25.193140361
88.634258667 25.192261862
88.664592733 25.186887512
88.724537394 25.166475322
88.784223673 25.160945944
88.792336874 25.166578675
88.802517131 25.188127747
88.809131714 25.195259094
88.817089885 25.196809387
88.823601115 25.194845683
88.830215699 25.191331686
88.898635295 25.169317526
88.924163452 25.167870585
88.909642375 25.189161275
88.927884156 25.192726949
88.930778036 25.202648825
88.927987509 25.215929667
88.929072713 25.229417216
88.937754354 25.240165914
88.97532312 25.265228984
88.982351115 25.274892477
88.984934937 25.284969381
88.98271285 25.294477844
88.97532312 25.302642721
88.926488892 25.30047231
88.902872762 25.303417867
88.886129598 25.319075826
88.880186808 25.323468323
88.859257854 25.324708557
88.84902592 25.327189026
88.841997925 25.332821757
88.818330119 25.359641826
88.814040976 25.370390524
88.813265828 25.380054016
88.810371948 25.388425598
88.79962325 25.395608623
88.799313192 25.401706442
88.816314738 25.437208151
88.814919475 25.458602193
88.805824422 25.471676331
88.79311202 25.481959941
88.780968058 25.495189108
88.772338095 25.50195872
88.741952352 25.512759094
88.742572469 25.495189108
88.732650595 25.491003317
88.723142131 25.491416728
88.714150431 25.492811992
88.706192261 25.49167511
88.695650269 25.483613586
88.687071981 25.473898417
88.678080281 25.46588857
88.666349732 25.462891338
88.645420776 25.46733551
88.613174683 25.486404114
88.593589315 25.495085755
88.550956258 25.496481018
88.530285686 25.500201721
88.520467164 25.509296774
88.512767375 25.523714498
88.485585571 25.542628072
88.475405314 25.562575176
88.437784872 25.579835104
88.423780559 25.592237447
88.419439738 25.653784078
88.392981404 25.680759176
88.320272665 25.725252584
88.259914592 25.789021301
88.227461793 25.804265849
88.182710002 25.792431946
88.16622522 25.783646953
88.146433146 25.775740458
88.127726278 25.774913635
88.114910522 25.787264303
88.108037557 25.80628123
88.103335002 25.814807841
88.08757369 25.830982564
88.08757369 25.839974264
88.088968954 25.848655904
88.082044312 25.863848776
88.0743962 25.908135478
88.077393433 25.912786357
88.082664429 25.915938619
88.088038778 25.923224996
88.10653894 25.979965719
88.125865926 26.013400371
88.151032349 26.031332093
88.157905314 26.050452373
88.156406698 26.061407776
88.150980672 26.06698883
88.1447795 26.070502828
88.14116215 26.075463766
88.139921916 26.085333964
88.141368856 26.090501607
88.144469442 26.095875957
88.155631551 26.128483785
88.163796428 26.140472717
88.196921021 26.159644674
88.205654338 26.166414287
88.211958863 26.17375234
88.218883505 26.180160217
88.229787232 26.18403595
88.250302776 26.188015035
88.308697144 26.206101787
88.326267131 26.215920309
88.33453536 26.230803121
88.332933391 26.267235006
88.336602417 26.28180776
88.351691936 26.300979717
88.366781454 26.313433736
88.413807007 26.340202129
88.421196737 26.34872874
88.426002645 26.357927145
88.431687053 26.362216289
88.442022339 26.35611847
88.448636922 26.353431295
88.457990356 26.353017883
88.467912232 26.354051412
88.475405314 26.355808411
88.497626181 26.352707825
88.49545577 26.378080953
88.475405314 26.432031148
88.461142619 26.45389028
88.434580932 26.465155741
88.376910035 26.475335999
88.353552287 26.48458608
88.346524292 26.484017639
88.343010294 26.477196351
88.340219767 26.454148662
88.335620565 26.448205872
88.322546427 26.451771546
88.315105021 26.465052389
88.313864787 26.48153717
88.319342489 26.49486969
88.319342489 26.494921367
88.33236495 26.514661764
88.352828817 26.578688864
88.360270223 26.593106588
88.372517537 26.611606751
88.385281617 26.623544007
88.394376668 26.618014628
88.395926961 26.599566142
88.394996786 26.578378805
88.397890666 26.558690084
88.41101648 26.545099182
88.446466512 26.535539043
88.462382853 26.528821106
88.475405314 26.514971823
88.487911011 26.505773418
88.498659709 26.49486969
88.506824585 26.487634989
