46.500661655 -9.746514581
46.490489129 -9.755547784
46.479665561 -9.751071873
46.478526238 -9.740411066
46.48698978 -9.730157159
46.499359571 -9.72275156
46.509776238 -9.719984633
46.507578972 -9.731866144
46.500661655 -9.746514581
47.515798373 -9.700127863
47.507334832 -9.713067316
47.507334832 -9.698174738
47.512950066 -9.694431248
47.515798373 -9.700127863
46.520030144 -9.385511977
46.507090691 -9.39072031
46.472911004 -9.416436456
46.454600457 -9.426446222
46.380707227 -9.424574477
46.2998153 -9.44931406
46.234385613 -9.452325128
46.207367384 -9.385511977
46.230479363 -9.413669529
46.274099155 -9.426364842
46.320485873 -9.423760675
46.351573113 -9.405938409
46.368988477 -9.406833592
46.396006707 -9.39837005
46.421560092 -9.386895441
46.434580925 -9.378106378
46.440765821 -9.385511977
46.447764519 -9.378106378
46.457692905 -9.382989191
46.468760613 -9.385511977
46.468760613 -9.378106378
46.458750847 -9.371677342
46.452810092 -9.362399998
46.449554884 -9.350844008
46.447764519 -9.337660415
46.495453321 -9.357598566
46.515961134 -9.371758722
46.525157097 -9.381280206
46.520030144 -9.385511977
46.427093946 -9.337660415
46.410655144 -9.353285415
46.379405144 -9.357028904
46.347992384 -9.352634373
46.3310653 -9.343926691
46.318369988 -9.350844008
46.29566491 -9.3475888
46.28386478 -9.35133229
46.282074415 -9.348077081
46.282562696 -9.345798435
46.281748894 -9.344496352
46.2763778 -9.343926691
46.27613366 -9.339288019
46.278005405 -9.338474217
46.280935092 -9.338799738
46.31519616 -9.326429946
46.353688998 -9.328871352
46.393077019 -9.33587005
46.427093946 -9.337660415
56.27247155 -7.153578383
56.247080925 -7.192640883
56.258799675 -7.140232029
56.269379102 -7.119805597
56.287445509 -7.110039972
56.282969597 -7.131931248
56.27247155 -7.153578383
52.741872592 -6.994317316
52.747243686 -7.005059503
52.743418816 -7.004082941
52.742198113 -7.001722915
52.742198113 -6.998467706
52.741872592 -6.994317316
55.38184655 -5.865492446
55.380056186 -5.869073175
55.379893425 -5.864922784
55.382823113 -5.853936456
55.38184655 -5.865492446
53.344086134 -5.434747003
53.344737175 -5.441013279
53.340505405 -5.436211847
53.337901238 -5.431247654
53.333994988 -5.420179946
53.341644727 -5.429945571
53.344086134 -5.434747003
55.473968946 -4.564385675
55.478037957 -4.611911717
55.486827019 -4.629164321
55.509125196 -4.642673435
55.526621941 -4.650485935
55.53777103 -4.663018488
55.542735222 -4.777520441
55.548187696 -4.787367446
55.527191602 -4.783786717
55.49903405 -4.76181406
55.481700066 -4.737237238
55.492930535 -4.725355727
55.491384311 -4.717705988
55.491465691 -4.712579034
55.492442254 -4.707940363
55.492930535 -4.701104425
55.490733269 -4.693536066
55.485850457 -4.691664321
55.480967644 -4.691094659
55.47535241 -4.681329034
55.46762129 -4.674248956
55.452647332 -4.663344008
55.41675866 -4.651299738
55.407969597 -4.646579685
55.376963738 -4.615492446
55.387705925 -4.616794529
55.393809441 -4.614434503
55.396739129 -4.608493748
55.39730879 -4.598402602
55.402679884 -4.594496352
55.426117384 -4.595472915
55.431651238 -4.591566665
55.434336785 -4.579522394
55.442067905 -4.564629816
55.452972852 -4.552504165
55.465668165 -4.547946873
55.473968946 -4.564385675
55.260264519 -4.50009531
55.241953972 -4.50400156
55.228037957 -4.487481378
55.22144616 -4.463474217
55.22543379 -4.444919529
55.242035352 -4.450372003
55.259938998 -4.462985935
55.269216342 -4.480157159
55.260264519 -4.50009531
55.775645379 -4.340427342
55.766774936 -4.348565363
55.754405144 -4.348239842
55.740407748 -4.342380467
55.730967644 -4.332696222
55.732595248 -4.320733331
55.715098504 -4.319594008
55.701426629 -4.313083592
55.691416863 -4.301690363
55.684825066 -4.286553644
55.697764519 -4.281914972
55.704600457 -4.280694269
55.712087436 -4.280368748
55.726328972 -4.293389581
55.794688347 -4.320733331
55.778575066 -4.321465753
55.775889519 -4.329766534
55.775645379 -4.340427342
55.659678582 -3.791110935
55.665863477 -3.811781508
55.658539259 -3.811700128
55.651866082 -3.801202081
55.659678582 -3.791110935
