5.642751498 -1.462823175
5.628916863 -1.475681248
5.61198978 -1.463636977
5.617035352 -1.462090753
5.621348504 -1.458265883
5.626231316 -1.456231378
5.61996504 -1.444594008
5.618662957 -1.433038019
5.622813347 -1.422946873
5.633067254 -1.415785415
5.646250847 -1.438409113
5.642751498 -1.462823175
9.970739786 2.168912659
9.990996948 2.165605367
10.125562378 2.165605367
10.189982611 2.165616497
10.40968569 2.165654455
10.424665568 2.165657043
10.723768758 2.165657043
11.022975301 2.16570872
11.322078491 2.165760396
11.329726603 2.127442322
11.330140015 2.047137146
11.331690308 1.785085958
11.33200087 1.732611267
11.3332406 1.523138123
11.334790894 1.261164449
11.336341187 0.999164937
11.036824584 1.000198466
10.963834081 1.000425223
10.737411336 1.001128642
10.43810144 1.002162171
10.415045498 1.002233773
10.138584838 1.003092347
10.029444214 1.003505758
10.000383932 0.999742112
9.980765015 0.997201233
9.975494018 0.982576803
9.975390665 0.952966207
9.971773315 0.939840393
9.959991088 0.928368226
9.944074747 0.924854228
9.926298055 0.927541402
9.908624715 0.935086161
9.892088257 0.947901917
9.866146688 0.977564189
9.84961023 0.989243062
9.8341073 0.99492747
9.80437118118 0.998353939876
9.804372592 0.998358466
9.805918816 1.003607489
9.804535352 1.020738023
9.796885613 1.046291408
9.799082879 1.058172919
9.806813998 1.064398505
9.819834832 1.068915106
9.83472741 1.071600653
9.847504102 1.072455145
9.841481967 1.077704169
9.829274936 1.081854559
9.814789259 1.084540106
9.802500847 1.085516669
9.792246941 1.088690497
9.767263217 1.102850653
9.755137566 1.105943101
9.714121941 1.097113348
9.703461134 1.099798895
9.699392123 1.109808661
9.703786655 1.120591539
9.711599155 1.129339911
9.71778405 1.133286851
9.699229363 1.125474351
9.676442905 1.10541413
9.657074415 1.083197333
9.648936394 1.068752346
9.642100457 1.061590887
9.609141472 1.053452867
9.584320509 1.04295482
9.575368686 1.05475495
9.559743686 1.102769273
9.551605665 1.115423895
9.540782097 1.12506745
9.524750196 1.133286851
9.50652103 1.137600002
9.493500196 1.134588934
9.481781446 1.129299221
9.449961785 1.123277085
9.420420769 1.109198309
9.40528405 1.105943101
9.396494988 1.111476955
9.373057488 1.137681382
9.360199415 1.146958726
9.36215254 1.156968492
9.359629754 1.164862372
9.3466903 1.181708075
9.3623153 1.188137111
9.37403405 1.199896552
9.382497592 1.214504299
9.398773634 1.26569245
9.407562696 1.283840236
9.418955925 1.291571356
9.434255405 1.299750067
9.4482528 1.319077867
9.458994988 1.341742255
9.464040561 1.359849351
9.461436394 1.398138739
9.465342644 1.414536851
9.492849155 1.426581122
9.532237175 1.462307033
9.54957116 1.484808661
9.552744988 1.486476955
9.554942254 1.491848049
9.559580925 1.496730861
9.564219597 1.503404039
9.566416863 1.514064846
9.578135613 1.542669989
9.594248894 1.572170315
9.614756707 1.588039455
9.62777754 1.583726304
9.640310092 1.571966864
9.6591903 1.565334377
9.685883009 1.568833726
9.704763217 1.577704169
9.722178582 1.589016018
9.744476759 1.600043036
9.724294467 1.599025783
9.683441602 1.571356512
9.665700717 1.575588283
9.622325066 1.616766669
9.607269727 1.64443594
9.617523634 1.671454169
9.676280144 1.729722398
9.678965691 1.733465887
9.684825066 1.744614976
9.689789259 1.75023021
9.710297071 1.763902085
9.718109571 1.771795966
9.722422722 1.778876044
9.730967644 1.798732815
9.735199415 1.80483633
9.739756707 1.809027411
9.743011915 1.815741278
9.746755405 1.8399112
9.751312696 1.846584377
9.756032748 1.85146719
9.758148634 1.856675523
9.763682488 1.866115627
9.799082879 1.901109117
9.809743686 1.934963283
9.805837436 1.976385809
9.778086785 2.058091539
9.7685653 2.076849677
9.765472852 2.085394598
9.76441491 2.096340236
9.766612175 2.106878973
9.771250847 2.113592841
9.775889519 2.118597723
9.778086785 2.123968817
9.786387566 2.248114325
9.783457879 2.270656643
9.774912957 2.288072007
9.766937696 2.310492255
9.779795769 2.327866929
9.7995711595 2.341742255
9.811059611 2.324872132
9.811886434 2.306165263
9.808682495 2.28549469
9.810852905 2.264875794
9.82366866 2.249011129
9.846819702 2.228547262
9.872141154 2.211235657
9.890124552 2.204569397
9.907487834 2.200486959
9.970739786 2.168912659
8.76823978 3.751695054
8.781911655 3.750962632
8.79175866 3.758205471
8.814300977 3.751288153
8.8466903 3.746405341
8.880625847 3.747300523
8.908457879 3.758205471
8.911468946 3.75381094
8.914561394 3.752142645
8.922699415 3.750718492
8.949229363 3.717922268
8.959157748 3.700832424
8.963145379 3.67967357
8.961599155 3.660467841
8.957530144 3.643011786
8.951182488 3.627427476
8.943125847 3.614203192
8.906993035 3.5820987
8.896739129 3.554429429
8.863536004 3.515122789
8.860687696 3.5117862
8.840668165 3.458075262
8.823415561 3.444403387
8.818695509 3.420884507
8.815928582 3.415513414
8.813649936 3.412176825
8.784922722 3.395086981
8.781423373 3.3789737
8.780935092 3.332912502
8.774668816 3.31655508
8.729746941 3.264797268
8.695485873 3.208563544
8.68620853 3.197333075
8.676605665 3.203802802
8.653656446 3.213568427
8.648448113 3.220038153
8.642100457 3.217352606
8.62761478 3.22260163
8.599864129 3.238023179
8.59262129 3.235541083
8.569672071 3.23041413
8.559580925 3.23061758
8.548838738 3.235296942
8.527679884 3.248846747
8.51465905 3.251695054
8.493174675 3.252427476
8.469411655 3.25796133
8.450205925 3.272935289
8.442230665 3.302313544
8.437673373 3.313137111
8.42855879 3.326239325
8.422048373 3.339300848
8.425303582 3.350409247
8.429209832 3.35960521
8.435394727 3.401922919
8.442149285 3.421332098
8.455251498 3.446519273
8.473887566 3.463080145
8.497569207 3.456529039
8.510264519 3.463812567
8.527110222 3.463039455
8.562754754 3.456529039
8.579600457 3.463324286
8.585134311 3.479315497
8.582286004 3.497748114
8.5732528 3.5117862
8.585703972 3.518459377
8.601410352 3.529730536
8.615244988 3.54311758
8.621104363 3.555853583
8.6279403 3.64834219
8.640961134 3.68353913
8.667165561 3.726263739
8.702403191 3.760931708
8.743418816 3.772406317
8.74122155 3.768622137
8.73715254 3.758205471
8.76823978 3.751695054
