7.45191491 4.475531317
7.469574415 4.471380927
7.487803582 4.473374742
7.523773634 4.482367255
7.541026238 4.48444245
7.574229363 4.487860419
7.584483269 4.48460521
7.578868035 4.471380927
7.569997592 4.459418036
7.552582227 4.455552476
7.51441491 4.4570987
7.49903405 4.454494533
7.449229363 4.436590887
7.431813998 4.434800523
7.35816491 4.439276434
7.34278405 4.447088934
7.336924675 4.460150458
7.346202019 4.478176174
7.356211785 4.483303127
7.404551629 4.498032945
7.416351759 4.493841864
7.45191491 4.475531317
7.258555535 4.497544664
7.274180535 4.491888739
7.319672071 4.496527411
7.332530144 4.491888739
7.320485873 4.481024481
7.314300977 4.469142971
7.312266472 4.455633856
7.312022332 4.440008856
7.307790561 4.424505927
7.298350457 4.414740302
7.284841342 4.40619538
7.270681186 4.400376695
7.181651238 4.382025458
7.147715691 4.385077216
7.138031446 4.397040106
7.147715691 4.415920315
7.179698113 4.449774481
7.20215905 4.48444245
7.22144616 4.506659247
7.22559655 4.516180731
7.2295028 4.532782294
7.243174675 4.524400132
7.258555535 4.497544664
5.8373486735 13.763747559
6.120380493 13.654077251
6.129475545 13.649064637
6.135780069 13.64366445
6.142394653 13.640822246
6.152833293 13.643561097
6.210607543 13.675264587
6.229831176 13.679191996
6.284207679 13.66765641
6.302178181 13.663844096
6.368944133 13.62627533
6.509297322 13.496050721
6.672543172 13.321177673
6.753879129 13.174899667
6.778686564 13.130284933
6.837907755 13.063493144
6.874184611 13.030497742
6.90663741 13.006855774
6.937126505 12.995409444
6.970509481 12.991843771
7.044923543 12.992205506
7.062920948 12.995139865
7.068694702 12.996081238
7.090088745 13.006390686
7.137424357 13.047240906
7.198195841 13.117391663
7.220520061 13.121577454
7.3248031 13.102844747
7.360666545 13.102638042
7.391982463 13.112534078
7.75557784 13.327146302
7.789684286 13.341977437
7.823997436 13.345284729
8.077522013 13.310015564
8.105117228 13.29965444
8.116589396 13.291050314
8.140050496 13.269113668
8.167645711 13.252370504
8.201442098 13.226377258
8.216014852 13.219607646
8.245677124 13.211778666
8.246727828 13.211291661
8.259836466 13.205215759
8.273065633 13.193872783
8.297973673 13.164623922
8.397812541 13.075404562
8.405150594 13.070857036
8.415175822 13.067058817
8.418999877 13.066697083
8.423133993 13.06948761
8.434502807 13.075094503
8.445974976 13.078711853
8.470779663 13.08165741
8.482665242 13.081554057
8.50964034 13.075921326
8.533514851 13.064630025
8.577233114 13.032435608
8.596766805 13.0114033
8.625498902 12.964791158
8.642655477 12.944353129
8.679345743 12.923579204
8.942792196 12.847201436
8.977871813 12.843182822
9.269387248 12.809787699
9.306490926 12.809839376
9.359821004 12.824592997
9.377907756 12.825781555
9.590297892 12.80139028
9.611485229 12.802940572
9.618409871 12.805782776
9.629261922 12.812784933
9.64073409 12.82252594
9.647657343 12.830537962
9.81932784 13.029205831
9.852814169 13.060444234
9.872037801 13.072562358
9.882683146 13.076231384
9.887747436 13.075507915
9.891778198 13.076231384
9.899736368 13.084318746
9.904387247 13.094343974
9.908211303 13.118786927
9.912448771 13.129199728
9.930122111 13.145968729
10.119774618 13.250096741
10.161529175 13.26720164
10.647881836 13.369406184
10.674986206 13.37510203
10.771311076 13.382698466
10.953005412 13.361898702
11.44000411 13.364430848
11.742311238 13.289448344
11.852795451 13.245394186
11.991908406 13.162091777
12.038003784 13.126357524
12.057640828 13.116771546
12.116448609 13.102844747
12.149624878 13.105583598
12.16378422 13.107960714
12.184764851 13.122094218
12.201404663 13.125427348
12.251840861 13.10801239
12.263209676 13.101862895
12.267033732 13.095170797
12.267447143 13.089641419
12.269204142 13.085869039
12.277162313 13.084473775
12.280883016 13.086850891
12.285327189 13.092018535
12.291528361 13.096824443
12.301036825 13.098116354
12.310958699 13.092638652
12.318400105 13.083853658
12.325738159 13.078815206
12.335246622 13.084473775
12.351576375 13.079797058
12.386741699 13.078580465
12.414311564 13.077626648
12.4372559 13.074009298
12.45637618 13.067420553
12.472705932 13.064164937
12.486658569 13.070805359
12.491206096 13.082639262
12.499784383 13.13596934
12.504331909 13.139612529
12.526966186 13.14364329
12.534510945 13.145917054
12.542572469 13.154779561
12.547946818 13.165450745
12.554251343 13.18754242
12.538335002 13.193356018
12.54515629 13.208212993
12.558178751 13.226532288
12.561072631 13.242758687
12.597556193 13.276503398
12.602723836 13.279991557
12.606134481 13.274229635
12.613265829 13.276503398
12.620190471 13.281438497
12.626805054 13.288259786
12.628768758 13.294176737
12.630008993 13.310377299
12.640654337 13.302393291
12.649232626 13.293608297
12.6591545 13.28660614
12.674347371 13.28371226
12.683132365 13.28893158
12.690057006 13.311979269
12.70173588 13.317250264
12.724370158 13.322288717
12.740803264 13.334820252
12.766538127 13.365671082
12.773256062 13.382233378
12.77459965 13.382698466
12.777390177 13.38670339
12.783281291 13.382336731
12.788965698 13.375463765
12.791136108 13.371846415
12.805192098 13.372983297
12.804778687 13.376859029
12.798474161 13.384274597
12.794546753 13.396056824
12.79733728 13.399648336
12.810669799 13.404299215
12.81501062 13.406624655
12.817594441 13.407296448
12.826276082 13.406056214
12.829273315 13.406624655
12.829996786 13.409363505
12.828549845 13.417450867
12.829273315 13.420293071
12.857075236 13.450652975
12.87020105 13.461246643
12.863896525 13.469282328
12.857592 13.475328471
12.850564006 13.479385071
12.842295777 13.481684673
12.842295777 13.489126079
12.857798706 13.484914449
12.870614461 13.478868307
12.879709513 13.479695129
12.883843628 13.495999044
12.911748901 13.489901225
12.939344116 13.495068868
13.029261109 13.539174703
13.054892619 13.548373108
13.082487834 13.550621033
13.082487834 13.544394023
13.077010131 13.534678854
13.088275594 13.530596415
13.107085815 13.531552429
13.123518921 13.536952617
13.123828979 13.533438619
13.123518921 13.522664083
13.130960327 13.529821269
13.138401733 13.546538595
13.143982788 13.550621033
13.153697957 13.548760681
13.155868368 13.540776673
13.153697957 13.530699768
13.15018396 13.522664083
13.176952352 13.534472148
13.20392745 13.539381409
13.22811202 13.548037212
13.246405477 13.5710849
13.232246134 13.572893575
13.230179077 13.57775116
13.239480835 13.591574605
13.243821655 13.59325409
13.25084965 13.592763163
13.257257528 13.594235942
13.260048055 13.602142436
13.258601115 13.607801005
13.253536825 13.614880676
13.253846883 13.618911439
13.259221232 13.628962505
13.266145874 13.638031719
13.306040079 13.674644471
13.321232951 13.685108948
13.320716186 13.702291362
13.329914591 13.709422709
13.358919718 13.714231979
13.359990275 13.714409485
13.60731368 13.704100037
13.836111084 13.39104421
14.064908488 13.077988383
14.121132446 12.8117901615
14.177356404 12.54559194
14.178699992 12.468335673
14.180216224 12.463530383
14.185417928 12.447044983
14.18510787 12.427873027
14.179113403 12.397280579
14.179836873 12.385601705
14.188931925 12.370408834
14.202161092 12.36250234
14.217560669 12.359298402
14.423129516 12.353148906
14.487104939 12.337801006
14.514390096 12.32353831
14.517594035 12.313358053
14.512426391 12.298630269
14.514390096 12.289380188
14.521521444 12.282352193
14.551183715 12.260441386
14.56213912 12.255842184
14.56213912 12.248400778
14.558315063 12.246902161
14.548496541 12.241579488
14.568133585 12.227730204
14.588287394 12.217188213
14.604100382 12.204320781
14.610611613 12.183546855
14.61629602 12.178947652
14.629318481 12.183495179
14.643167765 12.190626526
14.651539348 12.193778789
14.663424927 12.187577617
14.668282512 12.178069153
14.669936157 12.167423808
14.650609172 12.148096822
14.648128703 12.141843974
14.643167765 12.135849508
14.637173299 12.124222311
14.61991337 12.052495423
14.622187133 12.042005106
14.604307088 12.030429586
14.606270792 12.011257629
14.625184367 11.968107809
14.626941365 11.957204082
14.627148071 11.950072734
14.623427368 11.916534729
14.612058553 11.884960429
14.59066451 11.783157857
14.583223104 11.766363017
14.546532837 11.718613993
14.541881958 11.709829
14.543328898 11.701095683
14.55242395 11.689003398
14.556454712 11.687504781
14.573507935 11.687711487
14.580949341 11.683267314
14.585083456 11.67680776
14.588597452 11.669676412
14.593868449 11.663010152
14.610198201 11.646835429
14.621360311 11.629782206
14.627148071 11.609680074
14.627561483 11.584358623
14.62384078 11.563481344
14.616192667 11.538676656
14.605754029 11.51472463
14.593765096 11.496431173
14.576608521 11.487336121
14.524932088 11.468835958
14.503951456 11.456304424
14.46726119 11.423851624
14.446280558 11.411681824
14.387059366 11.393388367
14.368249146 11.383001404
14.279158976 11.301843567
14.271304158 11.298639628
14.244329061 11.29543569
14.232133423 11.290293884
14.204641561 11.262130229
14.186761515 11.249236959
14.165470826 11.238333232
14.143249959 11.232726338
14.122579386 11.235723572
14.052506144 11.2651533
14.013128703 11.276367086
13.982329549 11.276263733
13.943882284 11.245722962
13.906261841 11.208025004
13.873188924 11.166502991
13.849211059 11.124567566
13.832054484 11.084802551
13.820065552 11.069273783
13.782031698 11.047518006
13.76590865 11.033901265
13.754849894 11.016718852
13.750405721 10.996203308
13.757020304 10.958246969
13.749838822 10.942441823
13.744411254 10.930496725
13.566282593 10.679013367
13.53879073 10.621419983
13.501273641 10.496337179
13.467167196 10.30758901
13.444842976 10.245473938
13.444532918 10.232477315
13.451354207 10.212116801
13.453007853 10.200515442
13.450837443 10.187157084
13.434921102 10.153412374
13.423242229 10.138477886
13.401951538 10.122380677
13.392671966 10.116957418
13.378387085 10.108608907
13.359783569 10.100547384
13.281338745 10.092098287
13.24795577 10.079411723
13.230179077 10.045331116
13.230489136 10.025358175
13.242478068 9.992672831
13.246405477 9.973475037
13.242271362 9.949755554
13.218706909 9.913039449
13.211058798 9.892756449
13.212712443 9.87014801
13.222944376 9.854128316
13.251986531 9.8242335
13.262941936 9.801728415
13.260461467 9.78570872
13.251056356 9.769249777
13.241341187 9.745323588
13.228422078 9.677911682
13.223461141 9.613135275
13.195452515 9.542209371
13.13034021 9.516526184
13.05168868 9.504511414
12.982442261 9.474590759
12.969006388 9.464074605
12.940067586 9.427100119
12.92900883 9.416118877
12.920740601 9.410486146
12.862036173 9.382890931
12.85542159 9.37811086
12.848393595 9.359946595
12.853147827 9.356639303
12.881569865 9.352220968
12.891285034 9.331989645
12.899346557 9.302017314
12.898416382 9.262433166
12.894592326 9.243958842
12.888391154 9.226724752
12.842192424 9.144430033
12.822141968 9.096810201
12.821005086 9.05642507
12.828239787 9.019967346
12.805708862 8.831503397
12.794546753 8.788611959
12.772946004 8.759053039
12.759613484 8.753420309
12.747211141 8.753627014
12.734498738 8.755900777
12.720236043 8.756469218
12.708867228 8.750914001
12.701632528 8.739157613
12.692847534 8.710890605
12.678171428 8.678696187
12.660394735 8.659317526
12.557972046 8.605677389
12.542572469 8.602008362
12.527793009 8.604850565
12.495546915 8.61955251
12.482524454 8.623247376
12.46433435 8.62115448
12.451828654 8.614694926
12.440253133 8.606607565
12.424440145 8.599786275
12.410590861 8.598494365
12.396328166 8.600768128
12.368836304 8.60957896
12.37700118 8.595109559
12.40046228 8.538420512
12.403252808 8.524235332
12.403872925 8.496536764
12.395191284 8.487338359
12.365115601 8.466564433
12.357570842 8.456358338
12.351162963 8.444240214
12.343204793 8.432742208
12.331319214 8.424293112
12.310235229 8.421347555
12.271787964 8.427781271
12.24998051 8.418763733
12.227036173 8.386310934
12.219284709 8.343161112
12.221765177 8.297660014
12.237681518 8.21688975
12.236751343 8.196994324
12.233713188 8.188454644
12.229103231 8.175496928
12.188278849 8.117774353
12.182594442 8.09348643
12.182697795 8.054651591
12.188175496 8.016256002
12.195100138 7.991709696
12.197787313 7.975173239
12.192102906 7.960652161
12.154275757 7.921326396
12.054953654 7.783918763
12.018986857 7.718858134
12.012165568 7.698342591
12.009064982 7.67632843
12.010718628 7.655244446
12.024981323 7.596591696
12.021053915 7.576231181
12.008548217 7.564862366
11.992838582 7.554010315
11.966173543 7.514426168
11.903545283 7.45355683
11.844733927 7.396397197
11.782722209 7.3045165
11.762465047 7.285551249
11.744585001 7.272167054
11.736626831 7.263278707
11.742414592 7.25743927
11.76618575 7.252943421
11.78024174 7.241057841
11.829954468 7.16938263
11.868918497 7.127111308
11.881320842 7.102048239
11.872225789 7.079362284
11.862613973 7.075434876
11.854139038 7.077811992
11.845147339 7.081946106
11.83398523 7.082979635
11.820342651 7.078793843
11.808870484 7.071920878
11.766392456 7.033525289
11.751509643 7.023965149
11.748615764 7.01497345
11.746858764 7.005361634
11.741071004 6.997506815
11.734249715 6.995078024
11.718643433 6.994457906
11.707481324 6.991822408
11.697249389 6.992855937
11.692495158 6.991615703
11.688464396 6.986913147
11.684847046 6.97383901
11.681126343 6.96861969
11.623248739 6.932291158
11.561753784 6.8760672
11.543667033 6.850694071
11.538085978 6.823899841
11.544597209 6.808939515
11.566611369 6.784186504
11.571468954 6.766228943
11.568885132 6.739098816
11.562373901 6.712485454
11.533435099 6.645099386
11.509767294 6.612310689
11.48258549 6.597169495
11.443104695 6.593267924
11.416749715 6.572003073
11.40176355 6.538180848
11.395665731 6.496736348
11.389361206 6.473921204
11.369827515 6.455756938
11.344196004 6.44312205
11.31949467 6.437282613
11.308539266 6.437902731
11.286835165 6.443225403
11.275879761 6.444207255
11.272159058 6.442036845
11.261513713 6.43255422
11.255519247 6.429970398
11.248284546 6.431003927
11.237122437 6.438057759
11.231748087 6.439814759
11.202276467 6.436739242
11.140384155 6.430280456
11.11351241 6.43400116
11.097079305 6.449116517
11.077442261 6.496736348
11.060595744 6.573966777
11.057391804 6.613008321
11.059045451 6.652721659
11.055944865 6.70036733
11.036721232 6.740545757
11.002614787 6.767262471
10.909390503 6.784264018
10.877454467 6.8160967
10.857404012 6.859789124
10.848205607 6.905316061
10.831875854 6.945210266
10.799112996 6.967327779
10.716947469 6.998126933
10.64697758 7.035075582
10.620622599 7.043757222
10.602535848 7.058071595
10.597161499 7.107267558
10.578661336 7.130832011
10.564191935 7.102668355
10.551789591 7.066339824
10.543314656 7.028719381
10.537423543 6.952134908
10.533186076 6.948827617
10.527501668 6.947484029
10.521197144 6.942781474
10.508898153 6.926348369
10.500733276 6.912809144
10.496599161 6.897151184
10.495979045 6.874671936
10.238423706 6.87100291
10.210828491 6.879167786
10.18984786 6.895445862
10.17940922 6.914927877
10.165043172 6.988515117
10.156878296 7.004741516
10.142925659 7.007687073
10.119464559 6.99440623
9.874621623 6.7877005
9.851160522 6.777881978
9.831730184 6.783566386
9.812299845 6.793049011
9.788528686 6.794754334
9.769821818 6.773722026
9.69397999 6.534304786
9.69303064 6.531307882
9.680524943 6.521437683
9.644805968 6.52122553
9.632672567 6.521153463
9.603010294 6.515184835
9.588127482 6.502730814
9.564769735 6.458599142
9.548956747 6.443173726
9.528596232 6.433019308
9.488590226 6.418208095
9.482604207 6.415991923
9.453148641 6.397672628
9.422866252 6.339355774
9.394960978 6.322535095
9.37914799 6.32160492
9.36653894 6.322690125
9.354756713 6.321501567
9.341010783 6.313982646
9.327368205 6.298505554
9.298842814 6.238431701
9.273314657 6.202774964
9.136165405 6.092523295
9.043871297 5.996844381
9.043871297 5.996689352
9.022477254 5.965812683
9.009868204 5.952350973
8.993848511 5.944082743
8.988474162 5.937287292
8.986303752 5.908813578
8.982686401 5.89576528
8.965013061 5.893594869
8.943205607 5.901423849
8.921708211 5.904472758
8.904654988 5.888117167
8.891219116 5.871115621
8.855872437 5.847499492
8.845227091 5.831040548
8.847087443 5.810757548
8.857836141 5.794892883
8.866621135 5.777452087
8.862176961 5.752337342
8.844606974 5.730865783
8.826933635 5.717817485
8.819285522 5.703451437
8.832411336 5.678155823
8.852565145 5.658673808
8.874889363 5.641439718
8.893699585 5.621750997
8.903931519 5.595085958
8.899487345 5.570953064
8.884294474 5.551445211
8.865484253 5.533461813
8.850498087 5.514005636
8.844296915 5.49235321
8.845743855 5.472793681
8.849257853 5.453466695
8.849774618 5.432356873
8.843160034 5.409980977
8.821662638 5.367683817
8.815254761 5.343499247
8.816391642 5.330295919
8.824659871 5.306137187
8.8256934 5.295491842
8.798925008 5.159634502
8.791690307 5.146741232
8.781251668 5.141987
8.769469442 5.139945781
8.758307332 5.13488149
8.748282104 5.124210307
8.728851765 5.094548035
8.722650594 5.081189677
8.707871134 5.03754893
8.698569376 5.017808533
8.683686564 4.997034607
8.683686564 4.996879578
8.644412475 4.934867859
8.638314656 4.916781108
8.611029501 4.896653137
8.602244506 4.881331075
8.605448445 4.860040385
8.608445679 4.846216939
8.612166382 4.831876729
8.595113159 4.815314433
8.59418568 4.815299377
8.59417866655 4.81529926318
8.594574415 4.815497137
8.59245853 4.82021719
8.585703972 4.824896552
8.576670769 4.827053127
8.568614129 4.823187567
8.558116082 4.814439195
8.549164259 4.804185289
8.545258009 4.796291408
8.543304884 4.787502346
8.534434441 4.768296617
8.531748894 4.758124091
8.532562696 4.748236395
8.539073113 4.733791408
8.538584832 4.724595445
8.529795769 4.708889065
8.51832116 4.704046942
8.504893425 4.706122137
8.490000847 4.71100495
8.485524936 4.709784247
8.475840691 4.708929755
8.469004754 4.711655992
8.473317905 4.721177476
8.477549675 4.727769273
8.482269727 4.7383487
8.484385613 4.748195705
8.480153842 4.752508856
8.471202019 4.75023021
8.45183353 4.740545966
8.438812696 4.73826732
8.4091903 4.749335028
8.407399936 4.776841539
8.417246941 4.81244538
8.421885613 4.847479559
8.415700717 4.847479559
8.40902754 4.813381252
8.386973504 4.795803127
8.35840905 4.797349351
8.332367384 4.820868231
8.335622592 4.824693101
8.339854363 4.834458726
8.332041863 4.836411851
8.312022332 4.847479559
8.316579623 4.860988674
8.308360222 4.872137762
8.281260613 4.892482815
8.257334832 4.905829169
8.256195509 4.906724351
8.250498894 4.923244533
8.239268425 4.944769598
8.232106967 4.953680731
8.219737175 4.957342841
8.208750847 4.962103583
8.196625196 4.97284577
8.186696811 4.98436107
8.181651238 4.991441148
8.175466342 4.991441148
8.175466342 4.985296942
8.230235222 4.9336612
8.243662957 4.916408596
8.269704623 4.868719794
8.273610873 4.845445054
8.257334832 4.834458726
8.263845248 4.820746161
8.273936394 4.80483633
8.285329623 4.791571356
8.294932488 4.786078192
8.304942254 4.77732982
8.319997592 4.73436107
8.332367384 4.717759507
8.328949415 4.711493231
8.320974155 4.689154364
8.319509311 4.67991771
8.323496941 4.665594794
8.333181186 4.659979559
8.344493035 4.656561591
8.353526238 4.648871161
8.356455925 4.625555731
8.341075066 4.611558335
8.321543816 4.599839585
8.312022332 4.583685614
8.298350457 4.553290106
8.288584832 4.548570054
8.279063347 4.54682038
8.235524936 4.54686107
8.17855879 4.553290106
8.092946811 4.553290106
8.051280144 4.559393622
8.031993035 4.55878327
7.99870853 4.541408596
7.97934004 4.53900788
7.935313347 4.53900788
7.76449629 4.519191799
7.755056186 4.524807033
7.742360873 4.526312567
7.730479363 4.522365627
7.722911004 4.51170482
7.733653191 4.512193101
7.742930535 4.511216539
7.750661655 4.508775132
7.757090691 4.504868882
7.735524936 4.499212958
7.703135613 4.497544664
7.673838738 4.502183335
7.660899285 4.515448309
7.646983269 4.519110419
7.558441602 4.525336005
7.561778191 4.529527085
7.563649936 4.532782294
7.566416863 4.535711981
7.572032097 4.53900788
7.559336785 4.54291413
7.547618035 4.541164455
7.539317254 4.541815497
7.537364129 4.553290106
7.540782097 4.559149481
7.547618035 4.563625393
7.554535352 4.569484768
7.558441602 4.579982815
7.555511915 4.584906317
7.537364129 4.607896226
7.540293816 4.611761786
7.544769727 4.621568101
7.529633009 4.638861395
7.533050977 4.66429271
7.551036004 4.71100495
7.544769727 4.71100495
7.533539259 4.702704169
7.527842644 4.698553778
7.520518425 4.689764716
7.517425977 4.67991771
7.519704623 4.665106512
7.522797071 4.654120184
7.522715691 4.644110419
7.51441491 4.632147528
7.514170769 4.625921942
7.527842644 4.60956452
7.531097852 4.601141669
7.527842644 4.598618882
7.511241082 4.579982815
7.501963738 4.572699286
7.490489129 4.56631094
7.47917728 4.565171617
7.469574415 4.573797919
7.462738477 4.573797919
7.454112175 4.553168036
7.43238366 4.555405992
7.397715691 4.573797919
7.372731967 4.575140692
7.3466903 4.580308335
7.324554884 4.590765692
7.312022332 4.607896226
7.305918816 4.604152736
7.299082879 4.602036851
7.281016472 4.601141669
7.277842644 4.598049221
7.276621941 4.591050523
7.273203972 4.583929755
7.263682488 4.579982815
7.263682488 4.573797919
7.270274285 4.569728908
7.277354363 4.56635163
7.271169467 4.560044664
7.28402754 4.555405992
7.301036004 4.541815497
7.328379754 4.536200262
7.333262566 4.529364325
7.331797722 4.520493882
7.325694207 4.51170482
7.281016472 4.504868882
7.27613366 4.510158596
7.253672722 4.542710679
7.1904403 4.611639716
7.181651238 4.632147528
7.181651238 4.659409898
7.178884311 4.668850002
7.172373894 4.668890692
7.158213738 4.662014065
7.136403842 4.661810614
7.133148634 4.663153387
7.124847852 4.672349351
7.106781446 4.687079169
7.099131707 4.697251695
7.082692905 4.742743231
7.071787957 4.758124091
7.070485873 4.748358466
7.0654403 4.738674221
7.060231967 4.731919664
7.0576278 4.730861721
7.060394727 4.720689195
7.065684441 4.71893952
7.072276238 4.718085028
7.078623894 4.71100495
7.08863366 4.676459052
7.097911004 4.661810614
7.11622155 4.655707098
7.14722741 4.640041408
7.169688347 4.605943101
7.173350457 4.572902736
7.14747155 4.560044664
7.160329623 4.55093008
7.175547722 4.536444403
7.184580925 4.519029039
7.178233269 4.501450914
7.150645379 4.470607815
7.133555535 4.463039455
7.112803582 4.471380927
7.1123153 4.455877997
7.112803582 4.450873114
7.094248894 4.459377346
7.080577019 4.470445054
7.074554884 4.485256252
7.078623894 4.504868882
7.06527754 4.492987372
7.062673373 4.476263739
7.068125847 4.458482164
7.078623894 4.443426825
7.051442905 4.436590887
7.043955925 4.436590887
7.031911655 4.459906317
7.025889519 4.484930731
7.023285352 4.535874742
7.007009311 4.563137111
7.002207879 4.579901434
7.013438347 4.587388414
7.017832879 4.595607815
7.022959832 4.614243882
7.025726759 4.634914455
7.023285352 4.648871161
7.028493686 4.646429755
7.03777103 4.64472077
7.043955925 4.642645575
7.037364129 4.653753973
7.017263217 4.676214911
7.013031446 4.687201239
7.008067254 4.708807684
7.003591342 4.717759507
6.984873894 4.692084052
6.978526238 4.692368882
6.974457227 4.708644924
6.962657097 4.730861721
6.957774285 4.715521552
6.960215691 4.691717841
6.95582116 4.6836612
6.966970248 4.667466539
6.989268425 4.607896226
6.978851759 4.607896226
6.971853061 4.609076239
6.966644727 4.612982489
6.962657097 4.621568101
6.958669467 4.618801174
6.948985222 4.614732164
6.94019616 4.634100653
6.929535352 4.651068427
6.900563998 4.6836612
6.902598504 4.666937567
6.907481316 4.653631903
6.921560092 4.62905508
6.929860873 4.618638414
6.933604363 4.612494208
6.935313347 4.604559637
6.931488477 4.595933335
6.92457116 4.591050523
6.921234571 4.585191148
6.92847741 4.573797919
6.938487175 4.589260158
6.957041863 4.594061591
6.974945509 4.589667059
6.98308353 4.576849677
6.973480665 4.50800202
6.97559655 4.48444245
7.010996941 4.41412995
7.023692254 4.398138739
7.02214603 4.388495184
7.016286655 4.37889232
7.00660241 4.374579169
6.993500196 4.376288153
6.982758009 4.381048895
6.964121941 4.389553127
6.964691602 4.384995835
6.966075066 4.380438544
6.969493035 4.374579169
6.947438998 4.381496486
6.925466342 4.391546942
6.903086785 4.396551825
6.880056186 4.388169664
6.868662957 4.399847723
6.860850457 4.415716864
6.859222852 4.43353913
6.866384311 4.450873114
6.849294467 4.459702867
6.833832227 4.485907294
6.82292728 4.517523505
6.818614129 4.542710679
6.820485873 4.560858466
6.825450066 4.570746161
6.832286004 4.577785549
6.839691602 4.587388414
6.844248894 4.597479559
6.848399285 4.613592841
6.845469597 4.628607489
6.828868035 4.635199286
6.803233269 4.649807033
6.785492384 4.683294989
6.770192905 4.745062567
6.767263217 4.76968008
6.770681186 4.782416083
6.781016472 4.796291408
6.78785241 4.808417059
6.785329623 4.817043361
6.77621504 4.817816473
6.763926629 4.806545315
6.754405144 4.817938544
6.751231316 4.825100002
6.749685092 4.834458726
6.74105879 4.830145575
6.732758009 4.828680731
6.724294467 4.830145575
6.715586785 4.834458726
6.719981316 4.817531643
6.721934441 4.799465236
6.726817254 4.78510163
6.739512566 4.779201565
6.748383009 4.771673895
6.755625847 4.75385163
6.763926629 4.717759507
6.767832879 4.680365302
6.77222741 4.663031317
6.781016472 4.655707098
6.793711785 4.648993231
6.806813998 4.633246161
6.825450066 4.601141669
6.802989129 4.58197663
6.798106316 4.573797919
6.796153191 4.559719143
6.816091342 4.461371161
6.826019727 4.431952216
6.839691602 4.416083075
6.837575717 4.392889716
6.857920769 4.375311591
6.870778842 4.360785223
6.845957879 4.347235419
6.814626498 4.341620184
6.774587436 4.338934637
6.737559441 4.342230536
6.715586785 4.354681708
6.712575717 4.369086005
6.716319207 4.428127346
6.721202019 4.435370184
6.722422722 4.440008856
6.720225457 4.44525788
6.710948113 4.45307038
6.708750847 4.4570987
6.708750847 4.491888739
6.712412957 4.50800202
6.734873894 4.567816473
6.73707116 4.578558661
6.736094597 4.607896226
6.717133009 4.584621486
6.70183353 4.542547919
6.695078972 4.497219143
6.70191491 4.463934637
6.697520379 4.455633856
6.697032097 4.435980536
6.695078972 4.422919012
6.685720248 4.44546133
6.6826278 4.459214585
6.679860873 4.520575262
6.67457116 4.532782294
6.67074629 4.526027736
6.666188998 4.520249742
6.660817905 4.51557038
6.654063347 4.51170482
6.659434441 4.497544664
6.660329623 4.450873114
6.664317254 4.434637762
6.676442905 4.412909247
6.684418165 4.393703518
6.694509311 4.359076239
6.695078972 4.347235419
6.687673373 4.336574611
6.677500847 4.333075262
6.646657748 4.333563544
6.618500196 4.330755927
6.612640821 4.336737372
6.601735873 4.369045315
6.598806186 4.399969794
6.600108269 4.44550202
6.595876498 4.482082424
6.58082116 4.50787995
6.550466342 4.504868882
6.578379754 4.482855536
6.588389519 4.447658596
6.58472741 4.406927802
6.571543816 4.368353583
6.569590691 4.334906317
6.519867384 4.323146877
6.461761915 4.328680731
6.434336785 4.347235419
6.42090905 4.344875393
6.407725457 4.341009833
6.415293816 4.322251695
6.398936394 4.315985419
6.37387129 4.314398505
6.355479363 4.309637762
6.336273634 4.301214911
6.290293816 4.299953518
6.270518425 4.292629299
6.246836785 4.32050202
6.267100457 4.362982489
6.332530144 4.436590887
6.319509311 4.43768952
6.31137129 4.439601955
6.305186394 4.439927476
6.297211134 4.436590887
6.263031446 4.395656643
6.258474155 4.449530341
6.242523634 4.498032945
6.236338738 4.498032945
6.235199415 4.478176174
6.23698978 4.452785549
6.241709832 4.427923895
6.249359571 4.409898179
6.239593946 4.419623114
6.231211785 4.430487372
6.219899936 4.439398505
6.201670769 4.443426825
6.212412957 4.420111395
6.223317905 4.404608466
6.230153842 4.388006903
6.228851759 4.361517645
6.222341342 4.341945705
6.215179884 4.327337958
6.208994988 4.322739976
6.200694207 4.320054429
6.194672071 4.314195054
6.194834832 4.300034898
6.202810092 4.303900458
6.209157748 4.303900458
6.222666863 4.300034898
6.217051629 4.290594794
6.188731316 4.280991929
6.151621941 4.278998114
6.126475457 4.285793361
6.123057488 4.280951239
6.116547071 4.276353257
6.112803582 4.272162177
6.0966903 4.278143622
6.087738477 4.288234768
6.084320509 4.302313544
6.08497155 4.32050202
6.089121941 4.337144273
6.102549675 4.360907294
6.105316602 4.374579169
6.100759311 4.372626044
6.089691602 4.370021877
6.08497155 4.368353583
6.085134311 4.384100653
6.08871504 4.411118882
6.077810092 4.412298895
6.067393425 4.414984442
6.055430535 4.419867255
6.043304884 4.416083075
6.040293816 4.405910549
6.042165561 4.391180731
6.046560092 4.377020575
6.050791863 4.368353583
6.046560092 4.355210679
6.051931186 4.344224351
6.060069207 4.332424221
6.064463738 4.316799221
6.061778191 4.295233466
6.053965691 4.296291408
6.042165561 4.306626695
6.027028842 4.313055731
6.004893425 4.314113674
5.996918165 4.319403387
5.995453321 4.354681708
6.001475457 4.356268622
6.003265821 4.359198309
5.990244988 4.378566799
5.988617384 4.382025458
5.987478061 4.398911851
5.988617384 4.416083075
5.982595248 4.416083075
5.975108269 4.382025458
5.969981316 4.386419989
5.954600457 4.395656643
5.969737175 4.361517645
5.972829623 4.344794012
5.961436394 4.333563544
5.946299675 4.335191148
5.930918816 4.345119533
5.918142123 4.356187242
5.910166863 4.361517645
5.889903191 4.368841864
5.867523634 4.387274481
5.855642123 4.411607164
5.86589603 4.436590887
5.854665561 4.43748607
5.847504102 4.434393622
5.844493035 4.427191473
5.845388217 4.416083075
5.839121941 4.416083075
5.822764519 4.432847398
5.782399936 4.455959377
5.770274285 4.471380927
5.777191602 4.466986395
5.790375196 4.46116771
5.797536655 4.4570987
5.789805535 4.469712632
5.777679884 4.475531317
5.763682488 4.478949286
5.749766472 4.48444245
5.728363477 4.507635809
5.720713738 4.518255927
5.69402103 4.545599677
5.687673373 4.549872137
5.594899936 4.636460679
5.566905144 4.675238348
5.55730228 4.717759507
5.56153405 4.716376044
5.564626498 4.71503327
5.571543816 4.71100495
5.571462436 4.729559637
5.527679884 4.756496486
5.516368035 4.775783596
5.511485222 4.791815497
5.486338738 4.835028387
5.47543379 4.847479559
5.509532097 4.827053127
5.500987175 4.850897528
5.469004754 4.8867862
5.441254102 4.964178778
5.43238366 5.010891018
5.427012566 5.026271877
5.414235873 5.052435614
5.40886478 5.067572333
5.406504754 5.084295966
5.403330925 5.091864325
5.396250847 5.099514065
5.38933353 5.109767971
5.385996941 5.125555731
5.390879754 5.137681382
5.402842644 5.142401434
5.418467644 5.141262111
5.433848504 5.136135158
5.444672071 5.127101955
5.462738477 5.102280992
5.47543379 5.094549872
5.460215691 5.133775132
5.454274936 5.149115302
5.47559655 5.147040106
5.495860222 5.142320054
5.488536004 5.154201565
5.461192254 5.184149481
5.450856967 5.190130927
5.447113477 5.185939846
5.44800866 5.167629299
5.44434655 5.163478908
5.434906446 5.163153387
5.427907748 5.162054755
5.413340691 5.156642971
5.400157097 5.162339585
5.376149936 5.158189195
5.365570509 5.163478908
5.363617384 5.171576239
5.365570509 5.207749742
5.361094597 5.2539737
5.340179884 5.34393952
5.345713738 5.357163804
5.368988477 5.362046617
5.435313347 5.3633487
5.454274936 5.368841864
5.456797722 5.35956452
5.459483269 5.352972723
5.468028191 5.340887762
5.476084832 5.347316799
5.483653191 5.362290757
5.489105665 5.368841864
5.49488366 5.372870184
5.529633009 5.386379299
5.546071811 5.389471747
5.56128991 5.388861395
5.571543816 5.381984768
5.577891472 5.381984768
5.570323113 5.39468008
5.546397332 5.415513414
5.536875847 5.430324611
5.533213738 5.444240627
5.531911655 5.460638739
5.53394616 5.476385809
5.540293816 5.4883487
5.55355879 5.496893622
5.568695509 5.49990469
5.602061394 5.499253648
5.614024285 5.504950262
5.625743035 5.517889716
5.639903191 5.540187893
5.62387129 5.533596096
5.610524936 5.521918036
5.596202019 5.514227606
5.577891472 5.51972077
5.575205925 5.514837958
5.568858269 5.510443427
5.564138217 5.505438544
5.541026238 5.510484117
5.517100457 5.498602606
5.503184441 5.47646719
5.509532097 5.450751044
5.498057488 5.426418361
5.484873894 5.411525783
5.468597852 5.407782294
5.447438998 5.416693427
5.441579623 5.423488674
5.439952019 5.42987702
5.436045769 5.434637762
5.423594597 5.436509507
5.418304884 5.430812893
5.421071811 5.417792059
5.427500847 5.403957424
5.433848504 5.395575262
5.375987175 5.398830471
5.263194207 5.436509507
5.258474155 5.441839911
5.253916863 5.452785549
5.250173373 5.458197333
5.218597852 5.487127997
5.19800866 5.501450914
5.190603061 5.522853908
5.188487175 5.544134833
5.191172722 5.553859768
5.19792728 5.557562567
5.214203321 5.575140692
5.222829623 5.581203518
5.230235222 5.582505601
5.328135613 5.578436591
5.365244988 5.572333075
5.385996941 5.560614325
5.392832879 5.560614325
5.402598504 5.574774481
5.419200066 5.610541083
5.427012566 5.622137762
5.439952019 5.627671617
5.45582116 5.627386786
5.471039259 5.622788804
5.481700066 5.615301825
5.484385613 5.607977606
5.490000847 5.58584219
5.492523634 5.581203518
5.5029403 5.581773179
5.508067254 5.584540106
5.509613477 5.590643622
5.509532097 5.60162995
5.502126498 5.61725495
5.485118035 5.634344794
5.464854363 5.64862702
5.447438998 5.65623607
5.42847741 5.655829169
5.418955925 5.645900783
5.406504754 5.615301825
5.396006707 5.605902411
5.379649285 5.597967841
5.361501498 5.59365469
5.344981316 5.594794012
5.326019727 5.60541413
5.317881707 5.619574286
5.318207227 5.63666413
5.336924675 5.691148179
5.339203321 5.705877997
5.337575717 5.724554755
5.331390821 5.724554755
5.304047071 5.650051174
5.293223504 5.630316473
5.28028405 5.617499091
5.263031446 5.610541083
5.239105665 5.608465887
5.228282097 5.60561758
5.204925977 5.591986395
5.179698113 5.582586981
5.173594597 5.585394598
5.160166863 5.594794012
5.144867384 5.608628648
5.129161004 5.628119208
5.116709832 5.648830471
5.107269727 5.676988023
5.097829623 5.690863348
5.08863366 5.708726304
5.08497155 5.732001044
5.087412957 5.752101955
5.093435092 5.774725653
5.102712436 5.79319896
5.115000847 5.80093008
5.126475457 5.79702383
5.146494988 5.781073309
5.153981967 5.779201565
5.1591903 5.785589911
5.156993035 5.794501044
5.153086785 5.80463288
5.153981967 5.814520575
5.185394727 5.842027085
5.267425977 5.871893622
5.290375196 5.91010163
5.269541863 5.90639883
5.235362175 5.875921942
5.195811394 5.863999742
5.11996504 5.82416413
5.105479363 5.813666083
5.055023634 5.766587632
5.044688347 5.767482815
5.007334832 5.849188544
4.885915561 6.006537177
4.865489129 6.025620835
4.826182488 6.042547919
4.807953321 6.063055731
4.782725457 6.102525132
4.747813347 6.138861395
4.717051629 6.163641669
4.641856316 6.21088288
4.608734571 6.231756903
4.547373894 6.28904857
4.509043816 6.313544012
4.493011915 6.32054271
4.405528191 6.358872789
4.341970248 6.370591539
4.125824415 6.41034577
3.870290561 6.431626695
3.443614129 6.41034577
3.421153191 6.41400788
3.40886478 6.422919012
3.399099155 6.434027411
3.384938998 6.444525458
3.394297722 6.44936758
3.40105228 6.450995184
3.406911655 6.44944896
3.41285241 6.444525458
3.42847741 6.458726304
3.434255405 6.45335521
3.43628991 6.438299872
3.44019616 6.423407294
3.47535241 6.455552476
3.481211785 6.454779364
3.484629754 6.446844794
3.492442254 6.446478583
3.505381707 6.451361395
3.524424675 6.451808986
3.541351759 6.454820054
3.556813998 6.462958075
3.570567254 6.478705145
3.572438998 6.489569403
3.570160352 6.500677802
3.570811394 6.509344794
3.58082116 6.512844143
3.621348504 6.512844143
3.642751498 6.517075914
3.686778191 6.531073309
3.700205925 6.527085679
3.722666863 6.535956122
3.742686394 6.547796942
3.75684655 6.563788153
3.762217644 6.585150458
3.774668816 6.59007396
3.857920769 6.602199611
3.85027103 6.608099677
3.844004754 6.610825914
3.837901238 6.610988674
3.830577019 6.609035549
3.773692254 6.622381903
3.71745853 6.601141669
3.663828972 6.57021719
3.615244988 6.554388739
3.597015821 6.554266669
3.586680535 6.552883205
3.551524285 6.534165757
3.540049675 6.530096747
3.528330925 6.527777411
3.515310092 6.527085679
3.512950066 6.529445705
3.500254754 6.533921617
3.488047722 6.533270575
3.481618686 6.538316148
3.478526238 6.541449286
3.474375847 6.554388739
3.473317905 6.56663646
3.480235222 6.588080145
3.481211785 6.602199611
3.464040561 6.592230536
3.45191491 6.581773179
3.429942254 6.557806708
3.421885613 6.55475495
3.411306186 6.554348049
3.402354363 6.552150783
3.398610873 6.543850002
3.400075717 6.536810614
3.405609571 6.522121486
3.406016472 6.512844143
3.402028842 6.502183335
3.387950066 6.48069896
3.384938998 6.46869538
3.381114129 6.461615302
3.37387129 6.456122137
3.36980228 6.450018622
3.375010613 6.441107489
3.379893425 6.435858466
3.382578972 6.430731512
3.384125196 6.424790757
3.38949629 6.419989325
3.384532097 6.397691148
3.326182488 6.391424872
3.214203321 6.396714585
3.082367384 6.381496486
2.927744988 6.389105536
2.703868035 6.368353583
2.70384128935 6.36835167264
2.70425826 6.429298605
2.711920435 6.474047835
2.715420369 6.494488424
2.718803181 6.50429778
2.737331177 6.558024597
2.739398234 6.579186096
2.730819946 6.621354065
2.731130005 6.641843771
2.742602172 6.663341167
2.760688924 6.679386699
2.772987915 6.68747406
2.778568969 6.698765361
2.775261677 6.744886576
2.773297974 6.755040995
2.76740686 6.759562683
2.755004517 6.760725403
2.744772583 6.763774312
2.736297648 6.769846293
2.728649536 6.780000713
2.723585246 6.799715271
2.72627242 6.821367697
2.736917765 6.863303121
2.731956828 6.905212708
2.718417602 6.943556621
2.715110311 6.979833476
2.74105188 7.015800273
2.752730754 7.021329651
2.765546508 7.02510203
2.775778442 7.030528056
2.779705851 7.041328431
2.77391809 7.050785217
2.747666463 7.072230937
2.739088175 7.082979635
2.735264119 7.096002096
2.736297648 7.102926738
2.740638468 7.109592998
2.749836873 7.128558248
2.757795044 7.138893535
2.761102336 7.148350322
2.762135864 7.162199606
2.741155232 7.408179424
2.743635701 7.41923818
2.751283814 7.423630677
2.761722452 7.423527324
2.783323201 7.41923818
2.78652714 7.421253561
2.78725061 7.426886292
2.789627726 7.435826315
2.792314901 7.477632548
2.770197387 7.514271139
2.740638468 7.549359437
2.720588012 7.586566467
2.715317017 7.625788879
2.717641139 7.658548898
2.727202596 7.793323873
2.724412068 7.807689921
2.715523722 7.822055969
2.691545858 7.848669332
2.680280396 7.877349752
2.672218872 7.889597067
2.671694505 7.893434477
2.67108199 7.897916972
2.673355753 7.905565084
2.683587687 7.924633688
2.687101684 7.933522034
2.690925741 7.996567281
2.70353479 8.059896749
2.7057052 8.119686381
2.708392375 8.137979838
2.716143839 8.15490387
2.726582479 8.171595357
2.734437297 8.189966329
2.734954061 8.211902975
2.728132771 8.233193665
2.708495727 8.274819031
2.700744263 8.296884868
2.697126913 8.320707703
2.698367147 8.339853821
2.706015259 8.381272481
2.706015259 8.390548401
2.70353479 8.409022726
2.703741495 8.417885233
2.709012492 8.430390931
2.728959595 8.452740987
2.736917765 8.464523214
2.744772583 8.498293762
2.742438669 8.527481443
2.722948943 8.771217938
2.722861776 8.772308045
2.723171834 8.782927551
2.728856242 8.79047231
2.745702759 8.79814626
2.751077107 8.803417257
2.752317342 8.812279765
2.747149699 8.827653503
2.745909464 8.836516012
2.749630167 8.851941427
2.762135864 8.880415141
2.762549276 8.895685527
2.75872522 8.902661845
2.753764282 8.904418843
2.749526815 8.906615092
2.747769816 8.914805806
2.750250285 8.916872864
2.761515747 8.933693542
2.764719686 8.939765524
2.770197387 8.967154032
2.772367798 9.030535177
2.769163859 9.057045186
2.846265096 9.0507665
2.859700969 9.052626851
2.869312784 9.059706523
2.87778772 9.068543192
2.888433064 9.075364482
2.899181762 9.077379862
2.929877564 9.078361715
2.940729614 9.077069804
2.951685018 9.071902161
2.961400187 9.065313416
2.971425415 9.060507508
2.983104289 9.060610861
3.051420533 9.078206686
3.076018514 9.095156555
3.091314738 9.126420796
3.12459436 9.228998515
3.14516158 9.267859192
3.151362752 9.288633117
3.151466105 9.353564555
3.148055461 9.370256042
3.135343058 9.401675313
3.128625122 9.429580587
3.132552531 9.457279155
3.151776164 9.488155823
3.159010864 9.493478495
3.175133911 9.498878683
3.182575317 9.505338236
3.243553507 9.584403178
3.244690389 9.589570821
3.239419392 9.602309062
3.238179158 9.609052836
3.245723918 9.633702495
3.261846964 9.638611755
3.281380656 9.634994405
3.299053996 9.633960877
3.331610148 9.65202179
3.338638143 9.678221741
3.330679972 9.708633321
3.318380981 9.739432475
3.314866984 9.759095358
3.317140747 9.781729634
3.32592574 9.801728415
3.342048788 9.813588156
3.413982381 9.842837016
3.452946411 9.853094788
3.513097778 9.846609395
3.530771118 9.862964987
3.557126099 9.910558981
3.589475545 9.948825378
3.599604126 9.968694966
3.605805297 10.05411611
3.612316528 10.070290833
3.627819458 10.084992778
3.642392212 10.091891582
3.654897908 10.101115825
3.663992961 10.12305247
3.664830075 10.12865375
3.667506957 10.146565247
3.664613078 10.162197368
3.655621379 10.174780578
3.587615193 10.244182027
3.573352498 10.266997173
3.572422323 10.285704041
3.592989543 10.330946757
3.618207642 10.369342346
3.62213505 10.381227926
3.623168579 10.400916647
3.625959106 10.407272848
3.632573689 10.41665212
3.652107381 10.435798238
3.671744425 10.442076925
3.692828409 10.438382059
3.756907186 10.405257467
3.772513469 10.407634582
3.787706339 10.42636729
3.794320923 10.444867452
3.795354451 10.496492208
3.804346151 10.523157248
3.829874308 10.573076681
3.837419067 10.599896749
3.837245715 10.630609017
3.837109009 10.654828797
3.832148071 10.683922628
3.822949666 10.703249613
3.810237264 10.710484314
3.796077921 10.713119812
3.783262166 10.716969706
3.773857056 10.728054301
3.764451945 10.760868836
3.759491008 10.771591696
3.751946248 10.780169983
3.743161255 10.78745636
3.735099731 10.795776266
3.730035441 10.807713521
3.731275675 10.825025126
3.752979777 10.877683411
3.754116658 10.907138977
3.733549438 10.996203308
3.733549438 10.996461691
3.723317505 11.013540751
3.715876099 11.031885885
3.711845337 11.051858826
3.711845337 11.073511251
3.722077271 11.11234609
3.713705689 11.12030426
3.705583311 11.120732942
3.70440393 11.120795187
3.69499882 11.119115703
3.68673059 11.120485128
3.66254602 11.143145244
3.483332153 11.392303162
3.46844934 11.419484965
3.466692342 11.442480978
3.486742798 11.496276144
3.493047323 11.511494853
3.504932902 11.556556702
3.574386027 11.67303538
3.596400187 11.69577301
3.647766561 11.726003723
3.659858846 11.738096009
3.666990194 11.759696757
3.662029256 11.779488831
3.649730265 11.797833964
3.626269165 11.822535299
3.622031698 11.825015768
3.618621053 11.828374736
3.612936645 11.838968405
3.609732707 11.848786927
3.603944946 11.905579325
3.608492473 11.921960754
3.619551229 11.936275127
3.636604452 11.953586732
3.653554321 11.986814677
3.648903442 12.021024475
3.623995402 12.09424998
3.624512166 12.137658183
3.651487264 12.269019674
3.641565389 12.517996725
3.645699503 12.528538716
3.864394165 12.689665833
3.929093058 12.750385641
4.088773234 12.996236267
4.120324552 13.210607869
4.123706502 13.233586121
4.125773559 13.472977194
4.190472453 13.475018413
4.220548136 13.480625305
4.248453409 13.494138692
4.40575647 13.641235657
4.452575318 13.673765971
4.506732218 13.694669088
4.625844677 13.72315082
4.824852335 13.770736797
4.856891724 13.774095765
4.87983606 13.76401886
4.902366984 13.742986552
4.925104614 13.733090516
4.983188924 13.729679871
5.084371378 13.747534078
5.227618449 13.741332907
5.262034953 13.747740784
5.27350712 13.752520854
5.304202922 13.773940735
5.318052205 13.789934591
5.334795369 13.826702372
5.346267538 13.841559347
5.374069458 13.855253601
5.521760701 13.880290832
5.554316854 13.873417867
5.8373486735 13.763747559
