0
68
77
109
144
171
225
250
347
359
388
401
426
442
457
478
489
512
524
536
545
555
633
641
650
662
673
685
726
740
763
778
796
805
819
845
869
935
953
983
996
1009
1031
1053
1070
1127
1144
1156
1167
1209
1266
1304
1402
1437
1457
1477
1511
1538
1658
1684
1714
1729
1755
1767
1786
1809
1847
1853
1899
1947
1961
2038
2245
2261
2298
2311
2341
2363
2478
2516
2543
2573
2599
2617
2671
2727
2809
2977
3006
3039
3152
3164
3234
3306
3335
3397
3417
3452
3479
3534
3676
3692
3780
3817
3838
3863
3894
3921
3954
3971
3994
4035
4054
4073
4124
4169
4212
4243
4328
4345
4365
4389
4425
4479
4495
4524
4552
4585
