6.038628377 50.148412985
6.061366008 50.150738424
6.070047648 50.154200745
6.076455525 50.158644918
6.084206991 50.159316712
6.097126098 50.151306865
6.101466919 50.14210846
6.100330037 50.132651673
6.1026038 50.124745179
6.117486613 50.120456035
6.110561971 50.105986634
6.105704386 50.092240702
6.099399861 50.064128723
6.101156861 50.063405254
6.107151327 50.063766988
6.10942509 50.063560283
6.105704386 50.060304668
6.096402629 50.048625794
6.107254679 50.044595032
6.11376591 50.03637848
6.119967081 50.0155012
6.117176554 50.004390768
6.121517375 49.996277568
6.138777303 49.979327698
6.153970174 49.951215719
6.161928345 49.942482402
6.172677043 49.956228333
6.189833618 49.938296611
6.222699829 49.887136943
6.238306111 49.876905009
6.272205852 49.867138164
6.286778605 49.861040345
6.291532837 49.855562643
6.295567892 49.848615692
6.301558065 49.838302714
6.302591594 49.834943747
6.310653116 49.834478659
6.325639282 49.840369772
6.334424275 49.840214742
6.351374145 49.8332901
6.380106242 49.815565084
6.397056111 49.808588766
6.414522746 49.80548818
6.462478475 49.80548818
6.493277629 49.799597066
6.497205037 49.799442038
6.502579387 49.795669658
6.502269327 49.795876363
6.500098918 49.7944811
6.499995564 49.786057841
6.498548624 49.785386048
6.493794392 49.763630269
6.49369104 49.756550598
6.496378214 49.752106425
6.495964803 49.748230693
6.486249634 49.742701315
6.485526163 49.733761292
6.487799926 49.725596416
6.492554158 49.718413391
6.499685506 49.712212219
6.491003865 49.714434306
6.486352986 49.71293569
6.482942342 49.708078105
6.489763631 49.702962138
6.491727336 49.700791728
6.418243449 49.669889222
6.402740519 49.655781555
6.404497518 49.652474264
6.410905396 49.64963206
6.417003215 49.645756327
6.41793339 49.639141745
6.415246216 49.634645894
6.407701457 49.627411194
6.397572876 49.613871969
6.371527954 49.59299469
6.356438435 49.577595113
6.350754028 49.566588034
6.350754028 49.534910381
6.34880855 49.525289755
6.342279094 49.493000794
6.345379679 49.462718404
6.345307071 49.455348652
6.325329224 49.456723938
6.298767538 49.466232402
6.251116525 49.489459778
6.249364868 49.490313619
6.221976359 49.497444967
6.193554321 49.499408672
6.136090129 49.495274556
6.142601359 49.486076152
6.114386027 49.48437083
6.107254679 49.482510478
6.101983683 49.476412659
6.102087036 49.470004781
6.099813273 49.464630432
6.087720988 49.461633199
6.078005819 49.452021383
6.063329711 49.44845571
5.978063599 49.445096741
5.960700317 49.441324362
5.946954386 49.469953105
5.928144165 49.482303772
5.864685506 49.492173971
5.83957076 49.49987376
5.822104126 49.510519105
5.790684855 49.537752585
5.814456014 49.545142314
5.83740035 49.561110332
5.846908813 49.576716614
5.829958944 49.582762756
5.841224406 49.589687398
5.849182577 49.599712626
5.861998331 49.622760316
5.869956502 49.628858135
5.879878377 49.634852601
5.885459432 49.643534241
5.879878377 49.65774526
5.872643676 49.661724345
5.852593221 49.663222962
5.845771932 49.66658193
5.842257934 49.673919983
5.843704874 49.677485657
5.846702108 49.680689596
5.847218872 49.687200827
5.848769165 49.692730205
5.853626749 49.696295878
5.857347453 49.700429993
5.856402764 49.70580745
5.856003865 49.708078105
5.850216105 49.714020894
5.843704874 49.714330954
5.837296997 49.71293569
5.831715942 49.713607483
5.825721476 49.715777894
5.81176884 49.718516745
5.805360961 49.721875713
5.805774373 49.724201152
5.803603963 49.738153789
5.80205367 49.742856344
5.778489217 49.77303538
5.771874634 49.779391582
5.759162231 49.784455872
5.748413533 49.78564443
5.738284953 49.788848368
5.72774296 49.800217184
5.721645142 49.812774557
5.720198202 49.824711813
5.724642374 49.834271953
5.736527954 49.839439596
5.726916137 49.845227357
5.728673136 49.848844707
5.730533488 49.851170146
5.731980428 49.85416738
5.731877075 49.859955139
5.758128702 49.858198141
5.748826945 49.867293193
5.726709432 49.87819692
5.714927205 49.881865946
5.718957967 49.89137441
5.753581176 49.930183411
5.757611939 49.936539612
5.759989054 49.941603902
5.763709757 49.946823222
5.771564575 49.953541158
5.77859257 49.956590067
5.793372029 49.958812155
5.801640258 49.963824768
5.812595662 49.9775707
5.808564901 49.983100078
5.801536906 49.988681133
5.802673787 50.00247874
5.808874959 50.007801412
5.829132121 50.013589173
5.836366821 50.01855011
5.83884729 50.026456604
5.83884729 50.035861715
5.837710408 50.047437236
5.843704874 50.053638408
5.858277628 50.061803284
5.864375447 50.067487691
5.866855916 50.074308981
5.868819621 50.090535381
5.872436971 50.096891581
5.888973429 50.106606751
5.926180461 50.118337301
5.941063273 50.128310852
5.949021444 50.1426769
5.953155558 50.156371155
5.961630493 50.165621236
5.982921183 50.167068177
5.99832076 50.174974671
6.004728638 50.170478821
6.008035929 50.160918681
6.014133749 50.153580628
6.022966606 50.15082036
6.027362915 50.149446513
6.038628377 50.148412985
