0
40
63
91
128
156
166
187
518
629
739
777
837
847
876
904
1039
1147
1183
1432
1447
1459
1484
1504
1518
1543
1618
1637
1648
1667
1711
1762
1788
1807
1825
1841
1903
1934
1961
1983
1992
2005
2071
2098
2166
2235
2246
2258
2280
2340
2477
2562
2574
2612
2811
2823
2876
2898
2929
3000
3014
3022
3065
3080
3090
3111
3130
3139
3148
3176
3192
3227
3461
3484
3497
3552
3565
3621
3647
3666
3682
3695
3717
3747
3798
3820
3833
3842
3851
3862
3905
3931
3940
3962
3989
4044
4071
4122
4193
4972
5010
5023
5031
5040
5058
5085
5120
5145
5162
5171
5209
5219
5248
5272
5283
5312
5339
5353
5389
5410
5584
5598
5613
5627
5647
5676
5695
5723
5765
5789
5803
5818
5834
5854
5867
5949
5965
5989
6023
6031
6054
6062
6096
6123
6136
6166
6171
6187
6213
6411
6423
6440
6583
6627
6922
6975
6990
7073
7090
7098
7119
7137
7168
23129
23144
23221
23243
23271
23303
23324
23413
23446
23480
23505
23628
23656
23693
23732
23751
23838
23850
23867
23879
23901
23918
23931
23938
23952
23964
23988
24015
24084
24097
24167
24201
24221
24248
24272
24304
24321
24898
25003
25195
25292
25322
25417
25565
25605
25639
25658
25673
25691
25728
25755
25815
25831
25870
25877
26311
26543
26708
26801
26836
26908
27342
27369
27423
27435
27491
27802
27810
27825
27861
29027
29106
29121
29146
29182
29238
29272
29336
29365
29376
29436
29457
29484
29540
29600
29630
29658
29731
29757
29823
29841
29878
29981
30032
30425
30440
30465
30482
30514
30622
30667
30683
31209
31240
31278
31362
31384
31405
31442
31472
31497
31605
31660
31706
31821
31833
31967
32067
32098
32112
32313
32332
32419
32436
32470
32502
32519
32531
32576
32654
32686
32708
32720
32816
32852
33417
33726
33753
33775
33831
33840
33849
33930
33950
33966
33990
34090
34131
34209
34376
34391
34450
34507
34526
34569
34585
34594
34618
34653
34679
34690
34703
34865
34881
34890
34911
34925
34965
34981
35071
35101
35136
35173
35192
35219
35244
35296
35338
35379
35397
35412
35432
35458
35479
35500
35560
35598
35614
35646
35672
35692
35720
35744
35778
35795
35835
35852
35877
35907
35925
36062
36083
36104
36118
36139
36155
36167
36196
36229
36241
36268
36277
36310
36335
36384
36501
36528
36545
36612
36622
36656
36678
36696
36707
36737
36756
36790
36807
36830
36844
37211
37228
37265
37339
38356
38383
40305
40332
40354
40383
40405
40467
40483
40498
40583
40659
40684
40698
40720
40732
40779
40795
40824
40833
40851
40873
40907
40933
40947
40960
41032
41200
41211
41229
41237
43104
43122
43135
43169
43188
43198
43210
43226
43247
43273
43286
43304
43367
43403
43440
43469
43475
43481
43489
43527
43546
43603
43621
43628
43637
43659
43674
43743
43771
43782
43791
43800
43826
43838
43854
43902
43963
43974
43984
44061
44082
44096
44121
44140
44150
44171
44210
44236
44242
44258
44264
44275
44284
44292
44317
44329
44335
44344
44397
44406
44413
44420
44433
44456
44474
44533
44537
44621
44627
44641
44655
44748
44779
44791
44800
44809
44829
44881
44916
44925
44948
45630
45640
45677
45693
45776
45785
45798
45803
45811
45816
45829
45845
45864
45877
45895
45910
45923
45935
45945
45992
46000
46012
46021
46032
46053
46062
46079
46092
46114
46150
46159
46267
46281
46298
46311
46328
46337
46345
46368
46378
46435
46477
46501
46517
46546
46563
46575
46581
46628
46643
46656
46666
46696
46709
46721
46738
46747
46762
46783
46788
46807
46820
46827
46920
46931
46977
47004
47011
47020
47025
47034
47048
47061
47067
47386
47395
47412
47432
47463
47468
47505
47520
47532
47568
47577
47588
47605
47621
47633
47654
47666
47686
47708
47720
47734
47758
47785
47813
47821
47829
47844
47851
47874
47941
47954
47968
47979
47989
47998
48011
48016
48045
48056
48064
48178
48187
48198
48214
48601
48613
48622
48641
48685
48690
48696
48704
48732
48736
48896
48901
48910
48922
48931
48944
48954
48963
48980
49007
49025
49077
49086
49107
49135
49167
49201
49211
49225
49247
49272
49320
49328
49336
49342
49348
49354
49375
49402
49412
49422
49462
49476
49483
49504
49519
49537
49694
49706
49711
49759
49767
49774
49795
49802
49813
49835
49850
49870
49879
49885
49917
49933
49945
50000
50008
50051
50102
50315
50330
50347
50424
50429
50475
50504
50517
50540
50599
50628
50667
50676
50757
50774
50782
50807
50819
50833
50844
50854
50898
50910
50923
50933
50967
52533
52542
52557
52574
52583
52605
52615
52640
52662
52708
52792
52816
52825
52883
52970
53095
53165
53178
53201
53227
53413
53419
53469
53525
53533
62997
63044
63076
63090
63124
63161
63170
63209
63286
63314
63328
63360
63365
63376
63383
63387
63399
63404
63421
63437
63629
63667
63691
63709
63714
63737
63746
63751
63760
63853
63892
63897
63917
63943
63950
63968
63975
64027
64056
64130
64143
64162
64176
64344
64501
64511
64562
64575
64608
64629
64681
64716
64724
64827
64841
64860
64897
64923
64948
64966
65015
65024
65099
65110
65123
65132
65148
65224
65250
65290
65329
65386
65414
65423
65450
65465
65762
65941
65953
65981
66134
66158
66180
66316
66376
66397
66425
66450
66465
66496
66518
66531
66629
66661
66673
67109
67159
67539
67547
67643
67649
67665
67679
67691
67843
67857
67881
67902
67912
67939
67969
67979
67994
68008
68032
68055
68118
68143
68210
68252
68366
68380
68587
68618
68645
68673
68682
68718
68744
68766
68784
68864
68876
68890
68908
68935
68958
68976
68984
69003
69010
69204
69239
69262
69287
69306
69337
69343
69375
69386
69483
69546
69595
69613
69640
69656
69662
69800
69824
69853
69875
69893
69901
69910
69915
69960
69982
69991
70088
70096
70154
71048
71068
71087
71092
71103
71117
71164
71180
71195
71222
71328
71334
71346
71425
71456
71471
71475
71479
71534
71551
71558
71765
71970
71977
71981
71997
72006
72010
72016
72030
72079
72099
72132
72138
72152
72158
72167
72203
72259
72297
72459
72476
72486
72504
72517
72526
72533
72541
72550
72577
72697
72734
72760
72765
72780
72793
72819
72828
72838
72850
73031
73040
73058
73766
73784
73824
73843
73863
73878
73898
73910
73923
73952
73967
73983
74002
74007
74020
74037
74059
74072
74131
74142
74175
74188
74207
74228
74248
74260
74275
74298
74395
74408
74416
74438
74447
74454
74555
74578
74609
74637
74659
74681
74699
74720
75022
75104
75142
75165
75208
75226
75257
75300
75311
75321
75335
75673
75804
75815
75828
75878
75898
75929
76000
76016
76035
76072
76095
76139
76203
76217
76237
76276
76290
76444
76453
76463
76479
76489
76573
76595
76611
76638
76646
76655
76750
76767
76788
76813
76929
77064
77094
77341
77395
77413
77439
77451
77471
77514
77525
77593
77608
77632
77678
77699
77732
77756
77771
77909
77937
77951
77980
78023
78048
78086
78208
78276
78312
78336
78426
78431
78478
78486
78492
78516
78538
78644
78650
78682
78709
78721
78736
78746
78787
78814
78922
78931
78993
79046
79065
79103
79109
82722
82768
82800
82946
82954
82971
82992
83057
83091
83150
83180
83201
83227
83262
83299
83308
83864
84162
84167
84196
84276
84320
84349
84390
84413
84587
84609
84634
84673
84682
84697
84701
84714
84721
84757
84768
84775
84785
84794
84805
84825
84845
84858
84921
84931
84939
84993
85005
85011
85018
85077
85087
85125
85133
85152
85167
85188
85198
85206
85228
85240
85249
85265
85279
85302
85309
85318
85329
85338
85352
85366
85382
85397
85413
85439
85452
85470
85494
85508
85516
85543
85549
85557
85587
85609
85628
85633
85652
85677
85685
85696
85709
85744
85801
85836
85897
85985
86000
86015
86024
86044
86048
86090
86130
86265
86283
86316
86327
86333
86375
86398
88190
88198
88211
88227
88233
88252
88265
88275
88282
88289
88302
88308
88317
88323
88327
88440
88516
88523
88533
88550
88582
88619
88632
88665
88671
88682
88705
88713
89183
89221
89233
89238
89262
89268
89274
89286
89302
89311
89320
89325
89353
89403
89412
89438
89445
89465
89488
89495
89505
89530
89536
89564
89579
89610
89617
89627
89750
89758
89764
89771
89777
89785
89800
89827
89837
89845
89854
89913
89930
89949
89959
89963
89973
89982
89993
90012
90023
90034
90045
90066
90074
90101
90124
90132
90138
90150
90162
90169
90186
90216
90226
90238
90247
90294
90306
90384
90389
90394
90404
90414
90425
90442
90448
90488
90495
90500
90519
90534
90552
90560
90566
90580
90678
90693
90703
90710
90741
90791
90797
90809
90823
90833
90838
90844
90849
90856
90878
90898
90921
90975
90986
90994
91004
91039
91048
91061
91084
91092
91100
91108
91114
91136
91149
91155
91160
91168
91187
91192
91202
91207
91214
91220
91224
91230
91239
91244
91252
91257
91266
91271
91277
91367
91371
91381
91396
91420
91435
91444
91449
91467
91471
91477
91487
91498
91539
91551
91561
91566
91576
91582
91598
91609
91622
91626
93069
93086
93097
93111
93123
93132
93140
93172
93177
93186
93197
93206
93214
93231
93247
93254
93286
93297
93303
93308
93319
93338
93348
93363
93368
93440
93450
93456
93461
93472
93477
93484
93490
93499
93504
93523
93530
93536
93548
93554
93566
93575
93584
93611
93621
93633
93638
93650
93701
93711
93721
93736
93748
93758
93764
93778
93788
93797
93828
93835
93896
93909
93919
93943
93956
93963
93974
93984
93995
94007
94019
94030
94040
94049
94054
94066
94080
94130
94135
96495
96503
96525
96539
96544
96555
96571
96578
96584
96596
96613
96649
96715
96729
96749
96779
96791
96814
96846
96862
96870
96876
96898
96936
96963
96971
96986
97024
97039
97083
97155
97175
97192
97256
97290
97326
97339
97386
97417
97429
97443
97452
97532
97548
97589
97607
97625
97646
97650
97679
97703
97718
97739
97753
97819
97834
97865
97871
97903
97912
97919
97927
97960
97993
98011
98015
98020
98029
98080
98089
98100
98108
98123
98147
98178
98207
98229
98248
98268
98284
98303
98328
98345
98389
98422
98433
98448
98453
98466
98471
98487
98517
98550
98559
98578
98595
98607
98645
98678
98721
98730
98737
98755
99826
100601
100610
100622
100635
100642
100654
100668
100717
100763
100776
100797
100807
100833
100936
100966
100975
101001
101005
101010
101027
101034
101051
101059
101067
101075
101114
101236
101262
101285
101307
101323
101349
101361
101370
101383
101406
101445
101493
101546
101564
101573
101586
101637
101644
101674
101690
101711
101722
101730
101742
101892
101903
101925
101968
101981
101994
102021
102088
102288
102297
102305
102332
102350
102359
102368
102375
102455
102494
102511
102531
102586
102602
102620
102778
102795
102806
102856
102882
102928
103501
103530
103538
103566
103598
103620
103664
103685
103917
103960
103973
104013
104053
104059
104068
104103
104108
104150
104180
104196
104264
104271
104334
104349
104360
104395
104414
104426
104443
104478
104490
104500
104748
104772
104783
104866
104882
104893
104897
104902
104925
104930
104934
104938
104951
104989
105008
105017
105059
105075
105082
105103
105131
105175
105216
105236
105241
105273
105318
105442
105486
105538
105548
105578
105588
105608
105624
105634
105984
106189
106211
106224
106244
106260
106286
106340
106355
106392
106433
106532
106548
106557
106564
106586
106611
106634
106684
106715
106728
106745
106754
106792
106808
106843
106867
106881
106890
106914
106927
106932
107164
107227
107239
107612
107621
107670
107679
107694
107704
107746
107769
107859
107909
107917
107940
107963
107981
107988
108001
108029
108162
108185
108195
108221
108282
108304
108343
108438
108484
108522
108533
108608
108615
108625
108638
108646
108659
108800
108818
108844
108850
108880
108896
108941
108976
109000
109008
109065
109080
109113
109151
109214
109231
109242
109250
109290
109295
109302
109306
109316
109339
109347
109390
109463
109502
109511
109559
109622
109674
109689
109694
109711
109739
109748
109762
109781
109791
109835
109851
109860
109871
109879
109887
109932
109943
109969
109980
109990
110010
110029
110043
110069
110098
110139
110156
110179
110194
110218
110237
110250
110263
110282
110308
110337
110370
110379
110390
110408
110644
110898
110914
110918
110927
112421
112428
112437
112473
112486
112508
112527
112559
112593
112629
112643
112652
112667
112725
112764
112831
112854
112863
112876
112888
112898
112908
112931
113866
113885
113902
113927
113952
114623
114744
114756
114779
114788
114834
114851
114873
114882
114897
114905
114927
115000
115015
115023
115036
115054
115068
115082
115094
115177
115200
115216
115240
115264
115280
115301
115331
115348
115453
115462
115489
115499
115503
115563
115583
115588
115604
115653
115709
115760
115768
115775
115781
115793
115868
115876
115888
115910
115931
115940
115965
115979
115992
116017
116051
116069
116111
116121
116270
116296
116320
116338
116380
116392
116435
116470
116476
116488
116543
116562
116570
116592
116610
116627
116646
116659
116754
116762
116799
116809
116836
116849
116858
116889
116898
116916
116931
116945
116963
116986
117062
117078
117099
117129
117176
117189
117235
117251
117353
117373
117381
117388
117451
117466
117528
117596
117610
117620
117648
117695
117709
117735
117800
117810
117820
117834
117891
117920
117931
117937
117948
117962
117971
117980
117991
118008
118115
118134
118144
118206
118242
118288
118321
118345
118374
118387
118408
118419
118436
118463
118472
118483
118501
118509
118526
118550
118569
118594
118619
118635
120414
120436
120451
120466
120475
120510
120515
120527
120545
120551
120557
120599
120622
120635
120681
120794
120815
120854
120862
120878
120889
120919
120927
120955
121008
121024
121031
121045
121202
121207
121223
121232
121251
121272
121287
121318
121336
121353
121398
121427
121440
121458
121495
121525
121538
121548
121578
121584
121609
121653
121706
121721
121734
121740
121747
121760
121798
121819
121886
121896
121909
121919
121928
121943
121957
121971
121986
121996
122024
122032
122039
122046
122072
122129
122301
122335
122449
122855
122867
122882
122896
122959
122975
122993
123002
123031
123055
123092
123108
123113
123118
123214
123224
123266
123292
123314
123382
123425
123438
123456
123473
123479
123505
123516
123534
123557
123586
123614
123630
123646
123663
123672
123682
123691
123751
123775
123786
123803
123818
123864
123883
123893
123919
123944
123967
123996
124006
124029
124039
124049
124059
124078
124107
124132
124140
124150
124161
124248
124269
124411
124420
124571
124589
124682
124698
124710
124719
124733
124748
124757
124814
124819
124829
124869
124881
124893
124902
124934
124950
124980
124985
124990
124995
125029
125069
125107
125134
125141
125156
125184
125191
125209
125216
125255
125282
125357
125395
125401
125410
125429
125470
125477
125489
125500
125550
125600
125610
125627
125731
125816
125843
125867
125884
125902
125972
125986
126028
126033
126053
126063
126071
126100
126120
126130
126148
126188
126252
126328
126337
126349
126362
126372
126380
126413
126425
126445
126457
126503
126609
126617
126623
126656
126664
126687
126692
126722
126766
126784
126793
126802
126819
126834
126844
126857
126870
126909
126921
126929
126987
127006
127023
127028
127053
127079
127145
127151
127162
127218
127224
127230
127254
127266
127279
127306
127336
127365
127391
127420
127438
127446
127454
127481
127548
127553
127569
127591
127599
127609
127629
127643
127647
127663
127668
127686
127703
127724
127737
127782
127821
127839
127867
127885
127907
127918
127922
127956
128022
128032
128057
128071
128140
128169
128219
128254
128288
128333
128345
128365
128382
128442
128473
128491
128534
128633
128650
128711
128715
128737
128749
128788
128829
128841
128854
128905
129881
129900
129942
129967
129999
130074
130088
130097
130122
130134
130160
130180
130206
130222
130243
130273
130291
130310
130324
130344
130403
130441
130480
130953
130966
131005
131017
131047
131053
131079
131099
131117
131127
131145
131156
131179
131217
131270
131322
131354
131366
131392
131403
131415
131437
131528
131538
131564
131585
131615
131643
131658
131675
131707
131743
131759
131777
131785
131814
131842
131880
131903
131914
131972
131991
132070
132096
132113
132131
132171
132198
132213
132246
132264
132289
132679
132881
132941
133028
133039
133054
133079
133117
133128
133145
133154
133159
133190
133207
133243
133281
133302
133391
133420
133456
133500
133512
133560
133612
133625
133637
133650
133693
133705
133732
133748
133770
133777
133800
133812
133851
133862
133874
133923
133937
133956
133970
133999
134058
134075
134120
134153
134197
134247
134297
134317
134334
134350
134374
134409
134426
134462
134472
134505
134540
134578
134629
134644
134662
134674
134687
134697
134739
134768
134801
134823
134843
134868
134883
134954
134972
134986
135031
135052
135072
135109
135156
135173
135184
135194
135212
135223
135234
135303
135357
135392
135401
135412
135453
135810
135823
135877
135885
135898
136004
136051
136072
136077
136092
136123
136134
136145
136153
136253
136287
136316
136333
136358
136368
136410
136443
136477
136494
136557
136569
136632
136920
136939
136959
136985
137005
137036
137105
137113
137128
137151
137181
137196
137208
137222
137241
137252
137272
137427
137439
137458
137504
137533
137545
137554
137566
137584
137603
137629
137641
137657
137688
137786
137803
137957
138092
138159
138193
138206
138221
138239
138257
138271
138309
138335
138356
138379
138385
138436
138455
138476
138496
138526
138860
138880
138900
138921
139502
139512
139531
139568
139580
139596
139631
139651
139665
142144
142167
142177
142212
142228
142257
142263
142276
142292
142297
142319
142349
142416
142440
142476
142877
142895
142924
142936
142968
143024
143065
143086
143107
143125
143144
143161
143175
143183
143230
143246
143250
143359
143380
143416
143437
143450
143468
143493
143505
143517
143574
143591
143611
143641
143655
143667
143675
143691
143702
143715
143734
143775
143907
143918
143926
143948
144043
144080
144119
144164
144174
144196
144228
144243
144280
144304
144393
144416
144490
144522
144550
144562
144571
144595
145221
145237
145257
145437
145475
145504
145538
145607
145623
145642
145655
145689
145705
145720
145803
145814
145847
145860
145879
145892
145905
145915
145933
145952
146470
146491
146941
147005
147052
147071
147079
147096
147124
147136
147158
147169
147184
147228
147316
147325
147351
147368
147402
147438
147457
147501
147515
147537
147552
147586
147682
147696
147715
147742
147759
147802
147820
147868
147887
147913
147939
147967
148011
148027
148053
148071
148095
148115
148130
148177
148204
148227
148241
148261
148287
148314
148341
148357
148368
148384
148412
148478
148542
148554
148625
148647
148697
148711
148762
148770
148912
148922
148941
148952
148965
149004
149015
149065
149099
149134
149199
149225
149252
149274
149296
149318
149339
149365
149388
149433
149546
149582
149597
149612
149654
149661
149677
149701
149743
150621
150656
150671
150684
150705
150726
150740
150750
150760
150768
150784
150801
150817
150833
153997
154011
154101
154138
154175
154195
154208
154255
154306
154327
154400
154417
154496
154509
154649
154666
154692
154705
154720
154762
154822
154866
154899
154908
154976
155096
155147
155178
155211
155250
155262
155295
155304
155326
155548
155621
155657
155692
155736
155748
155764
155822
155833
155868
155910
155918
155931
155950
156000
156050
156088
156108
156117
156142
156187
156202
156212
156326
156343
156359
156376
156402
156419
156432
156450
156471
156497
156535
156579
157010
157023
157204
157217
157241
157280
157298
157391
157413
157425
157465
157473
157487
157514
157526
157536
157688
157710
157792
157797
157815
157854
157864
157874
157888
157904
157918
157931
157971
157984
157995
158042
158193
158204
158218
158615
158664
158682
158702
158805
158815
158860
159253
159263
159268
159284
159299
159355
159377
159389
159450
159457
159477
159493
159505
159523
159596
159613
160645
160656
160667
160706
160730
160750
160778
160791
160823
160838
160866
160877
160884
160920
161172
161189
161198
161217
161242
161266
161288
161308
161355
161416
161484
161510
161531
161600
161631
161651
161684
161706
161732
161866
161900
161950
161991
162059
162067
162122
162159
162197
162233
162326
162345
162414
162553
162569
162640
162745
162792
162811
162857
162873
162963
162986
165241
165332
165367
165418
165430
165438
165470
165488
165508
165528
165559
165781
165801
165823
165871
165883
165923
165947
165978
166000
166034
166057
166155
166166
166192
166428
166466
166491
166524
166545
166569
167044
167086
167146
167198
167214
167223
167242
167256
167272
167284
167400
168053
168071
168102
168113
168132
168180
168212
168268
168279
168329
168351
168415
168434
168463
168503
168534
168551
168717
168730
168940
168969
169009
169033
169050
169096
169162
169185
169536
169565
169654
169737
169776
169795
169806
170018
170049
170077
170150
170188
170197
170210
170260
170293
170423
170431
170519
170551
170588
170623
170669
170685
171023
171037
171060
171069
171107
171211
171509
171516
171528
171536
171576
171602
171617
171822
171855
171886
171903
171945
172668
172714
172763
172803
172812
172829
172842
173263
173311
173322
173330
173342
173370
173390
173398
173407
173447
173842
173852
174090
174451
174686
174717
178424
178460
178488
178509
178524
178552
178597
178625
178643
178688
178706
178728
178757
178767
178808
178838
178877
178985
179014
179023
179048
179090
179101
179120
179131
179153
179281
179325
179366
179374
179400
179415
179426
179518
179544
179579
179591
179614
179633
179691
179700
179754
179781
179799
179807
179820
179835
179854
179894
179905
179913
179936
179960
180022
180040
180049
180070
180091
180105
180125
180170
180198
180239
180331
180346
180396
180408
180425
180442
180510
180557
180566
180598
180620
180635
180670
180685
180698
180725
180761
180793
180802
180824
180839
180889
180907
180932
180956
180976
181007
181065
181089
181103
181157
181178
181192
181220
181232
181260
181285
181382
181396
181418
181430
181467
181499
181520
181539
181554
181584
181593
181603
181612
181652
181670
181690
181703
181719
181805
181814
181832
181847
181878
181909
181933
181954
181973
181984
182086
182094
182115
182130
182148
182177
182377
182397
182613
182662
182681
182694
182719
182772
182783
182799
182867
182916
183000
183040
183080
183092
183125
183139
183166
183207
183262
183296
183323
183740
183753
183777
183814
183829
183844
183861
183900
183921
183952
184028
184056
184079
184090
184113
184125
184137
184146
184156
184183
184261
184329
184350
184358
184372
184381
184393
184451
184480
184491
184503
184552
184593
184624
184638
184651
184691
184714
184726
184778
184800
184815
184824
184842
184851
184865
184939
185028
185042
185069
185099
185125
185155
185165
185198
185220
185229
185276
185312
185320
185342
185349
185359
185421
185468
185486
185564
185660
185689
185704
185756
185771
185791
185818
185844
185975
186006
186022
186036
186094
186118
186129
186156
186180
186193
186207
186232
186270
186296
186362
186380
186406
186484
186492
186596
186625
186655
186665
186676
186700
186713
186726
186780
186790
186812
186834
186851
186870
186886
186893
186924
186983
186990
187019
187074
187090
187096
187132
187139
187148
187154
187169
187203
187260
187274
187358
187375
187395
187399
187403
187410
187431
187471
187483
187553
187579
187588
187682
187768
187788
187805
187830
187866
188160
188170
188211
188221
188230
188297
188322
188348
188359
188370
188412
188421
188431
188473
188486
188501
188558
188614
188652
188678
188708
188727
188760
188800
188857
188863
188885
188902
189000
189038
189047
189073
189092
189135
189180
189228
189259
189299
189307
189342
189361
189378
189399
189410
189422
189451
189532
189552
189573
189581
189601
189634
189668
189681
189702
189779
189808
189818
189832
189846
189855
189872
189884
189902
189929
190049
190075
190716
190746
190759
190793
190807
190885
190902
190913
190935
190958
191102
191122
191178
191193
191204
191239
191252
191287
191300
191305
191310
191314
191360
191369
194432
194456
194464
194480
194570
194596
194611
194638
194650
194684
194723
194735
194750
194772
194791
194817
194856
194885
194903
194947
194968
194979
194994
195011
195026
195040
195059
195083
195126
195154
195173
195191
195217
195299
195320
195362
195374
195446
195469
195486
195519
195529
195605
195628
195652
195670
195778
195897
195923
195938
195956
195980
196119
196149
196187
196205
196239
196252
196272
196386
196410
196416
196425
196471
196531
196548
196559
196567
196615
196685
196701
196711
196731
196743
196799
196819
196830
196840
196868
196885
196896
196907
196917
197278
198591
198610
198626
198838
198898
198926
198957
198989
199005
199031
199096
199121
199184
199281
199299
199310
199319
199337
199400
199460
199485
199495
199608
199684
199703
199780
199828
200102
200145
200166
200254
200291
200320
200333
200352
200368
200402
200413
200427
200487
200502
200625
200641
200651
200672
200686
200721
200850
201254
201279
201312
201389
201399
201412
201434
201455
201507
201516
201534
201542
201556
201645
201684
201696
201738
201753
201772
201836
201887
201897
201951
201963
202170
202190
202198
202208
202231
202284
202466
202482
202493
202524
202542
202560
202597
202608
202620
202631
202657
202772
202796
202815
202857
202870
202923
202961
202988
203014
203284
203314
203336
203358
203390
203439
203493
203608
203648
203686
203792
203867
203894
203912
203942
204055
204073
204131
204202
204239
204323
204335
204361
204388
204406
204414
270897
270951
270962
270970
271004
271012
271037
271093
271175
271188
271356
271382
271411
271426
271459
271572
271632
271670
271682
271701
271744
271761
273969
273997
274067
275032
275132
275145
275159
275231
275270
275286
275304
275433
275626
286514
286588
286617
287777
287808
287832
287888
287913
287930
288432
288473
288520
288540
288602
288619
288654
288710
289267
289287
289302
289335
289362
289382
289410
289445
289472
289498
289550
289605
289616
289758
289820
289914
290082
290098
290389
290400
290486
290553
290568
290603
290623
290671
290701
290728
290756
290768
290861
290938
290957
290969
290983
291490
291526
291605
291657
291674
291715
291729
291739
291756
291772
291779
291841
291922
292808
292839
292874
292894
292917
292943
292967
293055
293080
293104
293145
294338
294368
295510
297079
297093
297106
297150
297160
297175
297185
297221
297258
297285
297306
297999
298026
298039
298106
379635
382023
382132
382257
382273
382298
382336
382367
382394
382443
382597
382630
382666
382683
382700
382871
382891
382925
382948
382986
383027
383133
383152
383289
383308
383337
383563
383582
383684
383735
383766
383779
383812
383821
383866
384272
384293
384656
384673
384691
384704
384739
384761
384784
384794
384817
384836
386335
386397
386440
386476
386512
386601
386610
387037
387049
387080
387109
387131
387168
387211
387237
387288
387342
387367
387381
387410
387494
387507
388210
388226
388240
388276
388289
388374
388395
388412
388446
388482
388604
388700
388727
388764
389032
389054
389071
389098
389145
389210
389247
389313
389326
389352
389370
389650
389664
390884
390960
390983
391030
391043
391063
391090
391110
391145
391169
391205
391259
391275
395114
395143
395171
395204
