11.256032748 54.954575914
11.30347741 54.932440497
11.321055535 54.927720445
11.3388778 54.919134833
11.368907097 54.881089585
11.392751498 54.872503973
11.41675866 54.869330145
11.594737175 54.811102606
11.585134311 54.828517971
11.573578321 54.839341539
11.572764519 54.847967841
11.594737175 54.858872789
11.622080925 54.858872789
11.646332227 54.865383205
11.656260613 54.866278387
11.64722741 54.877142645
11.644786004 54.889634507
11.646332227 54.90228913
11.649424675 54.913519598
11.725759311 54.873358466
11.731944207 54.858872789
11.755625847 54.841131903
11.770681186 54.834295966
11.787282748 54.831529039
11.777191602 54.825995184
11.772959832 54.824693101
11.787608269 54.806870835
11.837738477 54.782782294
11.848643425 54.773179429
11.851328972 54.756822007
11.855479363 54.749457098
11.855479363 54.743597723
11.845225457 54.731919664
11.833832227 54.724554755
11.823578321 54.722113348
11.814707879 54.71869538
11.806976759 54.707993882
11.84644616 54.697821356
11.84262129 54.676214911
11.810720248 54.655096747
11.766123894 54.646551825
11.610524936 54.666408596
11.560069207 54.659613348
11.512217644 54.646551825
11.474375847 54.626125393
11.45183353 54.628363348
11.358734571 54.660549221
11.297699415 54.69155508
11.187754754 54.732245184
11.138194207 54.738592841
11.08464603 54.753119208
11.030528191 54.760646877
11.009287957 54.771633205
10.999196811 54.786769924
11.005707227 54.803656317
11.030772332 54.812160549
11.06128991 54.809312242
11.089691602 54.810614325
11.10816491 54.831529039
11.091970248 54.835028387
11.078379754 54.841131903
11.025238477 54.879461981
11.018809441 54.886175848
11.018809441 54.903387762
11.032399936 54.919256903
11.073985222 54.948187567
11.088145379 54.944159247
11.231700066 54.961249091
11.256032748 54.954575914
10.349619988 54.896714585
10.364268425 54.893011786
10.379405144 54.893052476
10.391368035 54.895453192
10.395843946 54.903469143
10.388845248 54.920314846
10.403086785 54.908392645
10.415212436 54.878485419
10.426036004 54.872503973
10.446787957 54.872381903
10.460948113 54.874497789
10.46363366 54.882473049
10.450205925 54.899807033
10.466644727 54.89057038
10.485687696 54.883693752
10.499196811 54.874579169
10.49870853 54.858872789
10.508148634 54.854925848
10.5185653 54.851996161
10.44011478 54.841498114
10.418630405 54.827826239
10.406260613 54.824693101
10.383474155 54.830755927
10.211436394 54.939357815
10.195160352 54.961859442
10.189219597 54.977484442
10.203868035 54.968085028
10.288747592 54.940741278
10.313731316 54.927720445
10.337250196 54.905910549
10.349619988 54.896714585
12.537608269 55.002386786
12.55372155 54.968085028
12.551768425 54.95718008
12.542653842 54.951157945
12.52621504 54.948675848
12.50277754 54.948187567
12.384613477 54.963080145
12.348399285 54.960028387
12.313975457 54.950873114
12.28003991 54.934556382
12.226817254 54.892645575
12.207774285 54.886175848
12.17872155 54.888983466
12.115000847 54.907294012
12.115000847 54.913519598
12.129161004 54.913519598
12.124685092 54.923732815
12.128916863 54.931626695
12.138194207 54.937241929
12.149099155 54.940822658
12.144053582 54.943793036
12.134532097 54.951605536
12.129161004 54.954413153
12.1513778 54.96889883
12.164398634 54.97264232
12.177012566 54.968085028
12.184336785 54.975531317
12.177012566 54.989203192
12.193125847 54.9883487
12.217295769 54.978664455
12.232188347 54.975531317
12.242198113 54.97662995
12.274750196 54.98444245
12.286875847 54.989203192
12.281504754 54.999090887
12.281260613 55.007147528
12.285655144 55.013128973
12.294200066 55.016546942
12.294200066 55.02338288
12.261566602 55.036810614
12.25269616 55.043850002
12.247569207 55.053859768
12.250987175 55.060736395
12.261973504 55.064276434
12.28003991 55.064276434
12.301768425 55.042059637
12.335297071 55.033270575
12.417165561 55.030218817
12.504730665 55.01976146
12.537608269 55.002386786
9.793467644 55.080755927
9.853037957 55.040106512
9.884776238 55.030218817
9.929047071 55.026190497
9.960948113 55.015041408
9.986582879 54.997748114
10.011403842 54.975531317
10.025889519 54.959784247
10.06511478 54.89081452
10.064463738 54.881008205
10.050466342 54.87885163
10.021983269 54.879339911
10.007090691 54.874823309
9.987559441 54.865912177
9.968028191 54.85952383
9.953623894 54.862616278
9.937185092 54.870917059
9.891123894 54.879299221
9.874278191 54.886175848
9.874278191 54.893011786
9.900889519 54.900702216
9.93230228 54.892808335
9.9638778 54.879950262
9.991547071 54.872503973
9.991547071 54.879339911
9.943695509 54.903631903
9.898285352 54.912990627
9.887950066 54.913519598
9.8779403 54.911322333
9.863536004 54.903062242
9.853770379 54.899807033
9.814707879 54.901068427
9.780935092 54.916815497
9.761241082 54.943060614
9.76441491 54.975531317
9.758148634 54.975531317
9.758148634 54.981756903
9.78028405 54.97284577
9.804047071 54.95718008
9.827403191 54.94546133
9.847504102 54.948187567
9.843272332 54.951727606
9.836680535 54.958563544
9.832774285 54.965155341
9.836680535 54.968085028
9.842133009 54.970282294
9.835215691 54.975165106
9.793711785 54.99217357
9.786794467 55.00014883
9.799082879 55.009711005
9.799082879 55.016546942
9.720550977 55.012274481
9.706879102 55.013128973
9.696950717 55.017523505
9.684825066 55.018540757
9.674164259 55.021063544
9.668793165 55.030218817
9.672373894 55.034654039
9.691254102 55.042792059
9.696625196 55.05068594
9.678233269 55.050197658
9.661631707 55.046535549
9.645518425 55.044867255
9.628428582 55.05068594
9.628428582 55.058050848
9.716644727 55.08222077
9.751963738 55.085394598
9.793467644 55.080755927
10.837738477 54.937241929
10.74105879 54.752386786
10.731293165 54.740057684
10.71753991 54.735785223
10.693858269 54.735296942
10.681895379 54.744818427
10.656423373 54.803656317
10.645518425 54.814601955
10.632090691 54.823431708
10.601084832 54.838324286
10.625336134 54.839300848
10.640879754 54.843207098
10.653493686 54.85162995
10.669281446 54.866278387
10.67855879 54.88304271
10.684418165 54.887844143
10.693858269 54.88275788
10.698903842 54.881170966
10.724457227 54.886175848
10.722178582 54.896063544
10.71778405 54.907294012
10.708994988 54.902980861
10.700368686 54.901556708
10.691905144 54.902980861
10.682953321 54.907294012
10.697032097 54.931341864
10.718272332 54.94916413
10.774099155 54.986558335
10.798187696 54.996568101
10.854991082 55.043850002
10.86198978 55.072088934
10.895518425 55.121527411
10.934255405 55.159654039
10.956716342 55.153713283
10.90894616 55.030218817
10.889903191 54.997381903
10.837738477 54.937241929
14.889008009 55.233221747
14.9267991 55.215798735
14.954354434 55.219254417
14.973399285 55.216131903
14.989756707 55.196030992
15.000498894 55.188421942
15.012868686 55.18382396
15.084542879 55.154579496
15.13160241 55.145453192
15.1513778 55.133205471
15.146657748 55.128241278
15.144541863 55.124823309
15.142344597 55.122137762
15.137705925 55.119533596
15.145030144 55.104885158
15.147715691 55.095607815
15.144704623 55.087103583
15.134287957 55.074855861
15.112803582 55.05463288
15.106618686 55.044663804
15.110362175 55.036363023
15.110362175 55.030218817
15.113242231 55.018294874
15.097353257 55.007822963
15.086685936 54.999213378
15.072666226 54.991638006
15.023663842 54.999339294
14.982869819 55.001013408
14.927265174 55.013691882
14.858606616 55.038226353
14.780832726 55.051128327
14.699554884 55.089178778
14.684172687 55.101346808
14.697044746 55.122653714
14.701426629 55.164699611
14.70573978 55.225653387
14.709239129 55.235825914
14.71753991 55.246771552
14.73707116 55.266669012
14.7451278 55.281561591
14.752126498 55.298773505
14.760915561 55.309271552
14.774587436 55.303900458
14.814952019 55.270412502
14.828949415 55.26170482
14.851422204 55.248199851
14.889008009 55.233221747
8.411957227 55.438706773
8.42855879 55.43353913
8.448903842 55.435532945
8.463389519 55.427435614
8.463063998 55.415716864
8.450205925 55.393377997
8.452891472 55.383368231
8.460459832 55.372381903
8.46745853 55.353705145
8.476410352 55.345445054
8.451670769 55.33974844
8.425303582 55.3555362
8.402354363 55.380031643
8.370941602 55.427435614
8.364268425 55.449042059
8.374359571 55.463283596
8.408213738 55.468410549
8.411957227 55.438706773
10.338389519 55.610093492
10.407399936 55.582953192
10.423024936 55.572007554
10.435394727 55.559719143
10.44418379 55.553168036
10.453623894 55.550279039
10.471934441 55.549017645
10.488536004 55.545477606
10.518809441 55.533433335
10.502452019 55.537176825
10.486827019 55.537176825
10.47527103 55.531968492
10.470713738 55.520209052
10.474375847 55.51581452
10.489105665 55.509100653
10.49122155 55.503119208
10.486013217 55.494777736
10.477793816 55.492499091
10.46778405 55.49213288
10.457041863 55.489447333
10.419606967 55.458807684
10.436045769 55.442124742
10.47152754 55.443060614
10.49122155 55.465277411
10.502452019 55.463568427
10.566905144 55.482652085
10.604746941 55.489447333
10.609141472 55.492580471
10.607188347 55.499416408
10.602305535 55.506252346
10.597666863 55.509344794
10.58871504 55.510687567
10.579112175 55.514105536
10.571055535 55.518703518
10.566905144 55.52362702
10.569834832 55.532416083
10.582286004 55.529120184
10.595550977 55.521389065
10.601084832 55.516791083
10.613780144 55.527899481
10.610524936 55.543646552
10.600840691 55.561224677
10.594248894 55.57827383
10.599131707 55.573675848
10.614593946 55.564601955
10.615000847 55.581447658
10.60840905 55.606268622
10.608571811 55.612982489
10.62761478 55.613592841
10.656911655 55.594875393
10.704112175 55.550279039
10.7060653 55.543890692
10.707041863 55.534979559
10.709239129 55.527044989
10.714366082 55.52362702
10.716807488 55.521429755
10.738129102 55.509344794
10.744476759 55.495550848
10.742360873 55.487494208
10.73308353 55.481878973
10.703949415 55.471136786
10.657481316 55.459702867
10.588389519 55.463364976
10.571299675 55.461249091
10.559418165 55.455308335
10.554047071 55.442572333
10.563324415 55.436224677
10.579437696 55.435858466
10.594248894 55.441066799
10.589610222 55.446234442
10.58855228 55.44940827
10.595957879 55.459662177
10.615733269 55.456854559
10.682953321 55.447902736
10.69792728 55.440252997
10.796641472 55.358547268
10.803070509 55.349758205
10.828379754 55.306586005
10.834320509 55.290269273
10.82691491 55.290269273
10.81511478 55.3008487
10.796885613 55.307684637
10.78028405 55.30491771
10.772959832 55.287095445
10.778656446 55.274847723
10.805349155 55.250433661
10.813324415 55.235581773
10.81519616 55.214056708
10.812673373 55.194281317
10.806000196 55.177394924
10.790782097 55.156927802
10.78785241 55.149481512
10.786631707 55.129461981
10.783376498 55.124212958
10.758799675 55.105292059
10.749359571 55.093085028
10.742686394 55.081691799
10.733653191 55.071844794
10.71778405 55.064276434
10.705577019 55.06256745
10.666270379 55.064276434
10.621429884 55.064276434
10.604746941 55.06256745
10.586110873 55.057521877
10.568858269 55.049872137
10.556407097 55.040106512
10.538259311 55.029730536
10.516856316 55.03131745
10.477549675 55.043850002
10.410655144 55.04694245
10.388845248 55.05068594
10.379161004 55.054510809
10.371348504 55.059027411
10.362559441 55.06273021
10.350922071 55.064276434
10.325938347 55.062892971
10.312754754 55.063666083
10.234222852 55.092230536
10.205251498 55.09369538
10.197601759 55.08608633
10.197032097 55.064276434
10.181895379 55.070868231
10.158376498 55.086655992
10.141774936 55.092230536
10.121267123 55.092474677
10.083506707 55.086981512
10.065928582 55.092230536
10.142588738 55.125799872
10.156016472 55.140082098
10.138682488 55.154282945
10.126149936 55.170640367
10.112966342 55.18378327
10.094004754 55.188421942
10.078949415 55.185939846
10.067556186 55.182277736
10.055837436 55.17975495
10.039317254 55.180975653
10.016612175 55.194281317
10.003591342 55.197333075
9.991547071 55.188421942
9.994476759 55.172796942
10.029144727 55.142401434
10.025645379 55.125718492
10.020681186 55.124457098
9.985524936 55.127752997
9.982920769 55.130601304
9.984385613 55.134670315
9.984141472 55.140082098
9.98698978 55.139349677
9.989756707 55.143377997
9.988780144 55.151841539
9.974294467 55.174017645
9.972015821 55.184719143
9.974294467 55.19525788
9.980723504 55.204901434
9.9795028 55.212836005
9.964121941 55.218166408
9.924001498 55.223944403
9.911387566 55.228501695
9.900157097 55.234116929
9.895355665 55.238999742
9.89323978 55.244452216
9.883962436 55.253485419
9.88168379 55.259507554
9.883962436 55.26561107
9.89323978 55.274644273
9.895355665 55.280259507
9.89323978 55.291245835
9.883962436 55.30878327
9.88168379 55.314439195
9.884776238 55.348863023
9.874522332 55.353338934
9.858897332 55.354071356
9.829844597 55.352280992
9.816579623 55.355210679
9.802419467 55.362372137
9.778086785 55.380275783
9.794932488 55.383856512
9.813649936 55.385158596
9.830088738 55.388902085
9.840098504 55.400091864
9.785492384 55.413763739
9.793711785 55.412787177
9.819590691 55.413763739
9.809255405 55.425482489
9.791026238 55.431830145
9.751312696 55.434881903
9.7373153 55.438177802
9.703461134 55.462144273
9.703461134 55.468410549
9.730235222 55.461493231
9.758474155 55.447495835
9.786306186 55.437201239
9.812185092 55.441066799
9.713389519 55.491034247
9.676280144 55.495672919
9.683929884 55.506048895
9.693532748 55.510199286
9.704763217 55.512396552
9.71778405 55.516791083
9.755137566 55.544134833
9.809092644 55.550279039
9.827403191 55.548407294
9.83082116 55.54311758
9.831309441 55.534735419
9.840098504 55.52362702
9.888194207 55.508693752
9.94027754 55.519232489
10.039317254 55.557766018
10.168630405 55.58226146
10.212657097 55.600653387
10.2373153 55.6055362
10.264170769 55.606634833
10.27214603 55.6055362
10.272797071 55.602525132
10.279063347 55.588324286
10.279551629 55.585109768
10.293630405 55.588080145
10.297129754 55.595648505
10.293793165 55.616115627
10.3076278 55.618231512
10.338389519 55.610093492
12.577972852 55.554022528
12.556325717 55.550482489
12.534841342 55.569322007
12.520518425 55.596747137
12.520192905 55.619208075
12.531016472 55.631903387
12.543955925 55.640366929
12.556813998 55.646958726
12.567393425 55.653998114
12.578135613 55.666449286
12.595062696 55.69135163
12.60840905 55.701117255
12.612559441 55.695135809
12.614105665 55.692450262
12.615733269 55.688137111
12.673838738 55.6055362
12.67457116 55.601263739
12.63941491 55.57827383
12.624196811 55.575628973
12.605723504 55.569281317
12.5888778 55.561346747
12.577972852 55.554022528
10.621429884 55.879868882
10.638682488 55.866115627
10.650645379 55.870103257
10.6591903 55.880764065
10.666270379 55.88670482
10.669281446 55.880031643
10.65503991 55.865383205
10.628265821 55.845770575
10.623301629 55.827704169
10.624359571 55.794338283
10.614593946 55.776841539
10.582204623 55.759751695
10.547129754 55.765204169
10.520274285 55.788560289
10.511566602 55.825262762
10.517263217 55.845526434
10.527679884 55.853908596
10.542165561 55.858140367
10.559418165 55.866278387
10.57309004 55.87885163
10.5810653 55.89451732
10.580251498 55.911525783
10.566905144 55.928290106
10.548594597 55.935736395
10.528330925 55.940619208
10.515391472 55.951239325
10.5185653 55.976141669
10.528819207 55.989203192
10.543955925 55.997992255
10.556813998 55.995794989
10.564219597 55.953843492
10.580251498 55.936509507
10.602793816 55.925238348
10.628265821 55.920843817
10.619395379 55.910956122
10.615407748 55.900336005
10.616384311 55.889797268
10.621429884 55.879868882
12.328461134 56.126898505
12.414886915 56.099025783
12.486094597 56.099025783
12.505381707 56.093166408
12.540375196 56.075384833
12.570078972 56.068264065
12.621918165 56.043768622
12.60840905 56.028021552
12.567393425 55.996568101
12.552744988 55.979681708
12.525563998 55.939886786
12.512705925 55.928290106
12.512705925 55.920843817
12.540293816 55.898260809
12.554453972 55.88287995
12.560557488 55.869940497
12.56511478 55.851141669
12.576019727 55.829169012
12.589691602 55.809475002
12.602224155 55.797349351
12.597992384 55.787583726
12.595876498 55.774237372
12.594737175 55.752997137
12.589040561 55.735744533
12.587901238 55.729071356
12.589203321 55.724269924
12.59278405 55.719142971
12.602224155 55.708563544
12.581228061 55.693060614
12.541026238 55.648871161
12.503265821 55.634019273
12.496755405 55.621771552
12.48715254 55.609849351
12.465017123 55.6055362
12.448578321 55.608872789
12.436778191 55.614406643
12.423675977 55.618841864
12.403575066 55.619208075
12.331309441 55.595404364
12.312022332 55.583970445
12.248383009 55.546250718
12.248220248 55.546128648
12.19809004 55.487494208
12.224864129 55.434881903
12.273448113 55.4102237
12.290537957 55.406927802
12.352061394 55.404445705
12.368825717 55.400091864
12.412119988 55.37913646
12.434743686 55.363674221
12.444590691 55.348863023
12.446299675 55.331691799
12.450856967 55.317206122
12.465017123 55.290269273
12.450205925 55.279689846
12.444590691 55.276556708
12.392425977 55.255316473
12.182790561 55.227199611
12.1670028 55.217352606
12.141368035 55.207993882
12.121104363 55.191066799
12.109060092 55.170721747
12.115000847 55.153713283
12.107432488 55.145086981
12.098968946 55.141424872
12.090098504 55.142238674
12.08073978 55.146877346
12.088145379 55.168361721
12.076670769 55.181952216
12.056407097 55.185695705
12.036794467 55.177557684
12.027842644 55.172674872
12.020030144 55.170965887
12.01465905 55.167466539
12.012461785 55.157131252
12.017914259 55.153021552
12.046641472 55.140082098
12.130544467 55.135891018
12.168630405 55.128485419
12.177012566 55.105292059
12.171397332 55.095445054
12.165049675 55.091294664
12.157725457 55.089178778
12.149099155 55.085394598
12.128428582 55.078843492
12.118500196 55.073553778
12.125743035 55.071112372
12.163340691 55.02338288
12.162282748 55.004380601
12.148936394 54.994126695
12.128428582 54.989976304
12.104991082 54.989203192
12.089528842 54.985663153
12.055918816 54.970770575
12.032969597 54.968085028
11.998057488 54.97650788
11.943858269 55.006089585
11.910166863 55.009711005
11.909515821 55.004950262
11.911143425 55.00381094
11.913828972 55.00385163
11.91684004 55.002875067
11.911387566 55.000921942
11.908376498 54.998602606
11.904633009 54.996568101
11.89714603 54.995428778
11.901540561 54.976385809
11.894379102 54.96499258
11.885020379 54.955145575
11.882823113 54.940822658
11.890147332 54.92963288
11.903330925 54.923000393
11.918467644 54.92194245
11.931162957 54.927720445
11.92855879 54.931382554
11.923675977 54.940822658
11.93238366 54.9414737
11.957855665 54.948187567
11.965993686 54.942613023
11.980235222 54.924261786
11.982188347 54.920314846
11.991465691 54.916327216
12.023936394 54.898016669
12.040375196 54.893011786
12.058929884 54.894354559
12.078298373 54.897853908
12.09644616 54.898098049
12.111827019 54.889593817
12.139903191 54.864935614
12.170176629 54.844549872
12.170176629 54.838324286
12.081716342 54.796454169
12.067149285 54.786810614
12.028005405 54.743557033
12.022715691 54.735296942
12.012705925 54.731105861
11.985850457 54.712307033
11.97527103 54.707993882
11.960703972 54.694077867
11.960215691 54.662339585
11.97144616 54.60561758
11.969004754 54.569769598
11.949066602 54.568589585
11.928233269 54.583970445
11.923675977 54.598130601
11.909353061 54.60952383
11.876638217 54.646958726
11.869151238 54.659613348
11.870616082 54.680365302
11.882660352 54.696437893
11.910166863 54.721665757
11.889903191 54.724188544
11.875824415 54.729722398
11.872325066 54.739935614
11.882823113 54.756415106
11.871429884 54.760321356
11.865244988 54.765448309
11.855479363 54.776922919
11.809092644 54.80491771
11.805430535 54.809515692
11.800954623 54.817857164
11.798838738 54.825873114
11.800059441 54.831203518
11.7998153 54.836574611
11.793467644 54.844549872
11.77605228 54.856146552
11.76059004 54.86322663
11.749685092 54.873114325
11.745616082 54.893011786
11.745371941 54.911322333
11.742035352 54.925441799
11.731944207 54.935288804
11.711436394 54.940822658
11.711436394 54.948187567
11.749766472 54.965725002
11.759287957 54.968085028
11.773610873 54.96503327
11.792979363 54.951320705
11.803965691 54.948187567
11.814789259 54.952093817
11.837575717 54.966131903
11.841807488 54.964667059
11.848317905 54.959133205
11.862478061 54.963690497
11.882823113 54.975531317
11.882823113 54.981756903
11.872325066 54.989569403
11.853526238 55.020086981
11.841807488 55.030218817
11.774668816 55.048570054
11.755625847 55.05068594
11.750254754 55.052801825
11.73698978 55.062201239
11.728770379 55.064276434
11.665537957 55.06639232
11.646657748 55.072333075
11.630381707 55.081122137
11.61589603 55.092230536
11.669606967 55.085638739
11.775238477 55.057440497
11.827484571 55.05068594
11.805349155 55.073879299
11.743418816 55.100531317
11.71762129 55.125718492
11.803965691 55.134833075
11.809580925 55.138861395
11.806976759 55.146877346
11.785411004 55.157212632
11.728526238 55.154771226
11.711436394 55.16791413
11.726247592 55.176947333
11.734711134 55.188666083
11.73308353 55.200140692
11.71762129 55.208319403
11.695078972 55.208075262
11.678233269 55.19936758
11.663828972 55.188299872
11.649424675 55.180975653
11.636241082 55.181626695
11.599375847 55.19131094
11.524180535 55.202093817
11.506032748 55.208319403
11.492360873 55.204169012
11.423187696 55.221909898
11.410329623 55.220119533
11.382985873 55.21116771
11.368907097 55.208319403
11.299978061 55.208319403
11.299978061 55.201483466
11.320485873 55.194647528
11.285899285 55.19537995
11.260996941 55.200588283
11.245371941 55.21478913
11.238536004 55.24241771
11.253103061 55.236273505
11.267832879 55.235907294
11.28003991 55.24233633
11.286306186 55.256089585
11.27605228 55.251613674
11.265391472 55.249457098
11.241953972 55.248683986
11.238780144 55.25413646
11.241547071 55.278509833
11.235118035 55.284002997
11.217133009 55.290228583
11.162119988 55.319159247
11.152842644 55.328436591
11.161957227 55.330877997
11.176442905 55.331854559
11.188243035 55.335272528
11.19011478 55.345445054
11.18230228 55.350409247
11.167979363 55.352769273
11.152598504 55.353216864
11.142344597 55.352280992
11.13542728 55.346869208
11.130869988 55.338446356
11.123545769 55.331854559
11.10816491 55.331854559
11.101898634 55.336330471
11.087738477 55.358547268
11.087738477 55.365952867
11.114593946 55.364406643
11.128916863 55.365179755
11.138926629 55.369370835
11.147715691 55.375921942
11.1591903 55.381293036
11.171722852 55.385077216
11.183278842 55.386419989
11.204356316 55.391831773
11.214203321 55.403794664
11.213145379 55.415757554
11.200938347 55.421210028
11.204844597 55.431341864
11.196462436 55.453843492
11.176442905 55.489447333
11.163910352 55.501898505
11.15113366 55.510321356
11.13559004 55.515122789
11.115000847 55.516791083
11.097178582 55.509507554
11.085785352 55.507554429
11.08090254 55.513088283
11.082774285 55.526556708
11.08855228 55.533840236
11.098155144 55.536688544
11.111582879 55.537298895
11.137950066 55.54291413
11.148448113 55.557318427
11.145681186 55.576117255
11.132090691 55.595282294
11.087901238 55.626939195
11.039235873 55.643459377
10.929942254 55.66014232
10.929942254 55.667629299
11.087738477 55.66014232
11.071055535 55.676947333
11.008636915 55.692287502
10.984629754 55.701117255
10.974294467 55.71084219
10.968272332 55.718410549
10.960215691 55.724351304
10.943614129 55.729071356
10.891449415 55.731268622
10.875498894 55.736517645
10.875498894 55.742743231
11.033050977 55.729071356
11.065684441 55.732245184
11.128184441 55.74632396
11.16277103 55.749497789
11.16277103 55.742743231
11.151703321 55.743638414
11.141123894 55.743231512
11.130869988 55.741034247
11.121836785 55.736517645
11.137543165 55.719061591
11.163422071 55.705389716
11.192637566 55.700344143
11.218028191 55.708563544
11.176442905 55.729071356
11.19011478 55.736517645
11.199473504 55.731105861
11.216156446 55.728745835
11.252207879 55.729071356
11.26840254 55.732733466
11.302419467 55.746527411
11.336680535 55.750921942
11.352224155 55.755804755
11.364024285 55.765122789
11.368907097 55.779974677
11.36996504 55.787787177
11.374685092 55.801581122
11.375661655 55.807928778
11.372080925 55.815863348
11.354665561 55.830226955
11.348399285 55.838324286
11.37387129 55.828762111
11.398448113 55.826402085
11.421722852 55.83197663
11.443369988 55.845770575
11.477549675 55.841538804
11.505218946 55.868719794
11.51050866 55.908270575
11.477386915 55.94135163
11.448415561 55.948187567
11.384287957 55.950832424
11.304535352 55.967840887
11.281911655 55.978949286
11.272634311 55.996568101
11.400563998 55.961981512
11.426931186 55.965521552
11.5810653 55.951849677
11.599375847 55.942084052
11.640879754 55.943426825
11.711436394 55.955633856
11.747813347 55.968247789
11.76832116 55.970526434
11.779795769 55.961859442
11.775401238 55.951849677
11.747325066 55.932806708
11.738780144 55.920843817
11.750498894 55.91038646
11.743988477 55.903753973
11.727875196 55.90228913
11.711436394 55.907171942
11.71355228 55.910834052
11.71762129 55.920843817
11.685801629 55.919867255
11.672862175 55.915920315
11.66309655 55.907171942
11.712657097 55.858099677
11.731618686 55.830715236
11.71762129 55.810980536
11.702403191 55.809475002
11.671234571 55.814276434
11.656260613 55.810980536
11.637950066 55.796087958
11.626231316 55.790594794
11.607758009 55.790472723
11.607758009 55.783026434
11.624278191 55.780015367
11.673594597 55.783026434
11.687022332 55.786444403
11.702810092 55.793402411
11.720388217 55.798651434
11.738780144 55.797349351
11.745453321 55.789374091
11.755869988 55.772935289
11.763682488 55.756822007
11.762705925 55.749497789
11.68230228 55.741278387
11.664561394 55.737127997
11.657237175 55.730861721
11.669932488 55.72284577
11.684336785 55.721625067
11.72925866 55.723578192
11.738780144 55.725978908
11.746348504 55.731024481
11.763031446 55.721380927
11.787282748 55.701117255
11.794444207 55.687933661
11.793793165 55.683010158
11.78793379 55.676947333
11.779795769 55.66014232
11.797618035 55.669623114
11.810557488 55.679103908
11.852305535 55.730902411
11.85442142 55.732163804
11.855479363 55.732814846
11.853282097 55.739976304
11.844004754 55.752671617
11.841807488 55.756415106
11.844981316 55.767889716
11.852712436 55.782294012
11.869151238 55.80475495
11.884043816 55.813666083
11.919444207 55.819403387
11.937347852 55.825262762
11.953623894 55.853501695
11.933116082 55.886135158
11.909515821 55.915472723
11.91684004 55.934515692
11.934743686 55.9336612
11.969981316 55.912583726
11.988617384 55.907171942
11.998220248 55.902818101
11.997894727 55.892767645
11.993825717 55.881537177
11.992035352 55.873724677
11.996348504 55.861070054
12.000173373 55.856512762
12.004893425 55.853461005
12.012461785 55.845770575
12.031260613 55.81659577
12.049001498 55.775336005
12.051931186 55.736639716
12.02613366 55.715399481
11.990000847 55.72280508
11.972666863 55.721421617
11.965342644 55.704901434
11.958181186 55.693426825
11.923024936 55.674139716
11.910166863 55.66014232
11.930430535 55.657619533
11.959157748 55.665106512
11.982188347 55.678900458
11.985199415 55.694891669
12.001149936 55.698675848
12.017588738 55.695705471
12.031911655 55.687201239
12.040375196 55.674465236
12.009287957 55.680487372
12.005137566 55.678168036
12.011403842 55.669012762
12.026621941 55.662054755
12.060313347 55.653998114
12.06910241 55.674953518
12.092051629 55.706732489
12.095062696 55.729071356
12.05347741 55.838324286
12.05347741 55.873724677
12.0498153 55.888006903
12.02613366 55.94135163
12.01059004 55.955267645
11.992442254 55.960598049
11.970713738 55.959865627
11.894297722 55.942287502
11.865489129 55.939357815
11.848643425 55.948187567
11.865570509 55.9727237
11.917328321 55.997626044
12.012461785 56.030707098
12.165375196 56.103705145
12.2451278 56.128729559
12.328461134 56.126898505
11.5810653 56.681219794
11.564219597 56.677435614
11.543711785 56.678656317
11.524587436 56.684719143
11.512217644 56.69546133
11.509532097 56.710150458
11.520843946 56.715399481
11.606130405 56.720404364
11.649424675 56.729641018
11.649424675 56.722154039
11.645192905 56.721991278
11.641937696 56.720648505
11.6357528 56.715969143
11.618011915 56.711330471
11.60425866 56.701157945
11.59253991 56.689846096
11.5810653 56.681219794
8.911387566 56.956122137
8.908457879 56.948716539
8.910411004 56.944403387
8.920420769 56.930487372
8.922699415 56.92202383
8.920420769 56.919907945
8.908457879 56.887274481
8.900401238 56.874823309
8.895274285 56.870306708
8.887950066 56.866848049
8.887705925 56.878729559
8.882660352 56.886379299
8.875010613 56.891099351
8.867442254 56.894110419
8.843760613 56.883449611
8.839610222 56.879828192
8.836436394 56.869289455
8.839040561 56.862860419
8.843597852 56.858221747
8.847015821 56.853094794
8.855153842 56.819769598
8.863942905 56.809515692
8.881114129 56.805365302
8.874766472 56.800360419
8.868418816 56.798081773
8.861338738 56.797552802
8.853282097 56.797837632
8.860687696 56.794907945
8.867442254 56.791083075
8.85417728 56.779933986
8.839121941 56.757269598
8.825856967 56.743841864
8.812673373 56.73456452
8.771250847 56.715969143
8.766123894 56.698716539
8.68637129 56.686590887
8.658376498 56.678127346
8.648448113 56.681057033
8.621755405 56.713934637
8.610850457 56.722154039
8.586273634 56.736476955
8.562266472 56.743231512
8.555918816 56.743841864
8.524912957 56.737290757
8.51465905 56.73822663
8.518077019 56.75006745
8.522797071 56.755072333
8.53028405 56.759344794
8.539235873 56.762518622
8.548675977 56.763739325
8.553233269 56.768133856
8.551605665 56.777777411
8.548024936 56.787258205
8.545258009 56.791083075
8.57300866 56.802557684
8.643809441 56.808050848
8.668793165 56.825832424
8.656260613 56.825140692
8.643809441 56.825873114
8.632009311 56.82807038
8.621104363 56.83201732
8.626719597 56.841538804
8.646739129 56.856350002
8.65512129 56.866848049
8.651866082 56.866034247
8.649750196 56.874253648
8.648448113 56.89069245
8.651621941 56.894191799
8.659353061 56.89447663
8.668223504 56.893784898
8.675059441 56.894110419
8.703786655 56.900051174
8.762461785 56.905422268
8.79175866 56.914536851
8.813649936 56.91034577
8.833750847 56.924750067
8.867442254 56.962958075
8.890391472 56.954820054
8.90503991 56.966009833
8.916270379 56.979071356
8.928884311 56.97662995
8.923106316 56.968573309
8.911387566 56.956122137
11.19011478 57.325506903
11.197276238 57.313381252
11.196501696 57.302821193
11.189113397 57.294282642
11.166875953 57.296775063
11.143231237 57.301351214
11.066579623 57.291327216
11.082692905 57.283880927
11.094164612 57.268996019
11.091100713 57.252784057
11.067166313 57.238362011
11.053517093 57.226202113
11.045137624 57.212714961
11.028835411 57.201914301
10.997904579 57.197909953
10.97796192 57.206732946
10.951814885 57.233729677
10.916536645 57.237368674
10.888799328 57.245344161
10.871104363 57.254624742
10.854991082 57.264634507
10.854991082 57.270900783
10.88842455 57.274864843
10.921263275 57.292279959
10.946601235 57.304643287
10.986869588 57.305992644
11.010083612 57.309873311
11.027723181 57.320690509
11.101927424 57.320416925
11.142344597 57.332342841
11.169932488 57.332709052
11.181488477 57.330308335
11.19011478 57.325506903
10.460459832 57.630560614
10.430430535 57.57054271
10.458343946 57.525458075
10.508962436 57.484035549
10.546560092 57.435288804
10.517425977 57.391302802
10.517914259 57.339178778
10.539073113 57.236721096
10.521983269 57.221747137
10.470876498 57.201157945
10.446787957 57.184881903
10.411468946 57.14443594
10.395518425 57.11725495
10.384043816 57.07420482
10.359222852 57.026109117
10.347178582 57.010199286
10.33871504 57.003241278
10.330577019 56.999335028
10.319672071 56.997503973
10.27247155 56.997870184
10.257985873 56.995835679
10.239756707 56.992824611
10.156016472 57.023830471
10.094004754 57.060492255
10.052744988 57.069728908
10.019379102 57.088446356
9.994639519 57.092718817
9.974457227 57.086493231
9.946136915 57.061183986
9.926931186 57.05857982
9.945485873 57.057318427
9.966563347 57.072211005
9.984141472 57.079046942
10.001963738 57.083889065
10.022634311 57.079087632
10.121267123 57.022121486
10.153981967 57.013251044
10.192393425 56.994045315
10.214366082 56.989691473
10.295095248 56.988592841
10.313731316 56.982855536
10.285655144 56.963690497
10.279551629 56.955511786
10.274750196 56.942287502
10.269297722 56.915025132
10.265879754 56.907700914
10.273122592 56.891343492
10.28402754 56.840318101
10.288340691 56.800116278
10.295420769 56.778876044
10.319997592 56.736476955
10.328461134 56.729803778
10.338226759 56.723944403
10.340586785 56.717352606
10.32683353 56.708563544
10.318695509 56.708238023
10.295176629 56.714300848
10.282562696 56.715969143
10.237559441 56.715969143
10.221853061 56.712103583
10.203868035 56.702337958
10.187022332 56.712225653
10.168142123 56.720038153
10.146494988 56.722357489
10.121267123 56.715969143
10.098968946 56.706122137
10.089610222 56.704046942
10.073496941 56.702337958
10.058360222 56.698228257
10.027517123 56.684271552
9.99089603 56.676947333
9.945567254 56.658148505
9.805918816 56.647040106
9.805918816 56.640204169
9.851328972 56.635728257
10.001475457 56.661322333
10.034922722 56.672837632
10.04957116 56.674994208
10.052907748 56.677150783
10.05347741 56.681830145
10.055430535 56.686509507
10.062836134 56.688666083
10.070974155 56.68748607
10.084320509 56.682359117
10.090586785 56.681219794
10.101328972 56.682684637
10.113617384 56.686712958
10.12378991 56.692328192
10.128103061 56.698879299
10.134776238 56.712388414
10.150563998 56.714422919
10.183360222 56.708563544
10.180837436 56.704901434
10.175791863 56.69546133
10.193207227 56.693589585
10.241953972 56.688381252
10.283539259 56.689764716
10.310313347 56.698879299
10.334239129 56.703843492
10.352793816 56.681830145
10.357676629 56.648749091
10.340342644 56.620347398
10.272959832 56.591701565
10.223317905 56.560614325
10.214366082 56.558294989
10.207286004 56.525783596
10.203868035 56.516669012
10.211436394 56.505316473
10.206797722 56.490952867
10.195485873 56.477687893
10.183360222 56.469549872
10.214121941 56.470445054
10.22559655 56.475734768
10.224375847 56.513617255
10.227549675 56.541083075
10.237640821 56.554388739
10.279551629 56.571966864
10.312673373 56.596625067
10.330332879 56.603216864
10.350922071 56.595892645
10.3545028 56.589544989
10.359873894 56.568101304
10.360850457 56.561712958
10.365244988 56.558417059
10.394867384 56.544663804
10.469899936 56.520900783
10.551524285 56.51557038
10.789073113 56.536363023
10.822276238 56.534247137
10.854991082 56.524155992
10.86988366 56.514715887
10.902110222 56.483221747
10.964121941 56.448431708
10.964121941 56.442206122
10.940928582 56.429510809
10.92847741 56.40648021
10.923513217 56.379868882
10.922618035 56.356268622
10.911631707 56.334051825
10.819590691 56.260931708
10.772959832 56.242987372
10.755381707 56.229315497
10.750010613 56.216050523
10.75261478 56.184963283
10.738617384 56.154527085
10.707041863 56.150864976
10.672211134 56.165187893
10.648936394 56.188381252
10.67465254 56.190822658
10.685231967 56.196234442
10.6904403 56.208889065
10.687673373 56.222235419
10.677582227 56.226304429
10.664561394 56.227606512
10.652598504 56.232733466
10.628591342 56.237534898
10.603770379 56.221014716
10.581228061 56.19920482
10.549164259 56.178208726
10.556162957 56.154933986
10.56934655 56.129461981
10.573741082 56.112616278
10.563975457 56.10561758
10.548024936 56.101263739
10.531016472 56.100165106
10.5185653 56.102728583
10.508474155 56.111029364
10.498545769 56.130194403
10.49122155 56.139960028
10.499196811 56.14472077
10.516123894 56.151597398
10.525401238 56.153631903
10.51823978 56.164780992
10.509450717 56.170111395
10.468109571 56.177069403
10.458994988 56.176092841
10.436696811 56.16791413
10.408702019 56.164862372
10.391449415 56.172674872
10.376231316 56.186672268
10.354665561 56.202053127
10.376963738 56.20331452
10.410411004 56.218491929
10.429209832 56.222479559
10.443369988 56.216620184
10.460703972 56.206203518
10.477793816 56.202337958
10.49122155 56.216294664
10.474294467 56.232245184
10.47543379 56.244696356
10.504730665 56.277777411
10.49122155 56.277655341
10.476817254 56.280910549
10.46363366 56.286851304
10.453623894 56.294501044
10.442637566 56.298651434
10.41675866 56.291896877
10.403005405 56.298244533
10.399261915 56.284857489
10.393809441 56.276516018
10.385020379 56.272162177
10.371104363 56.270941473
10.363780144 56.26557038
10.336924675 56.232733466
10.312510613 56.215155341
10.258474155 56.190252997
10.234222852 56.171332098
10.220225457 56.147894598
10.226898634 56.133246161
10.243418816 56.119574286
10.259043816 56.099025783
10.265635613 56.073716539
10.261485222 56.054429429
10.249196811 56.036932684
10.231130405 56.017035223
10.255137566 56.02362702
10.272715691 56.024847723
10.277517123 56.017767645
10.252452019 55.986232815
10.250010613 55.973456122
10.251638217 55.948187567
10.250743035 55.930731512
10.249278191 55.923041083
10.245371941 55.914618231
10.22136478 55.896918036
10.21753991 55.889837958
10.212657097 55.889878648
10.20183353 55.885891018
10.19019616 55.879706122
10.183360222 55.873724677
10.188324415 55.8711612
10.195567254 55.861314195
10.199392123 55.850734768
10.190603061 55.843491929
10.187347852 55.838609117
10.182139519 55.833685614
10.172699415 55.831488348
10.160411004 55.833319403
10.15105228 55.838120835
10.13550866 55.851996161
10.131032748 55.858465887
10.128103061 55.865871486
10.12378991 55.873277085
10.114512566 55.879868882
10.101817254 55.882391669
10.004649285 55.879868882
9.991709832 55.877346096
9.983653191 55.871405341
9.977386915 55.864569403
9.970469597 55.85944245
9.944509311 55.853583075
9.891774936 55.85537344
9.867442254 55.851996161
9.892588738 55.836249091
10.035655144 55.818426825
10.04574629 55.813950914
10.042165561 55.803412177
10.025645379 55.783026434
10.017344597 55.76557038
10.019786004 55.75787995
10.033702019 55.756048895
10.059825066 55.756415106
10.059825066 55.749497789
10.018809441 55.736273505
10.00684655 55.725043036
10.01823978 55.708563544
10.01449629 55.706854559
10.005218946 55.701117255
9.981700066 55.709418036
9.871836785 55.691229559
9.821787957 55.67597077
9.792246941 55.674465236
9.730967644 55.688137111
9.695648634 55.705796617
9.68653405 55.708563544
9.583018425 55.708889065
9.559580925 55.715399481
9.556407097 55.711574611
9.554535352 55.708807684
9.55347741 55.705796617
9.552744988 55.701117255
9.573578321 55.69546133
9.645518425 55.694891669
9.658539259 55.690375067
9.710297071 55.66014232
9.720957879 55.648260809
9.728200717 55.637518622
9.738291863 55.629706122
9.758148634 55.626654364
9.853770379 55.626654364
9.837412957 55.615220445
9.785492384 55.591945705
9.757660352 55.571600653
9.744151238 55.56635163
9.720876498 55.564601955
9.712412957 55.560288804
9.710622592 55.55093008
9.710297071 55.541571356
9.706879102 55.537298895
9.643890821 55.528306382
9.621104363 55.518947658
9.607269727 55.516791083
9.595225457 55.518377997
9.572764519 55.523911851
9.559580925 55.52362702
9.562185092 55.51951732
9.566416863 55.516791083
9.551931186 55.505113023
9.514903191 55.498195705
9.498057488 55.489447333
9.515635613 55.483140367
9.534434441 55.483832098
9.583669467 55.491156317
9.59278405 55.494289455
9.602386915 55.495794989
9.660166863 55.477972723
9.664235873 55.466701565
9.659922722 55.45302969
9.648936394 55.441066799
9.635264519 55.435736395
9.601410352 55.431830145
9.586761915 55.427435614
9.592051629 55.416327216
9.60434004 55.401190497
9.607920769 55.393255927
9.605153842 55.382025458
9.599294467 55.373358466
9.600840691 55.365912177
9.621104363 55.358547268
9.633474155 55.351996161
9.645274285 55.342718817
9.648285352 55.332912502
9.634613477 55.325018622
9.634613477 55.317572333
9.644867384 55.310939846
9.681895379 55.274644273
9.69418379 55.271633205
9.7060653 55.265082098
9.710297071 55.248683986
9.706553582 55.237005927
9.699473504 55.229803778
9.692881707 55.221014716
9.689789259 55.204901434
9.684418165 55.197577216
9.671560092 55.192450262
9.655772332 55.189439195
9.642100457 55.188421942
9.583343946 55.194647528
9.569834832 55.192531643
9.56153405 55.187201239
9.554942254 55.180568752
9.54590905 55.174139716
9.521820509 55.165432033
9.507172071 55.161932684
9.494395379 55.160549221
9.486338738 55.15623607
9.486338738 55.147406317
9.494639519 55.140082098
9.511892123 55.140082098
9.511892123 55.133205471
9.482432488 55.133775132
9.468760613 55.131781317
9.456553582 55.125718492
9.466644727 55.121405341
9.47917728 55.119696356
9.508067254 55.119533596
9.521332227 55.115871486
9.535817905 55.106878973
9.559580925 55.085394598
9.533702019 55.065822658
9.516612175 55.056545315
9.498057488 55.05068594
9.452403191 55.045355536
9.434336785 55.037543036
9.442881707 55.02338288
9.455251498 55.023179429
9.511892123 55.036363023
9.537364129 55.03538646
9.54590905 55.036363023
9.553233269 55.039618231
9.560231967 55.044419664
9.568532748 55.048773505
9.579925977 55.05068594
9.601573113 55.045396226
9.641856316 55.01972077
9.662608269 55.009711005
9.71753991 55.001166083
9.730967644 54.995428778
9.738617384 54.980861721
9.7607528 54.904974677
9.763194207 54.900458075
9.761566602 54.897406317
9.751963738 54.893011786
9.73707116 54.892767645
9.722992384 54.897650458
9.711436394 54.89858633
9.703461134 54.886175848
9.715993686 54.883775132
9.727875196 54.879461981
9.737803582 54.873521226
9.744476759 54.866278387
9.748301629 54.857855536
9.750254754 54.846258856
9.745941602 54.83600495
9.731211785 54.831529039
9.719574415 54.83584219
9.705332879 54.854559637
9.696625196 54.858872789
9.65503991 54.857082424
9.642100457 54.858872789
9.623301629 54.865301825
9.624685092 54.869289455
9.632823113 54.873114325
9.634613477 54.879339911
9.616953972 54.894232489
9.610362175 54.903225002
9.617523634 54.907294012
9.644216342 54.913275458
9.638845248 54.924750067
9.615000847 54.932684637
9.586761915 54.927720445
9.581228061 54.92177969
9.568044467 54.901434637
9.556813998 54.890326239
9.550547722 54.88271719
9.54590905 54.879339911
9.538340691 54.877915757
9.52214603 54.879299221
9.515147332 54.875921942
9.498057488 54.864325262
9.456390821 54.84381745
9.442881707 54.831529039
9.43628991 54.810451565
9.43750302653 54.8104111271
9.436922241 54.810143942
9.422142781 54.807250061
9.405192911 54.808386943
9.385039103 54.819394023
9.366952352 54.817016907
9.355996948 54.811332499
9.341734253 54.809058736
9.332019084 54.8032193
9.317032918 54.80161733
9.244065796 54.80177236
9.226392456 54.805906474
9.219054403 54.817792054
9.216057169 54.83174469
9.211509644 54.841821594
9.19476648 54.850399882
8.982686401 54.879338684
8.904138224 54.8979422
8.824246459 54.90590037
8.800888712 54.903833314
8.732779175 54.889053854
8.695882202 54.889984029
8.66081613254 54.8963039111
8.660817905 54.896307684
8.668793165 54.913519598
8.661387566 54.920314846
8.6748153 54.947943427
8.666351759 54.973334052
8.650401238 54.997992255
8.640961134 55.02338288
8.644786004 55.055731512
8.656504754 55.082505601
8.67090905 55.107123114
8.681895379 55.133205471
8.575531446 55.144110419
8.563649936 55.143377997
8.559906446 55.135077216
8.55738366 55.096380927
8.551117384 55.091376044
8.541351759 55.090277411
8.528575066 55.08197663
8.514821811 55.070786851
8.499359571 55.065578518
8.483897332 55.067613023
8.470225457 55.078599351
8.458832227 55.103461005
8.460215691 55.127386786
8.466481967 55.151597398
8.470225457 55.177557684
8.488942905 55.197170315
8.530528191 55.200751044
8.572601759 55.193670966
8.593760613 55.180975653
8.580332879 55.178941148
8.569509311 55.173773505
8.552093946 55.160549221
8.555186394 55.149359442
8.614756707 55.144354559
8.669281446 55.13690827
8.689463738 55.141587632
8.687185092 55.160589911
8.668793165 55.194647528
8.655935092 55.237494208
8.648448113 55.280259507
8.650401238 55.291734117
8.659353061 55.305812893
8.661387566 55.314439195
8.659678582 55.327215887
8.648448113 55.352280992
8.63941491 55.397406317
8.632090691 55.418768622
8.617686394 55.437933661
8.59253991 55.4492862
8.556651238 55.454291083
8.490000847 55.455308335
8.441905144 55.463934637
8.40113366 55.485663153
8.310394727 55.56268952
8.31120853 55.569769598
8.332367384 55.572007554
8.332367384 55.57827383
8.313161655 55.582709052
8.290212436 55.583807684
8.267832879 55.580511786
8.250498894 55.572007554
8.239024285 55.557928778
8.242035352 55.548529364
8.271739129 55.530462958
8.262461785 55.529201565
8.256358269 55.526800848
8.243662957 55.516791083
8.266774936 55.514390367
8.293955925 55.504339911
8.316742384 55.489406643
8.326182488 55.472113348
8.313324415 55.469305731
8.193614129 55.525946356
8.169200066 55.534084377
8.110606316 55.540228583
8.095225457 55.549058335
8.094004754 55.563910223
8.150238477 55.649237372
8.169118686 55.687933661
8.181651238 55.729071356
8.183360222 55.7695987
8.13559004 55.966009833
8.130707227 55.976141669
8.12777754 55.978216864
8.126800977 55.982977606
8.12777754 55.987616278
8.130707227 55.989732164
8.136729363 55.988592841
8.13941491 55.986029364
8.141123894 55.983465887
8.144053582 55.982326565
8.150563998 55.977036851
8.175466342 55.900336005
8.193369988 55.873846747
8.195974155 55.862779039
8.193614129 55.853216864
8.183848504 55.839504299
8.181651238 55.82835521
8.185069207 55.814642645
8.193614129 55.811835028
8.238536004 55.826076565
8.286306186 55.847479559
8.308848504 55.851996161
8.347829623 55.869330145
8.387705925 55.892889716
8.39332116 55.909165757
8.386892123 55.926499742
8.372894727 55.943426825
8.356944207 55.958685614
8.319509311 55.986029364
8.319509311 56.017035223
8.308116082 56.052923895
8.282399936 56.075873114
8.247731967 56.08982982
8.17058353 56.10956452
8.149668816 56.111151434
8.140635613 56.102728583
8.141612175 56.060003973
8.139903191 56.039740302
8.133799675 56.017035223
8.137461785 56.000392971
8.134776238 55.993963934
8.1201278 55.996568101
8.11597741 56.001857815
8.111664259 56.012274481
8.107920769 56.024318752
8.103363477 56.096869208
8.106455925 56.119452216
8.130625847 56.181952216
8.133799675 56.205471096
8.122406446 56.551662502
8.126638217 56.568426825
8.133799675 56.585638739
8.17872155 56.67206452
8.198985222 56.698879299
8.2138778 56.711818752
8.219981316 56.709173895
8.223968946 56.700425523
8.23316491 56.69546133
8.232432488 56.688381252
8.20997155 56.655951239
8.20215905 56.647040106
8.20215905 56.640204169
8.208343946 56.6367862
8.215098504 56.634955145
8.23316491 56.633978583
8.236582879 56.629706122
8.240489129 56.620062567
8.245778842 56.610419012
8.253916863 56.606105861
8.294932488 56.601996161
8.305918816 56.59780508
8.291514519 56.593003648
8.295176629 56.583807684
8.292491082 56.567694403
8.298350457 56.558294989
8.30738366 56.554348049
8.31519616 56.556870835
8.318044467 56.563625393
8.312022332 56.571966864
8.312022332 56.578802802
8.343516472 56.584540106
8.392100457 56.585272528
8.43653405 56.580226955
8.45590254 56.568548895
8.465179884 56.566880601
8.51465905 56.544663804
8.528493686 56.548163153
8.541351759 56.556830145
8.552093946 56.568019924
8.559580925 56.578802802
8.565765821 56.578802802
8.596039259 56.531805731
8.596853061 56.524155992
8.593028191 56.519924221
8.594574415 56.510484117
8.601084832 56.501125393
8.617442254 56.493801174
8.636973504 56.479722398
8.648448113 56.475734768
8.665537957 56.475897528
8.726573113 56.483221747
8.73316491 56.485052802
8.738536004 56.490057684
8.742035352 56.497748114
8.743418816 56.507066148
8.743662957 56.521673895
8.74496504 56.531561591
8.750824415 56.552069403
8.755137566 56.557806708
8.76042728 56.560126044
8.762543165 56.563381252
8.757578972 56.571966864
8.726573113 56.585638739
8.716563347 56.58616771
8.708994988 56.588568427
8.704437696 56.59369538
8.702972852 56.602362372
8.698496941 56.611232815
8.681488477 56.616278387
8.681895379 56.626532294
8.695160352 56.633246161
8.74089603 56.634955145
8.805430535 56.69546133
8.820485873 56.700384833
8.861582879 56.707464911
8.91675866 56.708807684
8.918711785 56.71100495
8.894786004 56.715969143
8.851084832 56.716782945
8.840830925 56.722357489
8.850108269 56.740179755
8.864756707 56.755845445
8.876638217 56.764308986
8.908457879 56.7774112
8.95573978 56.802964585
8.974294467 56.805365302
8.985199415 56.804144598
9.003672722 56.799058335
9.014903191 56.797837632
9.026621941 56.799627997
9.032725457 56.803778387
9.037608269 56.80853913
9.04558353 56.812201239
9.063161655 56.81256745
9.086110873 56.808417059
9.105967644 56.800116278
9.114512566 56.787990627
9.120453321 56.764593817
9.134450717 56.750718492
9.150563998 56.740912177
9.16285241 56.729641018
9.176036004 56.708563544
9.148203972 56.704738674
9.118825717 56.678778387
9.093435092 56.674994208
9.093435092 56.667547919
9.097504102 56.658433335
9.086680535 56.649603583
9.059336785 56.633978583
9.049978061 56.619818427
9.048838738 56.607163804
9.052989129 56.575384833
9.060557488 56.565741278
9.07699629 56.567368882
9.093435092 56.57807038
9.106781446 56.610785223
9.121592644 56.613023179
9.13965905 56.611029364
9.155446811 56.612941799
9.149180535 56.622503973
9.141123894 56.626044012
9.13152103 56.624823309
9.121348504 56.620347398
9.128916863 56.631252346
9.136729363 56.639064846
9.143728061 56.647691148
9.148610873 56.661322333
9.155446811 56.661322333
9.149424675 56.638861395
9.175547722 56.635443427
9.211192254 56.638861395
9.233653191 56.637152411
9.247243686 56.632025458
9.262461785 56.633734442
9.27621504 56.63296133
9.285329623 56.620347398
9.282399936 56.610541083
9.259450717 56.591945705
9.250336134 56.578802802
9.261241082 56.576361395
9.263356967 56.571966864
9.264008009 56.565904039
9.270843946 56.558294989
9.280609571 56.552801825
9.305674675 56.544663804
9.309743686 56.540513414
9.312185092 56.53510163
9.316416863 56.530829169
9.326182488 56.530340887
9.340586785 56.54706452
9.3466903 56.552069403
9.360850457 56.544745184
9.373057488 56.552720445
9.372731967 56.565375067
9.35035241 56.571966864
9.31934655 56.561712958
9.317393425 56.5586612
9.312836134 56.557766018
9.302256707 56.558294989
9.293711785 56.561021226
9.293142123 56.566799221
9.296153191 56.571600653
9.298838738 56.571966864
9.300629102 56.609116929
9.317067905 56.641099351
9.326019727 56.669419664
9.325938347 56.669623114
9.305674675 56.69546133
9.29590905 56.701564846
9.290700717 56.703843492
9.270843946 56.702337958
9.230642123 56.692084052
9.220713738 56.684271552
9.199066602 56.676581122
9.177907748 56.6758487
9.169118686 56.688666083
9.180349155 56.700751044
9.226410352 56.716253973
9.236827019 56.733058986
9.242523634 56.747056382
9.240489129 56.7539737
9.215505405 56.758856512
9.205251498 56.763820705
9.196543816 56.770453192
9.189707879 56.7774112
9.184418165 56.784002997
9.17872155 56.794134833
9.174978061 56.806057033
9.176036004 56.818426825
9.181162957 56.821722723
9.204112175 56.841620184
9.206716342 56.846340236
9.211436394 56.85150788
9.210622592 56.863104559
9.20590254 56.874579169
9.199554884 56.879828192
9.187836134 56.881170966
9.178965691 56.884588934
9.16285241 56.894110419
9.181488477 56.919094143
9.200205925 56.938910223
9.220469597 56.955064195
9.251475457 56.97256094
9.258474155 56.974839585
9.265961134 56.976223049
9.274668816 56.97662995
9.27995853 56.979803778
9.285492384 56.993963934
9.288747592 56.997137762
9.437022332 57.024400132
9.470062696 57.023830471
9.586761915 56.997137762
9.586761915 56.989691473
9.573985222 56.985012111
9.57309004 56.978827216
9.58082116 56.972967841
9.594248894 56.969183661
9.607920769 56.969875393
9.617686394 56.975043036
9.654144727 57.006781317
9.67066491 57.024847723
9.688975457 57.03912995
9.728200717 57.04706452
9.761241082 57.05857982
9.809092644 57.051743882
9.915782097 57.05857982
9.856618686 57.088690497
9.826670769 57.094875393
9.806407097 57.104234117
9.79566491 57.106390692
9.787608269 57.103949286
9.752452019 57.077785549
9.73324629 57.066799221
9.711924675 57.061265367
9.693207227 57.069159247
9.675140821 57.079169012
9.656097852 57.076361395
9.621104363 57.05857982
9.58082116 57.049302476
9.493988477 57.048570054
9.265147332 57.003404039
9.245371941 57.002346096
9.226410352 57.007025458
9.114512566 57.05857982
9.120860222 57.045396226
9.112803582 57.038641669
9.079844597 57.03123607
9.055430535 57.021144924
9.042653842 57.017726955
9.025726759 57.017564195
9.031993035 57.023830471
9.014008009 57.030178127
8.996755405 57.028062242
8.979665561 57.020493882
8.963145379 57.010199286
8.946950717 57.011175848
8.926442905 57.00014883
8.90902754 56.98818594
8.901621941 56.986273505
8.893077019 56.999660549
8.873220248 57.004828192
8.85043379 57.003485419
8.833343946 56.997137762
8.847992384 56.98847077
8.811696811 56.969875393
8.762054884 56.955471096
8.726410352 56.961249091
8.702972852 56.958441473
8.679535352 56.952541408
8.668793165 56.94529857
8.663340691 56.92593008
8.649912957 56.91412995
8.634125196 56.905178127
8.621104363 56.894110419
8.615407748 56.865627346
8.614268425 56.8633487
8.612559441 56.854681708
8.607920769 56.849676825
8.601328972 56.845526434
8.569590691 56.818426825
8.547048373 56.817328192
8.536306186 56.814520575
8.531748894 56.80878327
8.524261915 56.80475495
8.507823113 56.801092841
8.491384311 56.794256903
8.483897332 56.78115469
8.492442254 56.747259833
8.491465691 56.731390692
8.476410352 56.722154039
8.476410352 56.715969143
8.516368035 56.718207098
8.525563998 56.715969143
8.533050977 56.703802802
8.527028842 56.69529857
8.514008009 56.690252997
8.500987175 56.688666083
8.489268425 56.690741278
8.465830925 56.700140692
8.452891472 56.702337958
8.440928582 56.700384833
8.42090905 56.69135163
8.408213738 56.688666083
8.408213738 56.681219794
8.45590254 56.688666083
8.470225457 56.686102606
8.49122155 56.676988023
8.500987175 56.674994208
8.571543816 56.691961981
8.586273634 56.688666083
8.589040561 56.681341864
8.586273634 56.662298895
8.586273634 56.653876044
8.601328972 56.64061107
8.60808353 56.631048895
8.593272332 56.616359768
8.583018425 56.60932038
8.569590691 56.606105861
8.555430535 56.604885158
8.546641472 56.60171133
8.547048373 56.597479559
8.559580925 56.593003648
8.539317254 56.592759507
8.511485222 56.607001044
8.48698978 56.625311591
8.476410352 56.637152411
8.467295769 56.652044989
8.444834832 56.66404857
8.41675866 56.67206452
8.391123894 56.674994208
8.373383009 56.680243231
8.352224155 56.692938544
8.332530144 56.708400783
8.319509311 56.722154039
8.308360222 56.758205471
8.302012566 56.763739325
8.288422071 56.766343492
8.260264519 56.776678778
8.243662957 56.7774112
8.258067254 56.740545966
8.263194207 56.71893952
8.2607528 56.705389716
8.245860222 56.704006252
8.238291863 56.725043036
8.236175977 56.771185614
8.247894727 56.81244538
8.270355665 56.843247789
8.449717644 57.0039737
8.503591342 57.034654039
8.586273634 57.106390692
8.618011915 57.122870184
8.653819207 57.122503973
8.73715254 57.106390692
8.78394616 57.104803778
8.874359571 57.116115627
8.914561394 57.127427476
8.962575717 57.156561591
8.980479363 57.161037502
9.230642123 57.141099351
9.321543816 57.147040106
9.412119988 57.165432033
9.497813347 57.197007554
9.5732528 57.242905992
9.788422071 57.459295966
9.826426629 57.489935614
9.895355665 57.531561591
9.929860873 57.567450262
9.943125847 57.572495835
9.966970248 57.591376044
10.015391472 57.596625067
10.107676629 57.592962958
10.197601759 57.601223049
10.279551629 57.620917059
10.35059655 57.648993231
10.472504102 57.716986395
10.539073113 57.743841864
10.566091342 57.749457098
10.596039259 57.751166083
10.625010613 57.747503973
10.648936394 57.737005927
10.594411655 57.725897528
10.542491082 57.698919989
10.460459832 57.630560614
