-71.507394986 17.551255601
-71.52448483 17.545558986
-71.541167773 17.55463288
-71.541371223 17.576157945
-71.53221595 17.601304429
-71.521066861 17.62128327
-71.506947395 17.613674221
-71.492583788 17.603664455
-71.467111783 17.580267645
-71.482533332 17.575628973
-71.507394986 17.551255601
-68.710764127 18.175360419
-68.664051887 18.169338283
-68.612375455 18.170803127
-68.59878496 18.166205145
-68.588693814 18.153387762
-68.577504036 18.133734442
-68.570179817 18.115708726
-68.571848111 18.107855536
-68.58702552 18.111070054
-68.619292773 18.12514883
-68.636097786 18.128363348
-68.653920051 18.126288153
-68.68488522 18.116888739
-68.701893684 18.114691473
-68.737049934 18.123602606
-68.762074348 18.145168361
-68.778187629 18.17202383
-68.786936002 18.196682033
-68.772084114 18.200873114
-68.754546679 18.197658596
-68.737172004 18.189520575
-68.722320116 18.179266669
-68.710764127 18.175360419
-70.966175911 19.896714585
-70.946888801 19.889308986
-70.939442512 19.889308986
-70.944447395 19.904730536
-70.946888801 19.91034577
-70.898508267 19.902899481
-70.884266731 19.904282945
-70.854725715 19.910834052
-70.843251106 19.91034577
-70.830962694 19.90253327
-70.786976692 19.852850653
-70.783314582 19.843329169
-70.788644986 19.834051825
-70.75096595 19.833807684
-70.736561653 19.827093817
-70.698475715 19.79682038
-70.662220832 19.779364325
-70.623687304 19.766546942
-70.57909095 19.760199286
-70.518706835 19.759751695
-70.513661262 19.762640692
-70.508534309 19.769354559
-70.496449348 19.77724844
-70.482777473 19.783880927
-70.472727017 19.786851304
-70.433705207 19.775213934
-70.372710741 19.714178778
-70.336171028 19.677639065
-70.319569465 19.666449286
-70.301340299 19.657660223
-70.280832486 19.651800848
-70.235218879 19.647202867
-70.198557095 19.634670315
-70.131418424 19.622137762
-70.116444465 19.622381903
-70.1064347 19.625921942
-70.097523567 19.633205471
-70.061024543 19.670111395
-70.042103645 19.678452867
-69.986683723 19.677639065
-69.959543424 19.680121161
-69.947255012 19.678656317
-69.932036913 19.670152085
-69.897938606 19.635972398
-69.887196418 19.612738348
-69.88776608 19.587347723
-69.904164192 19.532375393
-69.884144661 19.524400132
-69.876535611 19.506659247
-69.876820442 19.46100495
-69.874379036 19.441148179
-69.867990689 19.425279039
-69.801380989 19.330877997
-69.771473762 19.303249416
-69.767689582 19.299750067
-69.733469205 19.286566473
-69.713205533 19.289740302
-69.674387174 19.303859768
-69.654367642 19.307033596
-69.609364387 19.30878327
-69.589426236 19.312811591
-69.568959114 19.320705471
-69.539418098 19.339422919
-69.527984179 19.341782945
-69.517648892 19.339667059
-69.496449348 19.329779364
-69.483306444 19.327582098
-69.459095832 19.333319403
-69.448597786 19.334377346
-69.442779101 19.334173895
-69.437367317 19.332953192
-69.433420377 19.329901434
-69.431792773 19.32412344
-69.428618944 19.319240627
-69.421701627 19.321112372
-69.410715299 19.327582098
-69.35269121 19.305121161
-69.335601366 19.293402411
-69.324289517 19.315090236
-69.30589759 19.331122137
-69.260487434 19.354885158
-69.231271939 19.3633487
-69.224354621 19.35179271
-69.232085741 19.327948309
-69.246815559 19.299627997
-69.226877408 19.292669989
-69.20433509 19.292792059
-69.182443814 19.298163153
-69.164296028 19.307033596
-69.158355273 19.28510163
-69.171376106 19.267889716
-69.189320442 19.252264716
-69.198394335 19.235052802
-69.202707486 19.216945705
-69.214344856 19.200628973
-69.231800911 19.188666083
-69.253651496 19.18353913
-69.332142707 19.197211005
-69.418120898 19.190985419
-69.438384569 19.196478583
-69.475453254 19.214016018
-69.602935351 19.228989976
-69.617298957 19.225246486
-69.622792121 19.211859442
-69.62604733 19.16429271
-69.633534309 19.123683986
-69.630441861 19.108465887
-69.620879687 19.101955471
-69.608469205 19.093451239
-69.553293424 19.10146719
-69.534250455 19.094794012
-69.510487434 19.102036851
-69.463449674 19.084702867
-69.43862871 19.087347723
-69.444732226 19.092352606
-69.452748176 19.096909898
-69.462310351 19.100287177
-69.473378059 19.10162995
-69.473378059 19.108465887
-69.419992642 19.111151434
-69.404449023 19.108465887
-69.386708137 19.096096096
-69.372954882 19.065375067
-69.356068489 19.053208726
-69.338978645 19.048895575
-69.304595507 19.044867255
-69.211740689 19.020982164
-69.173247851 19.011135158
-69.15746009 19.012193101
-69.138661262 19.022284247
-69.144886848 19.029608466
-69.15733802 19.036688544
-69.15746009 19.046372789
-69.139515754 19.051214911
-69.123890754 19.037787177
-69.10285397 19.005357164
-69.089263476 18.997870184
-69.074126757 18.993557033
-69.061187304 18.98818594
-69.054432746 18.977484442
-69.042469856 18.986761786
-69.018055793 18.997463283
-69.006581184 19.005357164
-69.014230924 19.013413804
-69.010568814 19.015366929
-69.001576301 19.01561107
-68.992990689 19.018459377
-68.982533332 19.028794664
-68.979359504 19.032863674
-68.975412564 19.033148505
-68.939564582 19.03131745
-68.918609179 19.02728913
-68.899810351 19.020900783
-68.883127408 19.012193101
-68.881214973 19.009426174
-68.881174283 19.005804755
-68.880360481 19.002020575
-68.87629147 18.998602606
-68.855824348 18.991766669
-68.853993293 18.99209219
-68.818226692 18.984930731
-68.795887825 18.984116929
-68.786854621 18.981024481
-68.785145637 18.979885158
-68.776966926 18.974351304
-68.767811653 18.969468492
-68.749989387 18.968085028
-68.739735481 18.964422919
-68.623524543 18.861883856
-68.580799934 18.81256745
-68.5204972 18.768866278
-68.477284309 18.740220445
-68.464995898 18.735012111
-68.458566861 18.731024481
-68.413400845 18.689601955
-68.356190559 18.656561591
-68.328602668 18.616522528
-68.334055142 18.577297268
-68.428049283 18.441229559
-68.43468177 18.435777085
-68.441273567 18.429022528
-68.444325325 18.419501044
-68.44249427 18.384751695
-68.444325325 18.374823309
-68.455677864 18.357855536
-68.472157356 18.349839585
-68.492827929 18.347479559
-68.51659095 18.347479559
-68.534901496 18.353338934
-68.574533658 18.378159898
-68.588937955 18.382269598
-68.605458137 18.371730861
-68.60285397 18.35565827
-68.597523567 18.336615302
-68.606027799 18.317084052
-68.61831621 18.301459052
-68.62608802 18.283351955
-68.641509569 18.225165106
-68.647084114 18.21482982
-68.658436653 18.21092357
-68.742990689 18.204535223
-68.760243293 18.210353908
-68.762521939 18.246975002
-68.786854621 18.295396226
-68.820139127 18.342474677
-68.849598762 18.374823309
-68.880970832 18.395493882
-68.922515429 18.412298895
-68.964344856 18.41795482
-69.012562629 18.399115302
-69.085438606 18.395900783
-69.104359504 18.399115302
-69.148182746 18.413234768
-69.168039517 18.416327216
-69.185292121 18.421698309
-69.214222786 18.445135809
-69.236317512 18.450506903
-69.255604621 18.446682033
-69.275217252 18.440334377
-69.295033332 18.439032294
-69.315093554 18.450506903
-69.336008267 18.432074286
-69.46593177 18.422552802
-69.504750129 18.408921617
-69.525257942 18.408433335
-69.579986132 18.444484768
-69.602121549 18.455715236
-69.616810676 18.457342841
-69.623158332 18.447984117
-69.622629361 18.436753648
-69.620838996 18.425482489
-69.623605924 18.416327216
-69.632557746 18.413519598
-69.646595832 18.413560289
-69.659494595 18.415920315
-69.66515052 18.419501044
-69.681955533 18.446763414
-69.689930793 18.454087632
-69.697377082 18.456366278
-69.851470507 18.472479559
-69.879383918 18.471218166
-69.883656379 18.471014716
-69.899810351 18.466457424
-69.931223111 18.451971747
-69.957102017 18.435288804
-69.966908332 18.430812893
-69.993519661 18.422552802
-70.004017707 18.417466539
-70.01659095 18.411363023
-70.038929817 18.392482815
-70.05577552 18.36725495
-70.062408007 18.337225653
-70.06769772 18.329087632
-70.090687629 18.317531643
-70.095936653 18.310248114
-70.100005663 18.299221096
-70.13377845 18.269273179
-70.158070442 18.242621161
-70.171783007 18.231431382
-70.177886523 18.234198309
-70.202137825 18.233547268
-70.220773892 18.2305362
-70.233143684 18.223944403
-70.250803189 18.23432038
-70.269602017 18.238104559
-70.397572395 18.237616278
-70.41905677 18.231146552
-70.460194465 18.208929755
-70.483550585 18.204087632
-70.552845832 18.204250393
-70.568918424 18.210353908
-70.570301887 18.21893952
-70.563059049 18.225653387
-70.553700325 18.231512762
-70.549061653 18.237616278
-70.55190996 18.248439846
-70.558705207 18.254380601
-70.565744595 18.258205471
-70.573312955 18.268011786
-70.592437304 18.279852606
-70.596791145 18.28912995
-70.594349739 18.299058335
-70.588449674 18.303615627
-70.581654426 18.307074286
-70.576405403 18.313950914
-70.571766731 18.334051825
-70.571156379 18.355169989
-70.573882616 18.373683986
-70.579457161 18.385646877
-70.601429817 18.411851304
-70.614654101 18.420843817
-70.63780677 18.429388739
-70.65754147 18.43378327
-70.682484504 18.435614325
-70.703846809 18.430121161
-70.712880012 18.412665106
-70.709462043 18.391750393
-70.71198483 18.383368231
-70.741688606 18.35541413
-70.749867317 18.350409247
-70.760650194 18.347479559
-70.772328254 18.34788646
-70.793120898 18.354071356
-70.802316861 18.354925848
-70.810047981 18.352036851
-70.823963996 18.342678127
-70.83332272 18.340643622
-70.846018033 18.342189846
-70.850453254 18.339585679
-70.86034095 18.330715236
-70.863107877 18.326971747
-70.869374153 18.314601955
-70.870594856 18.310248114
-70.873280403 18.306301174
-70.886708137 18.302069403
-70.89167233 18.299709377
-70.918283658 18.2695987
-70.932484504 18.261542059
-70.956206835 18.258734442
-70.9658097 18.262152411
-70.972035286 18.270249742
-70.977284309 18.280259507
-70.983794726 18.28912995
-70.994252082 18.296616929
-71.0048722 18.30101146
-71.048247851 18.310003973
-71.068348762 18.310370184
-71.083973762 18.304388739
-71.090240038 18.28912995
-71.092355924 18.280707098
-71.101226366 18.266099351
-71.103342252 18.254950262
-71.101429817 18.24213288
-71.096547004 18.235093492
-71.089914517 18.228705145
-71.082834439 18.217718817
-71.066517707 18.163316148
-71.061268684 18.153998114
-71.061105924 18.142075914
-71.080555793 18.113918361
-71.097157356 18.073716539
-71.191802538 17.941799221
-71.200103319 17.919175523
-71.20425371 17.911118882
-71.213734504 17.904852606
-71.233631965 17.894964911
-71.245920377 17.885077216
-71.254709439 17.875311591
-71.261545377 17.86322663
-71.267811653 17.846584377
-71.275217252 17.849066473
-71.278065559 17.850775458
-71.282093879 17.853989976
-71.283599413 17.846747137
-71.285145637 17.844183661
-71.288929817 17.841009833
-71.282093879 17.841009833
-71.2861222 17.832586981
-71.291330533 17.826157945
-71.297718879 17.821966864
-71.30565345 17.82050202
-71.309315559 17.81639232
-71.315825976 17.796454169
-71.319650845 17.78921133
-71.331857877 17.772406317
-71.365549283 17.678412177
-71.375884569 17.66014232
-71.417225715 17.604803778
-71.427235481 17.60927969
-71.435861783 17.61709219
-71.436350064 17.62128327
-71.446115689 17.629339911
-71.514881965 17.737779039
-71.531605598 17.755072333
-71.565256314 17.767523505
-71.645130989 17.757269598
-71.679310676 17.765285549
-71.669667121 17.772406317
-71.63776608 17.804022528
-71.630930142 17.816799221
-71.632394986 17.838324286
-71.636586067 17.853461005
-71.652007616 17.881984768
-71.662831184 17.897691148
-71.664947069 17.903469143
-71.665638801 17.915472723
-71.658802864 17.95331452
-71.666249153 17.970770575
-71.683827278 17.990179755
-71.720326301 18.019110419
-71.776234504 18.03925202
-71.7642712 18.069492493
-71.76065385 18.086804097
-71.762875936 18.115846253
-71.762204142 18.132486064
-71.764581258 18.143674011
-71.775329956 18.172328593
-71.776828573 18.18178538
-71.774038046 18.201474101
-71.766131552 18.220258484
-71.721708773 18.292996237
-71.721111736 18.293973823
-71.709339152 18.313250224
-71.711509563 18.316144105
-71.720707968 18.323973083
-71.734970663 18.332938945
-71.788714153 18.352214254
-71.826437948 18.376166281
-71.834551148 18.385080465
-71.849744019 18.40644867
-71.858167278 18.413554179
-71.897182984 18.422881775
-71.912169149 18.430736593
-71.918163616 18.449236755
-71.914391236 18.460217997
-71.906898153 18.464300436
-71.90157548 18.469778138
-71.90405595 18.484790141
-71.910515503 18.494272766
-72.00094926 18.582458598
-72.009837606 18.598814189
-71.992629354 18.611139018
-71.955474 18.618606262
-71.880284791 18.605402934
-71.841579142 18.617986145
-71.828556681 18.631292827
-71.807989461 18.664649964
-71.794346884 18.679171041
-71.791779133 18.680681698
-71.784897638 18.684730213
-71.758070028 18.700513407
-71.744065715 18.711442973
-71.732076783 18.730072327
-71.725255493 18.74697052
-71.720346233 18.765444845
-71.718847616 18.784229228
-71.72690914 18.823529155
-71.727942669 18.864069316
-71.733472047 18.882569479
-71.740913453 18.891612854
-71.763806112 18.911508281
-71.77295284 18.921714376
-71.787112183 18.950033061
-71.796258911 18.957061056
-71.819668335 18.957810364
-71.844524699 18.949748841
-71.862456422 18.947087504
-71.865401978 18.964424948
-71.848142049 18.975483704
-71.796827352 18.988609518
-71.783701538 18.996309306
-71.740345012 19.041887919
-71.710424357 19.081652934
-71.695283162 19.094546204
-71.661383423 19.117593893
-71.648774374 19.135293071
-71.643658407 19.152475484
-71.639110881 19.212110088
-71.651732717 19.217923884
-71.716522177 19.247766825
-71.749517077 19.279707723
-71.753729207 19.283785299
-71.771557577 19.307556457
-71.776518515 19.327503561
-71.769955608 19.333808085
-71.742980509 19.348380839
-71.733472047 19.355460511
-71.720811321 19.385949606
-71.715281943 19.391659851
-71.703861451 19.414630025
-71.703189657 19.459278463
-71.715126913 19.537464905
-71.743083863 19.600070903
-71.747683065 19.622782695
-71.746041409 19.649017002
-71.745047567 19.664898987
-71.748613241 19.682598165
-71.757435676 19.710109768
-71.738270637 19.706122137
-71.720326301 19.697455145
-71.724110481 19.717189846
-71.741851366 19.755804755
-71.740793424 19.76569245
-71.740793424 19.773179429
-71.767648892 19.774481512
-71.771066861 19.78514232
-71.760243293 19.80093008
-71.744496223 19.817206122
-71.739979621 19.82025788
-71.734852668 19.821275132
-71.72370358 19.820990302
-71.716908332 19.823635158
-71.705799934 19.836493231
-71.699818489 19.841498114
-71.687896288 19.846014716
-71.679025845 19.848089911
-71.670277473 19.851996161
-71.658802864 19.861965236
-71.665638801 19.874497789
-71.666737434 19.885687567
-71.66144772 19.893622137
-71.648589648 19.896714585
-71.640858528 19.895575262
-71.628895637 19.890448309
-71.621245898 19.889308986
-71.617909309 19.891424872
-71.610951301 19.900824286
-71.607329882 19.902899481
-71.504628059 19.91034577
-71.478505012 19.906887111
-71.452707486 19.898098049
-71.357248502 19.851263739
-71.32921302 19.845892645
-71.302601692 19.85569896
-71.28246009 19.841782945
-71.268055793 19.835516669
-71.22374427 19.834051825
-71.21206621 19.837103583
-71.209339973 19.844794012
-71.208811002 19.854966539
-71.203521288 19.865383205
-71.191761848 19.869696356
-71.183338996 19.860419012
-71.172230598 19.834051825
-71.164418098 19.838609117
-71.158518033 19.843491929
-71.154408332 19.849107164
-71.151722786 19.85569896
-71.160227017 19.858221747
-71.162017382 19.85944245
-71.162180142 19.862046617
-71.165394661 19.868801174
-71.14972897 19.863023179
-71.136586067 19.863714911
-71.123199023 19.866888739
-71.107045051 19.868801174
-71.096791145 19.876206773
-71.078277148 19.909125067
-71.066070116 19.916571356
-71.050852017 19.920233466
-71.018422004 19.935492255
-71.000884569 19.93768952
-70.984730598 19.93374258
-70.969349739 19.925197658
-70.961048957 19.912665106
-70.966175911 19.896714585
