125.312754754 37.741400458
125.29574629 37.727606512
125.269379102 37.714097398
125.260996941 37.707424221
125.246836785 37.699855861
125.226328972 37.696356512
125.220550977 37.703762111
125.250173373 37.731675523
125.26433353 37.737209377
125.274587436 37.733832098
125.277110222 37.740464585
125.279470248 37.749416408
125.284841342 37.749497789
125.287445509 37.750677802
125.288747592 37.753648179
125.292735222 37.755438544
125.299327019 37.756170966
125.328786655 37.766669012
125.337738477 37.768703518
125.312754754 37.741400458
125.156260613 37.786688544
125.147715691 37.785589911
125.142832879 37.794134833
125.141368035 37.799505927
125.146494988 37.802232164
125.166188998 37.813706773
125.183848504 37.818833726
125.188487175 37.819077867
125.191416863 37.815497137
125.192881707 37.811102606
125.19027754 37.809027411
125.185069207 37.808172919
125.171722852 37.797186591
125.156260613 37.786688544
125.044606967 37.824611721
125.04175866 37.817287502
125.039561394 37.817613023
125.036387566 37.817450262
125.025645379 37.808294989
125.015879754 37.805650132
125.005056186 37.805568752
124.997731967 37.808417059
124.997813347 37.813055731
125.00261478 37.815415757
125.00684655 37.819281317
125.011973504 37.821844794
125.019053582 37.82029857
125.025401238 37.817857164
125.028493686 37.818833726
125.029470248 37.822984117
125.03012129 37.825100002
125.027842644 37.830023505
125.030446811 37.83616771
125.040782097 37.834458726
125.044606967 37.824611721
124.883474155 38.528550523
124.900401238 38.505316473
124.903981967 38.494370835
124.861094597 38.50385163
124.840830925 38.510687567
124.822032097 38.522365627
124.79948978 38.508490302
124.790293816 38.517401434
124.794444207 38.533921617
124.832204623 38.553045966
124.844248894 38.555161851
124.849375847 38.545884507
124.865733269 38.541489976
124.877207879 38.536322333
124.883474155 38.528550523
124.606618686 39.428045966
124.602061394 39.427394924
124.596039259 39.430243231
124.593109571 39.439032294
124.592865431 39.446804104
124.601735873 39.44932689
124.612559441 39.45713939
124.614431186 39.44920482
124.615082227 39.447495835
124.617849155 39.444281317
124.619069858 39.433010158
124.606618686 39.428045966
124.704844597 39.508734442
124.697764519 39.502590236
124.684586844 39.503242592
124.680148912 39.507725708
124.6837689 39.516094421
124.681973623 39.521179623
124.687673373 39.527167059
124.693619739 39.535078891
124.704708091 39.53707637
124.70777906 39.530399124
124.707746425 39.519317028
124.704844597 39.508734442
124.691254102 39.569647528
124.69809004 39.562892971
124.695648634 39.553778387
124.687022332 39.544745184
124.675547722 39.538519598
124.661631707 39.538397528
124.644786004 39.547674872
124.603526238 39.538519598
124.60035241 39.536200262
124.595876498 39.537909247
124.597422722 39.544582424
124.604665561 39.549261786
124.614268425 39.553412177
124.630869988 39.565090236
124.635020379 39.563950914
124.648773634 39.565252997
124.673838738 39.570624091
124.691254102 39.569647528
124.883182294 39.527470239
124.861664259 39.507635809
124.842655558 39.505162498
124.818563139 39.495444054
124.836927195 39.52093903
124.849816318 39.516533791
124.856970236 39.527898939
124.842772629 39.538425779
124.845007316 39.543176235
124.856588156 39.544227939
124.857049556 39.548302525
124.859738301 39.553138689
124.85440967 39.556577033
124.854475305 39.573754186
124.870522365 39.580933634
124.869706328 39.595656815
124.881768863 39.603869488
124.880470982 39.612454772
124.89919306 39.614124353
124.926740986 39.604786429
124.922226599 39.598288862
124.909673601 39.593553532
124.920253652 39.572278154
124.933609256 39.550543045
124.912092316 39.540803078
124.883182294 39.527470239
124.227397221 39.79464048
124.22601537 39.791422867
124.223189372 39.791556723
124.221201434 39.793839602
124.216098409 39.794711222
124.211662186 39.795157408
124.211533353 39.795572646
124.211315989 39.799505011
124.212588427 39.804049196
124.214650847 39.807242025
124.219272711 39.810921583
124.217574532 39.814864264
124.220272101 39.815260301
124.223115983 39.816788335
124.220993936 39.818973972
124.223425678 39.819987174
124.227065415 39.821298303
124.230017487 39.821171938
124.231895818 39.819198563
124.234432819 39.817628324
124.235860683 39.813481668
124.239886549 39.81262262
124.239586363 39.809830802
124.23956104 39.807657155
124.2427875 39.807321395
124.242750572 39.804632841
124.24162706 39.801856081
124.237835262 39.800967382
124.23525982 39.798385811
124.230390321 39.798260617
124.227397221 39.79464048
129.995713338 42.961900736
130.008219035 42.960557149
130.047286418 42.961900736
130.094311972 42.976938578
130.121493774 42.98184784
130.13358606 42.97272695
130.130485474 42.959471945
130.122527303 42.94332306
130.1115719 42.929060364
130.098756145 42.921515605
130.140407349 42.907123719
130.19384078 42.908208923
130.239005982 42.902240296
130.256472616 42.866893616
130.242209921 42.782015076
130.243036743 42.743361105
130.262673787 42.708608704
130.317140748 42.667396749
130.324788859 42.65029185
130.39300175 42.606237692
130.403957154 42.604067281
130.412742147 42.604635722
130.420493612 42.604273987
130.427728312 42.599364727
130.430002075 42.59148407
130.426384725 42.572105408
130.43124231 42.561511739
130.452533 42.54934194
130.467932577 42.554897156
130.471033163 42.56975413
130.455116822 42.585153707
130.467829224 42.600398254
130.484158976 42.610010071
130.501418905 42.610785217
130.516508423 42.599364727
130.519505656 42.58859019
130.525190064 42.549238587
130.530771119 42.530480042
130.542656698 42.510532939
130.544517049 42.506295472
130.546067343 42.495288391
130.549891399 42.490379131
130.554748983 42.487614441
130.558779745 42.482705181
130.575626262 42.445730693
130.587408489 42.4320106
130.605908651 42.420615947
130.628542929 42.414802348
130.645802857 42.400875549
130.656654907 42.383253886
130.660582316 42.359198507
130.660272258 42.333928732
130.662752726 42.320570374
130.672881308 42.311139425
130.699961785 42.295111395
130.695556806 42.289001412
130.667128835 42.283092173
130.631576712 42.274397068
130.616620711 42.27231829
130.60382311 42.26326024
130.597544381 42.262780245
130.598480665 42.280951239
130.597666863 42.291937567
130.594981316 42.298163153
130.582041863 42.307928778
130.569366397 42.315259072
130.540501352 42.318370657
130.519052549 42.327602855
130.510189503 42.335779521
130.480683896 42.339752116
130.465652585 42.33475247
130.469396048 42.322074715
130.456459529 42.311768735
130.440098063 42.309128306
130.43183884 42.318124576
130.419158684 42.324398259
130.407449721 42.324577343
130.406993035 42.315741278
130.405853712 42.307114976
130.393998832 42.299952343
130.384157486 42.291194579
130.386322462 42.277655341
130.386241082 42.270656643
130.391123894 42.264105536
130.399261915 42.263169664
130.405853712 42.260809637
130.406016472 42.249579169
130.400889519 42.242499091
130.39332116 42.244086005
130.37818188 42.257854715
130.367991869 42.255686789
130.360655178 42.243663939
130.369837131 42.232010977
130.358828665 42.229272342
130.351505423 42.216082705
130.335057396 42.213999164
130.330644663 42.191508042
130.318769914 42.184730392
130.307025633 42.183153959
130.308159932 42.197594767
130.315635158 42.218883039
130.307417578 42.236295038
130.294182232 42.237044681
130.251363402 42.205290936
130.228985612 42.182451955
130.214935743 42.174627997
130.202273917 42.173551324
130.204286171 42.159644194
130.199310743 42.101304429
130.193858269 42.100978908
130.185313347 42.103908596
130.173920118 42.098781643
130.160248243 42.085109768
130.163584832 42.083482164
130.166595899 42.077093817
130.159431983 42.072837552
130.150108201 42.074103465
130.13319825 42.084718682
130.12006878 42.090081352
130.092771645 42.089810624
130.073040509 42.078458672
130.06795501 42.059413827
130.067014707 42.051898647
130.052221571 42.050364513
130.049711771 42.042287515
130.044907661 42.035975658
130.036469835 42.011623706
130.033879253 41.995513988
130.026816719 41.992699522
130.014950115 42.014403703
130.002883971 42.010911763
130.001297074 41.99046615
129.982188347 41.982652085
129.989024285 41.978176174
129.994151238 41.973049221
130.00269616 41.962225653
129.992930535 41.959784247
129.985606316 41.955267645
129.974864129 41.94163646
129.978282097 41.943793036
129.975677931 41.933986721
129.971039259 41.92206452
129.968597852 41.917466539
129.964691602 41.898749091
129.954437696 41.892035223
129.946787088 41.894935183
129.937393523 41.90389781
129.913620399 41.911195248
129.896740032 41.90426298
129.890391472 41.88300202
129.883392774 41.857407945
129.884532097 41.82416413
129.869652305 41.791456653
129.855171271 41.78179188
129.852460223 41.764923428
129.842812721 41.758783078
129.826545998 41.778446388
129.813314983 41.777733233
129.774759889 41.759417195
129.762787306 41.731024481
129.749766472 41.696275132
129.741360546 41.684017639
129.715018611 41.6753369
129.690822564 41.649715773
129.683184999 41.617720114
129.669408878 41.575959449
129.648797907 41.549402728
129.660655144 41.525946356
129.657723043 41.509238682
129.652729839 41.494124004
129.659403162 41.464647435
129.681677757 41.443084265
129.701669879 41.428665671
129.714602784 41.41964601
129.736055729 41.421286228
129.744150796 41.40696277
129.758183972 41.39259418
129.769297722 41.386175848
129.775645379 41.385484117
129.791107618 41.387762762
129.796641472 41.386175848
129.806162957 41.376044012
129.805186394 41.372788804
129.799896681 41.368597723
129.796641472 41.35545482
129.794688347 41.352280992
129.786875847 41.330064195
129.786143425 41.324774481
129.770355665 41.315130927
129.759125196 41.29287344
129.719574415 41.166937567
129.711924675 41.122626044
129.728282097 41.085150458
129.722015821 41.071844794
129.719818556 41.056219794
129.720795118 41.02366771
129.728282097 40.978705145
129.732513868 40.96893952
129.750824415 40.951727606
129.764891383 40.944414406
129.755574368 40.938969672
129.749229405 40.917010468
129.752996547 40.909939743
129.734272073 40.891101808
129.737343113 40.871455785
129.725218834 40.847817701
129.716557947 40.834585581
129.70608701 40.835661468
129.69835671 40.845606223
129.684559629 40.841829436
129.66285241 40.838771877
129.643922086 40.841618462
129.626166796 40.838312455
129.609803045 40.840929487
129.597967554 40.838541143
129.571772526 40.839716297
129.553941093 40.82893169
129.551050953 40.810117421
129.531997338 40.807277312
129.518081422 40.795467082
129.506240076 40.792074356
129.476529199 40.793877798
129.426954146 40.781295643
129.3891869 40.760759561
129.351686579 40.745343193
129.339756472 40.734430214
129.327829728 40.718128132
129.311210367 40.687471989
129.303233269 40.673651434
129.296153191 40.676255601
129.286631707 40.68357982
129.27791677 40.698037214
129.270137565 40.707980128
129.253156797 40.709131856
129.233482084 40.705713549
129.217703101 40.696353263
129.212392767 40.685951936
129.206426421 40.675546457
129.206386427 40.670088909
129.206994789 40.663631634
129.201709027 40.656207153
129.200362296 40.65075309
129.197764519 40.638006903
129.193369988 40.632635809
129.190521681 40.622503973
129.187049747 40.616535271
129.179165339 40.609599498
129.17455523 40.603660165
129.173675977 40.593451239
129.172618035 40.568915106
129.161234968 40.565548663
129.155311583 40.55663459
129.150899083 40.545896736
129.115065524 40.511164886
129.077564438 40.472565003
129.030115621 40.473970225
128.975812174 40.459933038
128.899755131 40.398164928
128.860532005 40.371848367
128.830533501 40.367387326
128.813567231 40.354979919
128.780974275 40.347025483
128.764042374 40.346530265
128.752004874 40.335095472
128.721644705 40.338947061
128.687807527 40.331196581
128.669668695 40.310770897
128.656655431 40.310762531
128.655340282 40.320176984
128.636488642 40.313216565
128.61894776 40.297330807
128.616446508 40.271442812
128.628791741 40.266008756
128.656721828 40.257140388
128.660629852 40.247721506
128.667779684 40.240308598
128.662599009 40.225413382
128.664561394 40.201239325
128.650931081 40.197147697
128.641847306 40.190692851
128.634713206 40.184238817
128.628875281 40.180265716
128.621732289 40.180755529
128.608102916 40.185701989
128.588611219 40.186672799
128.577607186 40.18021141
128.54319885 40.166767012
128.536093462 40.151375446
128.527680924 40.14342372
128.510189157 40.135455971
128.47979942 40.134748641
128.466266325 40.124373526
128.448562992 40.109500088
128.434946029 40.104001888
128.411387566 40.096380927
128.391843905 40.099577477
128.364764841 40.096890115
128.337765178 40.067047911
128.327752589 40.028216411
128.302093946 40.033433335
128.280132052 40.065476536
128.263443631 40.077104998
128.236321571 40.067904293
128.227837237 40.056206037
128.234385613 40.029364325
128.225108269 40.02757396
128.203216993 40.029608466
128.193369988 40.029364325
128.18238366 40.026109117
128.164317254 40.017971096
128.15512129 40.016302802
128.146820509 40.018296617
128.1435653 40.022853908
128.13941491 40.02732982
128.00684655 40.045152085
128.002289259 40.040472723
128.000987175 40.025946356
127.997813347 40.020412502
127.989756707 40.014837958
127.979828321 40.010565497
127.970550977 40.008856512
127.96371504 40.00409577
127.947276238 39.981634833
127.940033399 39.974758205
127.930267774 39.971909898
127.906659335 39.983942366
127.891038389 39.96122529
127.89126291 39.943831117
127.884043816 39.902085679
127.874603712 39.892808335
127.781830274 39.885402736
127.796397332 39.875637111
127.794037306 39.865668036
127.762438472 39.85353432
127.727382507 39.857188614
127.695749595 39.84820085
127.679628517 39.816438696
127.663291009 39.806800659
127.648699406 39.820897156
127.623748521 39.830935318
127.607188347 39.810248114
127.593028191 39.806219794
127.576019727 39.796291408
127.561859571 39.784002997
127.549408399 39.761053778
127.520843946 39.746975002
127.51441491 39.738592841
127.512461785 39.731105861
127.503754102 39.715521552
127.501312696 39.70722077
127.501719597 39.698472398
127.506358269 39.68378327
127.508555535 39.66006094
127.512217644 39.649481512
127.5185653 39.644842841
127.528086785 39.645819403
127.552744988 39.6367862
127.570323113 39.617865302
127.574554884 39.595038153
127.536769927 39.552012464
127.520439312 39.510465133
127.535411004 39.443752346
127.562998894 39.34373607
127.562103712 39.316229559
127.554453972 39.305975653
127.543467644 39.301947333
127.531830274 39.305121161
127.521820509 39.316229559
127.520599806 39.329413153
127.526947462 39.344224351
127.542246941 39.371486721
127.507578972 39.409247137
127.503998243 39.422837632
127.4951278 39.433417059
127.482920769 39.436997789
127.469981316 39.42975495
127.4404403 39.407863674
127.438080274 39.405178127
127.431000196 39.397284247
127.425547722 39.392523505
127.378428582 39.37885163
127.378428582 39.371486721
127.389903191 39.367010809
127.414073113 39.361802476
127.425547722 39.357123114
127.437836134 39.364243882
127.453868035 39.367987372
127.46753991 39.363836981
127.473399285 39.34756094
127.466807488 39.340155341
127.435394727 39.334784247
127.425547722 39.330471096
127.420258009 39.336371161
127.414561394 39.340643622
127.408295118 39.343247789
127.4013778 39.344142971
127.391937696 39.341864325
127.392670118 39.336411851
127.396983269 39.329657294
127.398285352 39.323675848
127.386729363 39.297186591
127.378428582 39.268988348
127.372029883 39.240426043
127.382904493 39.221991278
127.39340254 39.201727606
127.408539259 39.193304755
127.420176629 39.189195054
127.441254102 39.170843817
127.452240431 39.165961005
127.471934441 39.168280341
127.476084832 39.177069403
127.473643425 39.187160549
127.473399285 39.193304755
127.491302931 39.194891669
127.511729363 39.15643952
127.531748894 39.146144924
127.606944207 39.152044989
127.63168379 39.146144924
127.643077019 39.138576565
127.651703321 39.129299221
127.661387566 39.121486721
127.675629102 39.118150132
127.744151238 39.118597723
127.759287957 39.117010809
127.769623243 39.109198309
127.792572462 39.077541408
127.823741082 39.0430362
127.830332879 39.032863674
127.836517774 39.018500067
127.851573113 39.001410223
127.88550866 38.974188544
127.888682488 38.961371161
127.892914259 38.957464911
127.902191602 38.963934637
127.908702019 38.967189846
127.914317254 38.964178778
127.918223504 38.957749742
127.921478712 38.942328192
127.926280144 38.934475002
127.933848504 38.928656317
127.943614129 38.926418361
127.961761915 38.91791413
127.995453321 38.875311591
128.01465905 38.858140367
128.091156446 38.84373607
128.210215691 38.727728583
128.225108269 38.732326565
128.270355665 38.751654364
128.282806837 38.755072333
128.313243035 38.717230536
128.321055535 38.711411851
128.338145379 38.703558661
128.347666863 38.696722723
128.359629754 38.678656317
128.35995512 38.675361977
128.359955274 38.675360419
128.361338738 38.660711981
128.360362175 38.642767645
128.364593946 38.624741929
128.364919467 38.624335028
128.364922223 38.624330759
128.308374472 38.601340027
128.281089315 38.584415996
128.27478479 38.571496887
128.276955201 38.554056091
128.285430136 38.519846293
128.281089315 38.484370423
128.268066854 38.453519593
128.248739868 38.425769348
128.225588827 38.399776103
128.172362102 38.355954489
128.108490031 38.323501689
128.039863729 38.304278056
127.971754192 38.300040589
127.866851034 38.304846497
127.800756877 38.293916932
127.787010946 38.29668162
127.774711955 38.306448466
127.761947877 38.320969543
127.753731323 38.325362041
127.560823202 38.312081197
127.502067099 38.298076884
127.471939738 38.295906474
127.377113485 38.318514913
127.253813518 38.310039978
127.221980835 38.312701315
127.157488648 38.307223613
127.090464315 38.285855408
127.026747274 38.254461976
126.971918579 38.21890859
126.966064636 38.213038016
126.953728475 38.20066681
126.940134247 38.174172571
126.919828736 38.134598491
126.903343954 38.119586487
126.864793335 38.096022034
126.847326702 38.082017721
126.761905558 37.979000753
126.722114706 37.953937683
126.696328166 37.946186219
126.677828003 37.944584249
126.665787395 37.937633769
126.660516398 37.913810934
126.667458927 37.8278101612
126.6670028 37.827582098
126.655772332 37.814520575
126.651621941 37.799261786
126.642100457 37.798000393
126.620799304 37.7877156758
126.620778842 37.787705796
126.593272332 37.774400132
126.576182488 37.77753327
126.436615431 37.848374742
126.42847741 37.854193427
126.404307488 37.887152411
126.397715691 37.891750393
126.378672722 37.889593817
126.358002149 37.884344794
126.279551629 37.851263739
126.259532097 37.845445054
126.236908399 37.843329169
126.199961785 37.844224351
126.17847741 37.840521552
126.158213738 37.829657294
126.149180535 37.822170315
126.147715691 37.819037177
126.149750196 37.815252997
126.152842644 37.799709377
126.159678582 37.778876044
126.165375196 37.768255927
126.164317254 37.754624742
126.161224806 37.740668036
126.158213738 37.733465887
126.110362175 37.740912177
126.096934441 37.78139883
126.086924675 37.800360419
126.072113477 37.799261786
126.062836134 37.802232164
126.058604363 37.824693101
126.055756056 37.870591539
126.02613366 37.853664455
126.012787306 37.854315497
126.007334832 37.874335028
126.000743035 37.885565497
125.985931837 37.89838288
125.969818556 37.908677476
125.959483269 37.912176825
125.94410241 37.901922919
125.950531446 37.889349677
125.964610222 37.878648179
125.972504102 37.874335028
125.974457227 37.864162502
125.983653191 37.837103583
125.986175977 37.822821356
125.977875196 37.829331773
125.967133009 37.835435289
125.95590254 37.840318101
125.945892774 37.843329169
125.933360222 37.844631252
125.927012566 37.84398021
125.921641472 37.844875393
125.911631707 37.850775458
125.895518425 37.864813544
125.845469597 37.926499742
125.841075066 37.936346747
125.83497155 37.943548895
125.81128991 37.947577216
125.805186394 37.951564846
125.802500847 37.958929755
125.801768425 37.970200914
125.803965691 37.988959052
125.799327019 37.992905992
125.7841903 37.994086005
125.773773634 37.99607982
125.756358269 38.005072333
125.746592644 38.00775788
125.705170118 38.009344794
125.687347852 38.012274481
125.64730879 38.02728913
125.622162306 38.031927802
125.596934441 38.032212632
125.578949415 38.025132554
125.578216993 38.009019273
125.59652754 37.99225495
125.621429884 37.978989976
125.640716993 37.973618882
125.675384962 37.977606512
125.685313347 37.972113348
125.678314649 37.952541408
125.688812696 37.956040757
125.698985222 37.958197333
125.708832227 37.957424221
125.719330274 37.952541408
125.707530144 37.939764716
125.698822462 37.925238348
125.71753991 37.925279039
125.725189649 37.927476304
125.732920769 37.932684637
125.739756707 37.925238348
125.727793816 37.915920315
125.715342644 37.908270575
125.701508009 37.90249258
125.685069207 37.89858633
125.668955925 37.899155992
125.657074415 37.905829169
125.645518425 37.915472723
125.630625847 37.925238348
125.627452019 37.902167059
125.636810743 37.878648179
125.641205274 37.856390692
125.623057488 37.837103583
125.637787306 37.825344143
125.644134962 37.822821356
125.640147332 37.813421942
125.633555535 37.809556382
125.613536004 37.809149481
125.609222852 37.806301174
125.611094597 37.799750067
125.616953972 37.788723049
125.620371941 37.774115302
125.6201278 37.765326239
125.613536004 37.761379299
125.602793816 37.7617862
125.593028191 37.763617255
125.583994988 37.767523505
125.575205925 37.774400132
125.579356316 37.776678778
125.580088738 37.777655341
125.580414259 37.778794664
125.582774285 37.781887111
125.570567254 37.787095445
125.559580925 37.787746486
125.551605665 37.782700914
125.548594597 37.771307684
125.54184004 37.770453192
125.528900587 37.772528387
125.520518425 37.780178127
125.527598504 37.796128648
125.503509962 37.778794664
125.49097741 37.75405508
125.474619988 37.731187242
125.438731316 37.719794012
125.403656446 37.719061591
125.385264519 37.716376044
125.377289259 37.710150458
125.372650587 37.693548895
125.361582879 37.680080471
125.347504102 37.675604559
125.335052931 37.686265367
125.348643425 37.737982489
125.363780144 37.760891018
125.390391472 37.754543361
125.444916212 37.774400132
125.429453972 37.781561591
125.395111524 37.776434637
125.377289259 37.781887111
125.389903191 37.796128648
125.410980665 37.809393622
125.434906446 37.819037177
125.45582116 37.822821356
125.505137566 37.813177802
125.524180535 37.817816473
125.527598504 37.843329169
125.510834181 37.837713934
125.497325066 37.839667059
125.486664259 37.847072658
125.479095899 37.857611395
125.508636915 37.883734442
125.510101759 37.894273179
125.48316491 37.89858633
125.4638778 37.904120184
125.455088738 37.914618231
125.445648634 37.920396226
125.424408399 37.912176825
125.427500847 37.908351955
125.430023634 37.902004299
125.431895379 37.89858633
125.406260613 37.89862702
125.394541863 37.896673895
125.383555535 37.891750393
125.402842644 37.885565497
125.427989129 37.874497789
125.446299675 37.860012111
125.444916212 37.843329169
125.426280144 37.856024481
125.399668816 37.865464585
125.371836785 37.869126695
125.349375847 37.864406643
125.354014519 37.857001044
125.360362175 37.851060289
125.368011915 37.846625067
125.377289259 37.843329169
125.345957879 37.822577216
125.326670769 37.812974351
125.308360222 37.809149481
125.309092644 37.811102606
125.308116082 37.815497137
125.305430535 37.82021719
125.301036004 37.822821356
125.239512566 37.822821356
125.251719597 37.837836005
125.294932488 37.859849351
125.308360222 37.878078518
125.300629102 37.895209052
125.257090691 37.914618231
125.260020379 37.932684637
125.240082227 37.92959219
125.228526238 37.915228583
125.219574415 37.896714585
125.208506707 37.881170966
125.193125847 37.871771552
125.176605665 37.867621161
125.158213738 37.867580471
125.10035241 37.87506745
125.089366082 37.878078518
125.062103712 37.896144924
125.051524285 37.89858633
125.029388868 37.900091864
125.013194207 37.905991929
125.00660241 37.918443101
125.013519727 37.939520575
124.989024285 37.927435614
124.9795028 37.925238348
124.983653191 37.942328192
124.992198113 37.952948309
125.005463087 37.958441473
125.024180535 37.960028387
125.036631707 37.963609117
125.062022332 37.978583075
125.075694207 37.98045482
125.089610222 37.975816148
125.11597741 37.962713934
125.133799675 37.960028387
125.149912957 37.960760809
125.163828972 37.963771877
125.175384962 37.969916083
125.184906446 37.98045482
125.177500847 37.987941799
125.166514519 37.981268622
125.15528405 37.979966539
125.144297722 37.983465887
125.123301629 37.998439846
125.118500196 37.999457098
125.115326368 38.002386786
125.109711134 38.015285549
125.106700066 38.034613348
125.11622155 38.041937567
125.157562696 38.042547919
125.201670769 38.049383856
125.213226759 38.045721747
125.217295769 38.037176825
125.219574415 38.027818101
125.225189649 38.021429755
125.246348504 38.020086981
125.253184441 38.053941148
125.273692254 38.06240469
125.264903191 38.077948309
125.248301629 38.083807684
125.208506707 38.083482164
125.1904403 38.085760809
125.155853712 38.095526434
125.140635613 38.09780508
125.124522332 38.095119533
125.075694207 38.076076565
125.027354363 38.068996486
125.013519727 38.06240469
124.937836134 38.09780508
124.904877149 38.124823309
124.885264519 38.131659247
124.876475457 38.113959052
124.865489129 38.107082424
124.840098504 38.101996161
124.793793165 38.09780508
124.677093946 38.115383205
124.667246941 38.125718492
124.673594597 38.137193101
124.697764519 38.144964911
124.7451278 38.147935289
124.765147332 38.156073309
124.773285352 38.17597077
124.78003991 38.178615627
124.821787957 38.185939846
124.829112175 38.193793036
124.845469597 38.218410549
124.855967644 38.226955471
124.879161004 38.23065827
124.895274285 38.221502997
124.92090905 38.189357815
124.931000196 38.192938544
124.993011915 38.226955471
124.96762129 38.235337632
124.915049675 38.229071356
124.886566602 38.244574286
124.872325066 38.257635809
124.8701278 38.265448309
124.869639519 38.282131252
124.879730665 38.345200914
124.883881056 38.355292059
124.927989129 38.409084377
124.935069207 38.420599677
124.947276238 38.450506903
124.958994988 38.46088288
124.966563347 38.463364976
124.972178582 38.462144273
124.974864129 38.455145575
124.972666863 38.440375067
124.985199415 38.451361395
125.002045118 38.473618882
125.016368035 38.497951565
125.021006707 38.514878648
125.014740431 38.524969794
124.996836785 38.535874742
124.993011915 38.545884507
124.99488366 38.557684637
124.997080925 38.566148179
124.995697462 38.574042059
124.980865699 38.584157201
124.983948556 38.591941676
124.997747375 38.592521621
125.01768591 38.583523296
125.029200473 38.589495285
125.037625067 38.591271449
125.042966336 38.581682956
125.058241145 38.568467928
125.079744417 38.58398853
125.102769413 38.593523426
125.12800864 38.580281442
125.134532097 38.591253973
125.134043816 38.610012111
125.137217644 38.624741929
125.126068556 38.633246161
125.118418816 38.645168361
125.116547071 38.657212632
125.123383009 38.666327216
125.13755966 38.662332307
125.148228539 38.646128223
125.156599899 38.631726627
125.179622707 38.634655136
125.18349645 38.642431744
125.178197583 38.656826179
125.179796507 38.670002481
125.188990381 38.66697903
125.193545234 38.657378649
125.203485404 38.652553381
125.220381231 38.656092424
125.235733549 38.657837223
125.259613509 38.669738521
125.267295288 38.670310006
125.277982756 38.663077538
125.301036004 38.656805731
125.311324331 38.665016702
125.319791466 38.668584452
125.330605147 38.678747467
125.346016226 38.687079095
125.369108353 38.694760775
125.39722741 38.693670966
125.406748894 38.692857164
125.429698113 38.68748607
125.441905144 38.686224677
125.444427931 38.689520575
125.446136915 38.696722723
125.451019727 38.704006252
125.462657097 38.70726146
125.507090691 38.686224677
125.511810743 38.676703192
125.51465905 38.657863674
125.520762566 38.652655341
125.532725457 38.654120184
125.53793379 38.663641669
125.540782097 38.674261786
125.545176629 38.679388739
125.555186394 38.676662502
125.564952019 38.670111395
125.572357618 38.662298895
125.575205925 38.655747789
125.585948113 38.641913153
125.610362175 38.631089585
125.637950066 38.626410223
125.657806837 38.631008205
125.648529493 38.638495184
125.636810743 38.653998114
125.630625847 38.658880927
125.61988366 38.661444403
125.599619988 38.662258205
125.588959181 38.666327216
125.543711785 38.71112702
125.527598504 38.720933335
125.514740431 38.72280508
125.49097741 38.72288646
125.479095899 38.727728583
125.472911004 38.73432038
125.447032097 38.771551825
125.44800866 38.776190497
125.447764519 38.77724844
125.438731316 38.775580145
125.435883009 38.771307684
125.432139519 38.763088283
125.42457116 38.755926825
125.410899285 38.755072333
125.420013868 38.75018952
125.427826368 38.744126695
125.434174024 38.736761786
125.419313283 38.729264919
125.389244065 38.717449085
125.373128443 38.720541037
125.363047722 38.73456452
125.356211785 38.73456452
125.35035241 38.721258856
125.341075066 38.717474677
125.314545118 38.720933335
125.312754754 38.723863023
125.310313347 38.729803778
125.306407097 38.73460521
125.301036004 38.73456452
125.29590905 38.728461005
125.297943556 38.722113348
125.30347741 38.716742255
125.308360222 38.713527736
125.308360222 38.70726146
125.293711785 38.70319245
125.277679884 38.70331452
125.262461785 38.707912502
125.249766472 38.717230536
125.243500196 38.728338934
125.246918165 38.736721096
125.266856316 38.755072333
125.259776238 38.758286851
125.253184441 38.762518622
125.257823113 38.771918036
125.25269616 38.783596096
125.24097741 38.79311758
125.225189649 38.796087958
125.230479363 38.771918036
125.216556787 38.7397168
125.188119798 38.738607582
125.176663819 38.751228001
125.172111431 38.76322957
125.15677039 38.769267292
125.145273917 38.777087866
125.137217644 38.803534247
125.14332116 38.82037995
125.147552931 38.837144273
125.150726759 38.874579169
125.151966217 38.891528975
125.163627154 38.915460405
125.172980862 38.938799521
125.19002722 38.958519826
125.200901246 38.975262448
125.198643069 38.986056348
125.212168816 39.001532294
125.233368379 39.02988677
125.252002029 39.049638677
125.260020379 39.06635163
125.270802552 39.080606125
125.291107618 39.080471096
125.316009962 39.079535223
125.335052931 39.083441473
125.284070244 39.089556418
125.286694282 39.097046423
125.290611526 39.104530787
125.290334778 39.111281257
125.286179094 39.11704888
125.288153167 39.123542083
125.287364129 39.131822007
125.289154493 39.139064846
125.293304884 39.143540757
125.294444207 39.147365627
125.287364129 39.15232982
125.296722852 39.161525783
125.307139519 39.165432033
125.332041863 39.165961005
125.343516472 39.168890692
125.340098504 39.17601146
125.332041863 39.184963283
125.328868035 39.193304755
125.343597852 39.212876695
125.365082227 39.220892645
125.389008009 39.220282294
125.410899285 39.213812567
125.404877149 39.228949286
125.396006707 39.236558335
125.3935653 39.245794989
125.431895379 39.30072663
125.444916212 39.310614325
125.429209832 39.312241929
125.416270379 39.32025788
125.411143425 39.333482164
125.418223504 39.350978908
125.413422071 39.354437567
125.404633009 39.364650783
125.414805535 39.362005927
125.418955925 39.360541083
125.424408399 39.357123114
125.445648634 39.366929429
125.454193556 39.374335028
125.459239129 39.385077216
125.438487175 39.384995835
125.376475457 39.392523505
125.357025587 39.398749091
125.359955274 39.413153387
125.383555535 39.440334377
125.372569207 39.440985419
125.361827019 39.439927476
125.351654493 39.43740469
125.34253991 39.43353913
125.346039259 39.459621486
125.360362175 39.474676825
125.379405144 39.486273505
125.39722741 39.501776434
125.402598504 39.513739325
125.406586134 39.52749258
125.413666212 39.538723049
125.441986524 39.547552802
125.450287306 39.557928778
125.451752149 39.571275132
125.444916212 39.584377346
125.429698113 39.575384833
125.325694207 39.533189195
125.30355879 39.52728913
125.294932488 39.523016669
125.285980665 39.521185614
125.277110222 39.526027736
125.250743035 39.551214911
125.246348504 39.553615627
125.23707116 39.562892971
125.219574415 39.5664737
125.210297071 39.573065497
125.225189649 39.591213283
125.157562696 39.591213283
125.160980665 39.585191148
125.167816602 39.569769598
125.171234571 39.563869533
125.126800977 39.563869533
125.116953972 39.565863348
125.114268425 39.570949611
125.113536004 39.577582098
125.109711134 39.584377346
125.103770379 39.592474677
125.101654493 39.598700262
125.097504102 39.602728583
125.085541212 39.604193427
125.070078972 39.60150788
125.060313347 39.601141669
125.047699415 39.604193427
125.040049675 39.608547268
125.018077019 39.624009507
125.013519727 39.628729559
125.01059004 39.635321356
125.003265821 39.63686758
124.994395379 39.63690827
124.986338738 39.638983466
124.958262566 39.662014065
124.947276238 39.662990627
124.937836134 39.645819403
124.926524285 39.652980861
124.91309655 39.65623607
124.901621941 39.662054755
124.892670118 39.691961981
124.88160241 39.704169012
124.866302931 39.713853257
124.849131707 39.721502997
124.833588087 39.725978908
124.81128991 39.728338934
124.803070509 39.73045482
124.799164259 39.739813544
124.77064966 39.741811421
124.760390129 39.748007778
124.756439649 39.770656643
124.746104363 39.782945054
124.740244988 39.772162177
124.739512566 39.762111721
124.742930535 39.752997137
124.749522332 39.745062567
124.754730665 39.733710028
124.750254754 39.722357489
124.750021075 39.709892474
124.744186966 39.701307953
124.744624053 39.691356156
124.757115089 39.687905913
124.753045151 39.672458745
124.740532312 39.671791548
124.72980457 39.665292524
124.734243858 39.654996174
124.743907097 39.644354559
124.735137491 39.641587568
124.716412204 39.647127675
124.695016664 39.637539814
124.674928628 39.622069139
124.649062814 39.612120807
124.640574723 39.59460383
124.637452191 39.590483449
124.62378991 39.597967841
124.624115431 39.602199611
124.625336134 39.605169989
124.629405144 39.611639716
124.621918165 39.613104559
124.618662957 39.614732164
124.615733269 39.617865302
124.610803014 39.6286505
124.628573956 39.644747588
124.632148834 39.66294598
124.645095313 39.669466084
124.649912957 39.6836612
124.646983269 39.697577216
124.639903191 39.698065497
124.631439649 39.693915106
124.62378991 39.693548895
124.61988366 39.697943427
124.613373243 39.709784247
124.609466993 39.714667059
124.60035241 39.719305731
124.591563347 39.720851955
124.58480879 39.723578192
124.582286004 39.731756903
124.583262566 39.740545966
124.587901238 39.756293036
124.589121941 39.76585521
124.58472741 39.770941473
124.566009962 39.778876044
124.561615431 39.786688544
124.5654403 39.807114976
124.564056837 39.814276434
124.554942254 39.817084052
124.519786004 39.818060614
124.434418165 39.830755927
124.430023634 39.829331773
124.426361524 39.826483466
124.422618035 39.82420482
124.417735222 39.824530341
124.413666212 39.827826239
124.409759962 39.83592357
124.407237175 39.837591864
124.403575066 39.841498114
124.399180535 39.859808661
124.396576368 39.865545966
124.38965905 39.867865302
124.362559441 39.871730861
124.348887566 39.892808335
124.341807488 39.899969794
124.33480879 39.905585028
124.327972852 39.909735419
124.321543816 39.912665106
124.332123243 39.925116278
124.345713738 39.930243231
124.359385613 39.93353913
124.36996504 39.940008856
124.376068556 39.954087632
124.383067254 40.002671617
124.405772332 40.027777411
124.434092644 40.024562893
124.465830925 40.015285549
124.499603712 40.022528387
124.47925866 40.030747789
124.432871941 40.032782294
124.410248243 40.036200262
124.391449415 40.048285223
124.384369337 40.064886786
124.380381707 40.082668361
124.36996504 40.098293361
124.38556482 40.110472718
124.528191773 40.214135641
124.532377564 40.215995992
124.543022909 40.217649638
124.54865564 40.220905253
124.550205933 40.224729309
124.551756226 40.236201478
124.554856811 40.241420797
124.570876506 40.252427877
124.611184123 40.272168275
124.627203817 40.286120911
124.642603394 40.294285787
124.693039592 40.302812398
124.71246993 40.310305481
124.722960246 40.32668691
124.731280152 40.349734599
124.741202027 40.370353496
124.756808309 40.379190166
124.779855998 40.38347931
124.800836629 40.394072978
124.849877564 40.431590068
124.88382898 40.465541484
124.890650269 40.477892152
124.895507854 40.483628235
124.905636434 40.476496888
124.915144898 40.465851542
124.917935426 40.46109731
124.925893596 40.457893372
124.935298706 40.455567932
124.95958663 40.453655904
124.986613404 40.457376607
125.006612183 40.456136373
125.026300904 40.457376607
125.041287069 40.46109731
125.046299683 40.471070862
125.038858277 40.483473206
125.027696168 40.49587555
125.015293823 40.508277894
125.015293823 40.521972148
125.025112345 40.534374492
125.050020386 40.541815898
125.07358484 40.54801707
125.089656209 40.555510152
125.114615927 40.564140117
125.133064412 40.572873433
125.153063193 40.583983867
125.181536907 40.593957418
125.216418498 40.602639059
125.242411743 40.611320699
125.256105998 40.615041402
125.264839315 40.622482809
125.27098881 40.63245636
125.277189982 40.64361847
125.293313029 40.648579407
125.308195842 40.649819642
125.323182008 40.644858704
125.336669556 40.641138001
125.356048218 40.646047262
125.363592977 40.646719055
125.372481323 40.643928528
125.384573609 40.635091858
125.390878134 40.63245636
125.413254029 40.631784566
125.417129762 40.639277649
125.414959351 40.651938375
125.415159826 40.65268488
125.41888676 40.666562806
125.426328166 40.671162008
125.443691448 40.668733215
125.452993205 40.673384094
125.456300497 40.67968862
125.456920614 40.693692933
125.459814494 40.701341044
125.469064575 40.712916566
125.478779745 40.718756002
125.491647176 40.720926413
125.533091675 40.721804912
125.546475871 40.725939026
125.553348836 40.737101136
125.555364218 40.758753561
125.560066773 40.778338929
125.571745647 40.784901836
125.586525106 40.781852926
125.600322714 40.772706198
125.608125855 40.764179586
125.60993453 40.761285706
125.668690633 40.762164205
125.68264327 40.768882141
125.673341512 40.784075012
125.644816121 40.810585023
125.683211711 40.847895407
125.704089692 40.859194625
125.706414429 40.860452779
125.737006877 40.865207011
125.745895223 40.868152568
125.750752808 40.874767151
125.754731893 40.881691794
125.760933065 40.885670878
125.770803264 40.886239319
125.779174846 40.884637349
125.821962931 40.869754537
125.831678101 40.870839743
125.872709188 40.892698873
125.885214885 40.897504782
125.901544637 40.899313457
125.912293335 40.894145813
125.924023885 40.884068909
125.936167847 40.877402649
125.949603719 40.882570293
125.964279826 40.89130361
125.99507898 40.894145813
126.007843059 40.899313457
126.015336142 40.909131979
126.010013469 40.913886211
125.996629273 40.914919739
125.980557902 40.913627828
125.992030071 40.928355612
126.009548381 40.932696431
126.028565308 40.935280253
126.045515178 40.944685364
126.065824016 40.968611553
126.071973511 40.980600485
126.069286336 40.989385478
126.075642538 40.997085267
126.083704061 41.002511292
126.093367554 41.006231995
126.104064576 41.009177552
126.101325725 41.022096659
126.111505982 41.032431946
126.126440471 41.04323232
126.138171021 41.056978252
126.123753297 41.075530091
126.147421102 41.092273255
126.260695842 41.143122864
126.274751832 41.152579651
126.284363648 41.164103495
126.30953007 41.207821757
126.321002239 41.218880514
126.346168661 41.237690735
126.35733077 41.249421285
126.380585165 41.290814107
126.391488892 41.303423157
126.440891561 41.348381653
126.472517538 41.366520081
126.501301311 41.366106669
126.498200725 41.361765849
126.496495402 41.358045146
126.493756551 41.35478953
126.487658732 41.351792298
126.487658732 41.344402568
126.522126912 41.351947327
126.522126912 41.377630514
126.508277629 41.409153137
126.501301311 41.434371236
126.507605835 41.447238669
126.542229045 41.488993225
126.558765503 41.534158428
126.577265666 41.561805318
126.580883017 41.575241191
126.577265666 41.588315329
126.566516968 41.601932068
126.567033732 41.614153544
126.602070353 41.642058818
126.617883342 41.66593333
126.633954712 41.668620504
126.669301392 41.667121887
126.680101766 41.671901957
126.712244508 41.6941745
126.727954143 41.701254171
126.714156535 41.709909974
126.699635458 41.716421204
126.687129761 41.724017639
126.679481649 41.735980733
126.696586548 41.741225892
126.712502889 41.741225892
126.727282349 41.736910909
126.741545044 41.729185282
126.771362346 41.704483948
126.788622274 41.695905661
126.796270386 41.704949036
126.808879436 41.729831238
126.864793335 41.747272034
126.877454061 41.7735495
126.887117554 41.784918315
126.908511597 41.796157939
126.929802287 41.801041362
126.939620809 41.793729146
126.940654338 41.771766663
126.94613204 41.766185608
126.95858606 41.766805726
126.981168661 41.763317566
126.999631114 41.75204923
127.033155152 41.731588237
127.042663616 41.732647604
127.04679773 41.719237569
127.068346802 41.693580221
127.076615031 41.680790303
127.059613485 41.682237244
127.04896814 41.677741394
127.045454143 41.668000387
127.049433228 41.653427633
127.058993368 41.643299052
127.07403121 41.635702616
127.104675334 41.626168315
127.101884807 41.622292583
127.097233928 41.612448222
127.113977092 41.610355327
127.166066936 41.59495575
127.179709513 41.585163066
127.157850383 41.578600159
127.136508016 41.569246725
127.118007853 41.555759176
127.104675334 41.537414043
127.111961711 41.536638896
127.120850057 41.534778544
127.128239788 41.531574605
127.134647665 41.522014466
127.142399129 41.523926494
127.155938355 41.530541077
127.16513676 41.528525696
127.170356079 41.523926494
127.174335165 41.519275614
127.179709513 41.516950175
127.187254273 41.521497702
127.20032841 41.542064922
127.207098023 41.545940653
127.221980835 41.54077301
127.24451176 41.528008932
127.258309367 41.525476786
127.267456096 41.527337138
127.274690796 41.530437725
127.281460409 41.531057841
127.288953492 41.525476786
127.289780315 41.518552145
127.283579142 41.512195944
127.275155884 41.507338359
127.269058065 41.504961243
127.28636967 41.499018453
127.305128215 41.494677633
127.344247274 41.491318665
127.353704061 41.492713928
127.371119019 41.498088278
127.378973837 41.498811747
127.3884823 41.49602122
127.395923707 41.491370341
127.401349732 41.486822815
127.405122111 41.484497376
127.427342978 41.483102112
127.443052613 41.488011373
127.457108602 41.494729309
127.474110149 41.498811747
127.491008341 41.495401103
127.508474976 41.488166402
127.525838257 41.484342346
127.542891479 41.491318665
127.544751831 41.468891093
127.558807821 41.458245748
127.597513469 41.450339254
127.630689739 41.43287262
127.63833785 41.429875387
127.647071168 41.432975973
127.658129924 41.446566874
127.66267745 41.446980286
127.690272665 41.438970439
127.78463383 41.436903382
127.810368693 41.443569641
127.828868857 41.433957825
127.848867636 41.431322327
127.865145712 41.437420146
127.871863648 41.453749899
127.881475464 41.460881246
127.903592978 41.466255595
127.944210653 41.470854798
127.974234661 41.450339254
127.984466594 41.454008281
127.992734823 41.461139629
128.001416463 41.470854798
128.012371867 41.4601061
128.013095337 41.44227773
128.011545045 41.424346009
128.015162395 41.413287252
128.023844035 41.411478577
128.033662557 41.41375234
128.050612427 41.420728658
128.046891724 41.398766174
128.064151652 41.388430888
128.088129517 41.388895976
128.103942505 41.399592998
128.118205201 41.393443502
128.103942505 41.37912913
128.146110474 41.376338603
128.185694621 41.404450582
128.287600546 41.544700419
128.303000122 41.583406067
128.283259725 41.605058492
128.281399373 41.622990215
128.26899703 41.643376566
128.250910279 41.660119731
128.224141887 41.669447327
128.186004679 41.692908427
128.159132935 41.711822001
128.154895467 41.733758647
128.144250123 41.754713441
128.097017863 41.822616272
128.091023398 41.841736552
128.057640422 41.849849752
128.0478219 41.863983256
128.039967082 41.879589539
128.020433391 41.965062358
128.021466919 41.979815979
128.034592733 41.993742778
128.054643189 41.998316142
128.10053186 41.999091289
128.261969035 42.032861837
128.363771607 42.026479797
128.387129354 42.020692038
128.407593221 42.00834137
128.453998658 42.010330912
128.488311809 41.997515158
128.502367799 41.996094055
128.543708944 42.008057149
128.553320761 42.006636048
128.564379517 42.000796611
128.573681275 42.004310609
128.587737264 42.019994406
128.597555787 42.027125753
128.607891073 42.030174663
128.682511841 42.025730489
128.709280233 42.030174663
128.720959107 42.047589621
128.817077271 42.043868918
128.883171897 42.030408857
128.903480265 42.026273092
128.94006718 42.035368144
128.954846639 42.075236511
128.963838338 42.088517355
128.985025676 42.092909852
129.008900188 42.095080262
129.026573527 42.101875712
129.05334192 42.122856344
129.0634705 42.136085511
129.064710734 42.15375885
129.088481894 42.14319102
129.105535116 42.142105815
129.119797812 42.149366353
129.148013143 42.173705953
129.177675416 42.19344635
129.196382284 42.209181824
129.204237102 42.214323629
129.211161743 42.21995636
129.214262329 42.225692444
129.209301392 42.234684144
129.18687382 42.236027731
129.180776001 42.243107402
129.183359823 42.254553732
129.192144817 42.259850566
129.202893515 42.262744446
129.211161743 42.267007752
129.214779093 42.275637716
129.214158977 42.283699239
129.216122681 42.291063131
129.22800826 42.297729391
129.220670207 42.30367218
129.212401977 42.307754618
129.203720337 42.310157573
129.193901815 42.31077769
129.193901815 42.318244934
129.226147909 42.318141581
129.236276489 42.323877666
129.242270956 42.33873464
129.240307252 42.344031474
129.234209433 42.346563619
129.228628378 42.350206808
129.22800826 42.359198507
129.231108846 42.367647603
129.236069784 42.37436554
129.243097779 42.378706361
129.296634562 42.387232971
129.30376591 42.389584249
129.307073202 42.407619324
129.315444784 42.422321269
129.32650354 42.426765442
129.337872356 42.414414775
129.35213505 42.420615947
129.343763468 42.429220073
129.338595825 42.438366801
129.340146118 42.445472311
129.35213505 42.447952779
129.363090454 42.445007223
129.372082154 42.432553202
129.386241496 42.428109029
129.395439901 42.430201925
129.406188599 42.435963847
129.418797649 42.441053976
129.434093872 42.441105653
129.482463013 42.41071991
129.488870891 42.402555034
129.517086223 42.390953674
129.523390747 42.383383077
129.526801392 42.373073629
129.535172974 42.369559631
129.545301555 42.37131663
129.554189901 42.376871847
129.559460897 42.387000427
129.56028772 42.396793112
129.5631816 42.404105327
129.587676229 42.411365866
129.594497518 42.422217917
129.5956344 42.435602112
129.591706991 42.447952779
129.633461549 42.445420634
129.671185344 42.437927552
129.703328085 42.442371724
129.728856242 42.475858053
129.733610474 42.511799011
129.731440064 42.550918071
129.736504354 42.585153707
129.76306604 42.606237692
129.76306604 42.612387187
129.746219523 42.615513611
129.741568644 42.62900116
129.751077108 42.642927958
129.776708618 42.647191264
129.772264446 42.661660665
129.779395793 42.670393982
129.787560669 42.676853536
129.786527141 42.684734192
129.774538209 42.693338318
129.764409627 42.696852315
129.757588339 42.703647766
129.755624634 42.72227712
129.75727828 42.734705302
129.761309042 42.746048279
129.77350468 42.766951396
129.789524374 42.792479553
129.795002076 42.806483866
129.799032837 42.836662903
129.834172811 42.907485454
129.841510864 42.917794902
129.846678508 42.928233541
129.847608683 42.95128123
129.851742798 42.961900736
129.863111613 42.968980408
129.89329065 42.971538391
129.907036581 42.976137593
129.897734823 42.978747253
129.890086711 42.982803854
129.884092245 42.988514099
129.879751425 42.99603302
129.890706828 42.999417827
129.909206991 43.008435364
129.920679159 43.010269878
129.934115031 43.008409526
129.941556437 43.003629456
129.971735474 42.97373464
129.98134729 42.966732484
129.995713338 42.961900736
