57.7138778 -20.096123956
57.717946811 -20.096937758
57.729746941 -20.095147394
57.733653191 -20.096123956
57.74480228 -20.105075779
57.747731967 -20.111504816
57.744476759 -20.143812758
57.752207879 -20.154229425
57.762543165 -20.162041925
57.77214603 -20.190524998
57.791351759 -20.212172133
57.79574629 -20.22275156
57.793955925 -20.246758722
57.788910352 -20.274183852
57.778168165 -20.30478281
57.775889519 -20.32040781
57.781504754 -20.33570729
57.757090691 -20.343357029
57.72925866 -20.363946222
57.712250196 -20.387465102
57.719981316 -20.403985284
57.720713738 -20.411065363
57.726084832 -20.419610284
57.726817254 -20.425062758
57.723317905 -20.434258722
57.71762129 -20.436130467
57.711273634 -20.435804946
57.70582116 -20.438734633
57.692393425 -20.461521092
57.684743686 -20.471612238
57.672211134 -20.479668878
57.588389519 -20.504815363
57.503591342 -20.517347915
57.473643425 -20.515069269
57.426931186 -20.500909113
57.399261915 -20.497979425
57.378103061 -20.507012628
57.320567254 -20.458184503
57.307871941 -20.444268488
57.30347741 -20.430922133
57.31934655 -20.425062758
57.344086134 -20.429864191
57.357758009 -20.427422784
57.363780144 -20.414483331
57.368988477 -20.386407159
57.367849155 -20.376153253
57.356944207 -20.370375258
57.365000847 -20.345961196
57.36597741 -20.290785415
57.370616082 -20.260511977
57.377452019 -20.243096613
57.400157097 -20.200616144
57.408457879 -20.192315363
57.410492384 -20.189222915
57.4326278 -20.17180755
57.442230665 -20.167413019
57.4638778 -20.161553644
57.473643425 -20.157484633
57.490733269 -20.140801691
57.493825717 -20.122328383
57.494476759 -20.103692316
57.509613477 -20.077406508
57.521983269 -20.041599217
57.528086785 -20.030857029
57.532481316 -20.024834894
57.560069207 -20.0038388
57.566905144 -20.000909113
57.580332879 -19.99993255
57.586110873 -19.996758722
57.590505405 -19.989678644
57.59652754 -19.982598566
57.607106967 -19.979424738
57.622894727 -19.981703383
57.667735222 -19.994073175
57.679698113 -19.99993255
57.684825066 -20.011000258
57.679209832 -20.028252863
57.683116082 -20.037774347
57.69019616 -20.047295831
57.697764519 -20.064060154
57.706228061 -20.078383071
57.708832227 -20.08993906
57.7138778 -20.096123956
63.38559004 -19.756036066
63.366384311 -19.767185154
63.337738477 -19.738457941
63.332286004 -19.736423435
63.335215691 -19.717868748
63.343272332 -19.709730727
63.355235222 -19.704685154
63.389170769 -19.684747003
63.421153191 -19.674411717
63.454274936 -19.669854425
63.476247592 -19.677829685
63.493907097 -19.681898696
63.489593946 -19.701429946
63.469411655 -19.722914321
63.438731316 -19.733005467
63.416514519 -19.736423435
63.400645379 -19.744886977
63.38559004 -19.756036066
56.568614129 -10.386407159
56.56934655 -10.406508071
56.548513217 -10.382012628
56.529795769 -10.352959894
56.524587436 -10.340020441
56.524180535 -10.330010675
56.525563998 -10.327325128
56.527679884 -10.325372003
56.531016472 -10.3241513
56.535655144 -10.323907159
56.542816602 -10.346449477
56.568614129 -10.386407159
