124.35455896 -9.364181824
124.3478927 -9.374620463
124.345412232 -9.404179382
124.341743205 -9.411827494
124.332079712 -9.425470072
124.328617391 -9.433014832
124.328824097 -9.43983612
124.333371623 -9.457199402
124.332338095 -9.466604512
124.323553101 -9.480350444
124.310065552 -9.488722026
124.293064006 -9.493062845
124.273840373 -9.494923197
124.261593059 -9.49792043
124.257510621 -9.501227722
124.256580445 -9.499367371
124.253376506 -9.486448262
124.253376506 -9.480557149
124.256890503 -9.462883809
124.257510621 -9.455442403
124.253996623 -9.438699239
124.246865275 -9.421542663
124.237150106 -9.405212911
124.225781291 -9.391570333
124.210691773 -9.378857931
124.197462606 -9.373173523
124.183613323 -9.373896993
124.167231893 -9.380614929
124.153796021 -9.391880392
124.133745565 -9.4192689
124.121084839 -9.426917013
124.090285685 -9.421542663
124.06269047 -9.397874857
124.03003991 -9.3419735655
124.048350457 -9.337009373
124.129161004 -9.304945571
124.146739129 -9.302911066
124.159353061 -9.296482029
124.181325717 -9.26539479
124.190765821 -9.255140883
124.221202019 -9.241143488
124.28777103 -9.220798435
124.3857528 -9.202325128
124.396820509 -9.196465753
124.40528405 -9.185316665
124.425140821 -9.181573175
124.450205925 -9.180271092
124.450531446 -9.180189711
124.451503948 -9.200574239
124.436621134 -9.255868022
124.431815227 -9.29080129
124.427939494 -9.29948293
124.424787232 -9.303513692
124.420911499 -9.306924337
124.401687866 -9.331832377
124.371870565 -9.357050476
124.362620484 -9.362011414
124.358072958 -9.362218119
124.35455896 -9.364181824
127.0888778 -8.362725519
127.113617384 -8.365004165
127.137950066 -8.362725519
127.155528191 -8.354180597
127.18628991 -8.332452081
127.193125847 -8.329766534
127.2060653 -8.332614842
127.210948113 -8.339043878
127.21363366 -8.347832941
127.220388217 -8.357598566
127.241547071 -8.370212498
127.286875847 -8.382419529
127.306000196 -8.395196222
127.313243035 -8.415215753
127.303233269 -8.432305597
127.230153842 -8.486586196
127.184336785 -8.532321873
127.09262129 -8.603122654
127.028005405 -8.665459894
127.021169467 -8.6757138
127.009287957 -8.676690363
126.939219597 -8.692152602
126.874847852 -8.738457941
126.846202019 -8.752536717
126.69418379 -8.763441665
126.672373894 -8.768649998
126.660655144 -8.774183852
126.631358269 -8.795830988
126.62403405 -8.799004816
126.615489129 -8.80087656
126.593516472 -8.802015883
126.583262566 -8.805840753
126.544118686 -8.850274347
126.507823113 -8.911879165
126.472422722 -8.942803644
126.430186394 -8.954685154
126.165863477 -8.98837656
126.137950066 -8.99993255
126.121918165 -9.006524347
126.047536655 -9.057305597
125.947113477 -9.125746352
125.92847741 -9.131605727
125.869639519 -9.122653904
125.849864129 -9.124200128
125.83871504 -9.130059503
125.816905144 -9.14820729
125.805186394 -9.15211354
125.763682488 -9.15211354
125.742686394 -9.157321873
125.67855879 -9.193047784
125.660166863 -9.193536066
125.609385613 -9.186211847
125.593028191 -9.189629816
125.572601759 -9.205743097
125.552093946 -9.217217706
125.487966342 -9.240817967
125.378754102 -9.28101979
125.34278405 -9.302911066
125.291270379 -9.345472915
125.263682488 -9.357354425
125.251475457 -9.371514581
125.232920769 -9.399183852
125.222015821 -9.411065363
125.211110873 -9.419610284
125.196625196 -9.424737238
125.149912957 -9.428155206
125.130544467 -9.433770441
125.113617384 -9.444431248
125.09644616 -9.461195571
125.061625483 -9.48576530102
125.050930754 -9.424696843
125.046299683 -9.409863789
125.023768758 -9.374723816
125.022786906 -9.367695821
125.024802287 -9.351986185
125.023407024 -9.345578308
125.017877645 -9.338963725
124.996690308 -9.325837911
124.972815796 -9.304650573
124.965994507 -9.293385112
124.96015507 -9.27602183
124.954108928 -9.241501974
124.957932984 -9.211943054
124.974469442 -9.191892599
125.007232301 -9.186104838
125.027696168 -9.186311544
125.034517456 -9.188171896
125.041442098 -9.193236186
125.053379354 -9.206672058
125.059683879 -9.210496114
125.073946574 -9.211322937
125.082576538 -9.205535177
125.091464884 -9.196750183
125.106967814 -9.188481954
125.117923218 -9.187551778
125.1425212 -9.189102071
125.1506344 -9.185381368
125.153890015 -9.175769551
125.152653732 -9.170824419
125.151202841 -9.165020853
125.146965373 -9.154478862
125.145001669 -9.145177104
125.162003214 -9.082338562
125.16236495 -9.060634461
125.153993368 -9.04079071
125.139420614 -9.024771016
125.121333862 -9.011851908
125.102523642 -9.001309916
125.095288941 -8.994798685
125.091516561 -8.988597514
125.086814006 -8.986220398
125.076478719 -8.990767924
125.073016399 -8.996452332
125.068572225 -9.01588267
125.06531661 -9.023220724
125.051829061 -9.03500295
125.004441773 -9.05557017
124.978913615 -9.072003275
124.965891154 -9.077274272
124.94785608 -9.078514506
124.933024943 -9.074483744
124.921294393 -9.065492045
124.912974487 -9.052779642
124.907910197 -9.037483419
124.909150431 -9.020326843
124.922482951 -8.986323751
124.919507207 -8.96201549992
124.919525587 -8.962009373
124.953786655 -8.942640883
124.974782748 -8.922133071
125.023203972 -8.849053644
125.027598504 -8.833672784
125.036875847 -8.824802342
125.081716342 -8.80836354
125.09644616 -8.795830988
125.10035241 -8.778252863
125.106455925 -8.688734633
125.115000847 -8.665948175
125.1279403 -8.645603123
125.144297722 -8.631442967
125.164317254 -8.62476979
125.210134311 -8.617771092
125.22925866 -8.607517185
125.2373153 -8.60556406
125.273936394 -8.610935154
125.285166863 -8.607842706
125.314789259 -8.590427342
125.381032748 -8.571465753
125.40113366 -8.569268488
125.466970248 -8.573663019
125.487478061 -8.569268488
125.541514519 -8.545017185
125.565928582 -8.542087498
125.591807488 -8.549574477
125.603526238 -8.548923435
125.630869988 -8.521579685
125.649261915 -8.529554946
125.678884311 -8.530368748
125.73316491 -8.521579685
125.85059655 -8.483819269
125.897715691 -8.481133722
126.002207879 -8.499444269
126.042246941 -8.518812758
126.06910241 -8.521579685
126.091075066 -8.517185154
126.133474155 -8.50400156
126.141856316 -8.502862238
126.15503991 -8.501071873
126.200043165 -8.500420831
126.240244988 -8.494805597
126.260915561 -8.484551691
126.305023634 -8.453545831
126.336924675 -8.444431248
126.3701278 -8.425957941
126.381195509 -8.424086196
126.40113366 -8.423760675
126.411631707 -8.419122003
126.429698113 -8.432224217
126.450938347 -8.440687758
126.473968946 -8.445489191
126.497325066 -8.447035415
126.511973504 -8.452080988
126.548838738 -8.486748956
126.590098504 -8.472914321
126.66684004 -8.436944269
126.693125847 -8.429864191
126.712087436 -8.416599217
126.720225457 -8.412855727
126.731293165 -8.412774347
126.748301629 -8.41806406
126.755544467 -8.419122003
126.799327019 -8.4100888
126.842133009 -8.391045831
126.944590691 -8.318617446
126.967051629 -8.309014581
126.983897332 -8.312920831
126.999278191 -8.3241513
127.069590691 -8.357598566
127.0888778 -8.362725519
125.583018425 -8.314385675
125.573578321 -8.317315363
125.56934655 -8.312920831
125.562754754 -8.309177342
125.530528191 -8.299493097
125.517588738 -8.292168878
125.507090691 -8.280368748
125.503672722 -8.270765883
125.506358269 -8.261000258
125.514170769 -8.247735284
125.526621941 -8.235772394
125.562022332 -8.209161066
125.56934655 -8.196384373
125.580251498 -8.178969008
125.605153842 -8.153008722
125.632497592 -8.135023696
125.650645379 -8.142836196
125.642100457 -8.174737238
125.603526238 -8.268812758
125.5966903 -8.299248956
125.592295769 -8.307305597
125.583018425 -8.314385675
