-60.886789517 14.010077216
-60.882964648 13.98061758
-60.883046028 13.954413153
-60.895090299 13.877346096
-60.892201301 13.833197333
-60.904611783 13.784247137
-60.90729733 13.77732982
-60.910308398 13.776109117
-60.92284095 13.772691148
-60.927113411 13.769924221
-60.931752082 13.760321356
-60.940785286 13.722113348
-60.947010871 13.716294664
-60.950103319 13.714667059
-60.955067512 13.714667059
-60.973378059 13.738999742
-61.04816647 13.767320054
-61.064930793 13.786932684
-61.068104621 13.792181708
-61.074208137 13.798732815
-61.078114387 13.806301174
-61.071156379 13.821966864
-61.070057746 13.8320987
-61.071156379 13.85179271
-61.072743293 13.858221747
-61.075591601 13.86326732
-61.078114387 13.869614976
-61.078521288 13.879787502
-61.075917121 13.890366929
-61.066883918 13.909002997
-61.064930793 13.917303778
-61.059478319 13.931219794
-61.035552538 13.9649112
-61.026600715 13.987372137
-61.002268033 14.023138739
-60.9970597 14.027167059
-60.987294075 14.032538153
-60.982329882 14.037339585
-60.979969856 14.043524481
-60.976063606 14.061183986
-60.972075976 14.068101304
-60.947621223 14.102280992
-60.933461067 14.111883856
-60.914133267 14.10569896
-60.918609179 14.088446356
-60.911936002 14.079494533
-60.901031054 14.073391018
-60.892974413 14.064683335
-60.890207486 14.052232164
-60.886789517 14.010077216
