51.2152582947 24.6258503609
51.147451213 24.576278789
51.095464722 24.56018158
51.038879028 24.559871521
50.978882691 24.567726339
50.928601522 24.587208354
50.881007528 24.636404318
50.807871941 24.746649481
50.826670769 24.748683986
50.852793816 24.770005601
50.859629754 24.795599677
50.851084832 24.89081452
50.84278405 24.916083075
50.799978061 24.988755601
50.796641472 25.003607489
50.80738366 25.031642971
50.809743686 25.051214911
50.808604363 25.069159247
50.802419467 25.076971747
50.775726759 25.091864325
50.76840254 25.125799872
50.766937696 25.162583726
50.757823113 25.186224677
50.764984571 25.204291083
50.763438347 25.225287177
50.759043816 25.247503973
50.757823113 25.269354559
50.765798373 25.323553778
50.765147332 25.344468492
50.750987175 25.419623114
50.762461785 25.462713934
50.763845248 25.482407945
50.750987175 25.494696356
50.778005405 25.527044989
50.799327019 25.505560614
50.820485873 25.471828518
50.847178582 25.467352606
50.831309441 25.50779857
50.827891472 25.525051174
50.826670769 25.54311758
50.828623894 25.554348049
50.832204623 25.566148179
50.832855665 25.578517971
50.826670769 25.590887762
50.818532748 25.595770575
50.796560092 25.599595445
50.785004102 25.604559637
50.796397332 25.61725495
50.809580925 25.620591539
50.823496941 25.622137762
50.836924675 25.62881094
50.840179884 25.634507554
50.84652754 25.649847723
50.85059655 25.652980861
50.857188347 25.650824286
50.863536004 25.641424872
50.870941602 25.639308986
50.876149936 25.631781317
50.874278191 25.614935614
50.867686394 25.587836005
50.867686394 25.567043361
50.868662957 25.559556382
50.876719597 25.540594794
50.88152103 25.53514232
50.888682488 25.529486395
50.898692254 25.532212632
50.900726759 25.534857489
50.900075717 25.539740302
50.904144727 25.563137111
50.904795769 25.587062893
50.9091903 25.5977237
50.92058353 25.608343817
50.927500847 25.605169989
50.935720248 25.598334052
50.949554884 25.5977237
50.95590254 25.604681708
50.969899936 25.633856512
50.977549675 25.646144924
50.949880405 25.636460679
50.924327019 25.632310289
50.903168165 25.640122789
50.888682488 25.666652736
50.887543165 25.680894273
50.894867384 25.728094794
50.89730879 25.732570705
50.906993035 25.739935614
50.9091903 25.745103257
50.907969597 25.749253648
50.902842644 25.755275783
50.901703321 25.759466864
50.901703321 25.789536851
50.915537957 25.786444403
50.920258009 25.794378973
50.923594597 25.805161851
50.932871941 25.810614325
50.939707879 25.807196356
50.945567254 25.798488674
50.949229363 25.787014065
50.949554884 25.775295315
50.96371504 25.783880927
50.972992384 25.797512111
50.975922071 25.813788153
50.970713738 25.830511786
50.9638778 25.823675848
50.949392123 25.837958075
50.951182488 25.85927969
50.977305535 25.916449286
50.981455925 25.935858466
50.984222852 25.981350002
50.992523634 25.975734768
50.995616082 25.97284577
50.998545769 25.967027085
51.004730665 25.967027085
51.027354363 26.026922919
51.047373894 26.053045966
51.075938347 26.063910223
51.091075066 26.066961981
51.133148634 26.0820987
51.141856316 26.087795315
51.14722741 26.103094794
51.17058353 26.124579169
51.176117384 26.139593817
51.19434655 26.133530992
51.214854363 26.139349677
51.251231316 26.16010163
51.33073978 26.1211612
51.346853061 26.104885158
51.348480665 26.085638739
51.34636478 26.060695705
51.347178582 26.03900788
51.357676629 26.029730536
51.376638217 26.022894598
51.382497592 26.006170966
51.383474155 25.985581773
51.388438347 25.967027085
51.403981967 25.954087632
51.416514519 25.952093817
51.424327019 25.950873114
51.46753991 25.954046942
51.491953972 25.951890367
51.511973504 25.946112372
51.529470248 25.937323309
51.546071811 25.926092841
51.559418165 25.913763739
51.570323113 25.89838288
51.577484571 25.880845445
51.594737175 25.771877346
51.594493035 25.758246161
51.591563347 25.746649481
51.583506707 25.741766669
51.577647332 25.745062567
51.572032097 25.759507554
51.563324415 25.762884833
51.555430535 25.758693752
51.548350457 25.748846747
51.544606967 25.737372137
51.546071811 25.728094794
51.555023634 25.720648505
51.563649936 25.721625067
51.570323113 25.727484442
51.573985222 25.734930731
51.590098504 25.711900132
51.57683353 25.688666083
51.556813998 25.681626695
51.552907748 25.707586981
51.539317254 25.703924872
51.505137566 25.687160549
51.519704623 25.681708075
51.534922722 25.673244533
51.547129754 25.663153387
51.552907748 25.652980861
51.54948978 25.631170966
51.535899285 25.622381903
51.518809441 25.618719794
51.505137566 25.612005927
51.498301629 25.615912177
51.491384311 25.618231512
51.493662957 25.565822658
51.491547071 25.550645249
51.491384311 25.549302476
51.485850457 25.540513414
51.477549675 25.531073309
51.471934441 25.521389065
51.474294467 25.512111721
51.510996941 25.454291083
51.516937696 25.440171617
51.518809441 25.426214911
51.515716993 25.38283926
51.511973504 25.330226955
51.513194207 25.308254299
51.518809441 25.29706452
51.531260613 25.292181708
51.590017123 25.283758856
51.599131707 25.274888414
51.607595248 25.255113023
51.611094597 25.237534898
51.614593946 25.219794012
51.616547071 25.137193101
51.605723504 25.034247137
51.611013217 25.022365627
51.602305535 25.013820705
51.586924675 24.953436591
51.574066602 24.934393622
51.539398634 24.898871161
51.528819207 24.874416408
51.520843946 24.870591539
51.511729363 24.867865302
51.505137566 24.864081122
51.500254754 24.85537344
51.474213087 24.764471747
51.472829623 24.759426174
51.46753991 24.748683986
51.45582116 24.740668036
51.450368686 24.721665757
51.443614129 24.67975495
51.430430535 24.664496161
51.389984571 24.642482815
51.38152103 24.635077216
51.376149936 24.611883856
51.363536004 24.596340236
51.349782748 24.583807684
51.340586785 24.569891669
51.328949415 24.584784247
51.332692905 24.598863023
51.341644727 24.614691473
51.346853061 24.635077216
51.339121941 24.646185614
51.321136915 24.648179429
51.285980665 24.645005601
51.284434441 24.662502346
51.278086785 24.662990627
51.267914259 24.65619538
51.254567905 24.651800848
51.23698978 24.650051174
51.220957879 24.644232489
51.212575717 24.633693752
51.214854363 24.627183335
51.2152582947 24.6258503609
