-17.885121223 27.797919012
-17.926421679 27.742824611
-17.927601692 27.736517645
-17.92690996 27.73037344
-17.92690996 27.724351304
-17.930165168 27.71865469
-17.935129361 27.715643622
-17.940663215 27.713690497
-17.945139127 27.710760809
-17.946929491 27.704657294
-17.95030677 27.699530341
-17.957753059 27.693996486
-17.965240038 27.686997789
-17.968617317 27.677679755
-17.971302864 27.654364325
-17.979481575 27.642523505
-17.994130012 27.642238674
-18.015777148 27.653469143
-18.030669726 27.66787344
-18.039784309 27.681341864
-18.053130663 27.691229559
-18.126942512 27.700262762
-18.146636523 27.708563544
-18.160389778 27.722357489
-18.167225715 27.757554429
-18.140492317 27.768784898
-18.097767707 27.765366929
-18.056792773 27.756496486
-18.041981575 27.765204169
-18.003244595 27.798814195
-17.995350715 27.808050848
-17.994130012 27.818752346
-17.989857551 27.823716539
-17.968617317 27.83222077
-17.933949348 27.852036851
-17.914051887 27.849554755
-17.896473762 27.840318101
-17.88402259 27.827582098
-17.879261848 27.814520575
-17.885121223 27.797919012
-15.415638801 28.141506252
-15.414947069 28.114488023
-15.408558723 28.074896552
-15.406239387 28.068060614
-15.403920051 28.056301174
-15.39964759 28.042669989
-15.39159095 28.030218817
-15.383452929 28.024318752
-15.367583788 28.01581452
-15.363636848 28.009711005
-15.366281705 27.993475653
-15.374134895 27.975490627
-15.376698371 27.957505601
-15.363636848 27.9414737
-15.363636848 27.934637762
-15.374623176 27.92987702
-15.381906705 27.921210028
-15.39159095 27.899847723
-15.382720507 27.885484117
-15.37596595 27.867580471
-15.377837694 27.852280992
-15.394683398 27.845892645
-15.406971809 27.838324286
-15.439198371 27.802679755
-15.453033007 27.791245835
-15.523426887 27.771673895
-15.534901496 27.766424872
-15.539662239 27.76561107
-15.566029426 27.739406643
-15.577951627 27.73436107
-15.588246223 27.738918361
-15.597727017 27.74628327
-15.607248502 27.750311591
-15.650502082 27.753119208
-15.669545051 27.757147528
-15.685699023 27.763332424
-15.739654101 27.804348049
-15.747873502 27.814520575
-15.751861132 27.821356512
-15.772816536 27.83197663
-15.781971809 27.838446356
-15.786000129 27.844224351
-15.815052864 27.901271877
-15.821197069 27.92177969
-15.816070116 27.9414737
-15.820057746 27.952866929
-15.821766731 27.968329169
-15.820627408 27.984076239
-15.816070116 27.99603913
-15.806996223 28.005031643
-15.767689582 28.023993231
-15.749826627 28.035956122
-15.725209114 28.056870835
-15.708363411 28.08193594
-15.713693814 28.105902411
-15.702137825 28.115057684
-15.698109504 28.13304271
-15.700062629 28.152899481
-15.706206835 28.167385158
-15.695057746 28.16819896
-15.684396939 28.167629299
-15.674427864 28.165269273
-15.66527259 28.160549221
-15.650786913 28.163885809
-15.597035286 28.147528387
-15.521311002 28.147528387
-15.458729621 28.134222723
-15.435047981 28.140936591
-15.43871009 28.174872137
-15.409291145 28.17975495
-15.405262825 28.177923895
-15.399891731 28.165025132
-15.400135871 28.157212632
-15.408558723 28.153753973
-15.415638801 28.141506252
-17.207110521 28.026693299
-17.232705542 28.019106132
-17.257887595 28.024569541
-17.310073187 28.053473574
-17.343220902 28.097660414
-17.343376511 28.133356288
-17.338816929 28.171047137
-17.309673193 28.207117355
-17.259173291 28.217716638
-17.212721083 28.20544933
-17.170399543 28.181097723
-17.116118944 28.146226304
-17.104279474 28.123035265
-17.098419697 28.100763585
-17.113937355 28.080967118
-17.133525171 28.069778589
-17.163186526 28.045013603
-17.184975311 28.031619039
-17.207110521 28.026693299
-16.117746549 28.572088934
-16.127070472 28.543818502
-16.157397777 28.524482834
-16.231391363 28.488415548
-16.248014739 28.46112282
-16.268671853 28.443315981
-16.296135934 28.417762461
-16.323895608 28.397469471
-16.34163361 28.391334892
-16.355513649 28.381149772
-16.365771929 28.362455298
-16.366106516 28.341425299
-16.36057714 28.324581066
-16.358106228 28.314630928
-16.361332217 28.304423457
-16.371000228 28.297118609
-16.380015987 28.288342115
-16.38677316 28.264989735
-16.419232877 28.211382738
-16.427966322 28.167685903
-16.427695489 28.14966954
-16.441029426 28.13275788
-16.456776496 28.115464585
-16.521546655 28.057573086
-16.536327271 28.036474285
-16.545765754 28.023993231
-16.579710213 28.030332462
-16.634421505 28.011656512
-16.657439619 28.003653684
-16.676339732 27.997096487
-16.692683275 27.999846942
-16.7035517 28.013683183
-16.705751979 28.023000334
-16.70409095 28.034979559
-16.713246223 28.038275458
-16.721058723 28.044501044
-16.724110481 28.052679755
-16.725941536 28.071478583
-16.727894661 28.078599351
-16.741607226 28.09381745
-16.780629036 28.127875067
-16.788685676 28.143784898
-16.795399543 28.165269273
-16.810536262 28.181870835
-16.826812304 28.195746161
-16.83714759 28.208970445
-16.843983528 28.253078518
-16.847238736 28.262518622
-16.861195442 28.281887111
-16.873402473 28.305243231
-16.906605598 28.335150458
-16.91605809 28.354969806
-16.891935292 28.368656446
-16.837439857 28.391082809
-16.817766411 28.383563112
-16.79417884 28.369126695
-16.78254147 28.366034247
-16.770130989 28.366278387
-16.741566536 28.373480536
-16.719619393 28.383261875
-16.687189945 28.392780067
-16.664179503 28.400726786
-16.644398567 28.396429755
-16.604406381 28.399666977
-16.584633968 28.40109951
-16.564478886 28.415335341
-16.538929817 28.41787344
-16.528187629 28.42210521
-16.507135177 28.424134052
-16.486903534 28.438273596
-16.439930793 28.475246486
-16.420399543 28.490627346
-16.414296028 28.499212958
-16.411976692 28.513739325
-16.408273892 28.519842841
-16.389393684 28.528753973
-16.381214973 28.534247137
-16.363352017 28.5430362
-16.34105384 28.546576239
-16.322743293 28.553452867
-16.316395637 28.572088934
-16.300160286 28.56663646
-16.202707486 28.564032294
-16.141346809 28.583441473
-16.117746549 28.572088934
-14.244536913 28.129217841
-14.271392382 28.096136786
-14.301340299 28.067857164
-14.343169726 28.05068594
-14.369007942 28.05076732
-14.408314582 28.066961981
-14.428618944 28.071193752
-14.494862434 28.067816473
-14.507069465 28.071193752
-14.503407356 28.074774481
-14.499256965 28.086574611
-14.496449348 28.098537502
-14.496896939 28.102525132
-14.489735481 28.104315497
-14.455555793 28.099107164
-14.436024543 28.100531317
-14.398915168 28.111232815
-14.341175911 28.134507554
-14.270130989 28.17597077
-14.240142382 28.201564846
-14.224436002 28.218573309
-14.213531054 28.234930731
-14.207386848 28.254380601
-14.201893684 28.303900458
-14.193226692 28.321844794
-14.171294726 28.352362372
-14.146392382 28.423325914
-14.140858528 28.434881903
-14.127919075 28.443589585
-14.098296679 28.486639716
-14.075550911 28.536118882
-14.0361222 28.587388414
-14.02456621 28.637111721
-14.010121223 28.667466539
-14.005279101 28.703599351
-13.999908007 28.716742255
-13.98949134 28.726874091
-13.972645637 28.735907294
-13.935414192 28.749497789
-13.898671028 28.75389232
-13.86457272 28.744208075
-13.835519986 28.715480861
-13.824370898 28.681789455
-13.821156379 28.63666413
-13.828684049 28.551581122
-13.835194465 28.530747789
-13.852935351 28.492743231
-13.85655677 28.478989976
-13.857736783 28.44550202
-13.85655677 28.434881903
-13.853627082 28.428412177
-13.844349739 28.41429271
-13.842925585 28.406927802
-13.847767707 28.397406317
-13.865712043 28.38287995
-13.869618293 28.376898505
-13.870106575 28.367743231
-13.871815559 28.357977606
-13.875152148 28.349066473
-13.892079231 28.32819245
-13.900217252 28.311102606
-13.91128496 28.27724844
-13.933705207 28.244208075
-13.966786262 28.227972723
-14.072580533 28.212836005
-14.118560351 28.200506903
-14.152007616 28.179999091
-14.191639778 28.170843817
-14.21222897 28.160549221
-14.244536913 28.129217841
-17.865834114 28.840643622
-17.841664192 28.835435289
-17.801380989 28.849310614
-17.781483528 28.842271226
-17.765004036 28.829413153
-17.755767382 28.818508205
-17.757801887 28.798651434
-17.750602427 28.774762657
-17.741438085 28.757911764
-17.721882905 28.749028849
-17.72104416 28.730643804
-17.751099501 28.699983927
-17.76525352 28.677548591
-17.757532134 28.657676527
-17.745604196 28.621886961
-17.753660396 28.603026217
-17.759856403 28.576821003
-17.783340291 28.548595946
-17.803297797 28.509456075
-17.821685351 28.475816148
-17.830881314 28.455389716
-17.83706621 28.455389716
-17.842884895 28.46503327
-17.865122057 28.475381034
-17.872153171 28.494426209
-17.879687702 28.543712542
-17.891166431 28.555651122
-17.898589854 28.571648749
-17.919289368 28.596303282
-17.924838354 28.618339006
-17.963098058 28.671488781
-17.967145671 28.696735831
-17.971413904 28.712563172
-17.976144986 28.728176174
-17.992298957 28.738592841
-18.002186653 28.749579169
-17.996815559 28.780096747
-17.970692512 28.813218492
-17.936350064 28.840318101
-17.911145078 28.855619032
-17.89053454 28.843945767
-17.865834114 28.840643622
-13.458729621 29.147406317
-13.462391731 29.132147528
-13.459136523 29.118597723
-13.454009569 29.104071356
-13.451893684 29.08600495
-13.453846809 29.078924872
-13.462269661 29.065741278
-13.465565559 29.058050848
-13.466216601 29.049750067
-13.464588996 29.032171942
-13.465565559 29.023911851
-13.482045051 28.999457098
-13.510487434 28.977484442
-13.543039517 28.961737372
-13.589955207 28.951361395
-13.599720832 28.942043361
-13.607574023 28.932603257
-13.619781054 28.928371486
-13.635487434 28.927232164
-13.658436653 28.922593492
-13.674387174 28.921535549
-13.709299283 28.914699611
-13.736073371 28.896470445
-13.757191536 28.870306708
-13.77464759 28.839585679
-13.780873176 28.839585679
-13.791493293 28.853461005
-13.812123176 28.859076239
-13.859689908 28.85944245
-13.867298957 28.864894924
-13.873646614 28.876857815
-13.876332161 28.888820705
-13.873036262 28.894232489
-13.861927864 28.897406317
-13.853423632 28.904974677
-13.842925585 28.921535549
-13.839100715 28.937892971
-13.835072395 28.987209377
-13.832102017 29.000392971
-13.798491991 29.048081773
-13.780873176 29.064886786
-13.76683509 29.074042059
-13.750559049 29.080633856
-13.7314347 29.084662177
-13.708892382 29.08600495
-13.690174934 29.090887762
-13.656483528 29.116034247
-13.636830207 29.126939195
-13.61827552 29.132391669
-13.602365689 29.134263414
-13.551177538 29.134222723
-13.537220832 29.138251044
-13.526112434 29.150295315
-13.513986783 29.174750067
-13.503163215 29.208156643
-13.495472786 29.225083726
-13.482980924 29.239935614
-13.465402799 29.243312893
-13.44660397 29.232977606
-13.417795377 29.208929755
-13.427601692 29.188706773
-13.431507942 29.172430731
-13.43879147 29.159002997
-13.458729621 29.147406317
-13.492014127 29.242661851
-13.517079231 29.226263739
-13.541249153 29.229396877
-13.541249153 29.236802476
-13.525746223 29.251206773
-13.517933723 29.27350495
-13.508168098 29.289455471
-13.486683723 29.284613348
-13.477894661 29.266262111
-13.492014127 29.242661851
-4.296899559 35.172249026
-4.297730464 35.171536821
-4.299392274 35.171655522
-4.300935383 35.172070974
-4.301884988 35.172664478
-4.301054083 35.172901879
-4.300045128 35.172723828
-4.29870071 35.17261202
-4.296899559 35.172249026
-2.426501992 35.182113679
-2.431414171 35.178765584
-2.43585871 35.181189878
-2.434242514 35.185230367
-2.429393927 35.186038465
-2.426501992 35.182113679
-3.90195685 35.215464452
-3.902532579 35.214787124
-3.90313179 35.215038701
-3.902962459 35.215309632
-3.90232938 35.215904714
-3.90195685 35.215464452
-3.899953472 35.217860931
-3.899818007 35.217285203
-3.900495334 35.217352935
-3.901003329 35.21721747
-3.901308127 35.217319069
-3.90127426 35.217623866
-3.900732398 35.217827065
-3.899953472 35.217860931
-2.9129065978 35.2769156402
-2.943045614 35.267874248
-2.963767863 35.286219381
-2.966920126 35.313866272
-2.94781773593 35.329768125
-2.922027148 35.287990627
-2.913197395 35.27724844
-2.912912564 35.276922919
-2.9129065978 35.2769156402
-5.415969541 35.913531019
-5.417888242 35.910874356
-5.42024972 35.911612318
-5.42084009 35.914268981
-5.418773796 35.915597312
-5.415969541 35.913531019
-5.327381965 35.904242255
-5.309315559 35.900824286
-5.283070442 35.911688544
-5.291859504 35.89052969
-5.335560676 35.862372137
-5.3407255001 35.847365679
-5.362897909 35.863806865
-5.378400838 35.88168691
-5.389717977 35.902047425
-5.39885867894 35.9245038528
-5.398833788 35.924505927
-5.385161913 35.926174221
-5.366200325 35.924750067
-5.344105598 35.914740302
-5.327381965 35.904242255
-0.740142382 37.702460028
-0.726470507 37.665187893
-0.746896939 37.68378327
-0.75121009 37.713283596
-0.750314908 37.74603913
-0.754505989 37.774400132
-0.749419726 37.774888414
-0.748199023 37.773179429
-0.748199023 37.770493882
-0.746978319 37.768215236
-0.743641731 37.763983466
-0.737538215 37.753648179
-0.732736783 37.747748114
-0.741851366 37.725531317
-0.740142382 37.702460028
1.437510613 38.749253648
1.486094597 38.694566148
1.526383264 38.677767624
1.565683815 38.691485505
1.582367384 38.674912828
1.581390821 38.653062242
1.55748575 38.648838859
1.523448113 38.649400132
1.474222865 38.674596642
1.458085631 38.681340739
1.438731316 38.670274156
1.429047071 38.664943752
1.41279168 38.646445832
1.3969767 38.638646307
1.382950333 38.642060925
1.38755054 38.662377861
1.383459549 38.670000028
1.383474155 38.680405992
1.388682488 38.687119859
1.39332116 38.696275132
1.393728061 38.704209703
1.386485222 38.707668361
1.382823113 38.711574611
1.388612436 38.719114917
1.401002263 38.730326346
1.408029279 38.724485848
1.418142123 38.727891343
1.427907748 38.739365953
1.431325717 38.754868882
1.435394727 38.755357164
1.43653405 38.75401439
1.43653405 38.751613674
1.437510613 38.749253648
1.578379754 39.104885158
1.589691602 39.102769273
1.597911004 39.098130601
1.605967644 39.091294664
1.600840691 39.082383531
1.606944207 39.062363999
1.623057488 39.029201565
1.606455925 39.028387762
1.593272332 39.020249742
1.58464603 39.007432359
1.581390821 38.991929429
1.576182488 38.985825914
1.541188998 38.967759507
1.509776238 38.930161851
1.497243686 38.92186107
1.469493035 38.91026439
1.458669467 38.900132554
1.454925977 38.904038804
1.448415561 38.908799546
1.444997592 38.913153387
1.42855879 38.896592515
1.414728475 38.890621737
1.404144727 38.856756903
1.403104951 38.832277563
1.370650433 38.831809407
1.360850457 38.851914781
1.343516472 38.862372137
1.328868035 38.857896226
1.322032097 38.857896226
1.318614129 38.859116929
1.317718946 38.859849351
1.307790561 38.857896226
1.300303582 38.870469468
1.283457879 38.874619859
1.266612175 38.870347398
1.259938998 38.857896226
1.228200717 38.874619859
1.216644727 38.885077216
1.212168816 38.903225002
1.224294467 38.927354234
1.227549675 38.942002671
1.218435092 38.954087632
1.226735873 38.960191148
1.236827019 38.965155341
1.248220248 38.966376044
1.259938998 38.96092357
1.267263217 38.966050523
1.276866082 38.968003648
1.300954623 38.967759507
1.292246941 39.009873765
1.292816602 39.033270575
1.304453972 39.043443101
1.317556186 39.047593492
1.332530144 39.057237046
1.356781446 39.077622789
1.363047722 39.077622789
1.372243686 39.071397203
1.391937696 39.083319403
1.403330925 39.077622789
1.423187696 39.090562242
1.450694207 39.10179271
1.478688998 39.107733466
1.499522332 39.104885158
1.508636915 39.114365953
1.522715691 39.118882554
1.537119988 39.118028062
1.55355879 39.107652085
1.560394727 39.105821031
1.578379754 39.104885158
2.982307966 39.139183508
2.96215447 39.116062235
2.93086676 39.118175889
2.913614193 39.151962675
2.940424231 39.171930378
2.980582428 39.185560431
2.985366533 39.16617614
2.982307966 39.139183508
3.179453972 39.96877676
3.193125847 39.955104885
3.198415561 39.959295966
3.201345248 39.960516669
3.214203321 39.955104885
3.203623894 39.94916413
3.168467644 39.936387437
3.155609571 39.934027411
3.140879754 39.928086656
3.127452019 39.916693427
3.115489129 39.908758856
3.10434004 39.913519598
3.096934441 39.913519598
3.094737175 39.881211656
3.130218946 39.876410223
3.206797722 39.893011786
3.206797722 39.88682689
3.196787957 39.881211656
3.195567254 39.874538479
3.196462436 39.86713288
3.193125847 39.85956452
3.187185092 39.854356187
3.181488477 39.851385809
3.165212436 39.845892645
3.133555535 39.839544989
3.126312696 39.831854559
3.124847852 39.811102606
3.136485222 39.788763739
3.162608269 39.769110419
3.194834832 39.754990953
3.223887566 39.749701239
3.292491082 39.749701239
3.309906446 39.755072333
3.340342644 39.778998114
3.3545028 39.784369208
3.383148634 39.777940171
3.439789259 39.751979885
3.474375847 39.749701239
3.468516472 39.739325262
3.469411655 39.731065171
3.472666863 39.723578192
3.474375847 39.715521552
3.470550977 39.710313218
3.464366082 39.706406968
3.461436394 39.700059312
3.46753991 39.68756745
3.453868035 39.659694729
3.443207227 39.645778713
3.429942254 39.639837958
3.41309655 39.635077216
3.401866082 39.623236395
3.398692254 39.607733466
3.406016472 39.591986395
3.365407748 39.563055731
3.3232528 39.523871161
3.29175866 39.475775458
3.282481316 39.420111395
3.272715691 39.424750067
3.268809441 39.427557684
3.25261478 39.386175848
3.221039259 39.359890041
3.129405144 39.315741278
3.090993686 39.290065822
3.083262566 39.280096747
3.079112175 39.276882229
3.069997592 39.271755276
3.060801629 39.269069729
3.056651238 39.272975979
3.029307488 39.30463288
3.022959832 39.308172919
3.007334832 39.313747463
3.001312696 39.317694403
2.996755405 39.326971747
2.994639519 39.337958075
2.991384311 39.347276109
2.984222852 39.351141669
2.974457227 39.353461005
2.958832227 39.36322663
2.950043165 39.365505276
2.938161655 39.364365953
2.922373894 39.359727281
2.912608269 39.358669338
2.825450066 39.363592841
2.786631707 39.375921942
2.761729363 39.400213934
2.751231316 39.454779364
2.736582879 39.462103583
2.739512566 39.478298244
2.754893425 39.502630927
2.743500196 39.52338288
2.715098504 39.543524481
2.681651238 39.5586612
2.65528405 39.564724026
2.633474155 39.559271552
2.56910241 39.531520901
2.555674675 39.520046291
2.544932488 39.492987372
2.520192905 39.47284577
2.492686394 39.470241604
2.473806187 39.495794988
2.4716903 39.497910874
2.469004754 39.505886135
2.472178582 39.512152411
2.480642123 39.516221421
2.453949415 39.537420966
2.445811394 39.528876044
2.438161655 39.525213934
2.431162957 39.527696031
2.425954623 39.537420966
2.398285352 39.524969794
2.391856316 39.523749091
2.382090691 39.529242255
2.37370853 39.547186591
2.355642123 39.5586612
2.350759311 39.576483466
2.351735873 39.596747137
2.357676629 39.611883856
2.429372592 39.646673895
2.450450066 39.650336005
2.468272332 39.659369208
2.517588738 39.700140692
2.532399936 39.706366278
2.552419467 39.708685614
2.569672071 39.713080145
2.586599155 39.723822333
2.617686394 39.749701239
2.621918165 39.754461981
2.629079623 39.766872463
2.631358269 39.770127671
2.635996941 39.771022854
2.64747155 39.769232489
2.651866082 39.770127671
2.676036004 39.78908926
2.679209832 39.794012762
2.683604363 39.796210028
2.703949415 39.814154364
2.710622592 39.818548895
2.717946811 39.820135809
2.747406446 39.831610419
2.761729363 39.840521552
2.773203972 39.849636135
2.784841342 39.856716213
2.79965254 39.85956452
2.803233269 39.861599026
2.809580925 39.870550848
2.813243035 39.872585354
2.834157748 39.8711612
2.843597852 39.872585354
2.873057488 39.883490302
2.933278842 39.914496161
2.964121941 39.920965887
3.020274285 39.925156968
3.075694207 39.936102606
3.179453972 39.96877676
4.116791212 40.059637762
4.139089389 40.045925197
4.136973504 40.0430362
4.134857618 40.035711981
4.13542728 40.028225002
4.142263217 40.024807033
4.148529493 40.027818101
4.155935092 40.034654039
4.165782097 40.045925197
4.163828972 40.060573635
4.170502149 40.064601955
4.176524285 40.059230861
4.172618035 40.045925197
4.17864017 40.038845119
4.206716342 40.024807033
4.212494337 40.017238674
4.216888868 40.012600002
4.227224155 40.004909572
4.232676629 40.002712307
4.247487826 40.000392971
4.254567905 39.997463283
4.264903191 39.986395575
4.273366733 39.969956773
4.27239017 39.955349026
4.254567905 39.949693101
4.270111524 39.943752346
4.285899285 39.944606838
4.298024936 39.941961981
4.302907748 39.925523179
4.30730228 39.910549221
4.328786655 39.883449611
4.337087436 39.86717357
4.330332879 39.86717357
4.326263868 39.873439846
4.319753451 39.879217841
4.311778191 39.884182033
4.302907748 39.887600002
4.300059441 39.821763414
4.248138868 39.8164737
4.177175326 39.843329169
4.015065951 39.92576732
3.981374545 39.936061916
3.941335483 39.936753648
3.869313998 39.925523179
3.830658399 39.936061916
3.83489017 39.947984117
3.835703972 39.962429104
3.839121941 39.975572007
3.85051517 39.983872789
3.842377149 39.989406643
3.822032097 39.995143947
3.812917514 40.001206773
3.80339603 40.013169664
3.803151889 40.018133856
3.807058139 40.023260809
3.809499545 40.03538646
3.821869337 40.047634182
3.891530795 40.059556382
3.915456576 40.051988023
4.011892123 40.059556382
4.052012566 40.058172919
4.063405795 40.059556382
4.077565951 40.064276434
4.094330274 40.074733791
4.105072462 40.079413153
4.107839389 40.067613023
4.116791212 40.059637762
1.986162557 42.441260681
1.98337203 42.441260681
1.960634399 42.443715312
1.947508585 42.451234233
1.945648233 42.463817445
1.956603638 42.481775005
1.967972453 42.485702413
1.97830774 42.474979554
1.98843632 42.458184713
1.999495076 42.44389618
1.996084432 42.442836812
1.986162557 42.441260681
-7.696156379 43.731512762
-7.691558398 43.727240302
-7.683990038 43.728705145
-7.675160286 43.731634833
-7.673573371 43.73436107
-7.674143033 43.739203192
-7.672474739 43.743841864
-7.664621549 43.745917059
-7.658029752 43.746527411
-7.641021288 43.752671617
-7.637603319 43.739081122
-7.613026496 43.704291083
-7.615956184 43.688544012
-7.607167121 43.691107489
-7.594593879 43.703680731
-7.586415168 43.717962958
-7.574289517 43.714544989
-7.565419075 43.719794012
-7.55577552 43.727606512
-7.541411913 43.731634833
-7.502023892 43.728338934
-7.490142382 43.725327867
-7.407622851 43.691229559
-7.367054817 43.680080471
-7.304107226 43.598578192
-7.256743944 43.581610419
-7.260161913 43.577500718
-7.262277799 43.5742862
-7.265126106 43.571478583
-7.271066861 43.568630276
-7.271066861 43.561143296
-7.257720507 43.556667385
-7.249623176 43.559393622
-7.242014127 43.564805406
-7.230091926 43.568630276
-7.215443489 43.568670966
-7.194894986 43.563503322
-7.156971809 43.559271552
-7.095855273 43.560980536
-7.07933509 43.568630276
-7.061594205 43.561590887
-7.044300911 43.559393622
-7.03233802 43.553005276
-7.030873176 43.533229885
-7.037749804 43.522243557
-7.048410611 43.510443427
-7.053618944 43.496527411
-7.044585741 43.479193427
-7.043853319 43.479193427
-7.038319465 43.479193427
-7.032704231 43.495469468
-7.029530403 43.512152411
-7.023752408 43.525824286
-7.010365364 43.533229885
-7.001372851 43.556667385
-6.943959114 43.565985419
-6.845936653 43.568630276
-6.830718554 43.565130927
-6.77082272 43.568630276
-6.729644335 43.559759833
-6.703724739 43.557562567
-6.648671028 43.579046942
-6.597727017 43.575222072
-6.546620246 43.561835028
-6.510121223 43.547471421
-6.499663866 43.553086656
-6.488270637 43.555121161
-6.462961392 43.554958401
-6.464751757 43.559678453
-6.467274543 43.570868231
-6.469105598 43.575384833
-6.455311653 43.573350328
-6.431792773 43.563421942
-6.417632616 43.561143296
-6.366118944 43.568630276
-6.314605273 43.568630276
-6.300038215 43.570624091
-6.273915168 43.579616604
-6.249989387 43.584051825
-6.243885871 43.589300848
-6.236398892 43.594305731
-6.222767707 43.595892645
-6.190988736 43.578558661
-6.178049283 43.575384833
-6.100412564 43.569199937
-6.084950325 43.575384833
-6.069162564 43.569688218
-6.054188606 43.574571031
-6.039214648 43.583115953
-6.023508267 43.588446356
-5.90737871 43.588446356
-5.902170377 43.597520249
-5.908843554 43.604925848
-5.913075325 43.612860419
-5.900624153 43.623236395
-5.902577278 43.626491604
-5.905344205 43.633815822
-5.90737871 43.63682689
-5.875152148 43.6367862
-5.863514778 43.641424872
-5.859038866 43.653631903
-5.852202929 43.662949937
-5.836333788 43.662217515
-5.803822395 43.650498765
-5.78233802 43.637030341
-5.727406379 43.589544989
-5.708851692 43.568630276
-5.701975064 43.568630276
-5.696766731 43.582831122
-5.689198371 43.578558661
-5.677479621 43.561143296
-5.625599739 43.554958401
-5.424224413 43.561143296
-5.393869595 43.555243231
-5.390736457 43.541327216
-5.40355384 43.525417385
-5.420806444 43.513373114
-5.413929817 43.506537177
-5.403675911 43.511094468
-5.382639127 43.516384182
-5.372425911 43.520209052
-5.365101692 43.526719468
-5.362212694 43.533392645
-5.356800911 43.538600979
-5.341949023 43.540635484
-5.299875455 43.537665106
-5.284006314 43.533474026
-5.21190345 43.498358466
-5.177886523 43.489365953
-5.091664192 43.486273505
-5.06769772 43.481390692
-5.057036913 43.468613999
-5.045033332 43.474310614
-4.975168424 43.458766994
-4.967111783 43.46088288
-4.952544726 43.470078843
-4.941029426 43.471747137
-4.930246549 43.469509182
-4.907622851 43.460638739
-4.836537239 43.449774481
-4.75499427 43.421657619
-4.734934049 43.417100328
-4.512318489 43.402736721
-4.508168098 43.40245189
-4.48167884 43.383612372
-4.460804817 43.398708401
-4.432525194 43.402614651
-4.404896614 43.396999416
-4.385568814 43.383612372
-4.379261848 43.383612372
-4.368763801 43.396185614
-4.359364387 43.399684963
-4.312814908 43.395778713
-4.18858802 43.405381578
-4.160959439 43.421169338
-4.097727017 43.435614325
-4.073963996 43.438259182
-4.029204882 43.438259182
-4.023426887 43.440944729
-4.022572395 43.445746161
-4.020904101 43.450384833
-4.01276608 43.452500718
-4.005686002 43.450791734
-3.9814347 43.438259182
-3.976470507 43.442938544
-3.971994595 43.444159247
-3.967152473 43.444199937
-3.961008267 43.445095119
-3.965443489 43.446844794
-3.974598762 43.452500718
-3.974598762 43.458766994
-3.940052864 43.477118231
-3.922718879 43.482611395
-3.906320767 43.479193427
-3.893788215 43.484890041
-3.890858528 43.483710028
-3.885853645 43.479193427
-3.856800911 43.49237702
-3.826730924 43.497015692
-3.797027148 43.492743231
-3.769154426 43.479193427
-3.812652148 43.46487051
-3.830962694 43.456000067
-3.844309049 43.445095119
-3.833851692 43.435899156
-3.82925371 43.433132229
-3.823841926 43.430772203
-3.827259895 43.430039781
-3.829986132 43.430121161
-3.831532356 43.429063218
-3.831288215 43.424587307
-3.820220507 43.424261786
-3.811187304 43.425482489
-3.796498176 43.430772203
-3.789540168 43.435858466
-3.776193814 43.449652411
-3.772287564 43.452500718
-3.763498502 43.450262762
-3.754139778 43.440497137
-3.744984504 43.438259182
-3.740712043 43.442328192
-3.743031379 43.451361395
-3.748890754 43.460720119
-3.755523241 43.465521552
-3.755523241 43.471747137
-3.741525845 43.470241604
-3.735747851 43.46881745
-3.728871223 43.465521552
-3.727162239 43.470526434
-3.725819465 43.470526434
-3.721424934 43.471747137
-3.728871223 43.479193427
-3.717925585 43.482733466
-3.688384569 43.484238999
-3.67699134 43.489447333
-3.667062955 43.496649481
-3.656076627 43.500677802
-3.57941647 43.518255927
-3.554351366 43.516913153
-3.556263801 43.499701239
-3.539051887 43.498968817
-3.525624153 43.491644598
-3.514719205 43.483221747
-3.505360481 43.479193427
-3.436634895 43.470485744
-3.431507942 43.466864325
-3.428293424 43.461737372
-3.427154101 43.455633856
-3.428618944 43.446844794
-3.432606575 43.44542064
-3.438872851 43.446559963
-3.447010871 43.445095119
-3.451161262 43.447699286
-3.460601366 43.452215887
-3.47004147 43.454169012
-3.474354621 43.448797919
-3.47777259 43.443060614
-3.485829231 43.43756745
-3.501698371 43.430772203
-3.481800911 43.428045966
-3.470448371 43.416774807
-3.461089648 43.412461656
-3.447010871 43.430772203
-3.436187304 43.419012762
-3.422230598 43.41807689
-3.392486132 43.424587307
-3.378041145 43.422552802
-3.330311653 43.41034577
-3.268950976 43.404120184
-3.223540819 43.391628322
-3.210519986 43.389837958
-3.200021939 43.385524807
-3.17690996 43.366237697
-3.150868293 43.360215562
-3.131499804 43.355780341
-3.112375455 43.354071356
-3.089507616 43.366888739
-3.057850715 43.352362372
-3.008168098 43.320908921
-3.008168098 43.328436591
-3.020008918 43.352565822
-3.023426887 43.364935614
-3.029286262 43.372137762
-3.029286262 43.376166083
-3.024322069 43.380926825
-3.010975715 43.384141343
-2.999419726 43.394354559
-2.955922004 43.413845119
-2.939930793 43.417100328
-2.939930793 43.424587307
-2.946685351 43.424587307
-2.946685351 43.430772203
-2.930083788 43.437933661
-2.905262825 43.439886786
-2.854237434 43.438259182
-2.806996223 43.441677151
-2.785959439 43.447862046
-2.768625455 43.452500718
-2.755848762 43.450262762
-2.734934049 43.438788153
-2.715199348 43.424505927
-2.706532356 43.413682359
-2.694935676 43.388617255
-2.691029426 43.367539781
-2.687001106 43.371446031
-2.679269986 43.389837958
-2.678456184 43.39463939
-2.678781705 43.400580145
-2.677805142 43.40619538
-2.67296302 43.41034577
-2.66120358 43.411932684
-2.649322069 43.409531968
-2.638091601 43.405951239
-2.606922981 43.401882229
-2.548898892 43.383612372
-2.506011523 43.377142645
-2.483509895 43.370632229
-2.464426236 43.349229234
-2.367421028 43.315700588
-2.327056444 43.306830145
-2.284657356 43.303493557
-2.241118944 43.307237046
-2.207875129 43.313991604
-2.19627845 43.314764716
-2.190419075 43.311590887
-2.183461067 43.304510809
-2.174468554 43.297430731
-2.162220832 43.294256903
-2.159575976 43.295355536
-2.156320767 43.297674872
-2.151519335 43.299994208
-2.144846158 43.301092841
-2.140044726 43.298895575
-2.13780677 43.294216213
-2.134836392 43.289577541
-2.127797004 43.287420966
-2.09886634 43.304144598
-2.086415168 43.307237046
-2.065541145 43.309597072
-1.994618293 43.328436591
-1.971791145 43.339219468
-1.960357226 43.343085028
-1.945627408 43.342637437
-1.933705207 43.335638739
-1.926584439 43.325873114
-1.918690559 43.320990302
-1.904652473 43.328436591
-1.910227017 43.331366278
-1.918853319 43.338568427
-1.925689257 43.342637437
-1.884917773 43.356024481
-1.847401496 43.380926825
-1.811268684 43.395086981
-1.79407474489 43.3860153322
-1.796448934 43.37438202
-1.797172404 43.353323873
-1.796914022 43.341128235
-1.768233602 43.33092214
-1.755779582 43.318545634
-1.752420613 43.299089458
-1.749729986 43.294792691
-1.747356323 43.291002096
-1.736555949 43.292319844
-1.724825398 43.296531474
-1.703328003 43.29862437
-1.683019165 43.304928894
-1.673872436 43.304153748
-1.654907186 43.297539164
-1.645036987 43.292371521
-1.645192017 43.287643128
-1.647982544 43.281545309
-1.646328898 43.272786153
-1.639042521 43.255681255
-1.634081584 43.25110789
-1.621885946 43.246999613
-1.611085572 43.245811056
-1.598476522 43.246999613
-1.587572795 43.251598817
-1.581888387 43.260357971
-1.573981893 43.277437032
-1.559047404 43.284077454
-1.539203655 43.28356069
-1.508094442 43.276765239
-1.466391561 43.260771383
-1.455281128 43.262218323
-1.444222372 43.265112203
-1.432233439 43.26500885
-1.403501343 43.243330587
-1.399677287 43.206743673
-1.410529338 43.166901144
-1.425773885 43.135275167
-1.438434611 43.122795309
-1.479620728 43.090264995
-1.48783728 43.081815898
-1.475279907 43.060137634
-1.457141479 43.045073955
-1.435023966 43.03572052
-1.410529338 43.030914612
-1.383140828 43.02920929
-1.366139283 43.033317567
-1.357612671 43.046830953
-1.355183878 43.073030904
-1.348259237 43.09308136
-1.331050985 43.107344056
-1.308623413 43.113571066
-1.286040812 43.109178569
-1.306969767 43.09597524
-1.315082967 43.082875265
-1.310587118 43.069491069
-1.293688924 43.055202535
-1.274878703 43.046830953
-1.216897746 43.039260356
-1.182532919 43.025281881
-1.149925089 43.005722352
-1.112408 43.008254496
-1.103726359 43.00574819
-1.087189901 42.997996725
-1.079696818 42.993397522
-1.045073609 42.990219422
-1.028485474 42.986705424
-1.016289835 42.976240947
-0.981459921 42.957043152
-0.943219361 42.947896423
-0.863534302 42.943064677
-0.786433065 42.953270773
-0.759664673 42.94650116
-0.745031963 42.918727227
-0.740906129 42.910896098
-0.741422892 42.903893942
-0.74478186 42.899294739
-0.745867066 42.89392039
-0.740286011 42.884799499
-0.730105754 42.877513123
-0.720287232 42.876608785
-0.710520386 42.877668153
-0.700391805 42.876427918
-0.666078654 42.86074412
-0.648301962 42.849788717
-0.609492961 42.811444804
-0.608046021 42.807181498
-0.609958049 42.802840679
-0.610164754 42.799094137
-0.603550171 42.796846212
-0.587323771 42.796846212
-0.582931275 42.795838521
-0.577143514 42.789792379
-0.578538778 42.783306987
-0.578693807 42.777338359
-0.569030314 42.772635804
-0.561175496 42.773540141
-0.544432333 42.782015076
-0.535647339 42.784211324
-0.53389034 42.808008322
-0.508413859 42.807491557
-0.454463663 42.78891388
-0.423922893 42.790670878
-0.399738322 42.801316223
-0.35167924 42.829247335
-0.3429976 42.822736105
-0.33516862 42.824958191
-0.328243978 42.832580465
-0.322792114 42.84250234
-0.307418376 42.831831157
-0.305134938 42.830810107
-0.247034464 42.804830221
-0.235148886 42.786226705
-0.208354655 42.783875427
-0.179390015 42.789740702
-0.161406616 42.795347596
-0.163628703 42.777984314
-0.157789266 42.760698547
-0.145722819 42.74589325
-0.129238037 42.73589386
-0.12311438 42.730364482
-0.121822469 42.723310649
-0.119031942 42.716851095
-0.10848995 42.713362936
-0.0957517089999 42.710675761
-0.0888529059998 42.706128235
-0.0842020269999 42.701089783
-0.0784142659999 42.696671448
-0.0389334719999 42.685147604
-0.00431026299987 42.68752472
0.0728426510002 42.708479513
0.134182576 42.715223288
0.152941121 42.72460256
0.169167521 42.726462911
0.222394246 42.71620514
0.238362264 42.710365703
0.259807983 42.682382914
0.275388428 42.66868866
0.290245402 42.670290629
0.318305704 42.69953949
0.336030721 42.712691142
0.354169148 42.71749705
0.38181604 42.700107931
0.384012288 42.696852315
0.383676391 42.692692363
0.384399862 42.688584086
0.389283285 42.685147604
0.409282064 42.682253723
0.428789917 42.68302887
0.466927124 42.690444438
0.483515259 42.685302633
0.608158813 42.687989808
0.643608846 42.68447581
0.65673466 42.687989808
0.663425814 42.696214351
0.665416301 42.698660991
0.666449829 42.7147582
0.65962854 42.729899394
0.647639608 42.741035665
0.633480265 42.744782206
0.639578084 42.754833272
0.643298787 42.75907074
0.650740194 42.763385723
0.639681437 42.774677023
0.653737427 42.802685649
0.651567016 42.824053854
0.656321248 42.838419902
0.679368937 42.845112
0.706757446 42.846584779
0.724327433 42.845292867
0.75884729 42.83526764
0.776313924 42.832451274
0.795744263 42.833846537
0.812900838 42.831624451
0.856102336 42.812762553
0.885764608 42.804235942
0.894446248 42.799326681
0.910362589 42.787673646
0.921111287 42.784366354
0.930619751 42.78803538
0.940024862 42.793668112
0.950256795 42.796122742
0.95873173 42.793719788
0.975268189 42.783746236
0.9829163 42.78036143
1.068182414 42.776123963
1.089059692 42.771318054
1.106733032 42.759613343
1.116551554 42.745247294
1.124096313 42.729744365
1.134328247 42.715972596
1.151484823 42.706722514
1.162543579 42.705688986
1.195926554 42.713647156
1.319123169 42.713362936
1.342584269 42.708660381
1.338243449 42.694449361
1.343307739 42.690444438
1.35271285 42.690056865
1.361084432 42.686723735
1.378757771 42.663236796
1.397981404 42.64362559
1.414827921 42.609338277
1.429297322 42.595385641
1.42485315 42.589365336
1.419272095 42.579262594
1.41803186 42.569831645
1.426403442 42.565645854
1.42630009 42.56179596
1.409763631 42.540608622
1.406456339 42.529239808
1.428987264 42.531461894
1.446557251 42.519886374
1.449967895 42.504073384
1.430227498 42.493557231
1.42454309 42.492472026
1.407593221 42.48676178
1.43642867 42.453482158
1.43642867 42.440950623
1.447900838 42.434646098
1.508465617 42.42867747
1.516630493 42.429504293
1.528206014 42.434232686
1.534510539 42.439917094
1.538851359 42.445653178
1.544432414 42.450355734
1.607477661 42.456427714
1.639517049 42.466427104
1.6503691 42.493402202
1.65398645 42.496528626
1.656983683 42.497639669
1.65977421 42.496812846
1.662358032 42.49371226
1.674243611 42.490508321
1.686335896 42.490611675
1.697498006 42.494461569
1.70700647 42.502781474
1.710003703 42.501334534
1.711967407 42.499293315
1.712690877 42.496787008
1.712174113 42.49371226
1.730570923 42.488053691
1.792685995 42.481723328
1.813666626 42.475237936
1.869787232 42.44679006
1.893248332 42.44273346
1.9119552 42.441958313
1.927458129 42.436894023
1.941100708 42.420099182
1.954226522 42.382685445
1.963734985 42.367234192
1.98337203 42.354547628
1.99567102 42.348682353
2.009210245 42.347080383
2.035255168 42.349250794
2.051688273 42.35235138
2.063263794 42.357906597
2.080110311 42.371264954
2.103984823 42.384830017
2.108739054 42.390643616
2.116283813 42.405397237
2.121038045 42.410616557
2.136954386 42.41622345
2.184186645 42.411805115
2.245991659 42.426119487
2.27741093 42.428625794
2.305316203 42.416972758
2.317305135 42.409608867
2.375492798 42.389325867
2.40660201 42.384261576
2.422518351 42.383693136
2.429856404 42.367544251
2.44556604 42.351963806
2.464893025 42.340620829
2.483393188 42.336977641
2.50365035 42.32845103
2.514812459 42.325660503
2.525251098 42.325893047
2.531969035 42.33077647
2.540340617 42.346977031
2.548092081 42.352248027
2.567419067 42.3526356
2.613411092 42.340956726
2.635425253 42.337881979
2.662193644 42.339018861
2.661780232 42.34335968
2.649377889 42.353720806
2.640282837 42.372841085
2.648241007 42.381471049
2.690408976 42.406172384
2.708082316 42.41289032
2.728546183 42.414027202
2.767716919 42.409557191
2.788594198 42.412011821
2.804613892 42.41955658
2.834792928 42.441312358
2.850812622 42.448366191
2.866935669 42.449632263
2.884092245 42.449193014
2.900835409 42.451260071
2.933701619 42.470225322
2.966051066 42.461001079
2.983104289 42.469320984
2.993749634 42.467615662
3.022998494 42.467047221
3.029613077 42.465651957
3.036020956 42.454619039
3.043875773 42.445265605
3.053590942 42.437643331
3.065579874 42.4320106
3.086147094 42.427178854
3.111675252 42.425008444
3.137823527 42.42593862
3.18096965671 42.4314841477
3.17872155 42.41799551
3.170176629 42.396592515
3.17448978 42.380886135
3.17448978 42.363796291
3.187347852 42.349514065
3.204193556 42.339585679
3.226491733 42.342515367
3.249847852 42.343207098
3.263031446 42.329209703
3.269867384 42.329209703
3.280609571 42.336859442
3.293711785 42.334987697
3.317718946 42.322984117
3.294037306 42.288031317
3.290375196 42.278062242
3.287038608 42.262925523
3.279388868 42.255641994
3.270355665 42.25010814
3.263031446 42.239854234
3.247162306 42.245713609
3.210134311 42.239732164
3.17872155 42.249701239
3.170176629 42.259670315
3.151621941 42.256822007
3.130300326 42.239732164
3.118825717 42.218329169
3.117442254 42.182847398
3.116465691 42.158433335
3.122487826 42.140488999
3.138601108 42.127630927
3.173106316 42.112005927
3.192298528 42.092921471
3.214495693 42.068333846
3.213009237 42.055986077
3.199859564 42.046190092
3.195896147 42.033117872
3.201589389 42.017442124
3.206960483 41.996690171
3.207855665 41.990016994
3.211843295 41.98460521
3.230560743 41.973008531
3.235687696 41.965521552
3.232188347 41.946030992
3.207448764 41.913926499
3.194916212 41.888291734
3.17855879 41.87523021
3.150165377 41.84535097
3.116829332 41.847569212
3.07863096 41.826618274
3.069057555 41.799076112
3.040341037 41.786890013
2.950938347 41.73427969
2.932990851 41.712464376
2.900870238 41.706706377
2.877253539 41.7019577
2.851084832 41.697170315
2.840179884 41.694647528
2.835459832 41.692572333
2.820160352 41.681952216
2.817067905 41.677639065
2.813161655 41.670314846
2.80372155 41.668646552
2.7920028 41.669012762
2.778496578 41.645582261
2.651866082 41.605292059
2.449473504 41.5352237
2.428965691 41.518947658
2.371348504 41.489203192
2.296722852 41.465318101
2.267344597 41.448635158
2.240407748 41.420965887
2.191905144 41.356756903
2.163259311 41.326646226
2.130544467 41.303656317
2.060313347 41.274603583
2.019704623 41.26585521
1.951345248 41.260687567
1.884125196 41.247503973
1.863780144 41.238104559
1.854014519 41.235988674
1.819834832 41.237127997
1.624359571 41.192165432
1.539235873 41.18744538
1.28809655 41.116278387
1.21778405 41.104681708
1.210052931 41.099880276
1.192474806 41.075995184
1.188649936 41.068304755
1.183604363 41.06256745
1.172943556 41.0586612
1.149099155 41.069647528
1.141693556 41.071722723
1.097666863 41.070868231
1.055674675 41.064886786
1.017425977 41.051784572
0.990407748 41.039699611
0.877452019 40.954779364
0.822764519 40.899603583
0.714203321 40.815212307
0.694834832 40.785996812
0.72152754 40.774278062
0.750173373 40.76557038
0.762380405 40.766058661
0.767263217 40.771022854
0.763519727 40.778387762
0.750173373 40.785996812
0.766937696 40.785020249
0.780528191 40.779486395
0.7920028 40.771185614
0.815928582 40.748399156
0.841807488 40.732123114
0.85417728 40.733140367
0.87370853 40.727932033
0.872406446 40.7070987
0.85808353 40.686265367
0.848317905 40.675360419
0.78402754 40.660956122
0.756358269 40.642238674
0.707041863 40.583400783
0.677093946 40.565171617
0.647959832 40.556911526
0.61589603 40.553452867
0.59245853 40.5820987
0.640635613 40.586859442
0.663177931 40.574733791
0.696218295 40.590358791
0.732676629 40.633734442
0.712494337 40.636175848
0.682220899 40.634222723
0.599782748 40.613714911
0.580170118 40.603664455
0.563487175 40.59003327
0.548513217 40.572333075
0.517425977 40.514349677
0.501312696 40.484198309
0.48340905 40.46503327
0.466156446 40.450669664
0.452647332 40.434068101
0.446136915 40.408433335
0.420258009 40.388251044
0.35059655 40.284898179
0.338959181 40.274359442
0.312103712 40.257513739
0.298838738 40.246771552
0.264740431 40.209784247
0.205251498 40.171535549
0.144541863 40.078843492
0.117035352 40.056341864
0.0661727220001 40.031927802
0.0404972670001 40.002875067
-0.00291907499985 39.931952216
-0.0286759109999 39.901800848
-0.0912979809999 39.847927151
-0.194488085 39.715440171
-0.199818489 39.704942124
-0.202137825 39.680853583
-0.208933072 39.66408926
-0.21983802 39.651393947
-0.243723111 39.631048895
-0.257435676 39.616237697
-0.269561327 39.598700262
-0.274891731 39.581813869
-0.281483528 39.569362697
-0.312733528 39.534002997
-0.323353645 39.516221421
-0.330593477 39.480406634
-0.32747157 39.430674937
-0.320668098 39.388128973
-0.301340299 39.322007554
-0.238701408 39.215445865
-0.227817946 39.199335636
-0.215492824 39.181838544
-0.227857369 39.175244997
-0.242182166 39.16627518
-0.236505323 39.148053468
-0.226703363 39.111781755
-0.210026596 39.078690194
-0.184040188 39.042258516
-0.158029752 39.002142645
-0.120676236 38.951117255
-0.105946418 38.936509507
-0.0685929029999 38.913397528
-0.0309952459999 38.88275788
-0.00975501199989 38.869696356
0.0174259770001 38.864325262
0.0630802740001 38.860785223
0.111013217 38.849920966
0.153981967 38.831000067
0.185313347 38.803534247
0.181000196 38.801906643
0.17090905 38.796087958
0.182871941 38.791815497
0.190765821 38.7852237
0.217865431 38.768133856
0.227712436 38.770209052
0.234060092 38.75787995
0.234548373 38.74225495
0.227712436 38.73456452
0.208994988 38.733710028
0.192067905 38.73041413
0.176768425 38.724025783
0.162608269 38.713527736
0.150889519 38.692450262
0.148936394 38.689927476
0.145030144 38.686346747
0.125743035 38.685492255
0.118581576 38.682806708
0.105316602 38.672552802
0.0936792330001 38.667629299
0.0830184250001 38.660956122
0.0731307300001 38.645209052
0.0805770190001 38.631008205
0.0604354180001 38.634833075
0.0466414720001 38.632228908
0.0333764980001 38.627386786
0.0150252610001 38.624741929
-0.0147598949999 38.624416408
-0.0287979809999 38.620672919
-0.0429581369999 38.611721096
-0.054758267 38.595282294
-0.0550837879999 38.580755927
-0.0536189439999 38.566961981
-0.0600479809999 38.552720445
-0.0754288399999 38.539943752
-0.0901993479999 38.53534577
-0.131743944 38.53534577
-0.17699134 38.52724844
-0.202137825 38.5195987
-0.233957486 38.501654364
-0.32941647 38.470038153
-0.344553189 38.461615302
-0.350819465 38.450018622
-0.358713345 38.445949611
-0.395171679 38.413763739
-0.406076627 38.398871161
-0.410145637 38.379339911
-0.409982877 38.368963934
-0.413685676 38.364813544
-0.445871549 38.36343008
-0.460194465 38.360052802
-0.470570442 38.351874091
-0.474354621 38.336737372
-0.509836392 38.338364976
-0.518788215 38.298651434
-0.504017707 38.20722077
-0.515451627 38.19550202
-0.532866991 38.192165432
-0.568837043 38.194199937
-0.591379361 38.189642645
-0.609486457 38.178045966
-0.623687304 38.162420966
-0.634388801 38.145819403
-0.640736457 38.131659247
-0.645008918 38.116034247
-0.648019986 38.073797919
-0.652495898 38.00775788
-0.654530403 37.989325262
-0.663400845 37.980292059
-0.689930793 37.972154039
-0.708851692 37.956284898
-0.718413866 37.943019924
-0.758615689 37.8633487
-0.760731575 37.847072658
-0.760568814 37.845851955
-0.756092903 37.806057033
-0.760731575 37.796128648
-0.787993944 37.822821356
-0.812408007 37.770086981
-0.825550911 37.761379299
-0.847808398 37.756089585
-0.856109179 37.742499091
-0.85260983 37.723781643
-0.819813606 37.676703192
-0.809925911 37.666896877
-0.777699348 37.650091864
-0.754790819 37.641302802
-0.734852668 37.639349677
-0.726470507 37.651516018
-0.7079972 37.643011786
-0.701242642 37.631333726
-0.705311653 37.619533596
-0.71971595 37.610541083
-0.727894661 37.603420315
-0.736643033 37.599432684
-0.745676236 37.599432684
-0.754505989 37.604315497
-0.764027473 37.599595445
-0.791493293 37.591457424
-0.807972786 37.588446356
-0.836415168 37.576402085
-0.873890754 37.576402085
-0.886708137 37.5742862
-0.900624153 37.569037177
-0.925160286 37.555894273
-0.933705207 37.561021226
-0.973500129 37.576402085
-1.006418424 37.581447658
-1.069935676 37.582586981
-1.087757942 37.580877997
-1.103423632 37.576402085
-1.114654101 37.568670966
-1.119984504 37.559027411
-1.116851366 37.549383856
-1.105766688 37.532134935
-1.13717194 37.538000623
-1.167057481 37.543755316
-1.173408477 37.555075788
-1.178585326 37.563883357
-1.199732068 37.566564654
-1.228993293 37.576076565
-1.242698868 37.579202797
-1.257666803 37.5670134
-1.261670587 37.557661268
-1.289784309 37.558417059
-1.323735141 37.561990821
-1.353260871 37.549912828
-1.369170702 37.541367906
-1.413685676 37.506537177
-1.430368619 37.498114325
-1.45022539 37.494696356
-1.455555793 37.492702541
-1.463490364 37.487982489
-1.470895963 37.482245184
-1.474110481 37.477606512
-1.476673957 37.4727237
-1.487294075 37.439764716
-1.488352017 37.433213609
-1.496937629 37.427801825
-1.502797004 37.429266669
-1.508168098 37.432684637
-1.515004036 37.433213609
-1.523915168 37.428656317
-1.543731249 37.414984442
-1.552967903 37.412176825
-1.567738411 37.409938869
-1.618723111 37.392279364
-1.641617713 37.381036447
-1.645913443 37.369247095
-1.652838942 37.361259187
-1.670887825 37.36330801
-1.680165168 37.354437567
-1.685780403 37.336981512
-1.698963996 37.31643301
-1.728505012 37.282416083
-1.787220832 37.235215562
-1.812733528 37.20705801
-1.830352343 37.166367906
-1.837757942 37.131618557
-1.849842903 37.104437567
-1.855213996 37.076605536
-1.884999153 37.015488999
-1.906117317 36.987616278
-1.906971809 36.975287177
-1.904164192 36.966376044
-1.900502082 36.958766994
-1.898671028 36.950059312
-1.900339322 36.941188869
-1.905222134 36.935980536
-1.912871874 36.93353913
-1.935292121 36.932196356
-1.941395637 36.92987702
-1.953846809 36.919948635
-1.988921679 36.900498765
-2.002797004 36.887030341
-2.013050911 36.845770575
-2.024769661 36.833766994
-2.040476041 36.82432689
-2.056874153 36.810085354
-2.060739713 36.802435614
-2.065907356 36.783555406
-2.071156379 36.775336005
-2.080311653 36.770615953
-2.091420051 36.768255927
-2.100819465 36.765163479
-2.111073371 36.74612051
-2.126698371 36.736395575
-2.146717903 36.729925848
-2.166127082 36.727565822
-2.203643358 36.737127997
-2.23167884 36.760077216
-2.256133593 36.787380276
-2.282785611 36.810085354
-2.318348762 36.827907619
-2.339141405 36.834255276
-2.361683723 36.836778062
-2.380238411 36.833766994
-2.412709114 36.820013739
-2.433094856 36.816270249
-2.442331509 36.818304755
-2.469390429 36.827744859
-2.4814347 36.829942124
-2.560780403 36.818793036
-2.576893684 36.811306057
-2.596709765 36.773098049
-2.617176887 36.728420315
-2.642689582 36.70701732
-2.647572395 36.704169012
-2.658884244 36.694810289
-2.684356249 36.685980536
-2.718251106 36.682033596
-2.736195442 36.68740469
-2.756662564 36.680365302
-2.782948371 36.694606838
-2.802601692 36.707302151
-2.820993619 36.713893947
-2.829986132 36.711737372
-2.839060025 36.702419338
-2.848255989 36.700222072
-2.858754036 36.704942124
-2.886097786 36.73440176
-2.913970507 36.750311591
-2.933257616 36.751654364
-2.987718934 36.737108949
-3.076453405 36.749756234
-3.156711172 36.744525733
-3.227894661 36.754828192
-3.329579231 36.744899807
-3.344390429 36.736924546
-3.358306444 36.725938218
-3.378773567 36.713893947
-3.415154669 36.695516287
-3.477602128 36.696095994
-3.515962547 36.721046505
-3.536060364 36.718406387
-3.549831565 36.712372686
-3.586401549 36.726579257
-3.601100174 36.742550294
-3.632419885 36.74127967
-3.665666699 36.739370416
-3.679822364 36.728807878
-3.73128133 36.724097324
-3.803433053 36.742474336
-3.838541255 36.751969933
-3.889444746 36.743388384
-3.960961124 36.726792779
-4.056711392 36.747992255
-4.07995795 36.743564192
-4.110172196 36.725732647
-4.197010871 36.715399481
-4.224720832 36.712388414
-4.403187629 36.723863023
-4.420318163 36.719875393
-4.433257616 36.710679429
-4.461171028 36.671454169
-4.466867642 36.663031317
-4.480458137 36.651190497
-4.491118944 36.63666413
-4.495350715 36.620550848
-4.524826053 36.580715264
-4.587799794 36.573817661
-4.615021326 36.530555761
-4.649810351 36.512111721
-4.659250455 36.507635809
-4.680287239 36.500799872
-4.722767707 36.492987372
-4.764230924 36.493963934
-4.880319791 36.505682684
-4.902658658 36.506537177
-4.912180142 36.50401439
-4.923532681 36.496852932
-4.994166375 36.457093958
-5.062489387 36.452215887
-5.108713345 36.429022528
-5.121042447 36.425563869
-5.157622851 36.42194245
-5.173654752 36.417425848
-5.186553515 36.411200262
-5.199655728 36.397162177
-5.227121549 36.357936916
-5.227935351 36.348537502
-5.244699674 36.312079169
-5.253651496 36.29710521
-5.258615689 36.292547919
-5.265939908 36.287095445
-5.274118619 36.282538153
-5.290598111 36.2774112
-5.289499478 36.269842841
-5.285308398 36.260809637
-5.296620246 36.247381903
-5.32933509 36.198146877
-5.334055142 36.187811591
-5.33877348312 36.141119672
-5.35838675876 36.1411094471
-5.366607226 36.163153387
-5.382517056 36.172308661
-5.406076627 36.179225979
-5.425445116 36.17975495
-5.428700325 36.169989325
-5.437896288 36.161485093
-5.442331509 36.148789781
-5.441477017 36.134548244
-5.43488522 36.121527411
-5.439890103 36.114203192
-5.437163866 36.098700262
-5.431630012 36.088934637
-5.428700325 36.080796617
-5.431833463 36.069566148
-5.43862871 36.062811591
-5.445505338 36.057440497
-5.466501431 36.05072663
-5.566599088 36.021633205
-5.581003384 36.013983466
-5.611765103 36.006455796
-5.629709439 36.036769924
-5.671701627 36.055975653
-5.689361132 36.067124742
-5.713124153 36.059963283
-5.733876106 36.065659898
-5.753651496 36.075588283
-5.796050585 36.085516669
-5.811268684 36.096828518
-5.832753059 36.122381903
-5.897897916 36.173895575
-5.917185025 36.184068101
-5.938954231 36.18382396
-5.983550585 36.176988023
-6.036773241 36.189520575
-6.062489387 36.217230536
-6.082183398 36.250677802
-6.104725715 36.280707098
-6.159453905 36.304307359
-6.165964322 36.318711656
-6.168527799 36.335313218
-6.175200976 36.353583075
-6.184193489 36.370713609
-6.218373176 36.40245189
-6.242054817 36.446478583
-6.257110155 36.476426499
-6.279611783 36.511297919
-6.301421679 36.525987046
-6.310007291 36.534125067
-6.297678189 36.538763739
-6.289377408 36.537298895
-6.257517056 36.513780015
-6.248972134 36.504746812
-6.254099088 36.49628327
-6.246652799 36.486639716
-6.23147539 36.47268301
-6.219064908 36.474961656
-6.211496549 36.4805362
-6.200754361 36.493841864
-6.179351366 36.513535874
-6.186472134 36.514227606
-6.206817187 36.508897203
-6.224354621 36.510850328
-6.232451952 36.526190497
-6.226022916 36.556667385
-6.234893358 36.575751044
-6.283192512 36.612372137
-6.293853319 36.616848049
-6.361724413 36.620550848
-6.379790819 36.624253648
-6.394683398 36.63690827
-6.406971809 36.676703192
-6.417632616 36.695949611
-6.431548632 36.714585679
-6.437896288 36.733303127
-6.433338996 36.751206773
-6.414540168 36.767645575
-6.396311002 36.775091864
-6.358876106 36.785834052
-6.345611132 36.794989325
-6.335194465 36.818264065
-6.343739387 36.859930731
-6.338205533 36.883734442
-6.304351366 36.907212632
-6.223255989 36.90232982
-6.194813606 36.932114976
-6.214019335 36.921698309
-6.239654101 36.913397528
-6.265044726 36.912909247
-6.283558723 36.92593008
-6.325917121 36.912665106
-6.34471595 36.901271877
-6.352447069 36.880275783
-6.346669075 36.819891669
-6.352447069 36.80857982
-6.38801022 36.808172919
-6.416249153 36.837795315
-6.448638476 36.904201565
-6.471099413 36.935614325
-6.499582486 36.959662177
-6.744862434 37.101385809
-6.771473762 37.112779039
-6.794667121 37.117743231
-6.811756965 37.123724677
-6.853016731 37.151109117
-6.873280403 37.158677476
-6.892893033 37.166571356
-6.910878059 37.188950914
-6.917632616 37.21507396
-6.910755989 37.227606512
-6.898752408 37.235785223
-6.864125129 37.27753327
-6.85269121 37.295233466
-6.90347246 37.249579169
-6.931141731 37.233872789
-6.962554491 37.233832098
-6.962554491 37.227606512
-6.940744595 37.200669664
-6.930083788 37.183172919
-6.928456184 37.172349351
-6.941639778 37.171087958
-7.029367642 37.205511786
-7.061675585 37.213934637
-7.101040417 37.224250751
-7.127349413 37.21474844
-7.098988411 37.211900132
-7.085560676 37.206488348
-7.327870246 37.201564846
-7.343088345 37.196234442
-7.362904426 37.181708075
-7.381418424 37.17991771
-7.398508267 37.185451565
-7.414418098 37.192816473
-7.429386759 37.236746318
-7.434244344 37.259328919
-7.427578084 37.27452179
-7.437448283 37.307336324
-7.444993042 37.386763001
-7.462252971 37.417872213
-7.460030884 37.429137675
-7.462924764 37.451125997
-7.468867554 37.47556895
-7.475947225 37.49424998
-7.481476604 37.500373638
-7.498633179 37.511664938
-7.506332968 37.518124492
-7.514613428 37.528333923
-7.515428019 37.529338277
-7.517546753 37.535177715
-7.518425253 37.541947327
-7.52367041 37.555667419
-7.52759782 37.555512391
-7.529122274 37.556700948
-7.529690715 37.567165426
-7.526486776 37.571196188
-7.515841431 37.580937195
-7.514652873 37.585872294
-7.512534139 37.590368144
-7.511758993 37.595277405
-7.514342814 37.601401062
-7.504886027 37.606387838
-7.47847937 37.628867086
-7.471606405 37.636902771
-7.466335408 37.651966452
-7.457550415 37.70007721
-7.44401119 37.730152893
-7.42633785 37.750616761
-7.334405477 37.811930847
-7.306861938 37.850765686
-7.295803182 37.884872131
-7.273892375 37.93153595
-7.268621379 37.949235128
-7.269086466 37.959441224
-7.272135376 37.968949687
-7.272703817 37.97701121
-7.265830851 37.982954001
-7.234049845 37.988069967
-7.223301147 37.993831889
-7.210330363 37.993030904
-7.197617961 37.989930319
-7.185267294 37.988690084
-7.17286495 37.993831889
-7.159739136 37.996803284
-7.152246053 38.000653178
-7.141910766 38.011582743
-7.131988892 38.032382507
-7.123255574 38.040004781
-7.10594397 38.038661194
-7.049358276 38.020212708
-7.023985149 38.022563985
-7.015768595 38.046826071
-7.006363485 38.059331767
-6.997630168 38.089614156
-6.978974976 38.119948222
-6.965487427 38.153331197
-6.95763261 38.168162333
-6.947504028 38.196636047
-6.95057576 38.198385888
-6.964195517 38.206144511
-6.99210079 38.20428416
-7.018145711 38.198031311
-7.021039592 38.198238017
-7.02641394 38.199633281
-7.038712931 38.186223246
-7.063052531 38.177541606
-7.088322307 38.173381653
-7.103515177 38.173588359
-7.117068157 38.183633156
-7.126872925 38.190899964
-7.167180542 38.272083639
-7.172399862 38.276527812
-7.189453085 38.286527202
-7.19632605 38.292159933
-7.200666871 38.298386943
-7.207126425 38.311693624
-7.211363892 38.317533061
-7.317145548 38.424580791
-7.34551591 38.44096222
-7.359210164 38.446362407
-7.344844116 38.458325501
-7.335180624 38.469435934
-7.334095418 38.481011455
-7.345619263 38.494137268
-7.335800741 38.505867819
-7.317713989 38.55625234
-7.27585608 38.603820496
-7.270430054 38.617695618
-7.27353064 38.625395406
-7.279421753 38.628909404
-7.286036336 38.631906637
-7.290945597 38.638159485
-7.29249589 38.646117656
-7.292960978 38.656272074
-7.290945597 38.679087219
-7.284072632 38.713245341
-7.280713664 38.720428366
-7.272187053 38.733735047
-7.270430054 38.737507427
-7.225878385 38.766133828
-7.211518921 38.775360413
-7.196429403 38.779985454
-7.179737915 38.79088918
-7.16619869 38.803420715
-7.160617635 38.812903341
-7.151005819 38.81928538
-7.104858765 38.827191874
-7.088684041 38.833367209
-7.07654008 38.843237406
-7.064292765 38.851118063
-7.056076213 38.855148824
-7.05726477 38.869437357
-7.05220048 38.884991964
-7.066049765 38.90460317
-7.044500692 38.918633321
-7.022124797 38.942869568
-6.988638468 38.993770854
-6.978819946 39.00382192
-6.973290568 39.013950501
-6.974892538 39.023019715
-6.986313029 39.030073547
-6.979388387 39.047178447
-6.985692912 39.066763815
-6.999697226 39.084695536
-7.015768595 39.09681366
-7.038816284 39.109138489
-7.064912883 39.11477122
-7.091267863 39.112445781
-7.115194051 39.101102804
-7.127286337 39.097485453
-7.142530884 39.099526673
-7.157206991 39.105443624
-7.167490601 39.11347931
-7.168885865 39.121850892
-7.157930461 39.141384583
-7.155811727 39.151513163
-7.168059041 39.170633443
-7.191571818 39.179160055
-7.219322063 39.184844462
-7.24412675 39.195644837
-7.258079387 39.211302795
-7.265779175 39.231353252
-7.264332234 39.252333883
-7.250844686 39.27062734
-7.300454061 39.317911275
-7.319264283 39.329538473
-7.326654012 39.341320699
-7.331408244 39.36261139
-7.331925009 39.384728902
-7.326705689 39.398836568
-7.318850871 39.413254293
-7.313631551 39.436095276
-7.313528198 39.457437643
-7.320917928 39.467411194
-7.362930867 39.476092835
-7.384169881 39.483999329
-7.399414429 39.493662821
-7.408922892 39.515573629
-7.417552857 39.524203593
-7.451349243 39.537846172
-7.468092407 39.550248515
-7.497858033 39.581047668
-7.515841431 39.593760071
-7.548242554 39.663213197
-7.555871749 39.677207318
-7.55728593 39.679801331
-7.341433471 39.67184316
-7.32784257 39.674788717
-7.311409465 39.680318095
-7.292754273 39.683315329
-7.252860067 39.682333476
-7.235755168 39.686519267
-7.214051066 39.676183981
-7.182890178 39.675098775
-7.035767374 39.689258118
-7.021142945 39.69401235
-7.0096191 39.715458069
-7.010704305 39.722796122
-7.013649862 39.729617412
-7.013339803 39.73891917
-7.008740601 39.74832428
-6.996803345 39.764705709
-6.993030965 39.774214173
-6.994581259 39.782585755
-6.998870402 39.79178416
-7.000265665 39.802532858
-6.993030965 39.816072083
-6.985227825 39.821136373
-6.962335165 39.828526103
-6.952826701 39.832866924
-6.927660279 39.861909078
-6.924249634 39.871572571
-6.923474488 39.888315735
-6.921769165 39.897152405
-6.92156246 39.902165019
-6.925128133 39.912241924
-6.925231486 39.917926331
-6.922285929 39.92242218
-6.91257076 39.928106588
-6.909521851 39.931982321
-6.903682414 39.956683655
-6.899755005 39.965623678
-6.901615356 39.976475728
-6.896912801 39.987121074
-6.879704549 40.00918691
-6.919908813 40.064894104
-6.94212968 40.086339823
-6.955720582 40.102927959
-6.966417603 40.110317688
-6.977166301 40.113418274
-7.00367631 40.116312154
-7.015768595 40.119051005
-7.027654175 40.132641907
-7.034837199 40.166748352
-7.043105429 40.181372783
-7.034578817 40.193051656
-7.024760295 40.216202698
-7.015768595 40.225504456
-6.997785197 40.231705627
-6.954687053 40.253358053
-6.942100808 40.254977731
-6.935411743 40.255838522
-6.915826375 40.254443258
-6.896447713 40.255476786
-6.878050904 40.265243632
-6.875105347 40.271238099
-6.874509092 40.279188167
-6.873865113 40.287774556
-6.870196086 40.295526022
-6.863943237 40.300952047
-6.820793416 40.325343323
-6.811956746 40.332319641
-6.794438436 40.356400859
-6.828079794 40.380585429
-6.851282511 40.409524231
-6.857121949 40.44213206
-6.838673462 40.477220358
-6.815315715 40.50254181
-6.812525187 40.514634095
-6.818054565 40.531894023
-6.828544882 40.545536601
-6.839758667 40.554579976
-6.848388631 40.564760234
-6.850455689 40.582226868
-6.844461223 40.597781474
-6.821310181 40.630182597
-6.814282186 40.647184143
-6.814230509 40.659328105
-6.81624589 40.677156474
-6.824307414 40.710694478
-6.83696814 40.743302308
-6.83913855 40.757513326
-6.83913855 40.776891989
-6.837278198 40.786762187
-6.834539348 40.792239889
-6.833505819 40.797820943
-6.83681311 40.80831126
-6.838053344 40.814925842
-6.836658081 40.840247294
-6.820328328 40.84422638
-6.816194214 40.856835429
-6.821155152 40.870064596
-6.832058878 40.875904033
-6.847045044 40.878901266
-6.855261597 40.887221172
-6.863633179 40.908305156
-6.885182252 40.948922832
-6.899238241 40.966751201
-6.930605835 40.992072652
-6.940424357 41.003389791
-6.942491415 41.01599884
-6.931794393 41.029124654
-6.927866984 41.047934876
-6.927447857 41.048097584
-6.906834676 41.056099752
-6.845288045 41.051913961
-6.818002889 41.054136048
-6.804360311 41.064419658
-6.764776164 41.10886139
-6.756507935 41.127051494
-6.758988404 41.151752828
-6.755216024 41.1588325
-6.742245239 41.171441549
-6.706950236 41.194334209
-6.701265829 41.202447408
-6.693772746 41.217381897
-6.65821936 41.257844544
-6.64664384 41.26761139
-6.628918824 41.269936829
-6.56349646 41.270711975
-6.554453084 41.275621237
-6.495852011 41.294948222
-6.463140829 41.314120178
-6.430998087 41.339028219
-6.399578817 41.377475485
-6.395496378 41.37840566
-6.383197388 41.376545309
-6.379166626 41.377475485
-6.376737833 41.383004863
-6.375549276 41.390808004
-6.376169393 41.396854146
-6.379166626 41.397319234
-6.366247518 41.405174053
-6.352346558 41.409256491
-6.321133992 41.411013489
-6.32103064 41.419591777
-6.282945109 41.465635478
-6.282480021 41.472301738
-6.285167195 41.478967998
-6.285890666 41.486874492
-6.279534464 41.497003072
-6.253644572 41.517518616
-6.205947225 41.570280253
-6.216127482 41.580098775
-6.230080119 41.594904073
-6.272248088 41.628235372
-6.317103231 41.65014618
-6.36593746 41.66360789
-6.447069458 41.676242778
-6.46081539 41.676552836
-6.467740031 41.672056987
-6.474354615 41.66593333
-6.488048869 41.658801982
-6.503035034 41.653091737
-6.513421997 41.650921326
-6.541533977 41.658905335
-6.555279907 41.674899191
-6.560499227 41.694458721
-6.563083049 41.713036397
-6.567682251 41.722441508
-6.574348511 41.731045634
-6.57739742 41.739727275
-6.571506307 41.7492099
-6.564374959 41.757503968
-6.560137492 41.76688324
-6.535746216 41.848583679
-6.524222372 41.86741974
-6.550060588 41.873879293
-6.567888957 41.875868836
-6.575795451 41.882896831
-6.567630575 41.92607249
-6.571661336 41.942608948
-6.585148886 41.954649557
-6.609488485 41.962323507
-6.622821004 41.940955302
-6.65677242 41.933074647
-6.727982544 41.930852559
-6.757903198 41.937570496
-6.79438676 41.979712626
-6.824927531 41.983769226
-6.831232056 41.953951925
-6.854951538 41.942944845
-6.917118286 41.93909495
-6.945126912 41.943358257
-6.969518188 41.957698466
-6.983456183 41.962996166
-6.992359171 41.966380107
-7.015768595 41.953667705
-7.051270304 41.942014669
-7.082741252 41.952789205
-7.113178671 41.97242625
-7.145373088 41.987489929
-7.159739136 41.985732931
-7.177309123 41.978369039
-7.192605347 41.969609884
-7.1999434 41.963718771
-7.202113811 41.949740295
-7.195654256 41.917365011
-7.197928019 41.901500346
-7.209316118 41.889160873
-7.218650269 41.879046937
-7.251464803 41.863699036
-7.322468221 41.845405579
-7.340503296 41.843209331
-7.376831828 41.844036153
-7.391921346 41.842046611
-7.405408895 41.835199484
-7.429541789 41.814503073
-7.442719279 41.805950623
-7.446956747 41.821841126
-7.456568563 41.839230245
-7.469384319 41.852536926
-7.483285279 41.856205954
-7.493000448 41.856903586
-7.508141643 41.86493927
-7.515841431 41.864990947
-7.523282837 41.860159201
-7.525246541 41.854164734
-7.526331747 41.847369283
-7.531551067 41.840160421
-7.546692261 41.832047221
-7.567104452 41.826595358
-7.588395142 41.824218242
-7.606068481 41.825535991
-7.622191529 41.832331442
-7.622811645 41.841736552
-7.607360392 41.873181662
-7.661155558 41.874912822
-7.678673869 41.881346537
-7.706372437 41.896255188
-7.722030396 41.899252421
-7.750142375 41.888374532
-7.812154093 41.877134909
-7.839232544 41.878375143
-7.84972286 41.875765483
-7.854425415 41.870261943
-7.857887736 41.863776551
-7.864812378 41.857885437
-7.896593384 41.857937113
-7.903362996 41.88682424
-7.906101847 41.913851014
-7.925790568 41.908166606
-7.930493123 41.8966686
-7.935350708 41.879951274
-7.944755819 41.866954652
-7.963359335 41.866618755
-7.979430705 41.868608297
-7.993641724 41.863673198
-8.005889038 41.853958029
-8.015707561 41.841891581
-8.048573771 41.816389262
-8.050445717 41.815986438
-8.093480591 41.806725769
-8.179573527 41.810704854
-8.179265101 41.812612525
-8.175387736 41.836594747
-8.177041382 41.849849752
-8.184586141 41.857730408
-8.220397909 41.868194886
-8.231715048 41.886049093
-8.230216431 41.904678447
-8.220707967 41.922713521
-8.18213151 41.965424093
-8.152960164 41.986818136
-8.123918009 42.000899964
-8.108027507 42.010899353
-8.097356323 42.023482565
-8.09508256 42.040923361
-8.103195761 42.055806173
-8.118440308 42.066864929
-8.137612264 42.072911072
-8.15838619 42.071386617
-8.176162883 42.06526296
-8.191304077 42.062084859
-8.20401648 42.069552104
-8.207375448 42.085778504
-8.204326538 42.128799133
-8.213395752 42.144017843
-8.222361613 42.15362966
-8.252333944 42.137584128
-8.270679077 42.132003072
-8.287835653 42.131434632
-8.295380412 42.130091045
-8.304268758 42.125827739
-8.329951945 42.108438619
-8.346746786 42.101694845
-8.501207642 42.08309133
-8.520017863 42.07771698
-8.554434367 42.060069478
-8.572805338 42.054410909
-8.609418091 42.053661601
-8.626884725 42.051026103
-8.643886272 42.041491802
-8.652567912 42.031440736
-8.663213257 42.009891663
-8.670809692 41.999814758
-8.691273559 41.989608664
-8.717008423 41.983769226
-8.739591024 41.975113424
-8.750803189 41.96898021
-8.761952278 41.952582098
-8.777088996 41.937160549
-8.795399543 41.92568594
-8.815988736 41.921210028
-8.832834439 41.91396719
-8.84878496 41.899481512
-8.864654101 41.888902085
-8.881255663 41.893296617
-8.878732877 41.907131252
-8.898589648 42.10175202
-8.8954972 42.119086005
-8.884592252 42.126044012
-8.84496009 42.126613674
-8.826527473 42.130519924
-8.819081184 42.139715887
-8.823719856 42.147609768
-8.842762825 42.154445705
-8.846994595 42.160834052
-8.842030403 42.16429271
-8.815988736 42.174505927
-8.81346595 42.178697007
-8.811024543 42.188137111
-8.80577552 42.197495835
-8.795236783 42.201727606
-8.790638801 42.204535223
-8.771962043 42.222235419
-8.719553189 42.252346096
-8.706450976 42.256415106
-8.701893684 42.258530992
-8.669911262 42.280910549
-8.652007616 42.286322333
-8.631743944 42.29682038
-8.625152148 42.301947333
-8.621652799 42.310207424
-8.621652799 42.340806382
-8.622710741 42.347479559
-8.626454231 42.348334052
-8.634755012 42.346380927
-8.649891731 42.335598049
-8.660755989 42.316799221
-8.674794075 42.299017645
-8.699574348 42.291164455
-8.71983802 42.287583726
-8.773915168 42.268988348
-8.784982877 42.260077216
-8.795765754 42.258246161
-8.848296679 42.260972398
-8.867502408 42.256415106
-8.863636848 42.268988348
-8.853423632 42.291083075
-8.853260871 42.30483633
-8.846994595 42.30483633
-8.8329972 42.28912995
-8.827219205 42.296698309
-8.826527473 42.329046942
-8.828521288 42.337225653
-8.830718554 42.341620184
-8.827259895 42.344142971
-8.812855598 42.346380927
-8.776926236 42.340155341
-8.771962043 42.342718817
-8.764637825 42.35569896
-8.726877408 42.388739325
-8.709828254 42.400376695
-8.67686927 42.416449286
-8.662505663 42.426906643
-8.655262825 42.44135163
-8.664377408 42.437974351
-8.672515429 42.438421942
-8.682525194 42.44135163
-8.691273567 42.440619208
-8.694488085 42.439642645
-8.696766731 42.437974351
-8.718820767 42.427964585
-8.743641731 42.413234768
-8.757639127 42.407212632
-8.779367642 42.402899481
-8.811024543 42.400702216
-8.843576627 42.403713283
-8.867502408 42.414699611
-8.875721809 42.42597077
-8.880238411 42.445013739
-8.88801022 42.455633856
-8.900949674 42.46100495
-8.935454882 42.465399481
-8.94261634 42.469305731
-8.935047981 42.479071356
-8.916737434 42.487616278
-8.895985481 42.493882554
-8.881255663 42.496568101
-8.869007942 42.493394273
-8.860829231 42.485012111
-8.861154752 42.475572007
-8.874338345 42.469305731
-8.865549283 42.46503327
-8.851551887 42.460760809
-8.83698483 42.458929755
-8.826527473 42.461859442
-8.822499153 42.472357489
-8.8251847 42.484116929
-8.825062629 42.494940497
-8.812855598 42.502752997
-8.8251847 42.537420966
-8.826527473 42.55463288
-8.822987434 42.569525458
-8.813832161 42.581447658
-8.801584439 42.589300848
-8.788400845 42.592189846
-8.775502082 42.604722398
-8.738758918 42.666083075
-8.730946418 42.688421942
-8.737172004 42.688421942
-8.744048632 42.672430731
-8.753895637 42.656887111
-8.767323371 42.645168361
-8.784982877 42.64057038
-8.803822395 42.645941473
-8.815988736 42.658514716
-8.826242642 42.674139716
-8.839507616 42.682440497
-8.854603645 42.661566473
-8.857004361 42.649115302
-8.846994595 42.64057038
-8.868763801 42.617499091
-8.880523241 42.611802476
-8.894846158 42.620103257
-8.889475064 42.630601304
-8.90343177 42.625474351
-8.936390754 42.606431382
-8.922230598 42.59369538
-8.933990038 42.586818752
-8.96987871 42.579169012
-8.972767707 42.573919989
-8.980783658 42.551214911
-8.989165819 42.548895575
-8.9970597 42.543402411
-9.011545377 42.530707098
-9.026356575 42.54311758
-9.02855384 42.561468817
-9.033355273 42.57811107
-9.05581621 42.585394598
-9.070871549 42.596136786
-9.065744595 42.620306708
-9.051421679 42.645941473
-9.038807746 42.661078192
-9.039458788 42.673041083
-9.03628496 42.687933661
-9.030140754 42.707709052
-9.018788215 42.719753322
-9.014027473 42.726833401
-9.006255663 42.733832098
-8.994496223 42.737005927
-8.992014127 42.739081122
-8.963124153 42.751288153
-8.937367317 42.777777411
-8.922230598 42.788112697
-8.898264127 42.792303778
-8.891346809 42.799343166
-8.884917773 42.815008856
-8.8876847 42.831122137
-8.908436653 42.839463609
-8.912587043 42.81659577
-8.928089973 42.802516994
-8.951039192 42.795111395
-8.977365689 42.792303778
-9.028187629 42.797878322
-9.048939582 42.794745184
-9.045643684 42.778021552
-9.068674283 42.759711005
-9.081288215 42.754828192
-9.100249804 42.757513739
-9.113433398 42.766058661
-9.120106575 42.778998114
-9.125477668 42.794989325
-9.134999153 42.812770901
-9.122547981 42.81260814
-9.113189257 42.81635163
-9.106190559 42.823309637
-9.100249804 42.833278713
-9.108387825 42.844834703
-9.12222246 42.85175202
-9.141224739 42.857448635
-9.142323371 42.865301825
-9.147531705 42.878607489
-9.148671028 42.884466864
-9.146636523 42.888373114
-9.137521939 42.896063544
-9.134999153 42.902167059
-9.133697069 42.911200262
-9.134510871 42.917547919
-9.141428189 42.921413479
-9.158599413 42.922634182
-9.167876757 42.926825262
-9.183461067 42.94525788
-9.195871549 42.94932689
-9.195871549 42.943141994
-9.190012174 42.932399807
-9.195790168 42.926581122
-9.205189582 42.924750067
-9.210072395 42.92572663
-9.214344856 42.939032294
-9.224232551 42.940212307
-9.23558509 42.934881903
-9.244252082 42.928778387
-9.251698371 42.920233466
-9.261708137 42.900173244
-9.268422004 42.891302802
-9.273060676 42.893337307
-9.282948371 42.916612046
-9.291981575 42.922634182
-9.291981575 42.928778387
-9.285389778 42.938340562
-9.264759895 42.980332749
-9.263986783 42.986517645
-9.261830207 42.994492906
-9.258656379 43.002386786
-9.254790819 43.00800202
-9.25096595 43.016791083
-9.257313606 43.023260809
-9.272124804 43.03127676
-9.279530403 43.054999091
-9.271107551 43.060492255
-9.257923957 43.060899156
-9.25108802 43.069769598
-9.245716926 43.087998765
-9.233957486 43.096502997
-9.222320116 43.102728583
-9.217600064 43.114447333
-9.202951627 43.105047919
-9.189808723 43.102321682
-9.17682858 43.10557689
-9.162261523 43.114447333
-9.156890429 43.119737046
-9.154204882 43.124701239
-9.150298632 43.129584052
-9.141224739 43.134873765
-9.133127408 43.137966213
-9.125803189 43.139593817
-9.107736783 43.141140041
-9.107736783 43.14850495
-9.124663866 43.142523505
-9.147084114 43.138698635
-9.163319465 43.139756578
-9.162261523 43.14850495
-9.194203254 43.136542059
-9.208363411 43.137884833
-9.217600064 43.155340887
-9.170074023 43.188747463
-9.13792884 43.201524156
-9.100412564 43.189520575
-9.08315996 43.189764716
-9.065174934 43.192328192
-9.052398241 43.196356512
-9.039784309 43.204535223
-9.026966926 43.210150458
-9.01675371 43.223863023
-9.011545377 43.238755601
-9.004058398 43.238755601
-8.985747851 43.226874091
-8.958973762 43.227484442
-8.932525194 43.235296942
-8.91527259 43.245021877
-8.936390754 43.244086005
-8.948150194 43.24994538
-8.963124153 43.272284247
-8.967518684 43.271958726
-8.979807095 43.276922919
-8.988026496 43.283026434
-8.980783658 43.285956122
-8.970855273 43.286566473
-8.930490689 43.299750067
-8.88801022 43.320746161
-8.85659746 43.326890367
-8.849110481 43.334051825
-8.841175911 43.338934637
-8.829986132 43.341213283
-8.817005989 43.33584219
-8.785552538 43.31244538
-8.768544075 43.307074286
-8.750477668 43.30491771
-8.711740689 43.295558986
-8.693104621 43.293402411
-8.665394661 43.301174221
-8.63003496 43.315863348
-8.592518684 43.32420482
-8.558420377 43.313218492
-8.505970832 43.331529039
-8.497547981 43.337795315
-8.494252082 43.346625067
-8.486073371 43.354315497
-8.475982226 43.359686591
-8.455718554 43.3633487
-8.451405403 43.36737702
-8.448963996 43.371975002
-8.443023241 43.375311591
-8.388295051 43.385891018
-8.384673632 43.372707424
-8.375721809 43.362982489
-8.353586392 43.348618882
-8.3408097 43.359930731
-8.337269661 43.369045315
-8.339914517 43.392726955
-8.330718554 43.405666408
-8.310617642 43.403143622
-8.281564908 43.389593817
-8.267201301 43.385931708
-8.260812955 43.377020575
-8.257069465 43.365668036
-8.250559049 43.354885158
-8.22752845 43.338120835
-8.217274543 43.32831452
-8.210194465 43.313218492
-8.202463345 43.329250393
-8.202951627 43.344671942
-8.210194465 43.375311591
-8.209624804 43.39069245
-8.204823371 43.399725653
-8.193959114 43.406805731
-8.175404426 43.416327216
-8.195057746 43.423244533
-8.213286913 43.424953518
-8.24714108 43.423081773
-8.264759895 43.427313544
-8.288726366 43.446234442
-8.305165168 43.451076565
-8.286488411 43.461981512
-8.185617642 43.471502997
-8.178781705 43.473293361
-8.171457486 43.477972723
-8.166981575 43.48456452
-8.168568489 43.492010809
-8.173451301 43.492743231
-8.19652259 43.485174872
-8.257313606 43.477728583
-8.253651496 43.481268622
-8.250884569 43.482855536
-8.243723111 43.485174872
-8.247547981 43.487738348
-8.257313606 43.492010809
-8.269195116 43.478949286
-8.288970507 43.472967841
-8.33311927 43.471502997
-8.32534746 43.486761786
-8.321685351 43.50787995
-8.316639778 43.522894598
-8.305165168 43.519354559
-8.292103645 43.532945054
-8.300160286 43.538234768
-8.308216926 43.546332098
-8.313221809 43.556341864
-8.312652148 43.567124742
-8.308705207 43.567124742
-8.291330533 43.564846096
-8.284657356 43.567124742
-8.260975715 43.564520575
-8.232248502 43.575506903
-8.086659309 43.65648021
-8.0829972 43.645453192
-8.074615038 43.639634507
-8.06354733 43.638861395
-8.05186927 43.642808335
-8.062408007 43.642320054
-8.065541145 43.642808335
-8.065541145 43.649074611
-8.061268684 43.650946356
-8.056467252 43.654242255
-8.05186927 43.65648021
-8.071156379 43.66787344
-8.073963996 43.678534247
-8.069162564 43.689276434
-8.065541145 43.700873114
-8.059315559 43.709418036
-8.044504361 43.712103583
-8.010975715 43.711737372
-7.981190559 43.717840887
-7.952951627 43.730129299
-7.928130663 43.746771552
-7.908558723 43.766343492
-7.880848762 43.763251044
-7.869048632 43.748846747
-7.861480273 43.731187242
-7.846506314 43.717962958
-7.846506314 43.711737372
-7.852284309 43.714178778
-7.862294075 43.716253973
-7.867583788 43.717962958
-7.874623176 43.709418036
-7.879261848 43.700506903
-7.879790819 43.691961981
-7.873768684 43.684475002
-7.88410397 43.678615627
-7.887318489 43.67967357
-7.894886848 43.684475002
-7.901234504 43.67975495
-7.903879361 43.678290106
-7.908558723 43.676988023
-7.908558723 43.670152085
-7.858387825 43.66819896
-7.849232551 43.675604559
-7.867583788 43.697455145
-7.856027799 43.703436591
-7.843861457 43.703802802
-7.819162564 43.697455145
-7.82140052 43.700751044
-7.823963996 43.708075262
-7.826039192 43.711737372
-7.812001106 43.723089911
-7.793853319 43.734116929
-7.773793098 43.742580471
-7.734038866 43.75006745
-7.712757942 43.760687567
-7.695708788 43.774888414
-7.688832161 43.789984442
-7.685536262 43.793443101
-7.678334114 43.790472723
-7.671294726 43.782863674
-7.668324348 43.772528387
-7.672596809 43.766669012
-7.695627408 43.745917059
-7.696156379 43.731512762
