14.216217082 22.616295064
14.231720011 22.617948711
14.294868612 22.649833069
14.466020956 22.736184388
14.637069947 22.822535706
14.808015584 22.908887024
14.979167928 22.995315857
14.97927128 22.995367534
14.979909027 22.99566376
14.991983683 22.933097433
15.003972616 22.870439758
15.015858195 22.807782084
15.02795048 22.745176087
15.039939413 22.682544251
15.051928345 22.619860739
15.06402063 22.557177226
15.07590621 22.494597067
15.087998495 22.431913554
15.099987427 22.369281718
15.112079712 22.306598206
15.124068645 22.24396637
15.136057576 22.181334534
15.148149861 22.118651022
15.156314738 22.076172994
15.164479614 22.033694967
15.172024373 21.99338735
15.172437785 21.973646952
15.173264607 21.921557109
15.174608195 21.847918193
15.176055135 21.763427226
15.177502075 21.678987936
15.178845662 21.605297343
15.179775838 21.5532075
15.180085897 21.533467102
15.180395955 21.507267151
15.18453007 21.49119578
15.200239706 21.476467998
15.247471965 21.45326528
15.266592245 21.44065623
15.301008748 21.401330465
15.324779907 21.366707255
15.341419719 21.34216095
15.358266235 21.317717998
15.3750094 21.293223369
15.391752564 21.268728739
15.408495727 21.244234111
15.425342244 21.219791158
15.441982055 21.195193177
15.458828572 21.170750224
15.475571737 21.146255595
15.492211548 21.121760966
15.509058065 21.097266337
15.525801229 21.072771709
15.542544393 21.048277079
15.559287556 21.02378245
15.576134073 20.999339498
15.592773885 20.974793192
15.609310343 20.950660299
15.569002727 20.928904521
15.544301391 20.890302226
15.536033162 20.844051819
15.544198039 20.79898997
15.556083618 20.773668519
15.570242961 20.75191274
15.588123006 20.73279246
15.669461711 20.671865946
15.697263631 20.642875468
15.755554647 20.582000631
15.813845663 20.521074117
15.872033325 20.46019928
15.930324341 20.399324443
15.953992147 20.374571432
15.96815149 20.352815654
15.970321899 20.336330871
15.962983846 20.319225973
15.942519979 20.283956808
15.902419067 20.214942932
15.862318156 20.145954896
15.822320598 20.076992697
15.782323038 20.008030498
15.767233521 19.982037252
15.736020955 19.903540751
15.732403605 19.861837871
15.728372844 19.816259257
15.724342081 19.770577291
15.720207967 19.724998678
15.716177206 19.679316712
15.712146443 19.633763937
15.708115682 19.588107808
15.704084921 19.542529196
15.700054158 19.496873068
15.696023397 19.451242778
15.692095988 19.405638327
15.687961873 19.360008036
15.683931112 19.314403585
15.679900349 19.268747457
15.675869588 19.223168844
15.671838827 19.177538554
15.667808064 19.131882426
15.663777303 19.086303813
15.659746541 19.040647685
15.655715779 18.995069072
15.651581665 18.949387106
15.647550904 18.903834331
15.643520141 18.858178203
15.639592733 18.812599589
15.635561971 18.766943462
15.631531209 18.721313171
15.627500447 18.67570872
15.623469686 18.63007843
15.619438924 18.584473979
15.61530481 18.538817851
15.611274048 18.493239238
15.607243286 18.44758311
15.603212524 18.402004496
15.599181763 18.356348369
15.595151001 18.310718079
15.591120239 18.265087789
15.587192831 18.219483338
15.583162068 18.173878886
15.579027954 18.128248597
15.574997192 18.082644145
15.57096643 18.037039694
15.567697927 18.00003856
15.566935669 17.991409403
15.562904907 17.945779114
15.558874145 17.900148825
15.554843384 17.854570211
15.550812622 17.808888245
15.54678186 17.763309631
15.542647746 17.717679342
15.538616984 17.672049052
15.534689575 17.626367086
15.530658814 17.580736796
15.526628051 17.535106507
15.52259729 17.489527893
15.518566529 17.443845927
15.514535766 17.398267313
15.510505005 17.352637024
15.506370891 17.307058411
15.502340128 17.261376444
15.498309367 17.215746155
15.494278605 17.170115866
15.490247843 17.124537252
15.486217082 17.078906963
15.482289673 17.033276672
15.478258911 16.987698059
15.474124797 16.94206777
15.471954386 16.916746318
15.468517058 16.904909712
15.465546509 16.894680481
15.452420695 16.876231994
15.418417603 16.840885315
15.36240035 16.782645976
15.306279745 16.724199931
15.250159139 16.665908915
15.194038534 16.607566223
15.137917928 16.549275208
15.081797322 16.490880839
15.02578007 16.432538148
14.969659464 16.374247131
14.913538859 16.315904439
14.857418253 16.257613424
14.801401001 16.199219056
14.745383748 16.140876364
14.689263143 16.082533671
14.633142537 16.024242655
14.576918579 15.96579661
14.520797973 15.907557272
14.482144002 15.867249654
14.423542928 15.806323141
14.368972615 15.749634095
14.340447225 15.710721741
14.3106816 15.669949036
14.280709269 15.629253846
14.250943644 15.588455303
14.221178019 15.547734274
14.191205688 15.507039083
14.161440063 15.466292216
14.131571085 15.42554535
14.101702108 15.384875997
14.07183313 15.344180806
14.042067505 15.30343394
14.012198527 15.262687073
13.982329549 15.221991882
13.952563924 15.181219177
13.922591593 15.140498149
13.892825968 15.099699605
13.862956991 15.059056092
13.833914836 15.019601136
13.808076619 14.965573426
13.775417114 14.897438049
13.760534302 14.866354675
13.755159952 14.847208558
13.753919718 14.825943706
13.75795048 14.805531514
13.772006469 14.76287262
13.773246704 14.742512106
13.764358358 14.719076843
13.749165486 14.711247864
13.730045206 14.709645895
13.709994751 14.705124207
13.700021199 14.697734477
13.668085165 14.662878723
13.648344767 14.649417013
13.644727417 14.644249369
13.646277709 14.639055888
13.657026407 14.629650777
13.660333699 14.623733826
13.666741577 14.585519104
13.665604695 14.566889751
13.657853231 14.548725484
13.62426355 14.521311137
13.608052035 14.518266228
13.584369344 14.513818054
13.543855021 14.510562439
13.507784872 14.495963847
13.482256713 14.483587341
13.449493855 14.439042257
13.449183797 14.380131124
13.468304077 14.310677999
13.482256713 14.259776713
13.492695353 14.213862204
13.499723348 14.181977845
13.506958048 14.150119324
13.514192749 14.118234965
13.521324097 14.086428121
13.528455444 14.054517924
13.535690145 14.022736918
13.542821493 13.990852559
13.54995284 13.958994039
13.557187541 13.927161357
13.564318889 13.895225321
13.571450236 13.863418478
13.578581583 13.831534119
13.585816284 13.799727275
13.592947632 13.767842916
13.600182332 13.735984396
13.60731368 13.704100037
13.359990275 13.714409485
13.358919718 13.714231979
13.329914591 13.709422709
13.320716186 13.702291362
13.321232951 13.685108948
13.306040079 13.674644471
13.266145874 13.638031719
13.259221232 13.628962505
13.253846883 13.618911439
13.253536825 13.614880676
13.258601115 13.607801005
13.260048055 13.602142436
13.257257528 13.594235942
13.25084965 13.592763163
13.243821655 13.59325409
13.239480835 13.591574605
13.230179077 13.57775116
13.232246134 13.572893575
13.246405477 13.5710849
13.22811202 13.548037212
13.20392745 13.539381409
13.176952352 13.534472148
13.15018396 13.522664083
13.153697957 13.530699768
13.155868368 13.540776673
13.153697957 13.548760681
13.143982788 13.550621033
13.138401733 13.546538595
13.130960327 13.529821269
13.123518921 13.522664083
13.123828979 13.533438619
13.123518921 13.536952617
13.107085815 13.531552429
13.088275594 13.530596415
13.077010131 13.534678854
13.082487834 13.544394023
13.082487834 13.550621033
13.054892619 13.548373108
13.029261109 13.539174703
12.939344116 13.495068868
12.911748901 13.489901225
12.883843628 13.495999044
12.879709513 13.479695129
12.870614461 13.478868307
12.857798706 13.484914449
12.842295777 13.489126079
12.842295777 13.481684673
12.850564006 13.479385071
12.857592 13.475328471
12.863896525 13.469282328
12.87020105 13.461246643
12.857075236 13.450652975
12.829273315 13.420293071
12.828549845 13.417450867
12.829996786 13.409363505
12.829273315 13.406624655
12.826276082 13.406056214
12.817594441 13.407296448
12.81501062 13.406624655
12.810669799 13.404299215
12.79733728 13.399648336
12.794546753 13.396056824
12.798474161 13.384274597
12.804778687 13.376859029
12.805192098 13.372983297
12.791136108 13.371846415
12.788965698 13.375463765
12.783281291 13.382336731
12.777390177 13.38670339
12.77459965 13.382698466
12.773256062 13.382233378
12.766538127 13.365671082
12.740803264 13.334820252
12.724370158 13.322288717
12.70173588 13.317250264
12.690057006 13.311979269
12.683132365 13.28893158
12.674347371 13.28371226
12.6591545 13.28660614
12.649232626 13.293608297
12.640654337 13.302393291
12.630008993 13.310377299
12.628768758 13.294176737
12.626805054 13.288259786
12.620190471 13.281438497
12.613265829 13.276503398
12.606134481 13.274229635
12.602723836 13.279991557
12.597556193 13.276503398
12.561072631 13.242758687
12.558178751 13.226532288
12.54515629 13.208212993
12.538335002 13.193356018
12.554251343 13.18754242
12.547946818 13.165450745
12.542572469 13.154779561
12.534510945 13.145917054
12.526966186 13.14364329
12.504331909 13.139612529
12.499784383 13.13596934
12.491206096 13.082639262
12.486658569 13.070805359
12.472705932 13.064164937
12.45637618 13.067420553
12.4372559 13.074009298
12.414311564 13.077626648
12.386741699 13.078580465
12.351576375 13.079797058
12.335246622 13.084473775
12.325738159 13.078815206
12.318400105 13.083853658
12.310958699 13.092638652
12.301036825 13.098116354
12.291528361 13.096824443
12.285327189 13.092018535
12.280883016 13.086850891
12.277162313 13.084473775
12.269204142 13.085869039
12.267447143 13.089641419
12.267033732 13.095170797
12.263209676 13.101862895
12.251840861 13.10801239
12.201404663 13.125427348
12.184764851 13.122094218
12.16378422 13.107960714
12.149624878 13.105583598
12.116448609 13.102844747
12.057640828 13.116771546
12.038003784 13.126357524
11.991908406 13.162091777
11.852795451 13.245394186
11.742311238 13.289448344
11.44000411 13.364430848
10.953005412 13.361898702
10.771311076 13.382698466
10.674986206 13.37510203
10.647881836 13.369406184
10.161529175 13.26720164
10.119774618 13.250096741
9.930122111 13.145968729
9.912448771 13.129199728
9.908211303 13.118786927
9.904387247 13.094343974
9.899736368 13.084318746
9.891778198 13.076231384
9.887747436 13.075507915
9.882683146 13.076231384
9.872037801 13.072562358
9.852814169 13.060444234
9.81932784 13.029205831
9.647657343 12.830537962
9.64073409 12.82252594
9.629261922 12.812784933
9.618409871 12.805782776
9.611485229 12.802940572
9.590297892 12.80139028
9.377907756 12.825781555
9.359821004 12.824592997
9.306490926 12.809839376
9.269387248 12.809787699
8.977871813 12.843182822
8.942792196 12.847201436
8.679345743 12.923579204
8.642655477 12.944353129
8.625498902 12.964791158
8.596766805 13.0114033
8.577233114 13.032435608
8.533514851 13.064630025
8.50964034 13.075921326
8.482665242 13.081554057
8.470779663 13.08165741
8.445974976 13.078711853
8.434502807 13.075094503
8.423133993 13.06948761
8.418999877 13.066697083
8.415175822 13.067058817
8.405150594 13.070857036
8.397812541 13.075404562
8.297973673 13.164623922
8.273065633 13.193872783
8.259836466 13.205215759
8.246727828 13.211291661
8.245677124 13.211778666
8.216014852 13.219607646
8.201442098 13.226377258
8.167645711 13.252370504
8.140050496 13.269113668
8.116589396 13.291050314
8.105117228 13.29965444
8.077522013 13.310015564
7.823997436 13.345284729
7.789684286 13.341977437
7.75557784 13.327146302
7.391982463 13.112534078
7.360666545 13.102638042
7.3248031 13.102844747
7.220520061 13.121577454
7.198195841 13.117391663
7.137424357 13.047240906
7.090088745 13.006390686
7.068694702 12.996081238
7.062920948 12.995139865
7.044923543 12.992205506
6.970509481 12.991843771
6.937126505 12.995409444
6.90663741 13.006855774
6.874184611 13.030497742
6.837907755 13.063493144
6.778686564 13.130284933
6.753879129 13.174899667
6.672543172 13.321177673
6.509297322 13.496050721
6.368944133 13.62627533
6.302178181 13.663844096
6.284207679 13.66765641
6.229831176 13.679191996
6.210607543 13.675264587
6.152833293 13.643561097
6.142394653 13.640822246
6.135780069 13.64366445
6.129475545 13.649064637
6.120380493 13.654077251
5.8373486735 13.763747559
5.554316854 13.873417867
5.521760701 13.880290832
5.374069458 13.855253601
5.346267538 13.841559347
5.334795369 13.826702372
5.318052205 13.789934591
5.304202922 13.773940735
5.27350712 13.752520854
5.262034953 13.747740784
5.227618449 13.741332907
5.084371378 13.747534078
4.983188924 13.729679871
4.925104614 13.733090516
4.902366984 13.742986552
4.87983606 13.76401886
4.856891724 13.774095765
4.824852335 13.770736797
4.625844677 13.72315082
4.506732218 13.694669088
4.452575318 13.673765971
4.40575647 13.641235657
4.248453409 13.494138692
4.220548136 13.480625305
4.190472453 13.475018413
4.125773559 13.472977194
4.123706502 13.233586121
4.120324552 13.210607869
4.088773234 12.996236267
3.929093058 12.750385641
3.864394165 12.689665833
3.645699503 12.528538716
3.641565389 12.517996725
3.651487264 12.269019674
3.624512166 12.137658183
3.623995402 12.09424998
3.648903442 12.021024475
3.653554321 11.986814677
3.636604452 11.953586732
3.619551229 11.936275127
3.608492473 11.921960754
3.603944946 11.905579325
3.609732707 11.848786927
3.612936645 11.838968405
3.618621053 11.828374736
3.622031698 11.825015768
3.626269165 11.822535299
3.649730265 11.797833964
3.662029256 11.779488831
3.666990194 11.759696757
3.659858846 11.738096009
3.647766561 11.726003723
3.596400187 11.69577301
3.589372193 11.701509095
3.580070435 11.717373759
3.571698852 11.721869608
3.568184855 11.729517721
3.56622115 11.738354391
3.562500447 11.746002503
3.557436157 11.761815491
3.553715454 11.769670309
3.54927128 11.773752746
3.543690226 11.777060038
3.53697229 11.782899476
3.503485961 11.829976705
3.495424439 11.837521464
3.484262329 11.845169577
3.447675415 11.857985331
3.402820272 11.885270488
3.391658163 11.888836161
3.380909465 11.895037334
3.369127238 11.897311096
3.355071248 11.889042868
3.341635376 11.882893372
3.327786092 11.886407369
3.315487102 11.894572246
3.307012166 11.902375387
3.292749471 11.918653463
3.269908488 11.956532288
3.262570435 11.974722392
3.257609497 11.997408346
3.255129028 12.018750712
3.252028442 12.024125062
3.238489217 12.034201965
3.235388631 12.039524638
3.063409464 12.193778789
3.022895142 12.252483215
3.01307662 12.271086731
3.009355917 12.276306051
3.000984334 12.278889873
2.967808064 12.282558899
2.956025838 12.286848043
2.944967081 12.292480774
2.936802205 12.300852357
2.930394328 12.323331604
2.922642863 12.335630595
2.912617635 12.346327616
2.892257121 12.357076314
2.844301392 12.399244283
2.832415812 12.384051413
2.808644653 12.383224589
2.79841272 12.381209209
2.778155558 12.381932678
2.768543742 12.380072327
2.757484985 12.372940979
2.741465291 12.354130758
2.732266886 12.346792704
2.721828247 12.34426056
2.711286254 12.351236878
2.700434204 12.347102763
2.695059855 12.34121165
2.692165975 12.334028626
2.69020227 12.326173808
2.686894979 12.318422343
2.672942342 12.296718241
2.66384729 12.291550598
2.628603963 12.30080068
2.621679321 12.299508769
2.609690389 12.290775452
2.60359257 12.287829895
2.598631632 12.288346659
2.590053345 12.293307597
2.586125936 12.294031067
2.55057255 12.284522604
2.546025024 12.281628724
2.536929972 12.273050436
2.531245565 12.269691467
2.523700806 12.269174703
2.520600219 12.273670553
2.519049927 12.279148255
2.5162594 12.281422017
2.504477173 12.281835429
2.495072062 12.283230692
2.488044067 12.280388489
2.483393188 12.268037822
2.477708781 12.257599182
2.472644491 12.259252829
2.466960083 12.265040588
2.459518677 12.266745911
2.454351033 12.263025208
2.446082805 12.251811422
2.443705689 12.2492276
2.430889933 12.247987366
2.407945597 12.248917542
2.394199666 12.247212219
2.370015096 12.236256816
2.361230102 12.218893535
2.362056925 12.196155905
2.371875447 12.140448711
2.405568481 12.046707662
2.411149536 12.036785788
2.418280883 12.028672587
2.42861617 12.020352682
2.439261515 12.01559845
2.448769979 12.013376364
2.455281209 12.008673808
2.457348267 11.996219787
2.456728149 11.979063212
2.449390096 11.977512919
2.438951457 11.981285299
2.428926228 11.980355123
2.422001587 11.973172099
2.414146769 11.958702698
2.407428832 11.951209616
2.398747192 11.948780823
2.389342081 11.950072734
2.380867146 11.947902324
2.375182739 11.935034892
2.376526327 11.924079489
2.388205201 11.906767884
2.390168904 11.89653595
2.338079061 11.940099182
2.258807413 12.04877472
2.188527466 12.145461324
2.113803345 12.247987366
2.070911905 12.306898499
2.051791626 12.34193512
2.054168741 12.370925599
2.06925826 12.383327942
2.126929159 12.395110169
2.131476685 12.398520814
2.138711385 12.408339336
2.14501591 12.41174998
2.148013142 12.410768127
2.15876184 12.40565216
2.163826131 12.404773661
2.223254028 12.409734599
2.237930135 12.413455302
2.24495813 12.424152324
2.242994425 12.446166484
2.243097778 12.451179098
2.246301717 12.461669414
2.246301717 12.46590688
2.242270955 12.47345164
2.229558553 12.487145895
2.223874145 12.494845683
2.215709269 12.510348612
2.210851684 12.523061015
2.203203572 12.583315735
2.199999633 12.595924784
2.193281698 12.609464009
2.184289998 12.620626119
2.165996541 12.631736552
2.155454549 12.640004781
2.144809204 12.650753479
2.140985148 12.656127828
2.135197388 12.675609843
2.109049113 12.705633851
2.068948202 12.716279196
1.971693156 12.724237366
1.96249475 12.719121399
1.945544881 12.700827942
1.934486124 12.693541565
1.926631307 12.694988505
1.919603312 12.698347473
1.911438436 12.696642151
1.906994262 12.691836243
1.900172974 12.678452047
1.883223104 12.653957418
1.872681112 12.634217021
1.860692179 12.617060445
1.843742309 12.606105042
1.826068969 12.604193014
1.69946171 12.614890035
1.597039021 12.623675029
1.563862752 12.632149964
1.535854126 12.647497864
1.467124471 12.704393616
1.412037394 12.749868876
1.330595336 12.817177429
1.304806449 12.838507989
1.23075647 12.899756368
1.170915161 12.949210714
1.113967733 12.996236267
1.083788696 13.010989888
1.012268513 13.016881002
0.983536418 13.032358093
0.974648071 13.048326111
0.971754191 13.0673172
0.971661196 13.085782453
0.971340779 13.149405213
0.970824015 13.243533834
0.970410604 13.328334859
0.983536418 13.368409933
1.004723755 13.364844259
1.084718872 13.333580018
1.138462361 13.320376689
1.160683228 13.311307475
1.167607869 13.313426209
1.177633098 13.347610169
1.182387329 13.358694764
1.187658325 13.364120789
1.205745076 13.358901469
1.222074829 13.344612935
1.241505168 13.335543721
1.268686971 13.346059875
1.249566691 13.367066346
1.234270467 13.3775825
1.21742395 13.38176829
1.175049275 13.386910095
1.15716923 13.392646179
1.048235311 13.441945496
1.015265747 13.465664978
0.996558878 13.496050721
0.991391235 13.541112569
0.950980266 13.583203024
0.896926717 13.614932353
0.850727986 13.628600769
0.813107544 13.625035095
0.795330852 13.625965271
0.775693807 13.635292867
0.763704874 13.646429138
0.762878052 13.653043722
0.766288696 13.657177836
0.767012166 13.660872701
0.766185343 13.66697052
0.766392049 13.675109558
0.763498169 13.6820342
0.753369588 13.684101258
0.62066451 13.679967143
0.59430953 13.688881328
0.580460245 13.713789368
0.584801066 13.729008077
0.594516235 13.749859517
0.600510701 13.768721415
0.593689412 13.778100687
0.574465779 13.78502533
0.563200317 13.796781718
0.552968384 13.810036723
0.51927535 13.831637472
0.504082479 13.845357564
0.499925937 13.85101508
0.491990194 13.861816508
0.483515259 13.880342509
0.475660441 13.888946635
0.454809001 13.902356669
0.448633666 13.909617208
0.448065227 13.920107524
0.456255941 13.938142599
0.45669519 13.946850078
0.445920654 13.958580628
0.428376506 13.967494812
0.411865886 13.978424377
0.403933553 13.996071879
0.401866495 14.013796895
0.39137618 14.022581889
0.378353719 14.0288089
0.369155314 14.039066671
0.369051961 14.047851664
0.37732019 14.063948873
0.378457072 14.070434265
0.374219605 14.078883362
0.368741902 14.084154358
0.362463216 14.088856913
0.356262044 14.095704041
0.34357548 14.114333395
0.339157145 14.125779725
0.343472127 14.137536113
0.367398315 14.17378713
0.372152547 14.185646871
0.377423543 14.216601054
0.381118408 14.225670268
0.390601034 14.237633362
0.391634562 14.24592743
0.388792358 14.251611837
0.346366007 14.307577414
0.202382348 14.435544541
0.188649536 14.447749736
0.158832234 14.496118877
0.152941121 14.546710103
0.219707072 14.731220805
0.213092488 14.761632386
0.18410201 14.819561666
0.185755656 14.848190409
0.198002971 14.863796692
0.211852254 14.874803772
0.220843954 14.888213806
0.218466838 14.910977275
0.21278243 14.960715841
0.213195841 14.985417175
0.221257365 14.995933329
0.353187297 14.963428854
0.387035359 14.963247986
0.418790527 14.969888408
0.483515259 14.992109274
0.514831177 14.993556213
0.67006718 14.939735209
0.68381311 14.940872091
0.711408325 14.947460836
0.739933716 14.958338725
0.769182577 14.969061585
0.922144816 14.973970845
0.949326619 14.9795519
0.973717895 14.991256612
1.057537069 15.067117615
1.123062784 15.126312968
1.203161255 15.198789165
1.270857381 15.259896546
1.297832478 15.275735372
1.331525512 15.283616028
1.405216105 15.286148173
1.50174768 15.289352112
1.598382608 15.292607728
1.694914185 15.295734151
1.79144576 15.298989766
1.888080689 15.302193706
1.984612264 15.305397645
2.081350545 15.308575744
2.177882121 15.31183136
2.274517049 15.314983623
2.371048624 15.318239238
2.467683553 15.321417338
2.564215128 15.324595439
2.66095341 15.327825216
2.757484985 15.331080831
2.854119914 15.334207256
2.950651489 15.337462871
3.000157511 15.339116516
3.005738566 15.352319844
3.005841919 15.389294332
3.007805623 15.407665304
3.010286092 15.417664693
3.017520792 15.422832337
3.033540487 15.426449687
3.07302128 15.427198995
3.192290486 15.407510274
3.3803927 15.376323547
3.483332153 15.359296163
3.488809855 15.357539164
3.507103312 15.353973491
3.516508423 15.469186097
3.526533651 15.495954489
3.614073527 15.547734274
3.692208293 15.631450094
3.728898559 15.650880432
3.808376912 15.665582377
3.846100708 15.685296936
3.871215454 15.714804179
3.873849402 15.720881837
3.886511678 15.750099183
3.894469849 15.788649801
3.903461548 15.886318258
3.909869425 15.904766744
3.925062296 15.927607727
3.983249959 15.983986715
3.984180135 15.986880595
3.984800253 15.989826152
3.984593546 15.995923971
3.984696899 15.997370911
3.984490193 15.998766175
3.983973429 16.000109762
3.983249959 16.001349996
3.970847615 16.030857239
3.966920207 16.05850413
3.971157674 16.086099345
4.060557902 16.298334453
4.07564742 16.321072083
4.0947677 16.34081248
4.1182288 16.35833079
4.161740356 16.379983215
4.175899699 16.392643941
4.183961222 16.416053365
4.183444458 16.526537578
4.183031046 16.61268219
4.182307576 16.746472473
4.181997518 16.809621074
4.184581339 16.81850942
4.1976038 16.838508199
4.202047974 16.848895162
4.196570272 16.94713206
4.197810506 16.965218811
4.203701619 16.982788798
4.21165979 16.986044413
4.222305135 16.986561177
4.235637655 16.995862935
4.235327596 17.10081777
4.235017537 17.163914694
4.234707479 17.287524719
4.234294067 17.411186422
4.233777303 17.534796448
4.233363892 17.658458151
4.233053832 17.782119853
4.232640421 17.905781556
4.232408236 17.975233873
4.23222701 18.029443258
4.231916952 18.15310496
4.23150354 18.276740824
4.231090129 18.400325012
4.230676717 18.524038392
4.230270912 18.645373847
4.230263305 18.647648417
4.229849894 18.771284281
4.229436482 18.894945984
4.229023071 19.018581849
4.22860966 19.142243551
4.417228637 19.178417054
4.605847616 19.214616394
4.794466593 19.250764059
4.983188924 19.286963399
5.082821085 19.306006165
5.301825806 19.347993266
5.520830525 19.389902853
5.620462687 19.408997294
5.749343709 19.433698629
5.794302205 19.449795838
5.837607055 19.478631287
5.916361938 19.546275737
5.979407186 19.600535991
6.042555786 19.654744568
6.105601033 19.709004822
6.168646281 19.763213399
6.231691528 19.817473653
6.294736775 19.871682231
6.357782023 19.925916646
6.420930623 19.9801769
6.483769165 20.034385478
6.546917765 20.088645732
6.609963013 20.142854309
6.672956583 20.197114563
6.736105184 20.25132314
6.799047078 20.305531718
6.862092326 20.359740295
6.925137574 20.414000549
6.982808471 20.463609925
7.020532267 20.495442607
7.098046916 20.558746236
7.169463745 20.616985576
7.240880574 20.675173238
7.312297404 20.733464254
7.383610881 20.791651917
7.482726278 20.87257721
7.61377771 20.949730123
7.681887247 20.989831034
7.749790079 21.029983622
7.817899617 21.070084534
7.886009155 21.110237122
7.953911987 21.15038971
8.022021525 21.190490621
8.090131063 21.230591533
8.158033895 21.27074412
8.226143432 21.310845032
8.29425297 21.350945944
8.362259155 21.391046855
8.43026534 21.431147766
8.498374878 21.471300354
8.566381063 21.511349589
8.6344906 21.551502177
8.702496786 21.591654765
8.770606323 21.631807353
8.838612508 21.671908265
8.906722046 21.712060852
8.974831583 21.752110087
9.042837769 21.792262675
9.110843953 21.832363587
9.178953491 21.872516175
9.246959676 21.91256541
9.31496586 21.952717997
9.383075399 21.992818909
9.451081583 22.03291982
9.519087769 22.073072408
9.587197306 22.113224997
9.655203491 22.153325908
9.723313029 22.193426819
9.791319214 22.233579407
9.859325399 22.273680318
9.927434936 22.31378123
9.995441122 22.353882142
10.063447306 22.394034729
10.131556844 22.434135641
10.199563029 22.474236552
10.267569213 22.514337463
10.335678752 22.554541728
10.403788289 22.59464264
10.471691122 22.634743551
10.539800659 22.674896139
10.607806844 22.714945374
10.675813029 22.755046285
10.743922567 22.795198873
10.812032104 22.835325623
10.880038289 22.875374857
10.948147827 22.915527446
11.016257364 22.955654195
11.084366903 22.995755106
11.152269734 23.035881857
11.220379273 23.076060283
11.28848881 23.116161194
11.356391642 23.156262106
11.42450118 23.196414693
11.492610717 23.236515605
11.56051355 23.276590678
11.628623087 23.316717428
11.696732626 23.356844177
11.76473881 23.396945089
11.832744995 23.437046001
11.900854533 23.47717275
11.968860717 23.517351176
12.057020711 23.497610779
12.145284058 23.477947897
12.233650757 23.458285014
12.32181075 23.438622132
12.409970744 23.418881734
12.498337443 23.39924469
12.586497437 23.379581808
12.67465743 23.359893087
12.763024129 23.340178528
12.851184123 23.320489808
12.939447469 23.300826925
13.027607462 23.281138204
13.115870809 23.261449483
13.204134155 23.241709087
13.292397502 23.22209788
13.380660848 23.202383322
13.482256713 23.17967153
13.599562215 23.119029236
13.655786173 23.072623799
13.780894816 22.969632671
13.906055135 22.866615703
14.031008748 22.763702087
14.156169067 22.660736796
14.201644328 22.623219706
14.216217082 22.616295064
