-73.694243944 18.106878973
-73.687855598 18.100490627
-73.676380989 18.108099677
-73.670887825 18.10537344
-73.666900194 18.098578192
-73.659982877 18.094224351
-73.628895637 18.094224351
-73.612049934 18.093247789
-73.592274543 18.089341539
-73.577992317 18.081122137
-73.577992317 18.066961981
-73.590443489 18.059393622
-73.610829231 18.057562567
-73.64972897 18.059475002
-73.667225715 18.063137111
-73.682525194 18.072007554
-73.707671679 18.094224351
-73.704457161 18.104193427
-73.699940559 18.108303127
-73.694243944 18.106878973
-73.714588996 18.601304429
-73.737619595 18.588202216
-73.769520637 18.588364976
-73.794422981 18.601874091
-73.796498176 18.628648179
-73.772694465 18.639349677
-73.739979621 18.63686758
-73.714955207 18.623480536
-73.714588996 18.601304429
-72.820464648 18.700669664
-72.831125455 18.696437893
-72.838205533 18.702582098
-72.847157356 18.720526434
-72.855702278 18.727687893
-72.863352017 18.729641018
-72.885894335 18.731024481
-72.975005663 18.74990469
-73.005441861 18.752142645
-73.037424283 18.759588934
-73.125559049 18.813625393
-73.214588996 18.836615302
-73.238514778 18.85150788
-73.258656379 18.878485419
-73.277333137 18.891099351
-73.282582161 18.895493882
-73.289906379 18.904201565
-73.296538866 18.914496161
-73.299631314 18.925523179
-73.296213345 18.936509507
-73.283843554 18.949693101
-73.266346809 18.96084219
-73.245961067 18.968410549
-73.224476692 18.971258856
-73.200795051 18.96869538
-73.061919726 18.913316148
-72.99339759 18.892035223
-72.917225715 18.85545482
-72.846099413 18.827093817
-72.817046679 18.79311758
-72.809478319 18.771470445
-72.80589759 18.745672919
-72.808745898 18.720404364
-72.820464648 18.700669664
-72.776031054 19.943915106
-72.673980273 19.921372789
-72.648833788 19.906642971
-72.628041145 19.897284247
-72.568714973 19.879868882
-72.565174934 19.875718492
-72.544341601 19.851263739
-72.517567512 19.834133205
-72.489735481 19.824652411
-72.474436002 19.834051825
-72.456206835 19.824855861
-72.425933398 19.813788153
-72.397572395 19.806952216
-72.385080533 19.810451565
-72.378732877 19.794663804
-72.330433723 19.752101955
-72.330433723 19.745835679
-72.335194465 19.747870184
-72.350900845 19.752101955
-72.338246223 19.722967841
-72.333851692 19.718573309
-72.316151496 19.71482982
-72.312408007 19.716131903
-72.316151496 19.724798895
-72.303089973 19.739081122
-72.306385871 19.739243882
-72.312896288 19.738755601
-72.316151496 19.739081122
-72.315907356 19.740301825
-72.313832161 19.744533596
-72.311390754 19.747788804
-72.309925911 19.745835679
-72.309925911 19.752101955
-72.312245246 19.755194403
-72.316151496 19.76569245
-72.309925911 19.76569245
-72.295074023 19.75804271
-72.27464759 19.756252346
-72.256418424 19.76186758
-72.248443163 19.776597398
-72.238392707 19.786444403
-72.218658007 19.786932684
-72.205230273 19.776190497
-72.213734504 19.752101955
-72.196766731 19.742499091
-72.180409309 19.740871486
-72.140858528 19.747463283
-72.137440559 19.747219143
-72.131825325 19.745835679
-72.124908007 19.741441148
-72.11050371 19.727687893
-72.100819465 19.724798895
-72.066314257 19.724798895
-72.058216926 19.72264232
-72.053781705 19.717962958
-72.050607877 19.713283596
-72.041249153 19.708970445
-72.027658658 19.699611721
-72.018544075 19.697455145
-72.010812955 19.700873114
-72.005726692 19.708319403
-71.999338345 19.715562242
-71.987863736 19.718573309
-71.968861457 19.732326565
-71.940500455 19.732123114
-71.89159095 19.718573309
-71.864735481 19.71507396
-71.857574023 19.710028387
-71.863636848 19.697455145
-71.87230384 19.692124742
-71.884185351 19.690252997
-71.912098762 19.690619208
-71.901600715 19.672308661
-71.884266731 19.670396226
-71.865467903 19.675360419
-71.850656705 19.677639065
-71.832590299 19.663275458
-71.82144121 19.656683661
-71.816517707 19.659857489
-71.811146614 19.673570054
-71.813303189 19.680731512
-71.835357226 19.686183986
-71.842437304 19.692328192
-71.846018033 19.701117255
-71.844390429 19.71112702
-71.836740689 19.717352606
-71.82530677 19.716620184
-71.799427864 19.71112702
-71.757435676 19.710109768
-71.748613241 19.682598165
-71.745047567 19.664898987
-71.746041409 19.649017002
-71.747683065 19.622782695
-71.743083863 19.600070903
-71.715126913 19.537464905
-71.703189657 19.459278463
-71.703861451 19.414630025
-71.715281943 19.391659851
-71.720811321 19.385949606
-71.733472047 19.355460511
-71.742980509 19.348380839
-71.769955608 19.333808085
-71.776518515 19.327503561
-71.771557577 19.307556457
-71.753729207 19.283785299
-71.749517077 19.279707723
-71.716522177 19.247766825
-71.651732717 19.217923884
-71.639110881 19.212110088
-71.643658407 19.152475484
-71.648774374 19.135293071
-71.661383423 19.117593893
-71.695283162 19.094546204
-71.710424357 19.081652934
-71.740345012 19.041887919
-71.783701538 18.996309306
-71.796827352 18.988609518
-71.848142049 18.975483704
-71.865401978 18.964424948
-71.862456422 18.947087504
-71.844524699 18.949748841
-71.819668335 18.957810364
-71.796258911 18.957061056
-71.787112183 18.950033061
-71.77295284 18.921714376
-71.763806112 18.911508281
-71.740913453 18.891612854
-71.733472047 18.882569479
-71.727942669 18.864069316
-71.72690914 18.823529155
-71.718847616 18.784229228
-71.720346233 18.765444845
-71.725255493 18.74697052
-71.732076783 18.730072327
-71.744065715 18.711442973
-71.758070028 18.700513407
-71.784897638 18.684730213
-71.791779133 18.680681698
-71.794346884 18.679171041
-71.807989461 18.664649964
-71.828556681 18.631292827
-71.841579142 18.617986145
-71.880284791 18.605402934
-71.955474 18.618606262
-71.992629354 18.611139018
-72.009837606 18.598814189
-72.00094926 18.582458598
-71.910515503 18.494272766
-71.90405595 18.484790141
-71.90157548 18.469778138
-71.906898153 18.464300436
-71.914391236 18.460217997
-71.918163616 18.449236755
-71.912169149 18.430736593
-71.897182984 18.422881775
-71.858167278 18.413554179
-71.849744019 18.40644867
-71.834551148 18.385080465
-71.826437948 18.376166281
-71.788714153 18.352214254
-71.734970663 18.332938945
-71.720707968 18.323973083
-71.711509563 18.316144105
-71.709339152 18.313250224
-71.721111736 18.293973823
-71.721708773 18.292996237
-71.766131552 18.220258484
-71.774038046 18.201474101
-71.776828573 18.18178538
-71.775329956 18.172328593
-71.764581258 18.143674011
-71.762204142 18.132486064
-71.762875936 18.115846253
-71.76065385 18.086804097
-71.7642712 18.069492493
-71.776234504 18.03925202
-71.792591926 18.049872137
-71.862456835 18.136542059
-71.892974413 18.162787177
-71.928089973 18.18378327
-72.006743944 18.209458726
-72.039296028 18.225653387
-72.071766731 18.237534898
-72.110707161 18.237616278
-72.190541145 18.224839585
-72.294545051 18.225775458
-72.440297004 18.223944403
-72.518788215 18.210353908
-72.538889127 18.220445054
-72.550933398 18.224758205
-72.556304491 18.220851955
-72.549549934 18.182359117
-72.558990038 18.172552802
-72.570668098 18.172308661
-72.597971158 18.182359117
-72.613270637 18.185003973
-72.730865038 18.174709377
-72.75499427 18.176174221
-72.753000455 18.171576239
-72.750111457 18.16030508
-72.748158332 18.155707098
-72.76301022 18.156724351
-72.768950976 18.158270575
-72.776031054 18.163153387
-72.803700325 18.146144924
-72.858876106 18.151312567
-72.885894335 18.141424872
-72.912180142 18.155910549
-72.947499153 18.169094143
-72.98534095 18.178656317
-73.0908097 18.189846096
-73.117258267 18.188625393
-73.125559049 18.189846096
-73.154652473 18.207505601
-73.163400845 18.210353908
-73.296213345 18.230780341
-73.355865038 18.224920966
-73.365101692 18.227362372
-73.359852668 18.240383205
-73.346587694 18.245347398
-73.310454882 18.245062567
-73.310454882 18.251288153
-73.377268033 18.258124091
-73.45824134 18.257513739
-73.481800911 18.251288153
-73.513986783 18.233140367
-73.526193814 18.230780341
-73.534169075 18.234767971
-73.542795377 18.253119208
-73.550119595 18.258734442
-73.56346595 18.251044012
-73.570708788 18.231512762
-73.578114387 18.216864325
-73.591664192 18.223944403
-73.597889778 18.223944403
-73.609689908 18.216782945
-73.619618293 18.221909898
-73.624012825 18.234849351
-73.619007942 18.251288153
-73.633208788 18.247259833
-73.64561927 18.221096096
-73.659982877 18.210353908
-73.659291145 18.223822333
-73.655995246 18.235825914
-73.646311002 18.258734442
-73.654164192 18.252671617
-73.665435351 18.23851146
-73.673573371 18.230780341
-73.674387174 18.233221747
-73.680246549 18.235419012
-73.690988736 18.237616278
-73.694569465 18.235907294
-73.694162564 18.231919664
-73.692982551 18.227443752
-73.694081184 18.223944403
-73.737782356 18.190741278
-73.809315559 18.159165757
-73.827463345 18.142035223
-73.84487871 18.114691473
-73.802805142 18.071926174
-73.796498176 18.056341864
-73.791411913 18.036688544
-73.793812629 18.028998114
-73.807036913 18.025946356
-73.873280403 18.026190497
-73.882964648 18.027736721
-73.892689582 18.032171942
-73.899973111 18.03912995
-73.903797981 18.053859768
-73.967762825 18.141424872
-73.970936653 18.143703518
-73.978505012 18.146877346
-73.982045051 18.148871161
-73.98558509 18.152655341
-73.986398892 18.155707098
-73.986887174 18.158880927
-73.98957272 18.163153387
-74.008208788 18.17975495
-74.105051236 18.247626044
-74.122425911 18.255682684
-74.152943489 18.260565497
-74.165760871 18.26561107
-74.176665819 18.273179429
-74.181304491 18.282619533
-74.183420377 18.293280341
-74.189076301 18.296535549
-74.197580533 18.29706452
-74.2079972 18.299709377
-74.233794726 18.309271552
-74.242176887 18.313950914
-74.248931444 18.306545315
-74.267811653 18.312974351
-74.287831184 18.30491771
-74.308949348 18.292466539
-74.330922004 18.286037502
-74.349354621 18.289699611
-74.37218177 18.298488674
-74.39159095 18.30878327
-74.399769661 18.317084052
-74.408314582 18.32827383
-74.445912239 18.346380927
-74.45441647 18.364813544
-74.456654426 18.384344794
-74.463205533 18.398179429
-74.489165819 18.429388739
-74.45441647 18.477769273
-74.457427538 18.481756903
-74.461822069 18.491441148
-74.443511523 18.50381094
-74.431752082 18.550116278
-74.416859504 18.560370184
-74.414133267 18.565578518
-74.415842252 18.577297268
-74.419789192 18.58982982
-74.423695442 18.59760163
-74.426258918 18.608221747
-74.418527799 18.617499091
-74.384632942 18.636297919
-74.340199348 18.653387762
-74.32127845 18.656561591
-74.298207161 18.651190497
-74.287993944 18.651516018
-74.283762174 18.659654039
-74.278797981 18.666571356
-74.267689582 18.669623114
-74.255930142 18.670314846
-74.199777799 18.667303778
-74.159982877 18.659165757
-74.029123502 18.603745835
-73.971547004 18.601304429
-73.969471809 18.599798895
-73.962961392 18.592840887
-73.961577929 18.590765692
-73.959299283 18.582993882
-73.953724739 18.583563544
-73.946766731 18.586981512
-73.940500455 18.587632554
-73.91144772 18.573187567
-73.898548957 18.568793036
-73.853586392 18.567206122
-73.842925585 18.565252997
-73.831206835 18.560370184
-73.80968177 18.542792059
-73.803334114 18.53925202
-73.793039517 18.538519598
-73.788075325 18.541327216
-73.784738736 18.544867255
-73.779408332 18.546698309
-73.769439257 18.545152085
-73.757069465 18.539374091
-73.748117642 18.53925202
-73.742014127 18.541937567
-73.729237434 18.55093008
-73.725087043 18.552923895
-73.72386634 18.555324611
-73.711171028 18.57025788
-73.704457161 18.573472398
-73.69652259 18.573797919
-73.688303189 18.573146877
-73.680409309 18.573431708
-73.635080533 18.58592357
-73.6220597 18.587632554
-73.586415168 18.579169012
-73.585845507 18.561997789
-73.606109179 18.549017645
-73.632639127 18.552923895
-73.632639127 18.546698309
-73.654204882 18.553615627
-73.673451301 18.556097723
-73.692779101 18.554022528
-73.714588996 18.546698309
-73.7079972 18.542425848
-73.691395637 18.534002997
-73.674916145 18.530178127
-73.673817512 18.524318752
-73.674224413 18.516669012
-73.669829882 18.508856512
-73.652211067 18.501369533
-73.620432095 18.505764065
-73.604725715 18.498277085
-73.569650845 18.518377997
-73.526682095 18.52350495
-73.368519661 18.51194896
-73.348296679 18.507635809
-73.308461067 18.4883487
-73.28624427 18.484035549
-73.206125455 18.486802476
-73.166981575 18.483547268
-73.131703254 18.471014716
-73.113148567 18.460760809
-73.098011848 18.455267645
-73.081166145 18.454169012
-73.05593828 18.458441473
-72.98558509 18.470404364
-72.898996549 18.450506903
-72.904164192 18.434149481
-72.885080533 18.43768952
-72.858306444 18.446682033
-72.840646939 18.446763414
-72.826039192 18.440822658
-72.75499427 18.429388739
-72.716460741 18.43773021
-72.689320442 18.459662177
-72.669341601 18.490464585
-72.652577278 18.525580145
-72.628285286 18.554144598
-72.596547004 18.560858466
-72.429758267 18.546698309
-72.423695442 18.548814195
-72.421131965 18.553534247
-72.419504361 18.558254299
-72.416086392 18.560370184
-72.409820116 18.559149481
-72.406890429 18.556626695
-72.404937304 18.554103908
-72.401763476 18.552923895
-72.380970832 18.530707098
-72.371408658 18.525580145
-72.353830533 18.530096747
-72.345692512 18.54686107
-72.343413866 18.570135809
-72.345082161 18.631008205
-72.343413866 18.642279364
-72.336415168 18.655829169
-72.328684049 18.663885809
-72.325062629 18.671372789
-72.330433723 18.683294989
-72.339426236 18.689439195
-72.385080533 18.710598049
-72.397368944 18.712632554
-72.421701627 18.713364976
-72.433461067 18.716782945
-72.453724739 18.733343817
-72.471750455 18.75409577
-72.491078254 18.768500067
-72.515370246 18.76581452
-72.549549934 18.785630601
-72.558094856 18.794623114
-72.566517707 18.813625393
-72.617787239 18.889349677
-72.631947395 18.903062242
-72.651966926 18.918605861
-72.67300371 18.931301174
-72.690093554 18.936509507
-72.708729621 18.94554271
-72.81354733 19.052923895
-72.818348762 19.078558661
-72.776031054 19.094794012
-72.737660286 19.097235419
-72.716460741 19.103949286
-72.707183398 19.118638414
-72.713124153 19.137437242
-72.72769121 19.147202867
-72.745838996 19.153794664
-72.762440559 19.163072007
-72.773019986 19.17576732
-72.797027148 19.216009833
-72.803374804 19.231919664
-72.796538866 19.236558335
-72.795765754 19.2383487
-72.796864387 19.240301825
-72.795969205 19.245591539
-72.78620358 19.254299221
-72.775217252 19.27732982
-72.768625455 19.286566473
-72.757679817 19.291693427
-72.741810676 19.294663804
-72.725697395 19.295314846
-72.713978645 19.293402411
-72.728342252 19.32037995
-72.738677538 19.325873114
-72.758697069 19.327582098
-72.77057858 19.33616771
-72.77448483 19.35569896
-72.772938606 19.376450914
-72.768625455 19.388983466
-72.762318489 19.38275788
-72.753977017 19.377346096
-72.744374153 19.374457098
-72.734486457 19.375921942
-72.723459439 19.383490302
-72.722889778 19.39081452
-72.726429817 19.399074611
-72.728098111 19.42206452
-72.730620898 19.426418361
-72.728342252 19.425604559
-72.713978645 19.423163153
-72.708973762 19.420152085
-72.701975064 19.414496161
-72.6923722 19.409735419
-72.679839648 19.409491278
-72.699126757 19.445868231
-72.709217903 19.451239325
-72.760894335 19.454331773
-72.773996549 19.463364976
-72.782785611 19.47671133
-72.795969205 19.492010809
-72.814768033 19.504828192
-72.878488736 19.532375393
-72.931548632 19.563462632
-72.95051022 19.567775783
-72.966908332 19.575018622
-73.002186653 19.603461005
-73.00885983 19.604966539
-73.018869595 19.600734768
-73.080799934 19.622381903
-73.09105384 19.623480536
-73.110747851 19.628119208
-73.120798306 19.62909577
-73.12214108 19.629217841
-73.127186653 19.626939195
-73.131825325 19.622056382
-73.138417121 19.61713288
-73.149077929 19.614935614
-73.163929817 19.618394273
-73.186024543 19.627101955
-73.207590299 19.638413804
-73.221099413 19.649644273
-73.241281705 19.631048895
-73.284250455 19.625718492
-73.379546679 19.630275783
-73.398426887 19.634955145
-73.409494595 19.635972398
-73.416574674 19.640326239
-73.434234179 19.659084377
-73.443959114 19.663316148
-73.457834439 19.672186591
-73.463368293 19.692124742
-73.465240038 19.713080145
-73.468129036 19.724798895
-73.432443814 19.778957424
-73.427154101 19.790269273
-73.417347786 19.790513414
-73.365101692 19.813544012
-73.365101692 19.820990302
-73.420318163 19.820990302
-73.404164192 19.832505601
-73.385121223 19.834418036
-73.364735481 19.832831122
-73.344593879 19.834051825
-73.222767707 19.88694896
-73.187123176 19.911444403
-73.167103645 19.93768952
-73.155140754 19.923976955
-73.143706835 19.920314846
-73.115305142 19.923407294
-73.100697395 19.921372789
-73.074330207 19.912339585
-73.060373502 19.91034577
-73.048451301 19.910589911
-73.041818814 19.911525783
-73.021839973 19.916571356
-73.007069465 19.918402411
-72.991769986 19.917181708
-72.977894661 19.912298895
-72.967274543 19.902899481
-72.960113085 19.918402411
-72.941273567 19.928045966
-72.918324348 19.930161851
-72.898996549 19.923407294
-72.87230384 19.93378327
-72.840443489 19.94163646
-72.807118293 19.945624091
-72.776031054 19.943915106
-72.762440559 20.067368882
-72.667795377 20.032294012
-72.627552864 20.008246161
-72.638905403 19.984849351
-72.655140754 19.991400458
-72.739857551 20.002427476
-72.779164192 20.016994533
-72.827748176 20.02732982
-72.844309049 20.034491278
-72.855783658 20.032416083
-72.867665168 20.028225002
-72.878488736 20.026434637
-72.89940345 20.030422268
-72.923898892 20.038153387
-72.946115689 20.048773505
-72.960357226 20.061224677
-72.955962694 20.061183986
-72.953195767 20.06248607
-72.947377082 20.067368882
-72.901112434 20.08201732
-72.850575325 20.088527736
-72.821685351 20.08978913
-72.802398241 20.087225653
-72.785145637 20.080023505
-72.762440559 20.067368882
