-5.405490481 35.926519149
-5.399322069 35.924465236
-5.39885867894 35.9245038528
-5.389717977 35.902047425
-5.378400838 35.88168691
-5.362897909 35.863806865
-5.3407255001 35.847365679
-5.340728319 35.847357489
-5.3408097 35.847113348
-5.345692512 35.832586981
-5.342355924 35.807684637
-5.327381965 35.755845445
-5.322621223 35.713771877
-5.318755663 35.701727606
-5.312652148 35.692450262
-5.304798957 35.685207424
-5.298898892 35.684312242
-5.281890429 35.686509507
-5.276763476 35.685207424
-5.275380012 35.679388739
-5.277455207 35.66421133
-5.276763476 35.657904364
-5.259999153 35.604722398
-5.249419726 35.584621486
-5.228423632 35.568508205
-5.186187304 35.543768622
-5.150786913 35.516099351
-5.066273567 35.417466539
-5.050852017 35.407538153
-5.026356575 35.403998114
-5.008208788 35.399237372
-4.988514778 35.387884833
-4.954701301 35.362453518
-4.926503059 35.330308335
-4.909331835 35.314520575
-4.864979621 35.301988023
-4.810617642 35.259995835
-4.7704972 35.241034247
-4.628285286 35.205389716
-4.495432095 35.180772203
-4.494252082 35.180568752
-4.37604733 35.151841539
-4.347645637 35.150132554
-4.327056444 35.154771226
-4.269398567 35.184881903
-4.130604621 35.204779364
-4.046701627 35.235907294
-3.961293098 35.250433661
-3.919341601 35.266831773
-3.909413215 35.255275783
-3.912530419 35.250918294
-3.924672586 35.247555847
-3.929529453 35.243819796
-3.925046191 35.237842114
-3.918467006 35.230893401
-3.903901019 35.214172586
-3.88925735 35.208406599
-3.868560351 35.207342841
-3.84089108 35.205389716
-3.821929491 35.206773179
-3.787464973 35.209214585
-3.764800585 35.218451239
-3.755523241 35.236395575
-3.74714108 35.263657945
-3.726226366 35.282294012
-3.699574348 35.290838934
-3.673573371 35.287909247
-3.654204882 35.277004299
-3.612212694 35.245347398
-3.59097246 35.233303127
-3.516021288 35.223537502
-3.48932858 35.21100495
-3.477406379 35.210679429
-3.464751757 35.211818752
-3.453846809 35.211615302
-3.442860481 35.208644924
-3.423247851 35.200832424
-3.412912564 35.197943427
-3.362049934 35.194525458
-3.319243944 35.201808986
-3.195139127 35.23822663
-3.173939582 35.249090887
-3.128651496 35.288560289
-3.118031379 35.294134833
-3.109730598 35.293646552
-3.100412564 35.289536851
-3.089670377 35.286281643
-3.077056444 35.287909247
-3.045399543 35.314439195
-3.006255663 35.393540757
-2.980824348 35.424505927
-2.982818163 35.435003973
-2.977935351 35.443304755
-2.968576627 35.446437893
-2.956654426 35.441229559
-2.952219205 35.433050848
-2.957590299 35.415838934
-2.952951627 35.403998114
-2.963042773 35.373480536
-2.949777799 35.334947007
-2.948109504 35.330267645
-2.947824674 35.329779364
-2.94781773593 35.329768125
-2.966920126 35.313866272
-2.963767863 35.286219381
-2.943045614 35.267874248
-2.9129065978 35.2769156402
-2.899037239 35.259995835
-2.907948371 35.250962632
-2.912342903 35.235785223
-2.913319465 35.219061591
-2.909820116 35.186712958
-2.905140754 35.173570054
-2.896392382 35.161810614
-2.881988085 35.146714585
-2.856068489 35.131293036
-2.820952929 35.121893622
-2.748117642 35.115952867
-2.791818814 35.145168361
-2.86827552 35.217352606
-2.883168098 35.23851146
-2.878407356 35.24632396
-2.864857551 35.237616278
-2.816395637 35.194525458
-2.808664517 35.18378327
-2.761097786 35.143255927
-2.718332486 35.122992255
-2.666737434 35.108221747
-2.563221809 35.096136786
-2.517486132 35.099351304
-2.49331621 35.104396877
-2.477202929 35.112616278
-2.456125455 35.132473049
-2.437123176 35.145086981
-2.416737434 35.149155992
-2.32144121 35.118841864
-2.299061653 35.115952867
-2.275257942 35.10956452
-2.248687304 35.097235419
-2.222564257 35.089300848
-2.221125855 35.049954733
-2.211669068 35.023444723
-2.193789022 35.003600973
-2.163299927 34.994040833
-2.126041219 34.97192332
-2.094932007 34.947687073
-2.061238973 34.929703674
-2.016280477 34.926241354
-2.003619751 34.91817983
-1.999692342 34.906345927
-1.998400431 34.892703349
-1.993491171 34.878854065
-1.979745239 34.865263164
-1.926725219 34.83808136
-1.89282548 34.811674704
-1.787715617 34.756690979
-1.769525513 34.741343079
-1.773142863 34.734056702
-1.786113647 34.725840149
-1.810504924 34.680726624
-1.862956503 34.613598938
-1.871121378 34.596649069
-1.750663615 34.494174703
-1.71423173 34.485053813
-1.702966268 34.479679464
-1.809626424 34.372450867
-1.771334188 34.334701233
-1.746064413 34.290311178
-1.674750936 34.105955506
-1.672085148 34.092020705
-1.669634969 34.079212952
-1.672115438 34.059188334
-1.71872758 33.898087056
-1.722086548 33.851164857
-1.713043173 33.80199473
-1.70250118 33.772823385
-1.703224651 33.761816305
-1.710821085 33.747062683
-1.720949667 33.736365662
-1.732576864 33.727864889
-1.742240356 33.717762147
-1.746787882 33.702388408
-1.74074174 33.686601257
-1.725393839 33.677712911
-1.690718953 33.667325949
-1.67325232 33.656499736
-1.662400269 33.644691671
-1.617338419 33.554438782
-1.612739217 33.521469218
-1.625399943 33.494235738
-1.640386108 33.47552887
-1.659144654 33.41977
-1.672838908 33.394603577
-1.68322587 33.369230449
-1.6833809 33.270838521
-1.674234172 33.237972311
-1.623591268 33.196605327
-1.60560787 33.16802826
-1.592068644 33.136608989
-1.571398072 33.111985169
-1.545508179 33.09183136
-1.516362671 33.073977153
-1.499516154 33.060205384
-1.4930566 33.039483134
-1.493366659 33.016151225
-1.496518921 32.994292095
-1.498844361 32.984008485
-1.502978475 32.974629212
-1.508869588 32.966309306
-1.516362671 32.959488017
-1.558789022 32.933649801
-1.423345093 32.742395325
-1.390530559 32.718779196
-1.327020224 32.698909607
-1.047502401 32.517008566
-1.031999471 32.494400127
-1.089980429 32.439442241
-1.123156698 32.417944845
-1.160260376 32.404948222
-1.201704875 32.399858093
-1.217982951 32.392623393
-1.234157674 32.374614156
-1.244131226 32.356914978
-1.257515421 32.320844828
-1.273423461 32.229442172
-1.27549882 32.217517802
-1.275188761 32.209068706
-1.276635701 32.200852153
-1.282991903 32.190180969
-1.289193075 32.184858297
-1.305677856 32.173722026
-1.309553589 32.167443339
-1.305161092 32.151165263
-1.288986369 32.150906881
-1.251831014 32.163515931
-1.232710734 32.163722636
-1.211833456 32.158348288
-1.195607056 32.146049296
-1.190594441 32.125223694
-1.210334839 32.089670309
-1.249557251 32.081660462
-1.324953166 32.084709371
-1.333428101 32.085071106
-1.357405966 32.086052958
-1.395388143 32.087551575
-1.445617635 32.08951528
-1.506337443 32.091944072
-1.575790568 32.094734599
-1.65237504 32.097835185
-1.734333862 32.1010908
-1.819961711 32.104501445
-1.907553263 32.107963765
-1.995454874 32.111477763
-2.08185787 32.114940084
-2.165108602 32.118299052
-2.243398397 32.121399639
-2.315176961 32.124293518
-2.378635621 32.126773987
-2.516146606 32.132200013
-2.695567179 32.089670309
-2.881188924 32.076286113
-2.938730632 32.048639221
-2.86976868612 31.8924301227
-2.82783569312 31.7945864723
-3.0025564973 31.7736199758
-3.21921029449 31.7177093185
-3.511563884 31.672744853
-3.548745077 31.669954326
-3.591378133 31.678274232
-3.65950672103 31.6478209968
-3.67348438536 31.3892342066
-3.747466797 31.385165507
-3.802502198 31.350645651
-3.815188762 31.337158102
-3.819219523 31.318864645
-3.812914999 31.243365377
-3.814982055 31.220524394
-3.836169393 31.189776917
-3.842835653 31.170191549
-3.839321655 31.152828268
-3.827461914 31.143836568
-3.810796264 31.142906393
-3.792967896 31.149676006
-3.763719035 31.173447164
-3.74886206 31.180216776
-3.731421265 31.176341045
-3.717106893 31.163266907
-3.689718384 31.125594788
-3.671941691 31.110867005
-3.635871542 31.095674133
-3.624140992 31.086527405
-3.614529175 31.068027242
-3.610085002 31.050302226
-3.608741415 31.030871888
-3.55467423852 30.9559266122
-3.61058489585 30.8790494584
-3.65950672103 30.8371164654
-3.65251788886 30.7742169759
-3.64552905669 30.7113174864
-3.83422752521 30.6274515004
-4.00195949722 30.5925073395
-4.1557138049 30.5855185074
-4.27452395175 30.5575631787
-4.37236760209 30.5086413535
-4.48418891677 30.3828423745
-4.62396556011 30.2849987242
-4.77073103563 30.2290880668
-4.87556351813 30.1801662417
-4.95942950414 30.1242555843
-5.07125081882 30.0403895983
-5.17608330133 29.9774901088
-5.27392695167 29.8866352906
-5.34381527334 29.7678251438
-5.43467009152 29.6420261648
-5.53950257403 29.523216018
-5.63734622437 29.4952606893
-5.72121221038 29.523216018
-5.75615637121 29.6140708361
-5.88195535023 29.6000931718
-6.00076549707 29.5791266753
-6.12656447608 29.5791266753
-6.27332995159 29.5791266753
-6.41310659494 29.565149011
-6.55987207045 29.5302048501
-6.6996487138 29.5162271858
-6.78351469981 29.4463388641
-6.95823550399 29.5092383536
-7.07005681866 29.5162271858
-7.14693397251 29.5092383536
-7.25875528718 29.4673053606
-7.34961010536 29.3834393746
-7.463286499 29.389137472
-7.484060425 29.382445374
-7.506126261 29.380223287
-7.528502157 29.380946757
-7.572685507 29.387613017
-7.619452678 29.389421692
-7.653610799 29.376192525
-7.714666504 29.321828918
-7.729988566 29.311157736
-7.777995971 29.289324443
-7.839129192 29.239043275
-7.945014201 29.17623057
-8.036326457 29.099852804
-8.069657755 29.07933726
-8.182312378 29.035541484
-8.250473592 28.994768779
-8.316774455 28.939061584
-8.333259236 28.930379944
-8.368450887 28.916530661
-8.383488729 28.905781963
-8.41780188 28.852348531
-8.43041093 28.841005555
-8.475834513 28.818758851
-8.520818848 28.787081198
-8.648847209 28.725947978
-8.667605754 28.711685283
-8.678767863 28.692823385
-8.682385213 28.665899964
-8.682385213 28.620217998
-8.682385213 28.560273336
-8.682385213 28.500406189
-8.682385213 28.440487366
-8.682385213 28.380542704
-8.682385213 28.320623881
-8.682385213 28.26067922
-8.682385213 28.200760397
-8.682385213 28.14089325
-8.682385213 28.080948588
-8.682385213 28.021029766
-8.682385213 27.961085104
-8.682385213 27.901140442
-8.682385213 27.841221619
-8.682385213 27.781354472
-8.682385213 27.721435649
-8.682385213 27.661439311
-8.752561808 27.661439311
-8.816537231 27.661465149
-8.81703387 27.66146534
-8.81703478 27.661464011
-8.818449259 27.659398092
-8.812919881 27.613354391
-8.783619344 27.53036204
-8.773387411 27.460030416
-8.788011841 27.416053772
-8.801706095 27.360424092
-8.79584082 27.307688294
-8.773387411 27.250069072
-8.752871867 27.190486146
-8.752871867 27.150462749
-8.793902954 27.120180359
-8.88810909 27.103566386
-9.000918742 27.089923808
-9.083446004 27.089923808
-9.207469442 27.099690654
-9.284622355 27.097726949
-9.352008423 27.097726949
-9.412056437 27.087960104
-9.48631547 27.049874573
-9.568842733 26.990291647
-9.672350626 26.910219015
-9.734362346 26.860428773
-9.81686377 26.849680075
-9.899365194 26.849680075
-9.979928752 26.889729309
-10.031708537 26.910219015
-10.065866658 26.908281148
-10.12203894 26.879962464
-10.188443156 26.860428773
-10.250454874 26.860428773
-10.353962769 26.900478007
-10.477986207 26.960035095
-10.550281535 26.990291647
-10.653272665 27.000058492
-10.756780558 27.019592184
-10.829075887 27.009825338
-10.921835083 27.009825338
-11.045858521 26.969801941
-11.149366414 26.940501404
-11.262641154 26.910219015
-11.391573853 26.882908021
-11.360309611 26.793042705
-11.315867879 26.744208476
-11.315867879 26.683643697
-11.336900187 26.632897441
-11.398911906 26.58308136
-11.469708619 26.519596863
-11.510688029 26.46980662
-11.552210043 26.400456849
-11.582983357 26.360407614
-11.636210084 26.29498525
-11.683545695 26.212974752
-11.698221802 26.162176819
-11.717238729 26.103575745
-11.75387732 26.086005758
-11.879864461 26.070399475
-11.959911255 26.049883932
-12.029751953 26.030350241
-12.055822714 25.995830384
-12.05582333 25.99582957
-12.060008505 25.990301005
-12.08005896 25.919969381
-12.08005896 25.870204976
-12.100057739 25.830155742
-12.129849203 25.730549419
-12.1698726 25.639728088
-12.200154989 25.519580384
-12.229946452 25.419999899
-12.269969849 25.259802958
-12.310019084 25.11043223
-12.359835164 24.969794821
-12.3998844 24.879955343
-12.43014095 24.830165101
-12.499981649 24.769600322
-12.560029663 24.730532939
-12.629844524 24.679760844
-12.709942993 24.629970602
-12.81978125 24.570387675
-12.910137492 24.519589742
-12.946879435 24.496748759
-12.946880248 24.496748253
-12.990184286 24.4697995
-13.060024984 24.400475566
-13.120098837 24.299861552
-13.160122234 24.219814758
-13.229962932 24.089900207
-13.279753174 24.019594421
-13.310009725 23.980552877
-13.390108195 23.940503642
-13.479947672 23.910221253
-13.580044922 23.870197856
-13.660117554 23.830122782
-13.769981649 23.790125224
-13.839796509 23.750075989
-13.890129354 23.690493063
-13.930126913 23.620187277
-13.979942993 23.519599101
-14.019992228 23.410251771
-14.039991008 23.339920146
-14.100064861 23.099676412
-14.120089478 22.960046692
-14.140088257 22.870181376
-14.169905559 22.759852193
-14.189904338 22.589914246
-14.189904338 22.450258687
-14.209954794 22.370186055
-14.220186727 22.309647115
-14.270002807 22.240297343
-14.310052043 22.190507101
-14.379841065 22.120201315
-14.439914917 22.080152079
-14.459913696 22.040102844
-14.519987549 21.99033844
-14.580035564 21.91023997
-14.629851644 21.860423889
-14.620084798 21.820374654
-14.609827026 21.750068868
-14.640109416 21.679763082
-14.669875041 21.599664612
-14.749973511 21.500084127
-14.839812989 21.450268046
-14.970166789 21.440501201
-15.149871582 21.440501201
-15.289992228 21.450268046
-15.459930176 21.450268046
-15.609817668 21.469801737
-15.749964152 21.490317281
-15.919876261 21.500084127
-16.040023966 21.500084127
-16.189885621 21.480550435
-16.580042684 21.480550435
-16.729956014 21.469801737
-16.950149292 21.429752503
-17.0137433253 21.4199710976
-17.013742642 21.419989325
-17.01280677 21.44521719
-16.971058723 21.592596747
-16.966908332 21.636542059
-16.970326301 21.674465236
-16.968006965 21.697251695
-16.951079882 21.724758205
-16.947661913 21.736029364
-16.94640052 21.748277085
-16.947010871 21.759995835
-16.95026608 21.765366929
-16.963246223 21.775620835
-16.966908332 21.78115469
-16.961537239 21.795803127
-16.956939257 21.825669664
-16.937814908 21.866603908
-16.929798957 21.907945054
-16.921009895 21.931301174
-16.816639778 22.130560614
-16.780669726 22.165716864
-16.775054491 22.174953518
-16.773426887 22.180975653
-16.762074348 22.205023505
-16.756337043 22.210191148
-16.739898241 22.221136786
-16.734120246 22.22675202
-16.717884895 22.260972398
-16.706776496 22.275458075
-16.682606575 22.284084377
-16.677154101 22.289536851
-16.670318163 22.294419664
-16.659006314 22.295070705
-16.650257942 22.291693427
-16.642648892 22.285956122
-16.631703254 22.273911851
-16.521839973 22.314886786
-16.502186653 22.329901434
-16.482167121 22.352280992
-16.466623502 22.377386786
-16.431507942 22.493068752
-16.429351366 22.510443427
-16.419545051 22.521795966
-16.369781054 22.568264065
-16.357289192 22.583075262
-16.344390429 22.646958726
-16.341379361 22.732001044
-16.336822069 22.753729559
-16.324859179 22.789496161
-16.316477017 22.806057033
-16.296457486 22.8320987
-16.296254036 22.842189846
-16.299956835 22.850165106
-16.302113411 22.856756903
-16.302154101 22.868312893
-16.300607877 22.87506745
-16.291737434 22.893459377
-16.289621549 22.899807033
-16.284779426 22.903387762
-16.262603319 22.905585028
-16.238636848 22.911566473
-16.206450976 22.937974351
-16.17296302 22.973456122
-16.163238085 22.993231512
-16.156483528 23.013495184
-16.152577278 23.0352237
-16.151275194 23.059068101
-16.159535286 23.082464911
-16.179066536 23.08612702
-16.220204231 23.075873114
-16.213124153 23.094427802
-16.196034309 23.126166083
-16.186675585 23.137925523
-16.139271614 23.178534247
-16.135121223 23.185126044
-16.060414192 23.344549872
-16.049143033 23.358099677
-16.038319465 23.363918361
-16.025542773 23.37494538
-15.981190559 23.445786851
-15.967193163 23.512925523
-15.956450976 23.531724351
-15.941314257 23.551336981
-15.905506965 23.610296942
-15.857085741 23.661810614
-15.853871223 23.66791413
-15.837391731 23.679348049
-15.830393033 23.685980536
-15.825062629 23.696722723
-15.820057746 23.717230536
-15.816070116 23.727606512
-15.800648567 23.750637111
-15.784820116 23.768988348
-15.772613085 23.787827867
-15.767689582 23.81264883
-15.765451627 23.856756903
-15.769154426 23.875677802
-15.781971809 23.898260809
-15.778675911 23.903713283
-15.775135871 23.911932684
-15.786773241 23.903876044
-15.787953254 23.892157294
-15.786000129 23.878363348
-15.788197395 23.864162502
-15.795318163 23.856634833
-15.820871549 23.840277411
-15.830393033 23.836249091
-15.843576627 23.83588288
-15.852202929 23.838120835
-15.861724413 23.83616771
-15.877552864 23.823187567
-15.888172981 23.810736395
-15.895334439 23.798773505
-15.910389778 23.765326239
-15.923329231 23.743597723
-15.925933398 23.737250067
-15.928089973 23.725165106
-15.937489387 23.705226955
-15.939605273 23.696234442
-15.948231575 23.684312242
-15.994862434 23.645005601
-16.009755012 23.655422268
-16.003163215 23.67210521
-15.981190559 23.696234442
-15.975819465 23.710760809
-15.939605273 23.774807033
-15.877552864 23.853583075
-15.871245898 23.869208075
-15.856800911 23.88694896
-15.84093177 23.902655341
-15.768137174 23.959865627
-15.735747851 23.971177476
-15.69261634 23.995794989
-15.679554817 24.007513739
-15.646636523 24.010402736
-15.620106575 24.026271877
-15.599232551 24.048325914
-15.58332272 24.07025788
-15.542347786 24.114243882
-15.514393684 24.152167059
-15.476063606 24.177801825
-15.459706184 24.191880601
-15.453033007 24.210191148
-15.444691536 24.221869208
-15.353382942 24.291083075
-15.298247851 24.345160223
-15.229562955 24.440741278
-15.203968879 24.467474677
-15.171864387 24.494126695
-15.15355384 24.505601304
-15.133412239 24.514634507
-15.112700976 24.520575262
-15.069406705 24.52728913
-15.048329231 24.538275458
-15.014800585 24.56244538
-15.015370246 24.585679429
-15.012237108 24.591538804
-14.999989387 24.614488023
-14.976226366 24.641424872
-14.952137825 24.659247137
-14.92699134 24.67177969
-14.907826301 24.685492255
-14.89561927 24.705715236
-14.885853645 24.770738023
-14.861927864 24.830145575
-14.853423632 24.876613674
-14.839670377 24.905340887
-14.836048957 24.918687242
-14.837961392 24.935126044
-14.842030403 24.950262762
-14.843169726 24.965277411
-14.836048957 24.981390692
-14.843495246 24.987616278
-14.83722897 25.001695054
-14.832590299 25.017564195
-14.829741991 25.034247137
-14.82921302 25.050238348
-14.831898567 25.065741278
-14.841420051 25.087551174
-14.843495246 25.100531317
-14.842437304 25.189032294
-14.849720832 25.214178778
-14.819243944 25.330226955
-14.812123176 25.346096096
-14.782053189 25.446926174
-14.736195442 25.505519924
-14.723133918 25.51581452
-14.714914517 25.525580145
-14.685170051 25.590887762
-14.678334114 25.635565497
-14.676258918 25.641913153
-14.666859504 25.659735419
-14.66136634 25.69131094
-14.620961067 25.783596096
-14.546457486 25.879217841
-14.519520637 25.923773505
-14.513905403 25.936957098
-14.511057095 25.956854559
-14.494984504 26.001613674
-14.486561653 26.015448309
-14.490345832 26.03148021
-14.480376757 26.087795315
-14.483306444 26.102484442
-14.492827929 26.13271719
-14.490061002 26.142726955
-14.482289192 26.153876044
-14.471791145 26.183050848
-14.46613522 26.194240627
-14.410145637 26.260077216
-14.400746223 26.266302802
-14.353179491 26.275946356
-14.298939582 26.302232164
-14.21593177 26.375474351
-14.202056444 26.392238674
-14.192779101 26.409491278
-14.180246549 26.424383856
-14.157053189 26.43378327
-14.046864387 26.444403387
-14.027740038 26.452378648
-13.923736132 26.500881252
-13.742014127 26.618109442
-13.619984504 26.688910223
-13.561105924 26.749090887
-13.500884569 26.858303127
-13.480336067 26.911688544
-13.461048957 26.992743231
-13.431996223 27.05076732
-13.402455207 27.177191473
-13.383656379 27.215277411
-13.301096158 27.32444896
-13.300770637 27.330023505
-13.307769335 27.339341539
-13.307932095 27.344956773
-13.29426022 27.35175202
-13.240834114 27.465399481
-13.207590299 27.567450262
-13.205433723 27.588568427
-13.200795051 27.606512762
-13.18097897 27.644842841
-13.1782544877 27.662490981
-13.178252733 27.662502346
-13.178212043 27.662787177
-13.177561002 27.667141018
-13.171254036 27.685003973
-13.160511848 27.694647528
-13.130360481 27.708075262
-13.097971158 27.732245184
-13.061431444 27.742905992
-13.045155403 27.759833075
-13.003000455 27.821030992
-12.979562955 27.893703518
-12.968088345 27.914618231
-12.952381965 27.928615627
-12.933094856 27.938706773
-12.838937955 27.970404364
-12.657826301 27.998032945
-12.513539192 27.995428778
-12.335031705 28.047267971
-12.061431444 28.089016018
-12.050404426 28.096014716
-12.027902799 28.116888739
-12.023101366 28.119574286
-12.005604621 28.123195705
-11.78237871 28.210109768
-11.48558509 28.325628973
-11.452788866 28.348456122
-11.428822395 28.375921942
-11.389312304 28.434881903
-11.374012825 28.449774481
-11.355946418 28.463853257
-11.34097246 28.479681708
-11.334706184 28.499741929
-11.325917121 28.515204169
-11.266468879 28.551581122
-11.219634569 28.602484442
-11.211822069 28.616766669
-11.170318163 28.639715887
-11.162464973 28.647406317
-11.154204882 28.661078192
-11.149159309 28.667669989
-11.114979621 28.691839911
-11.111561653 28.695746161
-11.09105384 28.726304429
-11.063099739 28.752386786
-11.047596809 28.76170482
-10.762603319 28.890204169
-10.694203254 28.930568752
-10.612416145 28.967718817
-10.573801236 28.990423895
-10.450917121 29.092189846
-10.347889778 29.229396877
-10.320871549 29.25796133
-10.30199134 29.271877346
-10.264027473 29.284125067
-10.248402473 29.299383856
-10.224354621 29.333075262
-10.199126757 29.361273505
-10.187570767 29.3789737
-10.182728645 29.397284247
-10.177642382 29.405829169
-10.14175371 29.428615627
-10.137033658 29.434963283
-10.128163215 29.455959377
-10.08698483 29.509955145
-10.080922004 29.521144924
-10.078684049 29.542303778
-10.072621223 29.564683335
-10.06362871 29.584947007
-10.052967903 29.599920966
-10.005279101 29.638413804
-9.997792121 29.650824286
-9.991688606 29.666815497
-9.949940559 29.716009833
-9.820220507 29.838934637
-9.717925585 29.996568101
-9.655140754 30.126898505
-9.645253059 30.16400788
-9.628407356 30.291408596
-9.610015429 30.357814846
-9.607329882 30.377630927
-9.611643033 30.404364325
-9.622710741 30.417425848
-9.638172981 30.426662502
-9.655140754 30.442206122
-9.666249153 30.459295966
-9.691761848 30.509588934
-9.700062629 30.542710679
-9.708404101 30.547512111
-9.719553189 30.548529364
-9.730824348 30.552069403
-9.739816861 30.559881903
-9.758168098 30.586818752
-9.829660611 30.628607489
-9.850941536 30.629624742
-9.874012825 30.633978583
-9.888539192 30.648260809
-9.886708137 30.686672268
-9.865630663 30.724269924
-9.839019335 30.759833075
-9.820220507 30.792303778
-9.81371009 30.814683335
-9.812896288 30.827134507
-9.816802538 30.836655992
-9.823841926 30.845648505
-9.824370898 30.851955471
-9.821888801 30.859116929
-9.820220507 30.87107982
-9.827707486 31.067450262
-9.831450976 31.085353908
-9.847523567 31.12128327
-9.835031705 31.14476146
-9.808949348 31.286200262
-9.806630012 31.343451239
-9.810902473 31.366848049
-9.82152259 31.379461981
-9.834787564 31.388820705
-9.847523567 31.4024112
-9.816232877 31.436835028
-9.792958137 31.471340236
-9.769642707 31.53148021
-9.758168098 31.545803127
-9.739613411 31.560003973
-9.733265754 31.567368882
-9.72765052 31.585150458
-9.713612434 31.59784577
-9.707630989 31.60932038
-9.694203254 31.625718492
-9.689279752 31.635199286
-9.675200976 31.715399481
-9.667307095 31.731146552
-9.575795051 31.816107489
-9.535389778 31.864488023
-9.527943489 31.87124258
-9.513295051 31.880845445
-9.50495358 31.888413804
-9.497425911 31.898138739
-9.488677538 31.915350653
-9.483794726 31.922552802
-9.366118944 32.026312567
-9.354074674 32.046698309
-9.346424934 32.061509507
-9.334828254 32.10162995
-9.33307858 32.118068752
-9.328114387 32.130438544
-9.291981575 32.168931382
-9.277740038 32.196600653
-9.270008918 32.227484442
-9.264759895 32.330633856
-9.268950976 32.335516669
-9.287749804 32.343491929
-9.291981575 32.350816148
-9.289662239 32.372463283
-9.283355273 32.387762762
-9.256255663 32.432562567
-9.248850064 32.452541408
-9.246937629 32.472316799
-9.254790819 32.48826732
-9.263661262 32.498480536
-9.272368944 32.512925523
-9.2783097 32.529527085
-9.278960741 32.546332098
-9.259917773 32.576890367
-9.112172004 32.682847398
-8.998524543 32.79710521
-8.901682095 32.854803778
-8.867787239 32.881903387
-8.754709439 33.010646877
-8.629139778 33.127630927
-8.621490038 33.139349677
-8.620350715 33.152004299
-8.621001757 33.173529364
-8.611887174 33.186265367
-8.529164192 33.268703518
-8.521148241 33.272528387
-8.512521939 33.270493882
-8.502797004 33.261542059
-8.494130012 33.259507554
-8.46979733 33.260646877
-8.451649543 33.264227606
-8.41502845 33.280015367
-8.378773567 33.30467357
-8.320220507 33.365383205
-8.284657356 33.389837958
-8.24315345 33.404527085
-8.10655677 33.430853583
-8.011545377 33.466416734
-7.962554491 33.484808661
-7.916249153 33.494574286
-7.891428189 33.503363348
-7.869740364 33.526556708
-7.84479733 33.535956122
-7.777984179 33.553290106
-7.738189257 33.570624091
-7.719471809 33.57420482
-7.700998502 33.582749742
-7.684437629 33.599920966
-7.667551236 33.612697658
-7.647857226 33.608343817
-7.636219856 33.614569403
-7.626616991 33.61322663
-7.617258267 33.60936107
-7.606190559 33.608343817
-7.596669075 33.611558335
-7.57925371 33.620754299
-7.549956835 33.625555731
-7.529123502 33.632635809
-7.510243293 33.641546942
-7.4970597 33.649969794
-7.463286913 33.686509507
-7.434315559 33.698228257
-7.406361457 33.726996161
-7.387115038 33.732489325
-7.393950976 33.725043036
-7.373850064 33.719305731
-7.35260983 33.724676825
-7.34113522 33.731105861
-7.267486132 33.772406317
-7.229318814 33.80093008
-7.192941861 33.817694403
-7.152577278 33.830064195
-7.117014127 33.834865627
-7.116566536 33.834906317
-7.099476692 33.840277411
-7.067860481 33.863674221
-7.031809049 33.874253648
-6.927357551 33.944159247
-6.822092252 34.039618231
-6.733754036 34.162583726
-6.667795377 34.280503648
-6.557932095 34.417710679
-6.547759569 34.434719143
-6.530913866 34.474025783
-6.507923957 34.504787502
-6.292103645 34.880804755
-6.205393033 35.124579169
-6.023915168 35.501166083
-6.018544075 35.520209052
-6.01667233 35.544623114
-6.012318489 35.55882396
-5.990834114 35.598537502
-5.97004147 35.65253327
-5.968251106 35.660956122
-5.965240038 35.670233466
-5.952056444 35.685492255
-5.949045377 35.69537995
-5.943104621 35.74237702
-5.936187304 35.76561107
-5.927235481 35.780747789
-5.908029752 35.797349351
-5.873402473 35.801988023
-5.781402148 35.790920315
-5.769276496 35.792792059
-5.742339648 35.814886786
-5.729888476 35.822658596
-5.711740689 35.830633856
-5.693511523 35.834295966
-5.68089759 35.829169012
-5.663441536 35.83588288
-5.639719205 35.836371161
-5.615956184 35.831529039
-5.598988411 35.822333075
-5.54002845 35.850978908
-5.523264127 35.86326732
-5.487456835 35.896958726
-5.468861457 35.91034577
-5.448109504 35.918524481
-5.4400271 35.918106383
-5.435451736 35.914416573
-5.423496753 35.908955655
-5.414198432 35.909398432
-5.41036103 35.917073236
-5.407999552 35.924748041
-5.405490481 35.926519149
