-61.362863736 15.201808986
-61.374094205 15.204820054
-61.37612871 15.212836005
-61.372792121 15.237209377
-61.373280403 15.266424872
-61.372792121 15.270697333
-61.378285286 15.282049872
-61.390939908 15.296291408
-61.393218554 15.308294989
-61.395008918 15.333075262
-61.39956621 15.351141669
-61.413726366 15.380560614
-61.415679491 15.387640692
-61.418080207 15.405951239
-61.421213345 15.414740302
-61.444203254 15.436835028
-61.447865364 15.445135809
-61.449777799 15.454657294
-61.45425371 15.46482982
-61.460031705 15.47288646
-61.465565559 15.476141669
-61.472075976 15.481390692
-61.474273241 15.493475653
-61.475209114 15.517767645
-61.479359504 15.525458075
-61.484852668 15.530340887
-61.488921679 15.535711981
-61.488880989 15.545070705
-61.483998176 15.551581122
-61.467274543 15.562974351
-61.46214759 15.572984117
-61.469064908 15.5742862
-61.481190559 15.578558661
-61.488880989 15.579250393
-61.480620898 15.591009833
-61.468983528 15.633856512
-61.449208137 15.633083401
-61.437245246 15.632635809
-61.425933398 15.628485419
-61.413726366 15.619574286
-61.397572395 15.596625067
-61.384632942 15.588364976
-61.369740364 15.595933335
-61.357329882 15.598293361
-61.307687955 15.579250393
-61.30589759 15.572455145
-61.299549934 15.557196356
-61.289621549 15.540961005
-61.284047004 15.53139883
-61.268625455 15.509914455
-61.267160611 15.50779857
-61.257679817 15.47260163
-61.256011523 15.435939846
-61.26292884 15.407904364
-61.258371549 15.40631745
-61.254221158 15.402980861
-61.249256965 15.401068427
-61.255523241 15.364569403
-61.254058398 15.332668361
-61.253732877 15.324693101
-61.256662564 15.28534577
-61.277211067 15.25023021
-61.284413215 15.244818427
-61.289296028 15.243597723
-61.293202278 15.243882554
-61.303374804 15.242580471
-61.311879036 15.244533596
-61.318186002 15.243394273
-61.323597786 15.238592841
-61.328724739 15.225572007
-61.342681444 15.219671942
-61.345936653 15.212347723
-61.346384244 15.211696682
-61.350738085 15.205145575
-61.362863736 15.201808986
