-54.1709651746 5.34837614941
-54.190460165 5.325748393
-54.269163371 5.269085185
-54.31133134 5.225806173
-54.320651943 5.21245441
-54.332001913 5.196195577
-54.343577433 5.156378886
-54.350036987 5.149583436
-54.365436564 5.138757222
-54.369880738 5.132375183
-54.37230953 5.121058045
-54.375616822 5.114882711
-54.430238811 5.053387757
-54.44863562 5.024293925
-54.454785116 5.008532613
-54.457575643 4.991350199
-54.448842326 4.951481832
-54.450806031 4.936728211
-54.455508586 4.931431377
-54.482121949 4.912802022
-54.486721151 4.902957662
-54.484964153 4.892751567
-54.478659627 4.878669739
-54.478659627 4.755188904
-54.475404012 4.741727194
-54.467290813 4.736197815
-54.457007203 4.733329773
-54.447343709 4.727852071
-54.435458131 4.709403585
-54.435148071 4.6923762
-54.438558716 4.673281759
-54.437731894 4.648735453
-54.425277873 4.61605011
-54.423469198 4.604345398
-54.423469198 4.563391825
-54.428171753 4.546157736
-54.447963827 4.509544983
-54.450806031 4.484223532
-54.433442749 4.376374817
-54.402953654 4.312941997
-54.394116984 4.269818013
-54.393186809 4.244393209
-54.399594686 4.227262472
-54.41055009 4.208581441
-54.406571004 4.191528219
-54.39489213 4.177911479
-54.382489787 4.169565735
-54.348900106 4.160522359
-54.33856482 4.152331645
-54.334689087 4.131712748
-54.337582967 4.116649068
-54.35101884 4.082077535
-54.355152954 4.066522929
-54.353861043 4.041718241
-54.344352581 4.024949239
-54.310194459 3.994201762
-54.303889934 3.984460755
-54.293141236 3.949811707
-54.286474976 3.940716655
-54.272522339 3.929528707
-54.265804403 3.922526551
-54.241051392 3.876353658
-54.222241171 3.866199239
-54.218003703 3.857646789
-54.214541382 3.85821523
-54.207048299 3.84648468
-54.19748816 3.826899312
-54.187359578 3.814677837
-54.181623495 3.81100881
-54.170203003 3.805815328
-54.136096558 3.795738424
-54.12550289 3.788736267
-54.10478064 3.758040467
-54.094445353 3.747059225
-54.074033163 3.676107483
-54.050675416 3.640554098
-54.050106975 3.634533793
-54.039409953 3.636445821
-54.028402873 3.639830627
-54.017860881 3.641458435
-54.008817505 3.637918599
-53.994813192 3.623604228
-53.988818726 3.610995178
-53.990265666 3.595698955
-53.998275513 3.573038839
-54.00628536 3.5310259
-54.003029745 3.455397441
-54.019359498 3.415374044
-54.055688029 3.377676086
-54.060338908 3.364214376
-54.062716024 3.346696066
-54.069485637 3.327084859
-54.080234335 3.309721578
-54.080804557 3.309314029
-54.114289104 3.285381979
-54.140023967 3.245022685
-54.176559205 3.200580953
-54.190460165 3.178101705
-54.211182414 3.127407125
-54.187979696 3.130972799
-54.177075968 3.116555074
-54.174698853 3.093920797
-54.177024293 3.072785136
-54.179453084 3.070304668
-54.184000611 3.067979228
-54.18849646 3.06462026
-54.19066687 3.059142558
-54.188548137 3.058315735
-54.179194703 3.051597799
-54.177024293 3.048910625
-54.170874797 3.024829407
-54.169169474 3.010721741
-54.173613648 3.004520569
-54.185137492 2.997802633
-54.179763144 2.983746643
-54.168756063 2.971395976
-54.163433391 2.96974233
-54.162968303 2.955996399
-54.170203003 2.925403951
-54.173251913 2.919512837
-54.18704952 2.899307353
-54.19066687 2.887835185
-54.191338664 2.87734487
-54.189633342 2.870626933
-54.183380494 2.86385732
-54.170203003 2.853056946
-54.182191936 2.846545716
-54.188909872 2.838277486
-54.20472286 2.791768698
-54.212526002 2.776420797
-54.285338095 2.677977193
-54.320426392 2.606663717
-54.359442098 2.508013408
-54.375616822 2.483777161
-54.423469198 2.435924784
-54.435458131 2.431118876
-54.450547648 2.428948466
-54.472613485 2.428690084
-54.483310506 2.422850647
-54.493387411 2.417062886
-54.520310832 2.348901672
-54.531576294 2.340168356
-54.551161662 2.338101298
-54.584751343 2.348333231
-54.599220744 2.345801087
-54.615292115 2.326267396
-54.634128174 2.3201179
-54.653377645 2.31650055
-54.67285966 2.315983785
-54.692496705 2.318981018
-54.704123902 2.324820455
-54.706552694 2.332881979
-54.705441651 2.342545472
-54.706733562 2.353190816
-54.715699423 2.375928446
-54.709963338 2.394790344
-54.707276164 2.39587555
-54.702031006 2.39572052
-54.697250936 2.39732249
-54.69559729 2.403523661
-54.696837524 2.409104716
-54.701100831 2.41990509
-54.702547771 2.425744528
-54.703193726 2.44584666
-54.707663738 2.450342509
-54.721177124 2.457990621
-54.743036256 2.466517233
-54.759805257 2.465793762
-54.775494352 2.457335294
-54.792490601 2.448172099
-54.841919108 2.433495992
-54.88028886 2.447345276
-54.978577434 2.543050029
-54.982814901 2.552351786
-54.979559286 2.566097718
-54.9602323 2.585683086
-54.953669393 2.599067281
-54.959095418 2.608989156
-54.976872111 2.606922099
-55.01774817 2.590592346
-55.037746949 2.57793162
-55.076297567 2.545220439
-55.11247107 2.527805481
-55.120894328 2.524808248
-55.128852499 2.525686747
-55.136603964 2.533799948
-55.133089966 2.552868551
-55.137792522 2.562170309
-55.171950643 2.559328105
-55.251919922 2.497884827
-55.275251832 2.499331767
-55.286982382 2.513904521
-55.30279537 2.519692281
-55.320520386 2.518297018
-55.337754477 2.511269023
-55.354523478 2.494887594
-55.360078695 2.476232402
-55.362765869 2.457938945
-55.371059937 2.442539368
-55.399585328 2.4301887
-55.435552125 2.430860494
-55.474309449 2.435821431
-55.511309774 2.436389872
-55.568205526 2.431273906
-55.587325806 2.433857727
-55.608306437 2.43396108
-55.645384277 2.416649475
-55.72429419 2.396909078
-55.744112102 2.401043193
-55.754602417 2.409414775
-55.766126262 2.431273906
-55.773567668 2.440058899
-55.783127808 2.445174866
-55.853769491 2.4626415
-55.870667684 2.470909729
-55.925031291 2.515661519
-55.94720048 2.528167216
-55.971023316 2.530337626
-55.983012249 2.526461894
-55.989239258 2.520829162
-55.996913209 2.503259176
-56.007506877 2.460677795
-56.008178671 2.41628774
-56.013346314 2.398821106
-56.042569337 2.355102844
-56.050243287 2.347041321
-56.062154704 2.341563619
-56.073420167 2.342390442
-56.082282674 2.347713115
-56.091455241 2.351898906
-56.10378007 2.349056702
-56.116802531 2.333088684
-56.131995403 2.304356588
-56.143880981 2.274745992
-56.146774862 2.256194153
-56.135251018 2.248546041
-56.091455241 2.245910543
-56.07292924 2.241518046
-56.054015666 2.224051412
-56.0448431 2.184725647
-56.031329712 2.163486634
-56.004406291 2.144986471
-55.995776327 2.137390035
-55.959964559 2.090984599
-55.925806438 2.061684062
-55.918261678 2.050392761
-55.915135254 2.037654521
-55.916763062 2.028507793
-55.920380413 2.019386902
-55.923584351 2.006596985
-55.922344116 1.962155254
-55.916763062 1.92223521
-55.922034058 1.886216736
-55.953815064 1.853273011
-56.019650838 1.833506775
-56.082644409 1.846555074
-56.145276245 1.871773173
-56.209768433 1.888542176
-56.257930868 1.885648295
-56.273795532 1.887508647
-56.292709107 1.895466817
-56.328624227 1.91846283
-56.347951213 1.926601868
-56.367174846 1.928875631
-56.396527059 1.921666769
-56.415182251 1.919703064
-56.429806682 1.922700298
-56.481819011 1.941613871
-56.485100464 1.953215231
-56.491198283 1.962904562
-56.499983277 1.969984232
-56.520963909 1.976728007
-56.529387167 1.981792298
-56.536492676 1.988639425
-56.542073731 1.997166036
-56.579771688 2.01680308
-56.67780188 2.01840505
-56.705190389 2.029644674
-56.801463582 2.165967103
-56.80874996 2.195784404
-56.816346396 2.217591858
-56.826190756 2.261671855
-56.838877319 2.281102193
-56.847791504 2.285856425
-56.870865031 2.290145569
-56.880140951 2.294796448
-56.884430094 2.303736471
-56.883887492 2.339754944
-56.895049601 2.362079163
-56.930835531 2.393291728
-56.938457804 2.411430155
-56.932024089 2.425796204
-56.930241252 2.436183167
-56.935072998 2.445898336
-56.951635295 2.461246236
-56.956363689 2.47003123
-56.959593465 2.483777161
-56.957526409 2.49349233
-56.952617147 2.504551086
-56.95127356 2.515454814
-56.959593465 2.524704895
-56.980005656 2.50971873
-56.994113322 2.504861146
-57.000572876 2.514162903
-56.995301881 2.547855937
-56.997110556 2.555142314
-57.022380331 2.584546204
-57.027237915 2.59358958
-57.027909709 2.610591125
-57.023155477 2.623665263
-57.020468303 2.635447489
-57.027237915 2.648211568
-57.048011841 2.636481018
-57.055970012 2.642372131
-57.061964478 2.681749573
-57.071886353 2.700094707
-57.097724569 2.727379862
-57.102943888 2.740454
-57.09901648 2.750375875
-57.092143515 2.763036601
-57.089869751 2.773888652
-57.099533244 2.778591207
-57.133743043 2.773423564
-57.137050334 2.771149801
-57.143664917 2.790011698
-57.126404989 2.826030171
-57.133381307 2.832593078
-57.14521521 2.830422669
-57.165265666 2.821069234
-57.1746191 2.818950501
-57.186608032 2.823239644
-57.191052206 2.832593078
-57.194256145 2.841998189
-57.202265992 2.846235657
-57.20634843 2.856570943
-57.219629273 2.908299052
-57.210327515 2.918220927
-57.194721232 2.930623271
-57.183817505 2.944679261
-57.188623413 2.959510397
-57.221851359 2.963024394
-57.234615438 2.970362448
-57.226450562 2.983384908
-57.221179565 2.992583313
-57.221799683 3.000438131
-57.224693563 3.009171448
-57.226450562 3.021263733
-57.223246623 3.02477773
-57.20924231 3.024054261
-57.205986695 3.028136699
-57.207020224 3.035681458
-57.211774456 3.048342184
-57.21285966 3.056041972
-57.222213094 3.078262838
-57.239473023 3.094127503
-57.248568075 3.112369283
-57.233323527 3.14166982
-57.236734172 3.143478495
-57.237405966 3.14399526
-57.237612671 3.144873759
-57.239473023 3.147870992
-57.246242636 3.141618144
-57.254975952 3.135830384
-57.264897828 3.132626444
-57.274923055 3.134280091
-57.286033489 3.142393291
-57.284173137 3.148956197
-57.277713583 3.156914368
-57.274923055 3.169006653
-57.285671753 3.192106018
-57.287945517 3.203113099
-57.287118693 3.215360412
-57.281744345 3.235927632
-57.280452434 3.247813212
-57.284018107 3.259750468
-57.290270956 3.267967021
-57.292493042 3.276286926
-57.284224814 3.288792623
-57.282777873 3.295045471
-57.280452434 3.329772034
-57.28355302 3.343802185
-57.308409384 3.394910177
-57.34003536 3.370157166
-57.366752076 3.365609639
-57.393468791 3.373826193
-57.425043091 3.387494609
-57.423957887 3.369382019
-57.430934205 3.360622864
-57.459201213 3.353336487
-57.461681682 3.349977518
-57.468761353 3.343182068
-57.476254436 3.338944601
-57.479716756 3.343388774
-57.482042196 3.348556417
-57.487984986 3.351527812
-57.495839804 3.352974752
-57.503901327 3.353336487
-57.509637411 3.357677307
-57.52240149 3.365247904
-57.535268921 3.36778005
-57.545035767 3.348143006
-57.554234172 3.346747742
-57.565137899 3.34982249
-57.596192594 3.367120724
-57.596402141 3.367237447
-57.613248658 3.376642558
-57.641463989 3.382430318
-57.649938924 3.385944315
-57.654848186 3.390130107
-57.658207153 3.395220235
-57.662547974 3.407079976
-57.664615032 3.417544454
-57.663994914 3.425838521
-57.658930624 3.443899435
-57.658362183 3.450617371
-57.660532593 3.462993877
-57.660687622 3.469505107
-57.645494752 3.498986511
-57.644047812 3.516659851
-57.660429241 3.535185852
-57.681254842 3.547303976
-57.685130575 3.549164327
-57.687249308 3.55216156
-57.697998006 3.5536085
-57.702855591 3.555675558
-57.707351441 3.560662334
-57.708643352 3.564124654
-57.709521851 3.567690329
-57.717480022 3.58244395
-57.722492636 3.59996226
-57.726109986 3.607196961
-57.764247193 3.631588236
-57.813133098 3.651845398
-57.829772909 3.662439066
-57.840986694 3.680990906
-57.846929485 3.702100729
-57.849616659 3.747472636
-57.853854127 3.76667043
-57.875144816 3.812197368
-57.925839397 3.886404724
-57.942117473 3.90544749
-58.007901571 3.957278951
-58.032137817 3.98771637
-58.042008016 4.023037211
-58.055082153 4.10807078
-58.067691203 4.151143087
-58.065934204 4.171839498
-58.052033244 4.19310435
-57.964958456 4.28203949
-57.953848023 4.299015198
-57.947388469 4.318755595
-57.945269735 4.343922018
-57.948060262 4.360484314
-57.953486288 4.375703024
-57.95663855 4.391438497
-57.952659464 4.409731954
-57.942789267 4.425105693
-57.931317098 4.437843933
-57.921860311 4.450943909
-57.914470581 4.484068502
-57.896073771 4.528510234
-57.879123902 4.556828918
-57.863310914 4.607730204
-57.845430868 4.633516744
-57.837421021 4.650880025
-57.836025757 4.669845276
-57.844345663 4.687518616
-57.871165731 4.721728414
-57.884549927 4.762862854
-57.901138062 4.773921611
-57.91782955 4.782370707
-57.925374309 4.796142476
-57.918501343 4.829757996
-57.902429973 4.85272817
-57.884188192 4.872261861
-57.870700644 4.888927511
-57.850340129 4.922801412
-57.84279537 4.929881083
-57.830237996 4.933059184
-57.820574504 4.930294495
-57.810962688 4.925540263
-57.798456991 4.923059795
-57.773962362 4.926444601
-57.762335165 4.935539653
-57.747297323 4.964013367
-57.720477254 4.989799906
-57.68693925 5.006258851
-57.649370483 5.00842926
-57.610096395 4.991350199
-57.566223104 5.007085673
-57.543278768 5.011090597
-57.517595581 5.012434184
-57.512221233 5.009152731
-57.496873332 4.994657491
-57.490258749 4.991350199
-57.47733964 4.992487081
-57.460493123 4.997628886
-57.381376506 5.005742086
-57.356210084 5.012434184
-57.345513061 5.016619975
-57.338071655 5.020754089
-57.329441692 5.02408722
-57.315230672 5.0261026
-57.306497356 5.024448955
-57.298694215 5.021115824
-57.290477661 5.020289001
-57.280452434 5.0261026
-57.316935995 5.058968811
-57.321431844 5.070156759
-57.32019161 5.083411764
-57.317091024 5.094754741
-57.302208212 5.128473612
-57.295541952 5.157205709
-57.288979045 5.171029155
-57.277713583 5.176920268
-57.25993689 5.17630015
-57.247276164 5.172372742
-57.238749553 5.162011617
-57.233323527 5.142116191
-57.217768922 5.148549907
-57.202007609 5.157619121
-57.189811972 5.16922048
-57.18490271 5.183147278
-57.192395793 5.203171896
-57.225727092 5.243608704
-57.232521702 5.26057212
-57.233323527 5.262573954
-57.237612671 5.26872345
-57.247637899 5.27177236
-57.259006714 5.271203919
-57.267429973 5.266294657
-57.269186972 5.256708679
-57.264019328 5.247045186
-57.253787395 5.234927063
-57.256422893 5.228286641
-57.263037476 5.223997497
-57.27166744 5.222860616
-57.280452434 5.225341085
-57.285465048 5.230818787
-57.287273723 5.238699442
-57.288824016 5.308540141
-57.292027955 5.311330668
-57.298332479 5.31102061
-57.308409384 5.31347524
-57.322827108 5.307609965
-57.331715455 5.307609965
-57.335694539 5.316885885
-57.332283895 5.327867127
-57.324119019 5.338589987
-57.275491496 5.387398377
-57.265207886 5.403366395
-57.261228801 5.42674998
-57.260091919 5.448195699
-57.256939657 5.464086202
-57.247670051 5.484930731
-57.233998176 5.498968817
-57.225087043 5.507513739
-57.193023241 5.51972077
-57.179514127 5.530585028
-57.170155403 5.542792059
-57.163685676 5.557074286
-57.139637825 5.665106512
-57.134877082 5.759914455
-57.128000455 5.79315827
-57.125769913 5.818145202
-57.113846953 5.858844279
-57.102283356 5.886415857
-57.075795051 5.929999091
-57.071644661 5.941229559
-57.066029426 5.950100002
-57.057687955 5.955877997
-57.034820116 5.959906317
-57.027902799 5.964422919
-57.022694465 5.96893952
-57.017445442 5.970933335
-57.01280677 5.973863023
-57.000111457 5.987982489
-56.994496223 5.992661851
-56.984689908 5.99628327
-56.974598762 5.998114325
-56.963871748 6.009151948
-56.956537283 6.011573766
-56.928843617 6.004262377
-56.86697232 5.989636515
-56.830355979 5.985556838
-56.780724425 5.985508468
-56.702631035 5.982190205
-56.659511685 5.97971557
-56.642432054 5.973222757
-56.61142174 5.953646911
-56.593104188 5.945752637
-56.573950231 5.940756315
-56.526859033 5.936548576
-56.418314407 5.911349189
-56.355023985 5.894670237
-56.3038066 5.892507929
-56.256765974 5.880405812
-56.222833967 5.870753118
-56.191639778 5.862616278
-56.124256965 5.848049221
-56.083036284 5.834365957
-56.058594553 5.827737312
-56.037993944 5.82416413
-55.999182073 5.810712549
-55.936005951 5.804660631
-55.917876757 5.784735419
-55.90355384 5.776353257
-55.897694465 5.763006903
-55.897694465 5.676703192
-55.897246874 5.676703192
-55.890248176 5.676703192
-55.884999153 5.692450262
-55.883290168 5.708075262
-55.88402259 5.741929429
-55.887277799 5.759466864
-55.904530403 5.797186591
-55.915361593 5.821770989
-55.899962631 5.841963548
-55.910002852 5.850917821
-55.922245297 5.850352823
-55.933958686 5.849827132
-55.947871932 5.86152082
-55.951168794 5.8815108
-55.946668621 5.896492641
-55.930433064 5.917580295
-55.923612553 5.927844941
-55.910395023 5.941615553
-55.900653827 5.951945171
-55.886051935 5.962954274
-55.867990446 5.969812878
-55.844381979 5.975961707
-55.820094529 5.977274794
-55.729088532 5.981216439
-55.678578254 5.985256252
-55.637318489 5.985907294
-55.394987881 5.973876003
-55.335967336 5.962708199
-55.307870815 5.943349544
-55.292045374 5.936726952
-55.27082272 5.929999091
-55.263783332 5.926418361
-55.253203905 5.917792059
-55.242909309 5.909369208
-55.232899543 5.903265692
-55.229766405 5.9024112
-55.221424934 5.900213934
-55.212880012 5.900213934
-55.202432894 5.898761043
-55.188360542 5.897395008
-55.176907667 5.901290001
-55.164051887 5.906683661
-55.147840486 5.908177475
-55.130726893 5.895855436
-55.110829231 5.881170966
-55.103107213 5.866412291
-55.115101212 5.837128193
-55.1298722 5.820746161
-55.128610806 5.821356512
-55.101039359 5.830499325
-55.091712278 5.852791383
-55.090748843 5.875116669
-55.085519986 5.88279857
-55.063423423 5.882882815
-55.030384895 5.859767971
-55.010121223 5.8555362
-54.9970597 5.858465887
-54.988921679 5.863674221
-54.981190559 5.865464585
-54.958811002 5.85179271
-54.95030677 5.850287177
-54.941802538 5.852118231
-54.931955533 5.8555362
-54.924143033 5.860419012
-54.918690559 5.86709219
-54.911976692 5.872870184
-54.900257942 5.875392971
-54.890777148 5.873358466
-54.880726692 5.868353583
-54.863026496 5.8555362
-54.867543098 5.863674221
-54.874338345 5.871568101
-54.882191536 5.878363348
-54.890288866 5.88279857
-54.90347246 5.885402736
-54.912580395 5.884024968
-54.921850607 5.876625344
-54.933318507 5.869671869
-54.956207496 5.867574735
-54.971565504 5.877266689
-54.985633646 5.880387456
-55.00151676 5.871258979
-55.01659095 5.871975002
-55.031727668 5.884466864
-55.047271288 5.892279364
-55.105295377 5.908921617
-55.125640429 5.918646552
-55.142974413 5.930121161
-55.150380012 5.940863348
-55.154123502 5.951361395
-55.15996562 5.958113974
-55.153323441 5.968592041
-55.144499559 5.974247897
-55.116851366 5.985256252
-55.085301142 5.990649034
-55.044799005 5.993104941
-55.013905403 5.993394273
-54.773589648 5.985256252
-54.755360481 5.980943101
-54.71255511 5.976183871
-54.67355601 5.969191628
-54.471780923 5.94096985
-54.348630126 5.913755159
-54.252699444 5.894808339
-54.169341601 5.867905992
-54.097395627 5.847339381
-54.07445631 5.844887488
-54.06203177 5.840558518
-54.036731445 5.84235079
-54.030943662 5.834184262
-54.020462269 5.830250206
-54.014687477 5.820148403
-54.016306862 5.809703943
-53.99208501 5.763497386
-53.986357454 5.745664571
-53.995920377 5.73452383
-54.019752927 5.688979194
-54.031147634 5.669309742
-54.036438775 5.629502342
-54.050363736 5.552069403
-54.061105924 5.512884833
-54.073597786 5.489813544
-54.091786262 5.467922268
-54.109120246 5.452826239
-54.11847897 5.442775783
-54.122547981 5.433417059
-54.128529426 5.41429271
-54.170969205 5.348374742
-54.1709651746 5.34837614941
