23.981305786 19.496123759
23.981512492 19.263838196
23.981719197 19.031552633
23.981925903 18.799292908
23.982132609 18.567033183
23.982235962 18.334799297
23.982442668 18.102513733
23.982752726 17.87022817
23.982856079 17.637942607
23.983062784 17.405657044
23.983269491 17.173371481
23.983476196 16.941137594
23.983682902 16.708800355
23.983786255 16.476514791
23.98399296 16.244229228
23.984303019 16.011943665
23.984406372 15.779658102
23.984406372 15.721939934
23.984406372 15.721160381
23.972624146 15.691084697
23.945545695 15.692221579
23.829067017 15.731030579
23.707524048 15.748858948
23.592699016 15.749013977
23.527069946 15.735164694
23.395811808 15.688345846
23.320570923 15.681317851
23.16678186 15.712943827
23.119249041 15.707223545
23.094641561 15.704262187
23.068493286 15.686692199
23.004517863 15.611425476
22.925659627 15.563934835
22.906746053 15.541403911
22.899511353 15.510191346
22.906849406 15.481407572
22.92359257 15.455569356
22.944986613 15.433115947
22.966484008 15.4048231
22.976405884 15.373636373
22.978369588 15.340201722
22.965657186 15.22390391
22.958009074 15.201631368
22.913257283 15.121687928
22.905505819 15.112567037
22.871606079 15.099699605
22.848765096 15.087503967
22.829024699 15.071639302
22.738901001 14.979810283
22.727222127 14.959036357
22.721951132 14.934670919
22.721020956 14.915938212
22.715336548 14.899427592
22.695492798 14.881470032
22.658905883 14.857414653
22.650844361 14.841937561
22.650844361 14.816151022
22.659009236 14.76127065
22.664590291 14.74375234
22.679679809 14.711816305
22.681436808 14.702927958
22.676579224 14.688975322
22.66634729 14.681740622
22.465429321 14.629289043
22.422744588 14.609083557
22.382333618 14.579111226
22.363523396 14.543532003
22.38636438 14.506531678
22.417163534 14.484104106
22.424914998 14.47043569
22.439074341 14.362922872
22.442381633 14.356928406
22.44734257 14.351631572
22.45095992 14.345792134
22.449926392 14.338376567
22.444862101 14.333363952
22.431322876 14.327214458
22.426982056 14.323002828
22.41809371 14.305949606
22.417060181 14.298094787
22.419954061 14.286235046
22.429049113 14.26460846
22.441038046 14.249854838
22.457677856 14.241147359
22.51410852 14.231458028
22.531885213 14.220631816
22.540876912 14.201175639
22.547698201 14.169032898
22.546354614 14.139706523
22.531471802 14.122627462
22.508217407 14.113635763
22.481449015 14.108545634
22.458711385 14.096117452
22.421607706 14.062140198
22.402280721 14.049298604
22.243530721 13.975427145
22.214695272 13.956616923
22.190614054 13.932794088
22.180762493 13.920554946
22.099353475 13.819415996
22.074962199 13.780322775
22.073721964 13.771356913
22.097079712 13.749756165
22.1128927 13.7298349
22.116303344 13.715184632
22.114339641 13.69970754
22.114339641 13.677383321
22.132116333 13.638651835
22.19588505 13.580464173
22.210561157 13.541732686
22.211181274 13.484190979
22.215625448 13.464993184
22.228647908 13.441118672
22.263994588 13.399183248
22.275983521 13.376316427
22.267611939 13.334561869
22.232265258 13.289034933
22.139971151 13.193511048
22.123434692 13.182168071
22.016051066 13.140232646
21.998377726 13.130594991
21.964064575 13.098348898
21.935125773 13.059152323
21.852960246 12.905724996
21.8278455 12.831104228
21.811825806 12.799969177
21.80944869 12.793664653
21.813686157 12.782295838
21.840867961 12.748938701
21.880142049 12.676281636
21.900812622 12.656437887
21.935952596 12.639539693
21.977190389 12.631839905
22.019668416 12.631426493
22.0587358 12.63669749
22.105864706 12.650391744
22.144105265 12.671269023
22.176248006 12.701499735
22.20487675 12.743357646
22.330140422 12.661450501
22.432459757 12.623830058
22.445688924 12.611065979
22.395872843 12.496085917
22.372825155 12.463116353
22.374892212 12.450869039
22.407965128 12.399761048
22.481449015 12.176673889
22.484032837 12.164736634
22.484756307 12.152540996
22.483826131 12.140345357
22.458091268 12.030429586
22.464499145 12.032961731
22.470493612 12.036113994
22.481449015 12.04427887
22.546457967 12.064432678
22.58552535 12.071357321
22.598857869 12.063244121
22.607332804 12.077713522
22.612397095 12.072804261
22.613533977 12.057249655
22.610536743 12.039627991
22.592863403 11.988933411
22.537052856 11.680890198
22.541703735 11.632986145
22.561754191 11.586012268
22.592346639 11.543663432
22.62810673 11.509841207
22.662523234 11.493072204
22.743035115 11.466097107
22.768769978 11.442325948
22.771560506 11.433308411
22.771870565 11.403181051
22.78179244 11.398891907
22.876980428 11.408839621
22.900441529 11.408245341
22.914807576 11.396101379
22.928346802 11.325149638
22.953668254 11.250942281
22.95453563 11.237843295
22.956458781 11.208800151
22.952014607 11.191049296
22.93516809 11.155883484
22.928966919 11.137925924
22.925659627 11.11813385
22.925142863 11.097954204
22.922352336 11.087076315
22.906539348 11.069893901
22.900234822 11.059894511
22.861064087 10.919153747
22.80597701 10.924502258
22.745102173 10.943803406
22.719884074 10.964654846
22.682677043 10.974137472
22.673168579 10.975067648
22.638338663 10.974137472
22.628210083 10.976127014
22.609089803 10.985222066
22.600821574 10.987805888
22.577050415 10.985118714
22.555759725 10.978969218
22.53467574 10.980519511
22.51193811 11.000828349
22.502843058 10.992172547
22.490750773 10.993154399
22.476281372 10.997960307
22.460468384 11.000828349
22.447135865 10.998270366
22.437627401 10.991552429
22.41923059 10.970726827
22.407034952 10.963052877
22.391842082 10.958505351
22.364690321 10.954208607
22.361146281 10.953647766
22.339442179 10.947730815
22.318771606 10.939359233
22.305955852 10.932563782
22.287248983 10.915949809
22.276500285 10.908534241
22.268438761 10.908999329
22.253039185 10.915303854
22.240120076 10.905898743
22.229371378 10.891971944
22.200639282 10.868665873
22.189787231 10.837298279
22.176351359 10.816214295
22.14823938 10.83076121
22.132426392 10.828539124
22.048607218 10.83698822
22.029486938 10.828745829
22.018324829 10.809883932
22.011400187 10.789290873
22.004888957 10.775519104
22.014604126 10.75456431
22.003855428 10.74327301
21.943083944 10.728261007
21.925617309 10.720121969
21.895024862 10.699193013
21.872080526 10.677592265
21.868359823 10.676222839
21.863605591 10.667928772
21.85275354 10.670150859
21.83290979 10.679943543
21.822574504 10.678754985
21.803557577 10.673664856
21.7953927 10.672476299
21.784850708 10.669324036
21.778752889 10.662270203
21.774205363 10.655164694
21.768417603 10.651986593
21.753431437 10.65072052
21.736481567 10.646172994
21.722632284 10.636716207
21.716844523 10.621006572
21.714674113 10.601395365
21.705475708 10.571810608
21.703305298 10.552406108
21.705475708 10.532019755
21.714674113 10.493701681
21.716844523 10.477320252
21.720461873 10.468018494
21.738031861 10.448019714
21.744233032 10.43910553
21.744439738 10.43243927
21.742786093 10.42577301
21.743612915 10.418977559
21.751054321 10.411820373
21.720461873 10.360815735
21.716844523 10.339809265
21.717774699 10.328983053
21.722115519 10.314177755
21.723045695 10.305987041
21.718808228 10.296633606
21.708886352 10.29353302
21.697414185 10.292421977
21.68893925 10.28890798
21.676950317 10.269167582
21.668888794 10.249194641
21.656279745 10.233665873
21.630648234 10.227438864
21.625273885 10.224493307
21.593441203 10.214545594
21.5897205 10.21661265
21.57928186 10.212271831
21.56667281 10.214493917
21.554477172 10.21865387
21.544968709 10.219997457
21.51323938 10.200515442
21.485437459 10.164316101
21.433347616 10.046054586
21.406889282 10.005566101
21.37433313 9.973113301
21.339503214 9.959909973
21.326067342 9.962752177
21.285139608 9.978591004
21.271290323 9.987246806
21.256924276 9.9757488
21.205661255 9.916837667
21.198426554 9.902988383
21.195429322 9.887304586
21.187264445 9.885134176
21.131970662 9.849425761
21.121738728 9.831907451
21.106752563 9.795449728
21.10592574 9.791884054
21.106752563 9.778060608
21.105202271 9.774029847
21.10158492 9.774236552
21.097037394 9.775373434
21.093109986 9.774339905
21.08029423 9.762609355
21.073162882 9.757648417
21.065824829 9.754496155
21.062207479 9.756201477
21.052905721 9.765890809
21.048358195 9.768164571
21.042673787 9.767079366
21.040089966 9.764753927
21.039056437 9.762170105
21.037816203 9.760671489
21.032338501 9.758010152
21.025620565 9.75325592
21.019936157 9.747933248
21.017352336 9.743592428
21.014251749 9.724472148
21.000092408 9.697393697
20.996888468 9.682174988
20.996061645 9.648301087
20.989963826 9.635614522
20.975804484 9.630963643
20.975804484 9.624168193
20.980145304 9.619930726
20.98179895 9.616778463
20.983142538 9.603678488
20.967639608 9.610603129
20.962265259 9.606934103
20.96050826 9.598123271
20.955960734 9.589415792
20.934256632 9.577065125
20.925058227 9.56959788
20.921234171 9.558978373
20.912655884 9.544328105
20.874208618 9.502496033
20.863769979 9.493788554
20.84144576 9.484409282
20.834314412 9.462472636
20.832660767 9.437254537
20.826149536 9.41808258
20.820258422 9.416222229
20.813884309 9.418846864
20.813230428 9.419116109
20.806719197 9.423327739
20.801964966 9.425549825
20.798244262 9.423379415
20.792353149 9.414000142
20.788322388 9.411881409
20.776540161 9.40779897
20.77106246 9.398057963
20.766618286 9.386559957
20.757936646 9.377129008
20.75049524 9.384544576
20.740883423 9.377129008
20.695821574 9.363460592
20.654893839 9.342970887
20.6679163 9.302017314
20.61665328 9.302017314
20.609728638 9.30279246
20.592882121 9.308218485
20.592262003 9.308063457
20.573555135 9.309148661
20.572314901 9.308218485
20.550920858 9.320259095
20.541825806 9.32162852
20.538208456 9.311939189
20.53727828 9.299200948
20.53366093 9.289640809
20.526426229 9.283620504
20.514230591 9.281501771
20.49614384 9.270882264
20.50265507 9.247421163
20.512990357 9.223882548
20.507202596 9.213263041
20.481777792 9.204658915
20.467618449 9.184143372
20.455422811 9.159312846
20.435165649 9.138125509
20.423073364 9.143241476
20.412428019 9.142052918
20.402919555 9.136988627
20.384419393 9.123578593
20.378321574 9.120064596
20.359407999 9.116421407
20.276829061 9.12073639
20.256985311 9.116421407
20.234454387 9.134559835
20.222982218 9.141949565
20.212646932 9.144972636
20.197970825 9.140502625
20.169548788 9.120891418
20.154562622 9.116421407
20.137612752 9.121821594
20.125727172 9.133784688
20.117148885 9.145747782
20.109604126 9.151173808
20.101025838 9.148073222
20.099578898 9.141174418
20.100509074 9.134146423
20.099372193 9.130709941
20.090587199 9.131123352
20.076944621 9.136730245
20.068676391 9.138125509
20.060511515 9.134353129
20.031159302 9.110220236
20.028368775 9.104561666
20.029919067 9.098980611
20.030332478 9.093864644
20.024338012 9.089756368
20.017930135 9.091048279
20.014416137 9.106344503
20.006871379 9.110220236
20.00294397 9.108514913
19.999533325 9.104303284
19.997156209 9.098618876
19.996329386 9.092831116
19.993022094 9.084588725
19.985477335 9.083193461
19.976485637 9.084175313
19.969044231 9.082883403
19.943412719 9.065881856
19.932091369 9.063330566
19.928736613 9.062574565
19.914473917 9.069266663
19.902174927 9.051800029
19.889462525 9.046374004
19.805539998 9.051128235
19.78466272 9.04875112
19.758411092 9.041981506
19.746835571 9.041309713
19.738153931 9.039371847
19.71396936 9.029139913
19.709008423 9.024566548
19.700016723 9.020587464
19.656401814 9.021259257
19.640072062 9.013998718
19.613613729 9.031672059
19.583124633 9.025341696
19.55377242 9.013326925
19.530828084 9.013998718
19.521319621 9.008831075
19.515841919 9.009451192
19.511811157 9.012293396
19.506643514 9.013998718
19.430162394 9.012861837
19.420963989 9.017435202
19.382620076 9.003198345
19.36939091 9.000381978
19.352234334 9.002061463
19.33332076 9.006557312
19.316267537 9.013120219
19.30479537 9.020845845
19.295493612 9.009502869
19.285778442 9.01281016
19.27523645 9.021982727
19.263247518 9.028261414
19.253428996 9.027951356
19.232861776 9.022292786
19.192037394 9.020174052
19.179635051 9.015264791
19.17457076 9.003766784
19.168783 9.002216492
19.142117961 9.008676046
19.133643026 9.007177429
19.126718384 9.007177429
19.100570109 9.015264791
19.060675903 9.004180196
19.021918579 8.985214946
18.999491007 8.969634501
18.9848149 8.956431173
18.978510376 8.949454855
18.975926554 8.94198761
18.971895793 8.93821523
18.952052042 8.93198822
18.93644576 8.923358256
18.928590943 8.921678772
18.922906535 8.918216451
18.920736124 8.907855327
18.917738892 8.898811951
18.910607544 8.894238586
18.901409139 8.893980205
18.892727498 8.897933452
18.86967981 8.864111227
18.869783162 8.849409282
18.886526327 8.835844218
18.902959432 8.844810079
18.909677368 8.835327454
18.912467895 8.818403422
18.91732548 8.805148418
18.929107707 8.796544292
19.048686971 8.745668844
19.057782023 8.729700826
19.073491659 8.720528259
19.103877401 8.698049011
19.124134562 8.675078837
19.091475057 8.652857972
19.081656535 8.637225851
19.072261297 8.631872473
19.061296021 8.625624492
19.020471639 8.545577698
18.920529419 8.43212209
18.910400839 8.412975973
18.901305786 8.388636373
18.887456503 8.370963033
18.85490035 8.339802144
18.81304244 8.276421001
18.791234986 8.257378235
18.773768351 8.24861908
18.715063924 8.228671977
18.672585896 8.207510478
18.638582804 8.1776415
18.618635702 8.138651632
18.617912231 8.090127462
18.589283488 8.047881979
18.508254842 8.030673727
18.070452108 8.019201558
17.977227824 7.997187398
17.897852824 7.96747345
17.858785441 7.960445455
17.817237589 7.962099101
17.67977828 7.985198466
17.661794881 7.986283671
17.639884074 7.985043437
17.620660441 7.978738912
17.599989868 7.950368551
17.580766235 7.940601706
17.559785603 7.934710592
17.523818807 7.930989889
17.503664998 7.926235657
17.487231893 7.91445343
17.478343547 7.891819153
17.466354614 7.884119364
17.419122355 7.89822703
17.405996541 7.88303416
17.38573938 7.870476787
17.250863891 7.822831116
17.234637492 7.81161733
17.233790206 7.810801425
17.220684855 7.798181457
17.214483683 7.786812643
17.211073038 7.76831248
17.204561808 7.76381663
17.196396932 7.765160218
17.188645467 7.764126689
17.170558716 7.747538554
17.135522095 7.705112203
17.116298462 7.686870422
17.101932414 7.677723694
17.095524536 7.678240458
17.09025354 7.683821513
17.079091431 7.689919332
17.059351033 7.696533916
17.045605102 7.684700012
17.041057576 7.675501608
17.042091105 7.667026673
17.038990519 7.662479147
17.008294718 7.66764679
16.99754602 7.666716614
16.988967733 7.660773824
16.981939738 7.648733215
16.962716105 7.65069692
16.919617961 7.644082337
16.88065393 7.632868551
16.86546106 7.624445292
16.854815715 7.611474508
16.847167603 7.591579081
16.848097778 7.584706116
16.852438599 7.580261943
16.855849243 7.575404358
16.853885539 7.567497864
16.850371541 7.565895894
16.839622843 7.567446188
16.836728963 7.567497864
16.815071257 7.549543532
16.812854451 7.54770579
16.805516398 7.543675029
16.782365357 7.541142883
16.768619425 7.550237936
16.746708618 7.586566467
16.709811646 7.627752584
16.68686731 7.645787659
16.663199504 7.657414856
16.624545532 7.668680318
16.614210245 7.679584046
16.609869426 7.701598206
16.611833129 7.713897197
16.61617395 7.723870748
16.618137655 7.734309387
16.613073364 7.748210347
16.605218547 7.757202047
16.596433553 7.761129456
16.586821737 7.763558248
16.576383097 7.767795715
16.560156697 7.779732972
16.549304646 7.794719137
16.544860474 7.813012594
16.550234822 7.843501689
16.550751587 7.852700094
16.550131469 7.861691793
16.54868453 7.870011699
16.509203735 7.858281149
16.491737101 7.849237773
16.475717407 7.835801901
16.469412882 7.825828349
16.457217244 7.799628398
16.45091272 7.792083638
16.437373495 7.788362935
16.427244913 7.791463522
16.418149862 7.795856018
16.407401164 7.796062724
16.392208292 7.783608703
16.387040649 7.762628072
16.387144002 7.694673564
16.383009888 7.680669251
16.370814249 7.672504374
16.282757609 7.660102031
16.26188033 7.651885478
16.22725712 7.625582174
16.207206665 7.613541565
16.185605916 7.610751037
16.16266158 7.611112773
16.128761841 7.599485575
16.065199829 7.591217346
16.042978964 7.58393097
16.026339152 7.574887594
16.012283162 7.56031484
15.990372355 7.529412333
15.975696248 7.515201315
15.943140096 7.495305888
15.92526005 7.488174541
15.793898559 7.457995504
15.758345174 7.455566711
15.720001262 7.468640849
15.668531535 7.516286519
15.624813273 7.519748841
15.551949503 7.509878642
15.515569295 7.512204081
15.481049439 7.523262838
15.521977173 7.576076151
15.548952271 7.630801493
15.562181437 7.690177714
15.562904907 7.792445374
15.540787394 7.79683787
15.509368123 7.804020895
15.487870727 7.804951071
15.440741821 7.839419251
15.406532023 7.921584778
15.345347127 8.135990296
15.210706216 8.421822448
15.183703247 8.479147644
15.168510376 8.498603821
15.110736124 8.555137838
15.068568155 8.623867493
15.051928345 8.643788758
15.031257772 8.658749085
15.005832967 8.666629741
14.968522583 8.672159119
14.95508671 8.676215719
14.95146936 8.682830302
14.95146936 8.692106222
14.949092244 8.704276022
14.940100545 8.729649149
14.934416137 8.739002584
14.92728479 8.745074565
14.919946736 8.747710063
14.913332153 8.752438457
14.908267863 8.7648408
14.899379516 8.774323425
14.859898722 8.803313904
14.846049438 8.810987854
14.83674768 8.813003235
14.827962687 8.813158265
14.819177694 8.811607971
14.809875936 8.808610738
14.793856242 8.813623353
14.5716992595 8.990989787
14.349542277 9.168356221
14.331145467 9.200214743
14.321326945 9.243157858
14.03648645 9.568771057
13.947602987 9.637759094
13.94594934 9.652641907
14.006720825 9.739277446
14.088472941 9.809634909
14.119788859 9.852009583
14.168364705 9.947740174
14.170638468 9.957842916
14.171155232 9.967609762
14.173532348 9.975025329
14.181697225 9.978177593
14.196340538 9.979146894
14.440492798 9.995308329
14.73246464 9.923813985
14.772565552 9.921746928
14.898139282 9.960478414
14.944131307 9.958824768
15.002422323 9.945052999
15.03301477 9.942856751
15.061230102 9.94923879
15.071668742 9.955956726
15.089445435 9.972183126
15.100710897 9.978901062
15.109599244 9.98153656
15.155487915 9.986523336
15.214915812 9.984094543
15.38296757 9.930196025
15.439398234 9.931694641
15.663777303 9.986109924
15.681243937 9.991277568
15.637939087 10.029957378
15.602799113 10.040990296
15.536136515 10.080522766
15.49014449 10.120106913
15.490661255 10.124447734
15.47639856 10.132741801
15.439191528 10.185245057
15.30142216 10.311748963
15.290570109 10.328983053
15.284265584 10.349291891
15.282198527 10.374587504
15.278374471 10.394276225
15.268762655 10.406342672
15.255636841 10.417039693
15.24116744 10.432904358
15.227214803 10.470137228
15.218326457 10.487216288
15.198172648 10.496492208
15.193315063 10.501194764
15.186597127 10.50587148
15.176055135 10.507990214
15.16468632 10.509075419
15.153627563 10.5119693
15.144429158 10.51631012
15.138227986 10.521658631
15.131716756 10.540701396
15.132336873 10.565402731
15.138434692 10.589690654
15.14845992 10.607338155
15.14990686 10.623125305
15.142258749 10.647206523
15.065880981 10.793114929
15.063090454 10.83076121
15.07559615 10.87349762
15.079006795 10.898147278
15.07270227 10.915768941
15.062470336 10.93070343
15.035185181 10.994627177
15.028830281 11.080218266
15.021232544 11.182548523
15.028260539 11.244482727
15.033324829 11.260269877
15.056372517 11.293420309
15.063090454 11.309930929
15.062263631 11.320033671
15.057819458 11.325356344
15.052548462 11.329800517
15.049447876 11.337267762
15.049447876 11.348714091
15.054305461 11.364087829
15.060609985 11.416125997
15.067017863 11.435556335
15.076112915 11.45330719
15.122311645 11.503226624
15.135644165 11.530821838
15.123861938 11.563171285
15.095749959 11.59815623
15.085207967 11.615881246
15.069394979 11.660788066
15.066501099 11.680631816
15.068258097 11.700113831
15.076112915 11.721456197
15.079833618 11.722593079
15.086344848 11.722179668
15.093062785 11.722903137
15.097196899 11.727657369
15.095956665 11.734116923
15.08531132 11.744038798
15.083554321 11.748172913
15.089135376 11.7576297
15.105361776 11.772719219
15.110942831 11.782899476
15.086344848 11.840467021
15.079833618 11.851215719
15.062780396 11.853489482
15.050998169 11.861602681
15.04417688 11.877312317
15.042006469 11.902375387
15.046967408 11.910178528
15.056579224 11.918446757
15.063400512 11.927283427
15.059369751 11.936791891
15.055545695 11.942476298
15.050584758 11.952863261
15.048310995 11.962785136
15.052548462 11.967229309
15.081177205 11.971673483
15.076836385 11.982835592
15.059679809 11.997304993
15.049447876 12.011929423
15.051204875 12.024228414
15.053685343 12.031876526
15.053065226 12.038026022
15.045727173 12.046087545
15.040559529 12.055647685
15.040869589 12.067584941
15.044590292 12.078385316
15.049447876 12.084586487
15.030430949 12.100916239
15.011827433 12.108616028
14.993844035 12.106704
14.976790812 12.094146627
14.964801879 12.092441305
14.95074589 12.103345032
14.92873173 12.128614807
14.903100219 12.145874736
14.898035929 12.152799377
14.89483199 12.167372131
14.899896281 12.171764629
14.90744104 12.17346995
14.911575154 12.18013621
14.910128214 12.190368144
14.905890747 12.19563914
14.900929809 12.200031636
14.898035929 12.207473043
14.898035929 12.219461976
14.903100219 12.236256816
14.904857219 12.248400778
14.906304159 12.317957255
14.908267863 12.326897278
14.89121464 12.402654928
14.877468709 12.427201233
14.876848592 12.43159373
14.878502238 12.443065897
14.877468709 12.447044983
14.872404419 12.450403952
14.865893188 12.452574361
14.861862427 12.45200592
14.863826131 12.447044983
14.855454549 12.454538066
14.851010376 12.455158183
14.849563436 12.457018534
14.850183553 12.468128968
14.852043905 12.474691875
14.860105428 12.490091451
14.863826131 12.4954658
14.830753214 12.618249003
14.819177694 12.638816223
14.78620813 12.631219788
14.768844849 12.633235168
14.761403443 12.649358216
14.758716268 12.658815003
14.752101684 12.668943583
14.743316691 12.677160136
14.734118286 12.680415751
14.72884729 12.677211812
14.713654419 12.652510478
14.702078898 12.66899526
14.716755005 12.701809795
14.709933716 12.7182429
14.694017375 12.723720602
14.664458455 12.715969136
14.648128703 12.725115865
14.641720826 12.730903626
14.624254191 12.741884867
14.620740194 12.747853495
14.620326782 12.754054667
14.618363078 12.759196472
14.610611613 12.762348735
14.603997029 12.760798442
14.584876749 12.746354879
14.575264933 12.744907939
14.570717407 12.750385641
14.56937382 12.759609884
14.56937382 12.769402568
14.560692179 12.766224467
14.554801066 12.766896261
14.551080363 12.771572978
14.549013306 12.780461324
14.549013306 12.818210958
14.531029907 12.836246033
14.500437459 12.859112854
14.490102173 12.873608094
14.490618937 12.886346334
14.506121867 12.932079977
14.507672159 12.952440491
14.504674927 12.969002788
14.496303345 12.983808085
14.482144002 12.998820089
14.48104072 13.000507963
14.435428507 13.070288595
14.418168579 13.081140646
14.064908488 13.077988383
13.836111084 13.39104421
13.60731368 13.704100037
13.600182332 13.735984396
13.592947632 13.767842916
13.585816284 13.799727275
13.578581583 13.831534119
13.571450236 13.863418478
13.564318889 13.895225321
13.557187541 13.927161357
13.54995284 13.958994039
13.542821493 13.990852559
13.535690145 14.022736918
13.528455444 14.054517924
13.521324097 14.086428121
13.514192749 14.118234965
13.506958048 14.150119324
13.499723348 14.181977845
13.492695353 14.213862204
13.482256713 14.259776713
13.468304077 14.310677999
13.449183797 14.380131124
13.449493855 14.439042257
13.482256713 14.483587341
13.507784872 14.495963847
13.543855021 14.510562439
13.584369344 14.513818054
13.608052035 14.518266228
13.62426355 14.521311137
13.657853231 14.548725484
13.665604695 14.566889751
13.666741577 14.585519104
13.660333699 14.623733826
13.657026407 14.629650777
13.646277709 14.639055888
13.644727417 14.644249369
13.648344767 14.649417013
13.668085165 14.662878723
13.700021199 14.697734477
13.709994751 14.705124207
13.730045206 14.709645895
13.749165486 14.711247864
13.764358358 14.719076843
13.773246704 14.742512106
13.772006469 14.76287262
13.75795048 14.805531514
13.753919718 14.825943706
13.755159952 14.847208558
13.760534302 14.866354675
13.775417114 14.897438049
13.808076619 14.965573426
13.833914836 15.019601136
13.862956991 15.059056092
13.892825968 15.099699605
13.922591593 15.140498149
13.952563924 15.181219177
13.982329549 15.221991882
14.012198527 15.262687073
14.042067505 15.30343394
14.07183313 15.344180806
14.101702108 15.384875997
14.131571085 15.42554535
14.161440063 15.466292216
14.191205688 15.507039083
14.221178019 15.547734274
14.250943644 15.588455303
14.280709269 15.629253846
14.3106816 15.669949036
14.340447225 15.710721741
14.368972615 15.749634095
14.423542928 15.806323141
14.482144002 15.867249654
14.520797973 15.907557272
14.576918579 15.96579661
14.633142537 16.024242655
14.689263143 16.082533671
14.745383748 16.140876364
14.801401001 16.199219056
14.857418253 16.257613424
14.913538859 16.315904439
14.969659464 16.374247131
15.02578007 16.432538148
15.081797322 16.490880839
15.137917928 16.549275208
15.194038534 16.607566223
15.250159139 16.665908915
15.306279745 16.724199931
15.36240035 16.782645976
15.418417603 16.840885315
15.452420695 16.876231994
15.465546509 16.894680481
15.468517058 16.904909712
15.471954386 16.916746318
15.474124797 16.94206777
15.478258911 16.987698059
15.482289673 17.033276672
15.486217082 17.078906963
15.490247843 17.124537252
15.494278605 17.170115866
15.498309367 17.215746155
15.502340128 17.261376444
15.506370891 17.307058411
15.510505005 17.352637024
15.514535766 17.398267313
15.518566529 17.443845927
15.52259729 17.489527893
15.526628051 17.535106507
15.530658814 17.580736796
15.534689575 17.626367086
15.538616984 17.672049052
15.542647746 17.717679342
15.54678186 17.763309631
15.550812622 17.808888245
15.554843384 17.854570211
15.558874145 17.900148825
15.562904907 17.945779114
15.566935669 17.991409403
15.567697927 18.00003856
15.57096643 18.037039694
15.574997192 18.082644145
15.579027954 18.128248597
15.583162068 18.173878886
15.587192831 18.219483338
15.591120239 18.265087789
15.595151001 18.310718079
15.599181763 18.356348369
15.603212524 18.402004496
15.607243286 18.44758311
15.611274048 18.493239238
15.61530481 18.538817851
15.619438924 18.584473979
15.623469686 18.63007843
15.627500447 18.67570872
15.631531209 18.721313171
15.635561971 18.766943462
15.639592733 18.812599589
15.643520141 18.858178203
15.647550904 18.903834331
15.651581665 18.949387106
15.655715779 18.995069072
15.659746541 19.040647685
15.663777303 19.086303813
15.667808064 19.131882426
15.671838827 19.177538554
15.675869588 19.223168844
15.679900349 19.268747457
15.683931112 19.314403585
15.687961873 19.360008036
15.692095988 19.405638327
15.696023397 19.451242778
15.700054158 19.496873068
15.704084921 19.542529196
15.708115682 19.588107808
15.712146443 19.633763937
15.716177206 19.679316712
15.720207967 19.724998678
15.724342081 19.770577291
15.728372844 19.816259257
15.732403605 19.861837871
15.736020955 19.903540751
15.767233521 19.982037252
15.782323038 20.008030498
15.822320598 20.076992697
15.862318156 20.145954896
15.902419067 20.214942932
15.942519979 20.283956808
15.962983846 20.319225973
15.970321899 20.336330871
15.96815149 20.352815654
15.953992147 20.374571432
15.930324341 20.399324443
15.872033325 20.46019928
15.813845663 20.521074117
15.755554647 20.582000631
15.697263631 20.642875468
15.669461711 20.671865946
15.588123006 20.73279246
15.570242961 20.75191274
15.556083618 20.773668519
15.544198039 20.79898997
15.536033162 20.844051819
15.544301391 20.890302226
15.569002727 20.928904521
15.609310343 20.950660299
15.592773885 20.974793192
15.576134073 20.999339498
15.559287556 21.02378245
15.542544393 21.048277079
15.525801229 21.072771709
15.509058065 21.097266337
15.492211548 21.121760966
15.475571737 21.146255595
15.458828572 21.170750224
15.441982055 21.195193177
15.425342244 21.219791158
15.408495727 21.244234111
15.391752564 21.268728739
15.3750094 21.293223369
15.358266235 21.317717998
15.341419719 21.34216095
15.324779907 21.366707255
15.301008748 21.401330465
15.266592245 21.44065623
15.247471965 21.45326528
15.200239706 21.476467998
15.18453007 21.49119578
15.180395955 21.507267151
15.180085897 21.533467102
15.179775838 21.5532075
15.178845662 21.605297343
15.177502075 21.678987936
15.176055135 21.763427226
15.174608195 21.847918193
15.173264607 21.921557109
15.172437785 21.973646952
15.172024373 21.99338735
15.164479614 22.033694967
15.156314738 22.076172994
15.148149861 22.118651022
15.136057576 22.181334534
15.124068645 22.24396637
15.112079712 22.306598206
15.099987427 22.369281718
15.087998495 22.431913554
15.07590621 22.494597067
15.06402063 22.557177226
15.051928345 22.619860739
15.039939413 22.682544251
15.02795048 22.745176087
15.015858195 22.807782084
15.003972616 22.870439758
14.991983683 22.933097433
14.979909027 22.99566376
14.997461385 23.00381663
15.055235636 23.029964905
15.112906535 23.05611318
15.170370728 23.082261454
15.228144979 23.108358052
15.285815878 23.134454652
15.343486775 23.160577087
15.401157674 23.186751201
15.458828572 23.212899476
15.516499471 23.23904775
15.574273722 23.265196025
15.631944621 23.2913443
15.68961552 23.317518412
15.747183064 23.343640849
15.804853963 23.369789124
15.862524862 23.395937398
15.92019576 23.422033997
15.964637492 23.442213644
15.985101359 23.444719951
16.076155233 23.399632264
16.199765259 23.33870575
16.323168579 23.27772756
16.446778605 23.216723532
16.570285278 23.155719503
16.693791951 23.094663799
16.817298625 23.03365977
16.94090865 22.972733256
17.064311971 22.911755067
17.187921997 22.850751038
17.311428671 22.789798686
17.434831991 22.728794658
17.558442016 22.667764791
17.68194869 22.606786601
17.805455363 22.545756734
17.928962036 22.484778545
18.052468709 22.423852031
18.175975383 22.362822165
18.299585408 22.301843974
18.422988728 22.240865784
18.546598755 22.179835917
18.670105428 22.118806051
18.793612101 22.057879537
18.917118774 21.996849671
19.040728801 21.935871481
19.164132121 21.87489329
19.18583703 21.864177059
19.287638793 21.8139151
19.411145467 21.752885234
19.53465214 21.691855367
19.658262166 21.630877178
19.781665486 21.569898987
19.905275513 21.508869121
20.028782186 21.447942607
20.152288859 21.386912741
20.275795532 21.32593455
20.399405558 21.265008036
20.522808879 21.203926493
20.646418904 21.142896627
20.769925578 21.081970113
20.893328898 21.020940247
21.016938924 20.959962057
21.140342244 20.899035543
21.26395227 20.838005677
21.387458944 20.777027486
21.510965617 20.716049296
21.63447229 20.654967754
21.758082316 20.593989563
21.881485637 20.533063049
22.005095662 20.472033183
22.128602335 20.411054992
22.252109009 20.350076803
22.375615682 20.289124451
22.499122355 20.228094584
22.622629028 20.167090556
22.746135702 20.10606069
22.869642375 20.045108338
22.993149047 19.984104309
23.116759074 19.923151958
23.240162394 19.862096253
23.36377242 19.801169739
23.487279093 19.74016571
23.610785767 19.679110006
23.73429244 19.618131816
23.857799113 19.557179464
23.981305786 19.496123759
