-9.895375129 -40.386407159
-9.925160286 -40.397881769
-9.965077278 -40.38274505
-10.039377408 -40.338636977
-10.039377408 -40.33180104
-10.030018684 -40.313734633
-10.022206184 -40.307224217
-10.008656379 -40.30445729
-9.962757942 -40.301853123
-9.949940559 -40.30445729
-9.943104621 -40.31226979
-9.932362434 -40.339043878
-9.926380989 -40.348809503
-9.906361457 -40.364190363
-9.900013801 -40.372165623
-9.895375129 -40.386407159
-12.263783332 -37.149021092
-12.276600715 -37.149183852
-12.304107226 -37.125583592
-12.335316536 -37.104261977
-12.325591601 -37.094659113
-12.307362434 -37.07008229
-12.296620246 -37.059177342
-12.291900194 -37.055759373
-12.244984504 -37.059177342
-12.227935351 -37.068129165
-12.213124153 -37.080010675
-12.191273567 -37.090508722
-12.195708788 -37.098565363
-12.20030677 -37.104099217
-12.205474413 -37.108005467
-12.211740689 -37.111016534
-12.244781054 -37.137872003
-12.263783332 -37.149021092
-5.666656054 -15.90211354
-5.657704231 -15.919528904
-5.651966926 -15.934502863
-5.650380012 -15.948907159
-5.65355384 -15.963555597
-5.662749804 -15.979587498
-5.673939582 -15.9882138
-5.686919726 -15.994805597
-5.701975064 -16.005140883
-5.70433509 -15.999444269
-5.707753059 -15.996351821
-5.711659309 -15.994317316
-5.715646939 -15.990899347
-5.729888476 -16.004815363
-5.746490038 -16.013848566
-5.763742642 -16.01572031
-5.780181444 -16.008233331
-5.789540168 -15.995293878
-5.787180142 -15.98447031
-5.780384895 -15.973402602
-5.776519335 -15.960137628
-5.770130989 -15.94524505
-5.75511634 -15.929945571
-5.737049934 -15.917168878
-5.721831835 -15.908949477
-5.709584114 -15.906996352
-5.679676887 -15.907321873
-5.666656054 -15.90211354
-14.373646614 -7.885349217
-14.369984504 -7.889336847
-14.36457272 -7.889336847
-14.356271939 -7.884698175
-14.347401496 -7.899834894
-14.310414192 -7.927504165
-14.294789192 -7.945489191
-14.305246549 -7.952080988
-14.328480598 -7.962334894
-14.339466926 -7.969984633
-14.350331184 -7.974704685
-14.378529426 -7.976006769
-14.391021288 -7.979668878
-14.406402148 -7.973890883
-14.411000129 -7.963067316
-14.412261523 -7.950372003
-14.417713996 -7.939222915
-14.406605598 -7.924086196
-14.390614387 -7.889336847
-14.376698371 -7.877862238
-14.373646614 -7.885349217
