-87.803700325 17.315985419
-87.803578254 17.292303778
-87.810414192 17.292303778
-87.810047981 17.302639065
-87.810414192 17.305975653
-87.816070116 17.304266669
-87.819894986 17.301459052
-87.822417773 17.297512111
-87.824615038 17.292303778
-87.823801236 17.352932033
-87.827219205 17.378119208
-87.838286913 17.388495184
-87.825795051 17.399155992
-87.814198371 17.381293036
-87.797352668 17.333238023
-87.80199134 17.325873114
-87.803700325 17.315985419
-88.077015754 17.503729559
-88.06769772 17.490545966
-88.069813606 17.48065827
-88.072621223 17.476141669
-88.072865364 17.470119533
-88.077056444 17.46108633
-88.083973762 17.461818752
-88.085804817 17.470119533
-88.08714759 17.490912177
-88.088490364 17.495306708
-88.096506314 17.494289455
-88.105132616 17.498114325
-88.110910611 17.505072333
-88.1142472 17.510077216
-88.117298957 17.512884833
-88.117176887 17.518784898
-88.11046302 17.523016669
-88.095611132 17.517401434
-88.077015754 17.503729559
-87.789214648 17.531968492
-87.783070442 17.512030341
-87.787180142 17.496893622
-87.807850715 17.457831122
-87.821115689 17.440741278
-87.831288215 17.423732815
-87.845773892 17.414618231
-87.865630663 17.429510809
-87.875884569 17.413234768
-87.888539192 17.403876044
-87.900054491 17.391791083
-87.90721595 17.36741771
-87.913441536 17.322699286
-87.915882942 17.315415757
-87.921009895 17.305243231
-87.925526496 17.292792059
-87.926503059 17.278631903
-87.940744595 17.292303778
-87.937001106 17.295640367
-87.935699023 17.298976955
-87.935292121 17.302394924
-87.933908658 17.305975653
-87.931507942 17.327215887
-87.922271288 17.362494208
-87.917469856 17.410467841
-87.909535286 17.426255601
-87.896717903 17.43768952
-87.879302538 17.449937242
-87.858794726 17.470404364
-87.84870358 17.471258856
-87.833811002 17.465318101
-87.82127845 17.463609117
-87.811634895 17.472316799
-87.803944465 17.491929429
-87.80207272 17.512925523
-87.810414192 17.525620835
-87.82144121 17.516180731
-87.830677864 17.511135158
-87.838286913 17.512030341
-87.837798632 17.518377997
-87.827748176 17.545558986
-87.815744595 17.545152085
-87.801503059 17.541815497
-87.789214648 17.531968492
-88.043812629 17.552964585
-88.050607877 17.552964585
-88.05565345 17.56264883
-88.064442512 17.586371161
-88.077259895 17.641791083
-88.06354733 17.630560614
-88.053618944 17.606268622
-88.043812629 17.552964585
-88.134877082 17.67182038
-88.167307095 17.669094143
-88.167388476 17.673773505
-88.166005012 17.676825262
-88.160471158 17.682766018
-88.139515754 17.692043361
-88.082753059 17.729234117
-88.071115689 17.73427969
-88.080311653 17.701808986
-88.103667773 17.681830145
-88.134877082 17.67182038
-87.970611132 18.073146877
-87.9814347 18.071275132
-87.984364387 18.077582098
-87.977162239 18.087469794
-87.972075976 18.090725002
-87.969064908 18.090887762
-87.963286913 18.093207098
-87.960316536 18.090399481
-87.962513801 18.079982815
-87.970611132 18.073146877
-87.942250129 18.093491929
-87.95051022 18.087591864
-87.954009569 18.088283596
-87.955311653 18.093410549
-87.956898567 18.097357489
-87.955230273 18.100816148
-87.950103319 18.103583075
-87.944813606 18.107896226
-87.943023241 18.11347077
-87.941151496 18.11717357
-87.939523892 18.118638414
-87.937123176 18.114650783
-87.936390754 18.103908596
-87.942250129 18.093491929
-87.847320116 18.155991929
-87.848988411 18.133775132
-87.862212694 18.122137762
-87.869618293 18.110825914
-87.890044726 18.057033596
-87.899769661 18.03900788
-87.906646288 18.043524481
-87.913441536 18.046454169
-87.915882942 18.035956122
-87.919667121 18.028509833
-87.925445116 18.023138739
-87.933908658 18.019110419
-87.933908658 18.012355861
-87.926503059 17.997992255
-87.917103645 18.011175848
-87.914865689 18.017157294
-87.913441536 18.025946356
-87.90721595 18.025946356
-87.91510983 17.982733466
-87.9345597 17.942938544
-87.9658097 17.913763739
-88.00902259 17.90249258
-88.00902259 17.909247137
-87.998646614 17.908921617
-87.995350715 17.909247137
-87.958892382 17.934271552
-87.945912239 17.951808986
-87.940744595 17.977525132
-87.956532356 17.97675202
-87.952300585 18.00775788
-87.933908658 18.07029857
-87.931752082 18.074693101
-87.927113411 18.07827383
-87.922352668 18.082953192
-87.920277473 18.090806382
-87.919667121 18.100572007
-87.904855924 18.153225002
-87.895008918 18.162095445
-87.879302538 18.155707098
-87.857289192 18.169663804
-87.847320116 18.155991929
-87.874134895 18.202460028
-87.874745246 18.197333075
-87.878285286 18.187323309
-87.88780677 18.175604559
-87.893544075 18.180365302
-87.890777148 18.197455145
-87.886830207 18.203436591
-87.883697069 18.201076565
-87.883168098 18.20311107
-87.884836392 18.207464911
-87.884429491 18.209173895
-87.880970832 18.208482164
-87.878407356 18.208238023
-87.874745246 18.206488348
-87.874134895 18.202460028
-88.398372152 18.480113424
-88.390775716 18.475695089
-88.384910441 18.476625265
-88.379071005 18.479700013
-88.371448731 18.481792908
-88.309514527 18.482283834
-88.3038223943 18.481350365
-88.303822395 18.481350002
-88.303822395 18.477769273
-88.286610481 18.462795315
-88.306263801 18.438299872
-88.383697069 18.384955145
-88.390980598 18.370591539
-88.379546679 18.354925848
-88.365386523 18.354071356
-88.31749427 18.374823309
-88.323109504 18.360256252
-88.332427538 18.344794012
-88.355336067 18.317084052
-88.360829231 18.308254299
-88.357980924 18.303697007
-88.350249804 18.304185289
-88.341420051 18.310248114
-88.324574348 18.32831452
-88.291411913 18.351141669
-88.275746223 18.358221747
-88.259144661 18.361151434
-88.236805793 18.358140367
-88.207753059 18.344631252
-88.194650845 18.340643622
-88.173410611 18.34373607
-88.143137174 18.363755601
-88.108509895 18.373928127
-88.096750455 18.375433661
-88.091542121 18.371730861
-88.093495246 18.357611395
-88.099029101 18.348374742
-88.118885871 18.333807684
-88.14171302 18.32444896
-88.146148241 18.32021719
-88.146473762 18.309271552
-88.139271614 18.306952216
-88.130523241 18.310451565
-88.123036262 18.322333075
-88.114857551 18.327826239
-88.104644335 18.3320987
-88.09496009 18.333807684
-88.091664192 18.32835521
-88.083566861 18.210109768
-88.091542121 18.118394273
-88.09479733 18.102769273
-88.108794726 18.078843492
-88.112049934 18.063177802
-88.14964759 17.971340236
-88.166737434 17.960150458
-88.166859504 17.959947007
-88.20832272 17.881984768
-88.202259895 17.856146552
-88.214344856 17.773098049
-88.238758918 17.690375067
-88.246693489 17.673651434
-88.272694465 17.643988348
-88.283192512 17.625637111
-88.287709114 17.604234117
-88.283314582 17.580267645
-88.271229621 17.568101304
-88.23558509 17.55072663
-88.228138801 17.535589911
-88.218576627 17.52728913
-88.176665819 17.520249742
-88.167307095 17.512030341
-88.179351366 17.492621161
-88.205148892 17.492865302
-88.230783658 17.496527411
-88.242339648 17.487494208
-88.244943814 17.471991278
-88.2602296911 17.423064435
-88.28628496 17.339667059
-88.295969205 17.238104559
-88.296986457 17.217189846
-88.300526496 17.177923895
-88.293446418 17.156805731
-88.289540168 17.137762762
-88.289377408 17.135768947
-88.288563606 17.126939195
-88.283314582 17.103949286
-88.279408332 17.091457424
-88.269927538 17.086330471
-88.248605924 17.079413153
-88.236480273 17.064195054
-88.228179491 17.044867255
-88.223459439 17.023138739
-88.220855273 16.991441148
-88.215077278 16.967108466
-88.217437304 16.955471096
-88.22370358 16.952948309
-88.232492642 16.95307038
-88.242339648 16.949652411
-88.253285286 16.939927476
-88.266957161 16.924750067
-88.27847246 16.907416083
-88.283314582 16.891343492
-88.278879361 16.872951565
-88.259348111 16.843410549
-88.255482551 16.826157945
-88.253732877 16.826076565
-88.250233528 16.823431708
-88.247670051 16.818915106
-88.248605924 16.813137111
-88.252308723 16.812160549
-88.265492317 16.813869533
-88.269683398 16.813137111
-88.28237871 16.803412177
-88.287505663 16.797349351
-88.289540168 16.788275458
-88.291737434 16.783392645
-88.296701627 16.778509833
-88.301625129 16.771714585
-88.303822395 16.761297919
-88.302805142 16.749335028
-88.29808509 16.733547268
-88.296986457 16.723781643
-88.306223111 16.652899481
-88.312408007 16.642035223
-88.321156379 16.633449611
-88.331166145 16.620672919
-88.342600064 16.579820054
-88.348052538 16.567328192
-88.351470507 16.549709377
-88.34483802 16.524562893
-88.348988411 16.515326239
-88.356109179 16.506496486
-88.362863736 16.505845445
-88.365874804 16.521429755
-88.334543424 16.635077216
-88.31769772 16.65224844
-88.311268684 16.662298895
-88.337635871 16.649237372
-88.364654101 16.583685614
-88.386382616 16.559271552
-88.379790819 16.558254299
-88.365874804 16.551825262
-88.372629361 16.548529364
-88.377837694 16.54710521
-88.38402259 16.548000393
-88.393177864 16.551825262
-88.391102668 16.5430362
-88.388539192 16.538885809
-88.383290168 16.537787177
-88.372792121 16.538153387
-88.372792121 16.531968492
-88.383412239 16.525091864
-88.390939908 16.515041408
-88.392689582 16.502997137
-88.390044726 16.497626044
-88.386382616 16.490383205
-88.405181444 16.47679271
-88.425648567 16.437241929
-88.444447395 16.428900458
-88.44640052 16.423407294
-88.448231575 16.399644273
-88.447824674 16.39476146
-88.453521288 16.391424872
-88.458811002 16.391343492
-88.46214759 16.393011786
-88.46214759 16.39476146
-88.468495246 16.39069245
-88.470570442 16.388617255
-88.471791145 16.386053778
-88.475738085 16.381170966
-88.488596158 16.351263739
-88.492543098 16.346380927
-88.500355598 16.342108466
-88.526682095 16.30882396
-88.529652473 16.303534247
-88.533802864 16.290350653
-88.536610481 16.285549221
-88.537261523 16.282660223
-88.535959439 16.274115302
-88.536610481 16.271307684
-88.539377408 16.270656643
-88.547515429 16.271918036
-88.550282356 16.271307684
-88.554676887 16.268866278
-88.566761848 16.266262111
-88.57135983 16.263820705
-88.573475715 16.259914455
-88.578195767 16.243963934
-88.578195767 16.285549221
-88.585031705 16.285549221
-88.591908332 16.263820705
-88.605946418 16.260646877
-88.619740364 16.268988348
-88.62596595 16.281805731
-88.6298722 16.287502346
-88.638295051 16.288153387
-88.646636523 16.286607164
-88.650217252 16.285549221
-88.651478645 16.281968492
-88.651031054 16.264390367
-88.653920051 16.257635809
-88.6611222 16.255357164
-88.694894986 16.250799872
-88.700672981 16.247056382
-88.705393033 16.24233633
-88.712554491 16.23822663
-88.725900845 16.236517645
-88.740061002 16.230169989
-88.744211392 16.214504299
-88.742054817 16.17568594
-88.745716926 16.154852606
-88.75519772 16.139715887
-88.769276496 16.130357164
-88.786732551 16.127264716
-88.791818814 16.124660549
-88.797718879 16.118353583
-88.802642382 16.110581773
-88.807036913 16.093207098
-88.813140429 16.088120835
-88.821766731 16.084865627
-88.831410286 16.079494533
-88.842518684 16.07029857
-88.847482877 16.065171617
-88.851918098 16.058986721
-88.854318814 16.047919012
-88.853505012 16.036851304
-88.856271939 16.028265692
-88.882394986 16.020900783
-88.89964759 16.010809637
-88.916371223 15.997503973
-88.927642382 15.983872789
-88.931141731 15.959051825
-88.910267707 15.917385158
-88.913970507 15.893947658
-88.951878419 15.879651999
-89.040322632 15.901717834
-89.072387859 15.901511129
-89.100913249 15.896808574
-89.177446045 15.900270894
-89.19576534 15.892932841
-89.204834554 15.892416077
-89.216539267 15.888643697
-89.225996054 15.884044495
-89.228243978 15.880840556
-89.236512208 15.893914693
-89.236022276 15.906493168
-89.234135092 15.95494456
-89.2085168605 16.1861319198
-89.1931396714 16.3926256028
-89.1843527061 16.4958724443
-89.1660673976 16.7770090634
-89.1492048452 17.0362708063
-89.1507278741 17.3210320797
-89.1562173954 17.5982433485
-89.160496175 17.81431427
-89.161374675 17.901440735
-89.153933268 17.941076559
-89.132565064 17.970273743
-89.049443523 17.999212545
-89.028023641 17.992081197
-89.01153886 17.977818502
-88.996578532 17.961850485
-88.979757854 17.949448141
-88.967846436 17.948259583
-88.956503459 17.950533346
-88.947020834 17.948466288
-88.933300741 17.920354309
-88.920459148 17.910949199
-88.880332398 17.888469951
-88.871366537 17.890950419
-88.865372071 17.899011943
-88.860850383 17.921129456
-88.856406209 17.928312479
-88.805349895 17.965002747
-88.795944784 17.975596415
-88.781630412 18.014715475
-88.776876181 18.02375885
-88.762019206 18.03564443
-88.74835079 18.043292541
-88.736387696 18.051922506
-88.726646688 18.066727804
-88.723494426 18.07750234
-88.720445516 18.100084941
-88.717706665 18.110032654
-88.692850301 18.150004374
-88.689517172 18.161243999
-88.692953654 18.175170797
-88.696622681 18.178064677
-88.668148967 18.198244324
-88.638951783 18.211602681
-88.627040365 18.22031016
-88.616989299 18.235425517
-88.614058931 18.247028189
-88.613165243 18.250566712
-88.611485759 18.2663797
-88.607713379 18.283381246
-88.598075725 18.299478455
-88.567173218 18.333507385
-88.554796712 18.352214254
-88.551334392 18.363686422
-88.547406983 18.389059551
-88.538389446 18.413089091
-88.533040935 18.443319804
-88.527821615 18.454146017
-88.520199342 18.461561584
-88.489245158 18.48450592
-88.479194092 18.483420716
-88.469944011 18.478511454
-88.459634562 18.475720927
-88.450823731 18.476883647
-88.43085079 18.483782451
-88.419972901 18.48900177
-88.413229127 18.490758769
-88.407983968 18.488950094
-88.398372152 18.480113424
