11.737519451 -16.692577983
11.738506688 -16.705822076
11.715793545 -16.685006366
11.701973057 -16.65567361
11.669394143 -16.557209579
11.671369885 -16.529743736
11.681243656 -16.517436198
11.701977019 -16.500393412
11.719745932 -16.506082593
11.72152754 -16.555433852
11.725759311 -16.577325128
11.725759311 -16.618422133
11.726658696 -16.656626828
11.737519451 -16.692577983
13.982329549 -5.853285014
14.006307414 -5.866927592
14.021190226 -5.872508647
14.140149374 -5.863516947
14.16309371 -5.866100769
14.222211548 -5.886978048
14.241848592 -5.889561869
14.346131632 -5.891525574
14.436668741 -5.893385925
14.482144002 -5.885531108
14.545706014 -5.901654154
14.576608521 -5.904651388
14.703732544 -5.881396993
14.759651665 -5.880469131
14.797163533 -5.8798467
14.888424113 -5.878296407
14.97958134 -5.876746114
15.070841919 -5.875299174
15.162102498 -5.873748881
15.253363078 -5.872198588
15.344520304 -5.870751647
15.435780884 -5.869201355
15.527041463 -5.867754415
15.618302042 -5.866204122
15.709562622 -5.864757181
15.800719849 -5.863206889
15.89208378 -5.861656596
15.983241007 -5.860106303
16.074501587 -5.85855601
16.100855892 -5.858107808
16.165658813 -5.857005717
16.257022746 -5.855558777
16.315727173 -5.854628601
16.34125533 -5.859796244
16.358515258 -5.870234884
16.374328247 -5.882843933
16.396135701 -5.894109395
16.412465454 -5.89679657
16.427451619 -5.894626159
16.459491007 -5.885221049
16.479334757 -5.882223816
16.497318156 -5.882843933
16.515094848 -5.8870814
16.552921997 -5.902377625
16.560260051 -5.906408386
16.597363728 -5.924701843
16.594056437 -5.933176778
16.580620564 -5.948989766
16.580723918 -5.955397644
16.590335734 -5.968006693
16.595296672 -5.978548686
16.597157023 -5.987850444
16.601187785 -6.050585633
16.604288371 -6.061851095
16.610076131 -6.061230977
16.619481242 -6.056580099
16.628369588 -6.055339864
16.632193644 -6.065261739
16.61110966 -6.089756368
16.63095341 -6.091720073
16.643045695 -6.100711771
16.660098917 -6.123966166
16.671777791 -6.130167338
16.685110311 -6.134301453
16.695859009 -6.140916035
16.700406535 -6.154351909
16.717873169 -6.174092305
16.726761516 -6.189181823
16.7243844 -6.20241099
16.717253052 -6.215123393
16.714772583 -6.231556498
16.7153927 -6.304833679
16.716942994 -6.313308614
16.720146932 -6.322610372
16.722317342 -6.332428894
16.720973755 -6.342350768
16.715289347 -6.345968119
16.706090943 -6.346691589
16.697409301 -6.349792175
16.693585246 -6.359817403
16.692965129 -6.398368022
16.694722127 -6.402192077
16.700406535 -6.41128713
16.707021118 -6.415421244
16.713635702 -6.413974304
16.718906697 -6.415317891
16.720973755 -6.428340352
16.715185994 -6.441362814
16.706090943 -6.455212097
16.706090943 -6.465030619
16.727795044 -6.465960795
16.721283813 -6.480533549
16.721697224 -6.491799011
16.72800175 -6.501100769
16.738337036 -6.510609232
16.747328736 -6.521978047
16.746811971 -6.531589864
16.73451298 -6.55236379
16.730792277 -6.569830424
16.733996216 -6.586056824
16.748672323 -6.619543151
16.753013142 -6.637216492
16.755907023 -6.674113465
16.760351197 -6.691993509
16.768102661 -6.708323262
16.823086385 -6.785114441
16.826910441 -6.799790548
16.828564087 -6.814363302
16.832904907 -6.827799174
16.844480428 -6.838444519
16.855332479 -6.842165222
16.879413696 -6.844645691
16.890782512 -6.847126159
16.914967082 -6.864076029
16.926956014 -6.888570658
16.934500773 -6.945724792
16.932123657 -6.949858907
16.92860966 -6.959264018
16.928713012 -6.968669128
16.937601359 -6.973009949
16.949073527 -6.975387064
16.955274699 -6.981484884
16.959305461 -6.989443054
16.964576457 -6.997194519
16.973154744 -7.014764506
16.969330689 -7.030370788
16.962302694 -7.047424011
16.961165812 -7.069231465
16.929126424 -7.060653178
16.927059367 -7.085664571
16.947523234 -7.151086934
16.945662882 -7.204623719
16.950830525 -7.213202006
16.960545695 -7.21909312
16.972844686 -7.232218933
16.989071085 -7.25485321
16.991654907 -7.270562845
16.991654907 -7.286065775
16.99609908 -7.297951355
17.022867472 -7.306012879
17.056663859 -7.32988739
17.082502075 -7.342289734
17.093354126 -7.352314962
17.097798299 -7.36740448
17.097894948 -7.378293567
17.098108358 -7.402337748
17.103999471 -7.416083679
17.118158813 -7.42548879
17.126220337 -7.4114328
17.132214803 -7.409572449
17.138209269 -7.413706563
17.146167439 -7.418047384
17.16745813 -7.423525085
17.176553182 -7.428175964
17.180273885 -7.435410665
17.174899536 -7.441611837
17.16311731 -7.445539245
17.151541789 -7.451223653
17.146167439 -7.463109233
17.148544555 -7.472617696
17.154952433 -7.479128926
17.163427368 -7.485226745
17.172832479 -7.493805033
17.186268351 -7.516335958
17.202908163 -7.564291687
17.217790975 -7.585995789
17.266573527 -7.610387064
17.286417277 -7.625166524
17.282696574 -7.643976746
17.287450806 -7.660203145
17.28652063 -7.683664246
17.288897746 -7.699477234
17.303780558 -7.692449239
17.305950968 -7.700097351
17.308121379 -7.70185435
17.308121379 -7.702371114
17.303780558 -7.706711934
17.320420369 -7.713636576
17.320627075 -7.72242157
17.314219198 -7.731826681
17.310601847 -7.740818379
17.315976196 -7.753634135
17.334062947 -7.769653829
17.337887003 -7.778645528
17.342434529 -7.784019877
17.365482218 -7.787327169
17.375404094 -7.792288106
17.376954386 -7.801693217
17.376127563 -7.814095561
17.380985148 -7.823190613
17.400002075 -7.823397319
17.400002075 -7.830218607
17.390700317 -7.839210307
17.397624959 -7.841380717
17.410854126 -7.84148407
17.420569295 -7.843861186
17.423566529 -7.855126648
17.423049764 -7.867942403
17.426357056 -7.875487162
17.44092981 -7.871146342
17.452401977 -7.883962097
17.448681274 -7.892850443
17.439379517 -7.902152201
17.43410852 -7.915794779
17.437829223 -7.922409363
17.446820923 -7.928920593
17.468318319 -7.939462585
17.463564087 -7.946903991
17.463047322 -7.949797872
17.465217733 -7.952588399
17.468318319 -7.959926453
17.471108846 -7.955585632
17.477206665 -7.950521342
17.481857544 -7.945663757
17.490952596 -7.97749644
17.496223592 -7.987211609
17.506352173 -7.996513366
17.528366333 -8.007778829
17.536531209 -8.015116882
17.540045207 -8.032066752
17.528366333 -8.060592142
17.536218704 -8.075402311
17.536531209 -8.075991719
17.544282674 -8.084776713
17.600196574 -8.098522644
17.628411905 -8.098005879
17.713264608 -8.068343608
17.743340292 -8.070720723
17.777240031 -8.083329773
17.789539022 -8.08177948
17.851757447 -8.047776388
17.867983846 -8.044469096
17.901366821 -8.048086446
17.930822387 -8.062142436
17.981878703 -8.105343933
18.008543742 -8.111235046
18.098150675 -8.109271342
18.091742798 -8.084156596
18.09287968 -8.056354675
18.102181437 -8.033306987
18.120371541 -8.022454936
18.135771118 -8.018527527
18.1765955 -7.999200541
18.192718546 -7.996926778
18.267339314 -7.999820658
18.31622522 -8.00168101
18.353638957 -8.015943705
18.366558065 -8.016770528
18.381957641 -8.012326354
18.403868449 -8.000647481
18.42050826 -7.998270365
18.481796509 -7.997340189
18.487894328 -7.998270365
18.507634725 -7.997546895
18.502260376 -7.960133158
18.504327433 -7.94070282
18.516523071 -7.932227885
18.588663371 -7.932331238
18.66690149 -7.932331238
18.738525024 -7.932331238
18.747310018 -7.93780894
18.752064249 -7.965920919
18.758265421 -7.978219909
18.773768351 -8.001991069
18.818003377 -8.001991069
18.94543746 -8.001991069
19.073078247 -8.001991069
19.200615682 -8.001991069
19.32825647 -8.001991069
19.355541626 -8.001991069
19.33404423 -7.924269714
19.330943644 -7.898638204
19.333837525 -7.867322286
19.348513631 -7.821536967
19.358022095 -7.791564636
19.377762492 -7.730069681
19.381379842 -7.703921407
19.380966431 -7.679736837
19.373214965 -7.653795268
19.361846151 -7.627026876
19.353681274 -7.600258484
19.355644979 -7.574110209
19.424684692 -7.579691264
19.443908325 -7.575247091
19.458274373 -7.560260926
19.468713013 -7.521090189
19.482355591 -7.503520202
19.483079061 -7.502900085
19.483905884 -7.502383321
19.484732707 -7.501969909
19.513154744 -7.479438985
19.513774862 -7.448433126
19.487213175 -7.381977234
19.479461711 -7.347664083
19.476361125 -7.315934753
19.487213175 -7.153877462
19.497031697 -7.121734721
19.508607219 -7.103234558
19.536202434 -7.068404643
19.542610311 -7.052281596
19.540233195 -7.04163625
19.521836385 -7.001948751
19.574029582 -7.001948751
19.616094198 -7.001948751
19.658055461 -7.001948751
19.700016723 -7.001948751
19.741977986 -7.001948751
19.784042602 -7.001948751
19.826107218 -7.001948751
19.868068482 -7.001948751
19.910029745 -7.001948751
19.95209436 -7.001948751
19.963079168 -7.001948751
19.994055623 -7.001948751
20.036120239 -7.001948751
20.078184855 -7.001948751
20.120146118 -7.001948751
20.162107381 -7.001948751
20.204068644 -7.001948751
20.246236613 -7.001948751
20.294295695 -7.001948751
20.294192342 -6.98747935
20.298636515 -6.954509786
20.303184042 -6.940143737
20.311245564 -6.92505422
20.319513794 -6.918542989
20.331089315 -6.91678599
20.383695922 -6.916682638
20.46730839 -6.916372579
20.553711385 -6.916165873
20.611485636 -6.915959167
20.588127889 -6.976834005
20.560946085 -7.047837423
20.545443156 -7.088558451
20.524462524 -7.143128764
20.518261352 -7.189740905
20.519398234 -7.237179871
20.520535116 -7.286375834
20.567043904 -7.286169128
20.639804321 -7.285962423
20.712564738 -7.28585907
20.785221801 -7.285549011
20.857982219 -7.285342306
20.930742635 -7.285238952
21.003503051 -7.284928894
21.076263469 -7.284722188
21.148920532 -7.284618835
21.221784301 -7.28441213
21.294338013 -7.284205424
21.367098429 -7.283998718
21.439962198 -7.283792012
21.512619263 -7.283585307
21.585483032 -7.283378601
21.658243448 -7.283171895
21.730900513 -7.28296519
21.764490194 -7.282758483
21.78495406 -7.283378601
21.784644002 -7.286892599
21.788261352 -7.291750183
21.794772583 -7.294023946
21.802524048 -7.298881531
21.808828572 -7.30642629
21.831359497 -7.354175314
21.836940552 -7.360583191
21.842418253 -7.369884949
21.839937785 -7.378153178
21.834976847 -7.385284525
21.83290979 -7.390762227
21.83869755 -7.402027689
21.845725545 -7.409055684
21.851616659 -7.41649709
21.854097127 -7.428899435
21.852960246 -7.434997254
21.847792603 -7.444092305
21.846655721 -7.449053243
21.848929484 -7.454841003
21.858644654 -7.464039408
21.860918416 -7.469827169
21.859058065 -7.482642924
21.849963012 -7.502900085
21.846655721 -7.5142689
21.845932251 -7.526774597
21.848206014 -7.532975769
21.851513306 -7.53845347
21.854097127 -7.548375346
21.854097127 -7.585995789
21.850789835 -7.5936439
21.836217082 -7.608320007
21.83290979 -7.61421112
21.831049439 -7.632814636
21.826558136 -7.645600687
21.81957727 -7.665474142
21.807898397 -7.699373881
21.795082642 -7.736270853
21.787227824 -7.758595072
21.776169067 -7.790324401
21.770484659 -7.806757507
21.764593547 -7.850682474
21.770898071 -7.876520691
21.772138306 -7.888199564
21.768831014 -7.899878438
21.754361613 -7.919618836
21.751054321 -7.929230652
21.753948202 -7.997340189
21.758495728 -8.015116882
21.768210897 -8.023178405
21.799630168 -8.040851745
21.806348104 -8.052427267
21.808518514 -8.07671519
21.815133098 -8.096765645
21.825985148 -8.114438985
21.851203247 -8.14348114
21.857301066 -8.156917012
21.860194946 -8.173763529
21.862468709 -8.216448263
21.873217407 -8.264093933
21.881382283 -8.282077331
21.910631144 -8.310499369
21.920553019 -8.328999532
21.913146326 -8.33300315
21.905256795 -8.337267761
21.899882446 -8.348843282
21.911457967 -8.374268087
21.935952596 -8.413025411
21.943910766 -8.455916849
21.939983358 -8.49994517
21.916212199 -8.576839702
21.92127649 -8.5785967
21.924377075 -8.58076711
21.928407836 -8.582524109
21.935952596 -8.583144226
21.917762492 -8.615183614
21.906910441 -8.645466004
21.895128215 -8.718743184
21.884792928 -8.782305196
21.877764933 -8.789229838
21.870116821 -8.822302754
21.859884888 -8.846383972
21.851720011 -8.925862325
21.854097127 -8.977848816
21.839731079 -9.09236379
21.851926717 -9.192926127
21.851616659 -9.233750508
21.841074666 -9.275815124
21.810172159 -9.338136902
21.803764282 -9.372966817
21.793325642 -9.393534037
21.791982055 -9.406143086
21.796219523 -9.41709849
21.813169393 -9.437459004
21.819887329 -9.447690938
21.83218632 -9.488411967
21.843658488 -9.576158549
21.854097127 -9.617809753
21.878901814 -9.657083841
21.942360474 -9.722919617
21.956519816 -9.761780293
21.962720988 -9.758473002
21.978223918 -9.752168477
21.98442509 -9.748757832
21.986285441 -9.781107279
21.998377726 -9.809115906
22.055841919 -9.875365091
22.065763794 -9.881049499
22.072791789 -9.878879089
22.079923136 -9.871644388
22.090981893 -9.877122091
22.107621704 -9.891384786
22.146275675 -9.915672709
22.159918253 -9.931485697
22.167566366 -9.953706563
22.175627889 -9.98894989
22.196091756 -10.043623555
22.20487675 -10.085791524
22.209734334 -10.098193868
22.202809692 -10.130646667
22.221103149 -10.176225281
22.245701132 -10.221183777
22.263477824 -10.26820933
22.286938924 -10.309137064
22.295517212 -10.339316101
22.310089966 -10.356989441
22.313397258 -10.368564961
22.312260376 -10.379933777
22.307092733 -10.399570821
22.305955852 -10.409802755
22.301098267 -10.424892273
22.278670695 -10.460962422
22.271849406 -10.481736348
22.274019816 -10.503027038
22.284045044 -10.516462911
22.296447388 -10.529692077
22.305955852 -10.550672709
22.309469848 -10.592944031
22.308573272 -10.612519277
22.307609497 -10.633561706
22.310089966 -10.668805033
22.326419719 -10.694643249
22.321045369 -10.700741068
22.319495077 -10.703841655
22.322388956 -10.742185567
22.319495077 -10.761305847
22.309676555 -10.769780782
22.290659627 -10.772674663
22.265854939 -10.779909363
22.22399703 -10.797065938
22.206013631 -10.809881693
22.182759236 -10.830448914
22.165499308 -10.852359721
22.165706014 -10.868792826
22.174801066 -10.884295756
22.196091756 -10.954162292
22.196091756 -10.9922995
22.199295695 -10.99736379
22.213971801 -11.007905782
22.217175741 -11.012763367
22.220586385 -11.030023295
22.237329549 -11.059375508
22.24384078 -11.078289083
22.255519654 -11.166552429
22.252005656 -11.208617045
22.237639608 -11.249544779
22.263064412 -11.248201192
22.281771281 -11.236729024
22.325696248 -11.190323588
22.340269002 -11.180195008
22.440314575 -11.146915385
22.46935673 -11.122420756
22.500982706 -11.042425638
22.537569621 -11.037154643
22.613637329 -11.067540385
22.650947713 -11.082319844
22.688981567 -11.092965189
22.727738891 -11.096789245
22.764222453 -11.090484721
22.785306437 -11.078495788
22.806907186 -11.063096211
22.829231405 -11.052140808
22.853105916 -11.053070984
22.873569783 -11.063716329
22.911190226 -11.08831431
22.931137329 -11.096789245
22.969584595 -11.102473653
23.014336385 -11.102473653
23.114692016 -11.085523783
23.196754191 -11.071881205
23.306514933 -11.011729838
23.373280884 -10.975142924
23.415448853 -10.963257345
23.455963175 -10.960983582
23.494823853 -10.964290874
23.557042277 -10.981344096
23.64158492 -11.004495138
23.674864543 -11.006975606
23.714138631 -11.00387502
23.752275838 -11.008215841
23.793720337 -11.021134949
23.833717896 -11.028473002
23.867410929 -11.016380717
23.874128865 -11.006872253
23.881776977 -10.984548034
23.887771443 -10.974419454
23.897279907 -10.966461283
23.918570597 -10.954058939
23.927975708 -10.945377299
23.936140584 -10.92522349
23.940584757 -10.901555685
23.948646281 -10.881505229
23.967456502 -10.872306823
23.974277791 -10.921399434
23.980582316 -10.938349304
24.000012654 -10.96780487
24.003733358 -10.982480978
23.99732548 -11.00170461
23.99370813 -11.019584655
23.994534953 -11.074981791
23.990090779 -11.113532409
23.995775187 -11.127381694
24.015308878 -11.130482279
24.011174764 -11.272902526
24.016962525 -11.298430685
24.061094197 -11.39496226
24.061714315 -11.406951192
24.052102499 -11.420490417
24.020786581 -11.444571635
24.00993453 -11.459454447
24.007557414 -11.470513204
24.007247355 -11.483122253
24.009831177 -11.507203471
24.009727824 -11.52342987
24.005387004 -11.535212097
23.977688436 -11.577276713
23.959911743 -11.617170919
23.954640747 -11.636911316
23.954640747 -11.662232767
23.962288859 -11.681559753
23.972727498 -11.70057668
23.981305786 -11.724761251
23.985543253 -11.799485372
23.990194132 -11.824083354
23.988540487 -11.834211934
23.967043091 -11.882891133
23.961048624 -12.011668803
23.954330689 -12.15191864
23.959601685 -12.196670431
23.981305786 -12.22767629
24.006627238 -12.253721212
24.016859171 -12.278939311
24.020993286 -12.340020853
24.030811808 -12.385082703
24.028021281 -12.402135925
24.019856405 -12.419189148
23.986060018 -12.467661641
23.940791463 -12.532773946
23.928699178 -12.561609395
23.910715779 -12.631269226
23.891698853 -12.705063171
23.872268514 -12.750125021
23.865653931 -12.789709167
23.874748983 -12.821748555
23.895109497 -12.849757182
23.949576457 -12.904637553
23.971797322 -12.93336965
23.988850545 -12.965098979
24.000632772 -13.001479187
23.968283325 -13.001479187
23.844156535 -13.001479187
23.719823039 -13.001479187
23.595592895 -13.001479187
23.471259399 -13.001479187
23.346925903 -13.001479187
23.22269576 -13.001479187
23.098362264 -13.001479187
22.974028768 -13.001479187
22.849798625 -13.001479187
22.725465128 -13.001479187
22.601234985 -13.001479187
22.477004842 -13.001479187
22.352774698 -13.001479187
22.228544555 -13.001479187
22.104211059 -13.001479187
21.979877563 -13.001479187
21.979980916 -13.152167664
21.980084269 -13.30270111
21.980187622 -13.45349294
21.980290974 -13.604181416
21.9803531 -13.694822055
21.980394328 -13.754973246
21.980497681 -13.90555837
21.980601034 -14.056350199
21.980704386 -14.206935323
21.980807739 -14.357623799
21.980911092 -14.508415629
21.981014445 -14.659104105
21.981117798 -14.809792582
21.98122115 -14.960481059
21.981324503 -15.111169535
21.981427856 -15.261858012
21.98153121 -15.412546488
21.98153121 -15.452337341
21.98153121 -15.473524679
21.98153121 -15.503807068
21.98153121 -15.547835388
21.981427856 -15.649948018
21.98122115 -15.751957296
21.980911092 -15.853966573
21.980807739 -15.956079203
21.980601034 -16.001244405
21.98153121 -16.004034933
21.98153121 -16.067493591
21.98153121 -16.128161722
21.98153121 -16.14428477
21.983804972 -16.165885519
22.010366658 -16.198131612
22.045196574 -16.252288513
22.019875122 -16.253115336
22.011710246 -16.252288513
22.02235559 -16.266344503
22.025972941 -16.278953553
22.02772994 -16.291665954
22.032174113 -16.306342061
22.036618286 -16.312233174
22.048607218 -16.322361756
22.052017863 -16.326805928
22.053671508 -16.336521097
22.054188273 -16.358638611
22.055841919 -16.364633077
22.089121542 -16.371971131
22.105554646 -16.379412537
22.103590943 -16.391918233
22.094289184 -16.404733988
22.086020955 -16.422303975
22.080749959 -16.441010844
22.079923136 -16.457754008
22.084574015 -16.470156352
22.101730591 -16.497958272
22.107311646 -16.51232432
22.106588175 -16.525966898
22.104004354 -16.536715596
22.108138469 -16.543950297
22.127258748 -16.546430765
22.138110799 -16.552631938
22.142451619 -16.567101339
22.145138794 -16.584051209
22.151650025 -16.597693787
22.237742961 -16.665493266
22.251282186 -16.670040792
22.259033651 -16.669213969
22.274123169 -16.663632915
22.283734985 -16.661359151
22.287352335 -16.658258565
22.29076298 -16.656398214
22.295620565 -16.659188741
22.303061971 -16.666940206
22.306989379 -16.669213969
22.333654419 -16.673658142
22.343472941 -16.683166606
22.350087524 -16.69629242
22.36579716 -16.71685964
22.372618449 -16.728848572
22.377992798 -16.734843038
22.383573853 -16.737530212
22.399593546 -16.740424092
22.408895304 -16.745798442
22.416646769 -16.754480082
22.489097127 -16.865377706
22.499742472 -16.893489685
22.508527466 -16.906202088
22.522893514 -16.914677022
22.554519491 -16.924185486
22.567231893 -16.936897888
22.56929895 -16.944959412
22.569195597 -16.962426045
22.573433064 -16.971004333
22.579324178 -16.975345154
22.592036581 -16.975448506
22.651671183 -16.998702901
22.66562382 -17.008624776
22.710478963 -17.055443624
22.730736125 -17.081591898
22.744792114 -17.108256937
22.755850871 -17.15486908
22.765152628 -17.169648539
22.778278442 -17.180397237
22.809387655 -17.196416931
22.849178507 -17.231040141
22.876153605 -17.248093363
22.936511678 -17.273311462
22.984157349 -17.285817159
22.99862675 -17.293775329
23.040381307 -17.33708018
23.046375773 -17.348448994
23.054127238 -17.37532074
23.073040812 -17.405086364
23.097638794 -17.432164815
23.121513306 -17.450871683
23.165748332 -17.467408142
23.176186971 -17.47815684
23.179080852 -17.494176534
23.176910441 -17.509782816
23.177530558 -17.524045512
23.189726196 -17.536551208
23.206986125 -17.541202087
23.224246053 -17.539341736
23.241299275 -17.535104268
23.258352498 -17.532830505
23.290805298 -17.535414327
23.305378051 -17.539548442
23.320157512 -17.546369731
23.340621379 -17.560735779
23.3594316 -17.582853292
23.382272583 -17.601043396
23.375141235 -17.615409444
23.375968058 -17.6282252
23.381652466 -17.641144307
23.298039998 -17.656853943
23.093918091 -17.695404561
22.889796183 -17.734058532
22.685674275 -17.772815856
22.481449015 -17.811366475
22.23050826 -17.857565206
21.979464152 -17.903763936
21.728523397 -17.949859314
21.477582642 -17.996058045
21.405545695 -18.009287211
21.386838826 -18.014454854
21.381154419 -18.012594502
21.364824666 -17.992027282
21.335059041 -17.977971293
21.278111613 -17.958540954
21.232739706 -17.934459737
21.216616658 -17.930635681
21.175792277 -17.933219502
21.161322876 -17.930635681
21.143132772 -17.933736267
21.126079549 -17.94107432
21.109439738 -17.945001729
21.093109986 -17.938077087
21.000712524 -17.962054952
20.986454526 -17.965770963
20.908315063 -17.986136169
20.89446578 -18.012594502
20.861599569 -18.018795674
20.831937296 -18.029337667
20.806202433 -18.031404724
20.784601685 -18.012594502
20.754422648 -17.997918396
20.737472778 -17.993474222
20.72992802 -18.002362569
20.722486613 -18.006496683
20.70615686 -18.003809509
20.689620402 -17.99698822
20.682178996 -17.988616638
20.666262655 -17.980245056
20.630089152 -17.976937765
20.59071171 -17.978798116
20.565493611 -17.985205994
20.552884562 -17.979108175
20.52394576 -17.958540954
20.489529256 -17.942107849
20.479504028 -17.934356384
20.46007369 -17.913685811
20.437542765 -17.894462178
20.412634725 -17.884126892
20.386796509 -17.890328064
20.347729126 -17.858908793
20.336153605 -17.854878031
20.30277063 -17.860769144
20.288921346 -17.861595967
20.278172648 -17.854878031
20.243446085 -17.882783305
20.219881633 -17.873378194
20.19311324 -17.87213796
20.169238729 -17.878132426
20.154562622 -17.890328064
20.147121216 -17.882783305
20.132961873 -17.888777771
20.119939413 -17.890741475
20.092550903 -17.890328064
20.034259888 -17.895909119
20.024544719 -17.894565531
19.989508097 -17.882783305
19.951991007 -17.862319438
19.793964477 -17.862319438
19.787659953 -17.866453552
19.775981079 -17.885057068
19.771020141 -17.890328064
19.755207153 -17.88908783
19.732056112 -17.882059835
19.711282186 -17.872964782
19.702187134 -17.865730082
19.693195435 -17.847746684
19.672628215 -17.842682393
19.649787232 -17.844956156
19.592839803 -17.857255147
19.421274048 -17.859425557
19.262420695 -17.813950297
19.246607706 -17.804028422
19.201855916 -17.807129008
19.172090292 -17.801237895
19.160824829 -17.800927836
19.139327433 -17.805268656
19.105117635 -17.818187764
19.020574992 -17.822321879
18.890040324 -17.79927419
18.800846802 -17.756589457
18.761986124 -17.747701111
18.748240194 -17.736332295
18.728293091 -17.710907491
18.670932251 -17.65313324
18.661320434 -17.646725362
18.642820272 -17.638043722
18.633311808 -17.628948669
18.627937459 -17.619853618
18.622873169 -17.602180277
18.61966923 -17.594842224
18.567476033 -17.553294372
18.554143514 -17.546369731
18.550939575 -17.535310974
18.516626424 -17.47133555
18.492751912 -17.464514262
18.489858032 -17.462447204
18.488101033 -17.452111918
18.471667928 -17.41428477
18.465156697 -17.409220479
18.458645467 -17.405293071
18.455028117 -17.395991313
18.453581177 -17.389893494
18.445726359 -17.389273376
18.392292928 -17.389273376
18.135667765 -17.389170023
18.000482986 -17.389115557
17.879145955 -17.38906667
17.622624146 -17.388963318
17.366102336 -17.388963318
17.278972034 -17.388928227
17.109477173 -17.388859965
16.85285201 -17.388756612
16.5963302 -17.388756612
16.33980839 -17.388653259
16.083389933 -17.388653259
15.82676477 -17.388653259
15.570242961 -17.388549907
15.559114346 -17.388545423
15.313721151 -17.388446554
15.057199341 -17.388343201
14.800574178 -17.388343201
14.543949015 -17.388239847
14.287427206 -17.388136495
14.219111804 -17.388136495
14.218800903 -17.388136495
14.207432088 -17.388033142
14.206501913 -17.393097433
14.197096802 -17.412941182
14.174979288 -17.416248474
14.130744263 -17.409220479
14.123922973 -17.411597595
14.108213338 -17.420485941
14.097257935 -17.423586528
14.085372355 -17.423586528
14.069145956 -17.41862559
14.047441854 -17.416041769
14.029148396 -17.410460714
14.017882934 -17.409220479
14.008891236 -17.411494242
13.992974894 -17.421312764
13.98057255 -17.423586528
13.957318156 -17.419142354
13.942745402 -17.408186951
13.89685673 -17.349069112
13.884351033 -17.33852712
13.790403279 -17.288090922
13.694130086 -17.236621196
13.606486857 -17.167374776
13.521324097 -17.121899516
13.530935913 -17.093270772
13.522254273 -17.076941019
13.507784872 -17.063505147
13.494659058 -17.024024353
13.479776245 -17.010278422
13.458898966 -17.001803487
13.435127807 -16.99901296
13.417247762 -16.993741963
13.382004435 -16.970384216
13.363710978 -16.964183045
13.345946539 -16.968711235
13.321543009 -16.974931743
13.315238485 -16.974414978
13.308417195 -16.970177511
13.293017619 -16.973794861
13.267489461 -16.985370381
13.267489461 -16.977928975
13.257154175 -16.981649678
13.245268595 -16.98133962
13.222841023 -16.977928975
13.212092325 -16.972761332
13.205477743 -16.963046163
13.198139689 -16.957361755
13.184910523 -16.964183045
13.166307006 -16.951057231
13.144499552 -16.952400818
13.121761922 -16.959842224
13.014274943 -16.977928975
12.961668335 -17.007384542
12.93045577 -17.014205831
12.911025431 -17.023507589
12.88715092 -17.029812113
12.882293335 -17.039527282
12.880536336 -17.050792745
12.876402222 -17.059784444
12.867720581 -17.065572205
12.849943888 -17.0708432
12.842295777 -17.074047139
12.833097371 -17.081798604
12.824932495 -17.096371358
12.818317912 -17.104846293
12.78431482 -17.115078227
12.739873088 -17.135542094
12.704733114 -17.16427419
12.685922892 -17.173575948
12.660704793 -17.177089945
12.636210164 -17.185151469
12.591458374 -17.222565206
12.567170451 -17.234554138
12.554561401 -17.235587667
12.519214722 -17.227836201
12.460510294 -17.223081971
12.441700073 -17.216984151
12.417928914 -17.203444926
12.407593628 -17.204065043
12.39395105 -17.214710388
12.379481649 -17.220394795
12.314679402 -17.218121032
12.242642456 -17.224838969
12.239335165 -17.220704855
12.236544637 -17.211299744
12.231790405 -17.201894633
12.222281942 -17.197657165
12.21173995 -17.195176696
12.200474487 -17.189285584
12.190655965 -17.182567647
12.185074911 -17.177089945
12.181147501 -17.169235128
12.179493856 -17.161587016
12.17711674 -17.154765727
12.170708862 -17.149184672
12.161510457 -17.146290792
12.156652873 -17.149081319
12.151278524 -17.153628845
12.139909708 -17.156005961
12.105596558 -17.146084086
12.095261271 -17.139676208
12.088129923 -17.139159444
12.08223881 -17.141329854
12.075210816 -17.1429835
12.028908732 -17.148977966
11.98302006 -17.161897074
11.942092326 -17.18050059
11.894963419 -17.214607036
11.853932332 -17.233417257
11.835535523 -17.245406189
11.829644409 -17.253467713
11.827473999 -17.260082295
11.822409709 -17.264423116
11.807630249 -17.265870056
11.796881551 -17.263802999
11.779518269 -17.254914652
11.766183862 -17.252750746
11.766123894 -17.252699477
11.766123894 -17.245293878
11.757985873 -17.239190363
11.75277754 -17.229180597
11.750743035 -17.216892185
11.751800977 -17.203708592
11.758636915 -17.165215753
11.759287957 -17.032972915
11.772114401 -16.94702554
11.780013158 -16.869467403
11.768144011 -16.798520397
11.768141038 -16.768251333
11.785921415 -16.763520114
11.790869984 -16.806082245
11.803709509 -16.824033304
11.820474056 -16.781471609
11.817637566 -16.704685154
11.82309004 -16.678969008
11.813812696 -16.583916925
11.821950717 -16.479099217
11.779144727 -16.099867446
11.779795769 -16.080254816
11.784515821 -16.064060154
11.806976759 -16.018812758
11.78435603 -15.972633183
11.736618369 -15.900203223
11.735524936 -15.857110284
11.751800977 -15.799086196
11.763519727 -15.789971613
11.784678582 -15.7772763
11.804942254 -15.769219659
11.813812696 -15.774997654
11.818369988 -15.792413019
11.829844597 -15.797784113
11.844248894 -15.793552342
11.894704623 -15.746677342
11.903330925 -15.731377863
11.906504754 -15.717950128
11.907481316 -15.690036717
11.910166863 -15.676202081
11.930511915 -15.65243906
11.992035352 -15.61728281
12.005137566 -15.594333592
12.008474155 -15.565362238
12.028493686 -15.490166925
12.040375196 -15.463311456
12.03003991 -15.436944269
12.033457879 -15.407403253
12.046641472 -15.350681248
12.056407097 -15.233086847
12.061778191 -15.217868748
12.070567254 -15.204685154
12.104991082 -15.172784113
12.112478061 -15.170993748
12.12777754 -15.178969008
12.135996941 -15.178969008
12.145274285 -15.168633722
12.149750196 -15.151950779
12.148936394 -15.134209894
12.142832879 -15.120700779
12.1279403 -15.11337656
12.117360873 -15.116631769
12.112478061 -15.115166925
12.115000847 -15.093926691
12.124847852 -15.062188409
12.15113366 -15.002048435
12.156504754 -14.967054946
12.160492384 -14.953545831
12.170095248 -14.942478123
12.181407097 -14.932305597
12.190603061 -14.922051691
12.196136915 -14.908461196
12.205332879 -14.853610935
12.205414259 -14.840427342
12.207774285 -14.833265883
12.215179884 -14.8241513
12.221934441 -14.82398854
12.228526238 -14.825860284
12.235606316 -14.823011977
12.244313998 -14.809991144
12.25277754 -14.782321873
12.272715691 -14.750583592
12.27230879 -14.732842706
12.268077019 -14.7147763
12.266368035 -14.696058852
12.268728061 -14.6835263
12.276621941 -14.660739842
12.292735222 -14.587497654
12.299001498 -14.50758229
12.303884311 -14.494073175
12.319672071 -14.46868255
12.331309441 -14.4335263
12.342133009 -14.36712005
12.345388217 -14.302992446
12.342133009 -14.270440363
12.331553582 -14.236748956
12.324229363 -14.220635675
12.322113477 -14.213067316
12.321055535 -14.202732029
12.319672071 -14.197442316
12.31519616 -14.187920831
12.314219597 -14.182224217
12.315603061 -14.174981378
12.31902103 -14.175388279
12.323578321 -14.177504165
12.332204623 -14.173435154
12.344248894 -14.171319269
12.348887566 -14.168552342
12.353037957 -14.160902602
12.355235222 -14.151788019
12.355804884 -14.142347915
12.355153842 -14.133721613
12.347178582 -14.119886977
12.33497155 -14.106377863
12.328786655 -14.092217706
12.344737175 -14.066827081
12.349782748 -14.045505467
12.36988366 -14.021905206
12.374522332 -14.00758229
12.377289259 -13.992445571
12.383067254 -13.977308852
12.399912957 -13.951592706
12.402842644 -13.9413388
12.404144727 -13.90634531
12.407237175 -13.89055755
12.415537957 -13.878594659
12.439300977 -13.871270441
12.445078972 -13.866143488
12.450531446 -13.862481378
12.458181186 -13.863864842
12.471853061 -13.874444269
12.478363477 -13.878024998
12.485687696 -13.877129816
12.502452019 -13.85523854
12.508962436 -13.819594008
12.516286655 -13.715101821
12.512705925 -13.616794529
12.515879754 -13.604913019
12.53012129 -13.578708592
12.53386478 -13.565199477
12.523610873 -13.551202081
12.52214603 -13.544203383
12.523936394 -13.539971613
12.526540561 -13.536228123
12.527028842 -13.504489842
12.524587436 -13.489353123
12.514903191 -13.457614842
12.512705925 -13.442071222
12.515310092 -13.425957941
12.52214603 -13.410577081
12.532969597 -13.399021092
12.547211134 -13.39462656
12.568044467 -13.392347915
12.575450066 -13.385918878
12.58082116 -13.375258071
12.594737175 -13.360446873
12.611094597 -13.351983331
12.624196811 -13.349216404
12.634450717 -13.343357029
12.642425977 -13.325616144
12.64323978 -13.3163388
12.640879754 -13.308851821
12.637868686 -13.302015883
12.636241082 -13.294610284
12.638438347 -13.288018488
12.647715691 -13.278090102
12.650075717 -13.271091404
12.656504754 -13.255629165
12.685069207 -13.240817967
12.691579623 -13.229424738
12.69410241 -13.218357029
12.699961785 -13.217868748
12.706797722 -13.221449477
12.712087436 -13.2225888
12.730642123 -13.210544529
12.731781446 -13.208916925
12.749766472 -13.201348566
12.761485222 -13.192966404
12.82715905 -13.109795831
12.855723504 -13.089532159
12.86597741 -13.078708592
12.883148634 -13.052015883
12.944834832 -12.982354425
12.958669467 -12.955498956
12.958832227 -12.929131769
12.949473504 -12.90211354
12.934825066 -12.873793227
12.927500847 -12.842054946
12.939463738 -12.816664321
12.985687696 -12.770114842
13.009613477 -12.756524347
13.075043165 -12.695000909
13.101084832 -12.681410415
13.109222852 -12.674493097
13.126475457 -12.6444638
13.132823113 -12.6366513
13.161631707 -12.611260675
13.17855879 -12.601739191
13.19800866 -12.599379165
13.198903842 -12.603610935
13.221039259 -12.607191665
13.232758009 -12.61305104
13.26441491 -12.582614842
13.276866082 -12.578301691
13.294281446 -12.581149998
13.31153405 -12.594496352
13.328379754 -12.599379165
13.364024285 -12.592705988
13.392914259 -12.57040781
13.437673373 -12.523695571
13.45972741 -12.507256769
13.469248894 -12.494805597
13.472992384 -12.479099217
13.474945509 -12.437758071
13.479014519 -12.419122003
13.486582879 -12.400811456
13.505625847 -12.371351821
13.568614129 -12.311455988
13.575450066 -12.311455988
13.575450066 -12.318291925
13.564952019 -12.322035415
13.558278842 -12.328301691
13.556813998 -12.336602472
13.561778191 -12.346123956
13.577484571 -12.330987238
13.597504102 -12.298760675
13.630218946 -12.263441665
13.639821811 -12.248711847
13.663584832 -12.169610284
13.693369988 -12.110284113
13.705088738 -12.07805755
13.715179884 -12.008396092
13.722504102 -11.992771092
13.73698978 -11.977715753
13.74878991 -11.961195571
13.758555535 -11.942478123
13.766449415 -11.920505467
13.782481316 -11.820896092
13.792246941 -11.790948175
13.794606967 -11.770196222
13.777679884 -11.589125258
13.781911655 -11.481052342
13.785980665 -11.458265883
13.794606967 -11.440606378
13.786631707 -11.431573175
13.787364129 -11.420342706
13.79184004 -11.407972915
13.794606967 -11.395928644
13.794200066 -11.341485284
13.795258009 -11.332207941
13.800140821 -11.321384373
13.81902103 -11.295586847
13.821625196 -11.283623956
13.821787957 -11.256280206
13.84652754 -11.113702081
13.847422722 -11.055433852
13.848480665 -10.982110284
13.843435092 -10.945733331
13.828623894 -10.913669529
13.739268425 -10.783379816
13.731455925 -10.764255467
13.731130405 -10.747165623
13.739431186 -10.73023854
13.769786004 -10.694268488
13.771739129 -10.677911066
13.764984571 -10.662041925
13.7529403 -10.646172784
13.711436394 -10.612074477
13.705088738 -10.601983331
13.700856967 -10.590915623
13.606130405 -10.478204034
13.542328321 -10.426690363
13.527598504 -10.406508071
13.522634311 -10.387790623
13.520762566 -10.32024505
13.517344597 -10.298435154
13.508962436 -10.277032159
13.455088738 -10.201755467
13.442637566 -10.179375909
13.431162957 -10.130547784
13.415293816 -10.110039972
13.376719597 -10.070733331
13.317393425 -9.97633229
13.319834832 -9.961602472
13.329112175 -9.947523696
13.335215691 -9.926690363
13.32715905 -9.886000258
13.305430535 -9.842461847
13.278005405 -9.801690363
13.198578321 -9.708672784
13.191172722 -9.690036717
13.196136915 -9.672784113
13.218597852 -9.649183852
13.22535241 -9.631280206
13.223887566 -9.614190363
13.21778405 -9.594170831
13.20964603 -9.577406508
13.201426629 -9.570489191
13.202403191 -9.559014581
13.169932488 -9.466403904
13.168304884 -9.447360935
13.17066491 -9.402520441
13.166514519 -9.387139581
13.147715691 -9.352146092
13.14340254 -9.330254816
13.120616082 -9.313083592
13.045420769 -9.189060154
13.016856316 -9.122816665
12.996348504 -9.09384531
12.992360873 -9.038018488
13.03028405 -8.959567967
13.086436394 -8.892347915
13.136566602 -8.8710263
13.114756707 -8.902927342
13.042816602 -8.962497654
13.00684655 -9.045586847
13.000173373 -9.072035415
13.013031446 -9.083754165
13.023448113 -9.074965102
13.079600457 -8.980645441
13.081879102 -8.970472915
13.086924675 -8.959730727
13.098887566 -8.956475519
13.112478061 -8.956149998
13.122894727 -8.954196873
13.137461785 -8.940850519
13.148285352 -8.907972915
13.160411004 -8.887953383
13.185557488 -8.861586196
13.191172722 -8.850518488
13.192149285 -8.839532159
13.190603061 -8.816094659
13.194590691 -8.806084894
13.224131707 -8.773858331
13.241547071 -8.760674738
13.259532097 -8.754815363
13.20972741 -8.804294529
13.19800866 -8.823174738
13.212168816 -8.814873956
13.245371941 -8.800062758
13.263682488 -8.788262628
13.271657748 -8.786553644
13.278005405 -8.782484633
13.280528191 -8.771661066
13.281016472 -8.764743748
13.282969597 -8.759454034
13.287119988 -8.756036066
13.294200066 -8.754815363
13.356130405 -8.763604425
13.380137566 -8.755059503
13.39332116 -8.704278253
13.408050977 -8.666924738
13.410899285 -8.651950779
13.406097852 -8.637139581
13.376719597 -8.596612238
13.365407748 -8.566827081
13.352061394 -8.499688409
13.342051629 -8.467461847
13.355479363 -8.46461354
13.365000847 -8.465915623
13.372569207 -8.464450779
13.379893425 -8.453789972
13.382578972 -8.444024347
13.383555535 -8.368747654
13.378916863 -8.347100519
13.369395379 -8.323500258
13.276866082 -8.178887628
13.264903191 -8.169691665
13.250824415 -8.124444269
13.242442254 -8.107191665
13.234548373 -8.095961196
13.222504102 -8.069594008
13.215505405 -8.059177342
13.19800866 -8.021579685
13.189300977 -7.975762628
13.122894727 -7.857354425
12.986308166 -7.550660867
12.939282648 -7.435969128
12.911472618 -7.335110616
12.883894998 -7.305754471
12.86905469 -7.288986326
12.849963117 -7.265918981
12.855191917 -7.231279023
12.849857033 -7.205052671
12.833262566 -7.005791925
12.823415561 -6.975192967
12.821299675 -6.959161066
12.819672071 -6.954034113
12.816661004 -6.950372003
12.81519616 -6.946954034
12.817881707 -6.942152602
12.824554884 -6.934258722
12.827484571 -6.929131769
12.829925977 -6.918877863
12.832774285 -6.915785415
12.833506707 -6.912286066
12.828786655 -6.904554946
12.79957116 -6.923272394
12.779633009 -6.914727472
12.706879102 -6.814222915
12.620425359 -6.734822775
12.550631775 -6.632638646
12.458181186 -6.465752863
12.421954225 -6.380987646
12.395575572 -6.324452742
12.368825717 -6.287692967
12.3445434 -6.254146509
12.31914931 -6.220139813
12.279446734 -6.147704838
12.275060383 -6.114769138
12.290293816 -6.096612238
12.312654793 -6.090545472
12.333647693 -6.078436269
12.327011598 -6.09381097
12.324780829 -6.122353133
12.346872992 -6.120113033
12.382206725 -6.110167641
12.432958715 -6.108983567
12.496927621 -6.094594275
12.527768302 -6.074826208
12.549799001 -6.06712349
12.580642199 -6.062695453
12.632823113 -6.034356378
12.645518425 -6.028985284
12.669816611 -6.029709684
12.690751623 -6.037358137
12.716095005 -6.045002078
12.742537742 -6.049356249
12.771169528 -6.041658659
12.817430848 -6.031749811
12.861468549 -6.016346949
12.882385975 -6.000986465
12.927569028 -5.981218326
12.946270106 -5.955990677
12.966073962 -5.931853387
12.972659519 -5.913214392
12.985879637 -5.901139783
13.011138846 -5.895605732
13.02986736 -5.893380574
13.046372105 -5.885679233
13.064015031 -5.887838357
13.10059655 -5.891208592
13.111827019 -5.890232029
13.129161004 -5.883558852
13.169688347 -5.861748956
13.183848504 -5.856459243
13.1839132586 -5.85642686555
13.184910523 -5.856385599
13.269349813 -5.863516947
13.311001017 -5.873955587
13.342523641 -5.890595398
13.353582398 -5.882637227
13.373839559 -5.860933125
13.380454142 -5.856385599
13.413320353 -5.857005717
13.493212118 -5.858452657
13.522667684 -5.867547709
13.534759969 -5.867030944
13.553053426 -5.859382833
13.56256189 -5.857419128
13.641523479 -5.86579071
13.807146443 -5.852458191
13.943572225 -5.84160614
13.982329549 -5.853285014
12.801057984 -4.410013936
12.814803914 -4.412907817
12.830306844 -4.409703877
12.842295777 -4.404329529
12.854284709 -4.403089295
12.869890991 -4.411977641
12.884463745 -4.432131449
12.902447144 -4.480190532
12.921980835 -4.502308044
12.961564982 -4.533830668
13.027194051 -4.612172139
13.07370284 -4.635323181
13.065331258 -4.663951924
13.029571167 -4.676871033
12.833200724 -4.722656352
12.802918335 -4.739812927
12.786175171 -4.758416442
12.774806356 -4.779500427
12.768295125 -4.801927999
12.766228068 -4.825182393
12.75692631 -4.837274679
12.711967814 -4.8633196
12.696981648 -4.875618592
12.688300008 -4.897012634
12.68623295 -4.912825622
12.678894897 -4.92429779
12.654400269 -4.93256602
12.61584965 -4.9354599
12.606961304 -4.942229512
12.60396407 -4.962590027
12.587737671 -5.000313823
12.550427287 -5.024188334
12.466504761 -5.053127136
12.458133179 -5.054160665
12.450691772 -5.053127136
12.444387248 -5.055090841
12.43942631 -5.06480601
12.438909546 -5.073280945
12.440769898 -5.084029643
12.444697306 -5.093538106
12.450381714 -5.098809102
12.511980021 -5.120513204
12.524072306 -5.129091491
12.530686889 -5.162681172
12.527689657 -5.239472351
12.524382365 -5.324738465
12.519731486 -5.444214376
12.514977254 -5.568754578
12.512496785 -5.633660177
12.508982788 -5.726264344
12.435498901 -5.725540873
12.344445028 -5.724610697
12.258972209 -5.736702982
12.2105548694 -5.763464705
12.210541212 -5.763441665
12.210297071 -5.763116144
12.161794467 -5.681247654
12.14722741 -5.617933852
12.170176629 -5.55462005
12.18238366 -5.543226821
12.193369988 -5.540622654
12.204844597 -5.539808852
12.218597852 -5.534112238
12.228282097 -5.523695571
12.232188347 -5.510918878
12.232188347 -5.479587498
12.22925866 -5.466892185
12.214121941 -5.431247654
12.196389975 -5.396096919
12.171362296 -5.329088243
12.172090741 -5.30209489
12.13234859 -5.232529129
12.124611914 -5.184828053
12.069737322 -5.119782871
12.023122592 -5.045993748
12.023285352 -5.03525156
12.035150881 -5.038468947
12.054771436 -5.042353817
12.067822632 -5.046252995
12.074346011 -5.052105854
12.080891585 -5.075509126
12.100527406 -5.080022218
12.116815163 -5.069629423
12.127259263 -5.053366312
12.128561266 -5.039711414
12.137714746 -5.034497412
12.137054131 -5.014996055
12.132475939 -5.005899219
12.123330939 -5.002654565
12.112884833 -5.002009817
12.105050408 -5.013067072
12.103085313 -5.027375523
12.103738391 -5.048835581
12.097859004 -5.054042888
12.090669889 -5.050797594
12.086108343 -5.030635648
12.079587688 -5.020231728
12.071751654 -5.017634491
12.066529096 -5.026740249
12.056727353 -5.027396765
12.044960248 -5.020901672
12.030556093 -5.022866507
12.009607691 -5.019630836
12.018071772 -5.008599788
12.130814657 -4.912928976
12.157169637 -4.8705543
12.187555379 -4.768028259
12.192206258 -4.763480733
12.204091837 -4.763480733
12.213496948 -4.76916514
12.222592 -4.780637309
12.235201049 -4.803995056
12.244089396 -4.796346944
12.258558797 -4.790765889
12.273751668 -4.787148539
12.307651407 -4.783634541
12.321914103 -4.77815684
12.332352743 -4.765857849
12.374107299 -4.683175557
12.378861531 -4.662298279
12.377621297 -4.61940684
12.387026408 -4.605454204
12.414104859 -4.608864847
12.429091024 -4.60752126
12.497200562 -4.585300395
12.608098185 -4.565043233
12.623807821 -4.559255472
12.634866577 -4.547679952
12.656570679 -4.507372334
12.670523315 -4.491352641
12.686853068 -4.47833018
12.704939819 -4.467994894
12.718479044 -4.451871846
12.726540568 -4.427997334
12.737909383 -4.404949646
12.761680542 -4.391203715
12.775426473 -4.396164652
12.782655684 -4.400070758
12.801057984 -4.410013936
