14.397808064 51.013114726
14.425816691 51.020943706
14.462093547 51.019651794
14.473462362 51.023372498
14.482144002 51.037195943
14.487931763 51.028721009
14.490102173 51.022700704
14.493512818 51.016706238
14.502917928 51.008515524
14.515320272 51.003037822
14.542295369 50.998748678
14.55459436 50.992650859
14.566686645 50.983400778
14.574334758 50.975494283
14.577435343 50.965727437
14.575574992 50.950689596
14.567823527 50.938648987
14.555834594 50.924282939
14.550356893 50.912087301
14.561829061 50.906351217
14.617122843 50.920872294
14.629215128 50.920717266
14.634589478 50.909400127
14.628801717 50.896119283
14.611851847 50.870952861
14.60833785 50.853072815
14.613195435 50.845579732
14.647921997 50.839378561
14.662184692 50.834365946
14.700425252 50.815969137
14.737528931 50.810698141
14.759233032 50.810181376
14.775356079 50.812971904
14.785071248 50.820051575
14.794579712 50.831627096
14.8103927 50.858447164
14.83168339 50.857982076
14.867856893 50.864389954
14.982061808 50.859067282
14.984128865 50.867697246
14.982888631 50.902423808
14.981751749 50.905266012
14.981131632 50.909090068
14.982061808 50.914671123
14.984852335 50.918081767
14.994670857 50.925109762
14.997771444 50.930174052
14.996634562 50.959216207
14.981441691 50.97322052
14.965215291 50.98133372
14.960977824 50.992650859
14.961081176 50.992650859
14.965628703 50.996061503
14.970692993 50.998697002
14.976377401 51.000402324
14.982061808 51.00117747
14.996531209 51.00784373
15.001182088 51.012442932
15.003972616 51.020685323
15.022989543 51.009652405
15.073632446 51.00262441
15.082107381 50.992754212
15.093889607 50.985416158
15.107945597 50.981023662
15.119211059 50.982470602
15.122518351 50.992650859
15.122518351 50.992754212
15.131510051 51.005828349
15.144429158 51.011564433
15.156108032 51.00784373
15.160758911 50.992650859
15.170164022 50.977974752
15.22711145 50.977406311
15.253776489 50.969034729
15.269796183 50.9526533
15.268762655 50.942989807
15.260081014 50.932499491
15.253053019 50.914102682
15.256050252 50.899891663
15.26535201 50.88227
15.277134236 50.865733541
15.287779581 50.85488149
15.307726685 50.84475291
15.325813436 50.839688619
15.341006306 50.831730449
15.352995239 50.812971904
15.353305298 50.803256735
15.35051477 50.793231506
15.349687948 50.783723043
15.356095825 50.775454814
15.368578785 50.77294911
15.370255168 50.77261261
15.381313924 50.78000234
15.390822388 50.790647685
15.400124145 50.797985738
15.44177535 50.800207825
15.641866496 50.755766094
15.65323531 50.750960185
15.666464477 50.738092753
15.67380253 50.733545227
15.684344523 50.731426494
15.767440226 50.744190572
15.792244914 50.742691956
15.794415323 50.735870667
15.797619263 50.729772848
15.848158813 50.675150859
15.854566691 50.673703919
15.882265258 50.674220683
15.94148645 50.688380026
15.958022908 50.686881409
15.971458781 50.67861318
15.984481242 50.662903544
15.993162882 50.649364319
15.998640584 50.635566712
15.996366821 50.623681132
15.982000773 50.616239726
15.980037068 50.612984111
15.979210246 50.609780172
15.979933715 50.60662791
15.982000773 50.603630677
16.0244788 50.608591614
16.086490519 50.646780498
16.128658488 50.644041647
16.160284465 50.62864207
16.175477335 50.624094544
16.192323852 50.626575013
16.204519491 50.636341858
16.211754191 50.649105937
16.219092245 50.659131165
16.232011352 50.660888164
16.268288208 50.660423076
16.300947714 50.655100403
16.331643514 50.644041647
16.416806275 50.58662913
16.425901326 50.567560527
16.394482056 50.559343974
16.398306111 50.551799215
16.398306111 50.548491923
16.395515584 50.545701396
16.391174764 50.539913635
16.389624471 50.534849345
16.388280884 50.527149557
16.388384237 50.521258443
16.391174764 50.521826884
16.382596476 50.514178772
16.362029256 50.501207988
16.352624145 50.492784729
16.33546757 50.490355937
16.303428182 50.496040344
16.287718547 50.492784729
16.279967082 50.479865621
16.264980917 50.471649068
16.247410929 50.464982809
16.232011352 50.456766256
16.226533651 50.455370992
16.217335246 50.451650289
16.211237427 50.451288554
16.216095011 50.440178122
16.217955363 50.437129211
16.19800826 50.440023092
16.190153443 50.424158427
16.199558553 50.406278381
16.232011352 50.402609355
16.24493046 50.376822815
16.249684692 50.371035055
16.262500448 50.364420472
16.269838501 50.365454001
16.276969849 50.369433085
16.288648722 50.371861878
16.334227335 50.371861878
16.343735799 50.36994985
16.350763794 50.360648092
16.351487264 50.351346334
16.350660441 50.342251282
16.353244263 50.333517965
16.371020956 50.31837677
16.41556604 50.307938131
16.437786906 50.29796458
16.452152954 50.284993795
16.477577759 50.255331523
16.49204716 50.242722473
16.504759563 50.227994691
16.535041952 50.207737529
16.545894003 50.188823955
16.557262817 50.15471751
16.566667928 50.142211812
16.584237915 50.127432353
16.618654419 50.107020163
16.660615682 50.09301585
16.701233357 50.094927877
16.732032511 50.121954652
16.754253377 50.132289938
16.766449016 50.143400371
16.777301066 50.156939596
16.795284464 50.17440623
16.817712036 50.186756897
16.837555786 50.188617249
16.857606242 50.18773875
16.869762082 50.189728865
16.88096399 50.191562806
16.8903691 50.196937154
16.907008911 50.21176829
16.918997843 50.217090963
16.927782837 50.217297669
16.946283 50.213060202
16.955274699 50.213473613
16.957755167 50.21714264
16.957548462 50.229234925
16.960338989 50.231973775
16.975015096 50.231818747
16.981009563 50.229183248
16.985660441 50.223137106
16.996305786 50.212905172
17.008398071 50.209959615
17.014805949 50.218486227
17.012842244 50.231663717
16.999819783 50.242722473
16.998372843 50.267010396
16.987830851 50.284942119
16.969640747 50.297757874
16.945249471 50.306904602
16.926542602 50.31925527
16.91672408 50.338633932
16.909282674 50.359924622
16.897913859 50.378218079
16.865874471 50.408448792
16.865771118 50.422401429
16.892952921 50.432943421
16.915793904 50.431083069
16.944004629 50.420266697
16.958788696 50.414598287
16.981939738 50.416355286
17.084672485 50.397958476
17.095627889 50.393669332
17.118882284 50.381163636
17.131698038 50.376822815
17.14544397 50.376719463
17.175933065 50.380750224
17.187611939 50.378476461
17.185441528 50.375685934
17.188852173 50.364833883
17.195053345 50.351914775
17.201047811 50.343233134
17.210866333 50.336411845
17.246109659 50.32214915
17.269880819 50.317756653
17.316803019 50.318635153
17.337473592 50.313002422
17.319076782 50.30824819
17.321867309 50.30447581
17.325381307 50.301116842
17.329515422 50.298222962
17.334062947 50.295690817
17.332822713 50.282668356
17.334786418 50.27000763
17.34171106 50.25972402
17.355043579 50.253264466
17.36589563 50.271557923
17.388013143 50.272643128
17.409820597 50.261325989
17.419122355 50.242722473
17.424186645 50.240552063
17.429560994 50.239776917
17.434831991 50.240500387
17.439999634 50.242722473
17.469351847 50.265563456
17.516997518 50.268353984
17.606397746 50.258225403
17.629548787 50.262101136
17.646705363 50.271092835
17.676367635 50.297396139
17.68194869 50.305561015
17.684532511 50.312382304
17.691043741 50.315069478
17.707993611 50.311038717
17.713574666 50.307679749
17.731971476 50.291763407
17.734451945 50.289489645
17.734968709 50.28680247
17.734245239 50.283805237
17.731971476 50.280652975
17.721119425 50.261946106
17.719155721 50.252799378
17.721429484 50.242722473
17.731971476 50.236004538
17.747577759 50.217504374
17.738172648 50.20236318
17.717915487 50.191097718
17.675334106 50.174716289
17.648669067 50.167998352
17.600403279 50.166809795
17.589447876 50.16324412
17.582109823 50.153167216
17.58417688 50.145880839
17.632752726 50.106348369
17.648359009 50.101800843
17.658487589 50.1029894
17.666962524 50.106141663
17.677607869 50.107743632
17.690733683 50.105469869
17.717915487 50.096788228
17.731971476 50.094876201
17.732384888 50.093894349
17.732591594 50.092964173
17.732384888 50.092189026
17.731971476 50.091465556
17.722669719 50.08634959
17.71946578 50.080871888
17.722566365 50.075135804
17.731971476 50.069089661
17.743030232 50.06056305
17.749851522 50.049504294
17.755432577 50.037153626
17.763287394 50.02521637
17.774552857 50.015191142
17.839355102 49.973643291
17.875735311 49.968682353
17.912115519 49.9758137
17.941571085 49.99276357
17.95976119 49.99581248
17.999862101 49.996587627
18.032418253 50.002840475
18.037482544 50.007232971
18.035725545 50.017206523
18.02869755 50.024131165
18.020119262 50.024286195
18.012161092 50.022684225
18.006890096 50.024131165
18.002445923 50.046765442
18.019073899 50.04408711
18.033245076 50.041804505
18.091639445 50.017206523
18.085128214 49.998758036
18.098150675 49.989042867
18.162022746 49.981239726
18.177215617 49.9758137
18.208738241 49.95829539
18.220520467 49.954884746
18.243981567 49.951732483
18.255867147 49.946048076
18.260104614 49.940570374
18.267029256 49.925067444
18.272610311 49.918297831
18.292454061 49.907807516
18.306923462 49.909667868
18.334932088 49.925429179
18.333795206 49.927134501
18.332451619 49.928271383
18.330694621 49.928839824
18.328524211 49.928839824
18.368831827 49.932043763
18.4074858 49.923155416
18.481796509 49.896645407
18.505050903 49.896697083
18.544428345 49.912975159
18.559207804 49.907187398
18.565408976 49.889048971
18.562928507 49.873701071
18.567269328 49.861453756
18.593831014 49.852203675
18.566339152 49.831584778
18.566752564 49.80476471
18.584115845 49.774378967
18.607680298 49.742959697
18.617705526 49.713865866
18.62401005 49.706372783
18.63734257 49.70032664
18.668141724 49.698569641
18.682404418 49.695779114
18.69542688 49.688854472
18.715063924 49.67381663
18.727672974 49.668907369
18.742245727 49.669682516
18.75785201 49.674075013
18.773458293 49.675832011
18.788444458 49.668597311
18.792578573 49.660794169
18.799296508 49.626377666
18.803947387 49.616765849
18.815729614 49.599299215
18.820173788 49.590255839
18.834539836 49.547622782
18.837433716 49.52695221
18.833196249 49.510260722
18.792268514 49.509537252
18.773561645 49.504886373
18.732530558 49.480288391
18.704521932 49.479254863
18.67558313 49.485042623
18.642820272 49.495791321
18.63589563 49.496721497
18.628970988 49.495791321
18.600445598 49.485972799
18.556210571 49.49015859
18.535643351 49.481683655
18.530475708 49.473467102
18.527995239 49.454863587
18.522930949 49.446078594
18.514662719 49.440600891
18.481796509 49.429077047
18.439215129 49.395073955
18.416787557 49.385462138
18.387642049 49.389751282
18.38516158 49.342260641
18.361586366 49.330191418
18.324596802 49.311254781
18.190031372 49.276941631
18.160575806 49.25869985
18.136494588 49.233068339
18.117787719 49.202579245
18.105075318 49.16976471
18.101457967 49.142944641
18.101629686 49.136928332
18.102904907 49.092250062
18.096290323 49.070287578
18.075516398 49.047188212
18.046060832 49.029153138
18.012884562 49.01912791
17.959244426 49.02186676
17.935059855 49.019386292
17.914079223 49.010497946
17.900850057 48.993031311
17.894648885 48.978200176
17.88689742 48.947245992
17.878732544 48.933551738
17.860335734 48.921717835
17.841215454 48.920994365
17.820131469 48.923371481
17.795533488 48.920580953
17.779410441 48.911744283
17.744890584 48.872573548
17.727217244 48.862910054
17.535084269 48.812990621
17.498497355 48.816763001
17.467904907 48.838105367
17.453332153 48.842756247
17.429560994 48.838157043
17.411224719 48.830216334
17.391733846 48.821775614
17.374370565 48.819605205
17.260269002 48.857794088
17.21220992 48.866062318
17.16745813 48.859757792
17.113714641 48.833919576
17.104619588 48.824617818
17.098728475 48.805755921
17.084362426 48.793715312
17.049945923 48.774026592
17.025347941 48.746328024
16.97480839 48.649873963
16.963336222 48.635947164
16.947523234 48.623157247
16.945042766 48.604166158
16.910522908 48.630779521
16.896673625 48.69697703
16.873005819 48.718991191
16.856572713 48.719818014
16.818125447 48.710774638
16.798901814 48.709224345
16.780505005 48.713771871
16.744331502 48.729636536
16.729035279 48.733098857
16.691001424 48.732065328
16.675085083 48.733925679
16.661959269 48.740023499
16.654724569 48.751857402
16.651003866 48.76622345
16.643149047 48.778264059
16.624028767 48.783380026
16.605528605 48.784826965
16.54579065 48.796299134
16.528737426 48.803533834
16.519539022 48.805600891
16.510340617 48.804774069
16.492253865 48.799709779
16.481918579 48.799399719
16.45308313 48.802190247
16.435719848 48.794542135
16.384973592 48.737077943
16.374018188 48.730308329
16.358308553 48.72725942
16.352727498 48.728447978
16.339498331 48.735579326
16.318724406 48.733512268
16.317587524 48.732840475
16.177751098 48.746534729
16.085353638 48.742865702
16.032333618 48.758058574
15.931771281 48.806427714
15.930324341 48.811388652
15.930324341 48.818313294
15.925053345 48.822602438
15.908103475 48.819708558
15.907069946 48.830250549
15.89962854 48.8347464
15.888363077 48.835056458
15.875754028 48.833092753
15.885985961 48.842032776
15.877614379 48.841671041
15.870172973 48.843893128
15.85921757 48.849164124
15.84009729 48.8500943
15.833276001 48.852006328
15.828315064 48.857122295
15.824284301 48.869421285
15.818496541 48.872315165
15.787904093 48.872263489
15.779222453 48.870868225
15.743669067 48.858465882
15.72682255 48.854951884
15.703774861 48.854951884
15.68134729 48.858465882
15.603729288 48.887353007
15.544186681 48.902611733
15.521253703 48.908488668
15.471851033 48.936704
15.450353638 48.9448172
15.405911906 48.954687399
15.357852823 48.970810446
15.335528605 48.974996237
15.288709757 48.975357972
15.28374882 48.977631735
15.279614706 48.982592672
15.274550415 48.986726787
15.266902303 48.986675111
15.262871542 48.982592672
15.260391073 48.9691568
15.257083781 48.963885803
15.243234497 48.9529304
15.238066854 48.950759989
15.16179244 48.937220764
15.141948689 48.937479147
15.148563273 48.951741842
15.148976684 48.965332743
15.144739217 48.978923645
15.137401164 48.993031311
15.059576457 48.997217102
15.003972616 49.009774475
14.982061808 49.007914124
14.978857869 49.006260478
14.977307577 49.00290151
14.977307577 48.998250631
14.978237753 48.992824605
14.964595174 48.971740622
14.964181763 48.943266907
14.968315877 48.912674459
14.968212524 48.885027568
14.947025187 48.822395732
14.939790487 48.809786682
14.93813684 48.802810364
14.940100545 48.796505839
14.944441366 48.788599345
14.948885538 48.782139791
14.951055949 48.780331116
14.939583781 48.762812806
14.91932662 48.761572571
14.867650187 48.775576884
14.815456991 48.780331116
14.800367472 48.77650706
14.794476359 48.766998597
14.790445597 48.754854635
14.78042037 48.743124085
14.775356079 48.724003805
14.722749471 48.693411357
14.703835897 48.673102519
14.700218546 48.646101583
14.70073531 48.615534974
14.69567102 48.589541728
14.691140439 48.586534963
14.675620565 48.576235046
14.659187459 48.576958517
14.651332641 48.583495585
14.645441529 48.592900696
14.634692831 48.602331645
14.6281816 48.603287659
14.612885376 48.599747823
14.605133911 48.600316264
14.601929973 48.604527893
14.601826619 48.611194153
14.600586385 48.617576193
14.594178507 48.621322734
14.57877893 48.620495911
14.548806599 48.610935771
14.533820434 48.608713684
14.522038208 48.610625712
14.482144002 48.624474997
14.458166137 48.643181865
14.443593384 48.636515605
14.421165812 48.597060649
14.405352823 48.586286113
14.353366333 48.571429139
14.333212525 48.560706279
14.325357706 48.558639221
14.31574589 48.557915752
14.21652714 48.581170146
14.074830363 48.591712139
14.04082727 48.601168925
14.032455688 48.606129863
14.01519576 48.620392558
14.010854939 48.62587026
14.00620406 48.639512838
14.008064412 48.642406718
14.01374882 48.643801982
14.020466756 48.653155416
14.023463989 48.654602356
14.028321574 48.653982239
14.0328691 48.654912414
14.034729451 48.661165263
14.03214563 48.667263082
14.026151164 48.67005361
14.019226521 48.671913961
14.014162231 48.675066223
14.007754354 48.683282776
13.991114543 48.70018097
13.982329549 48.706485494
13.915046834 48.730980124
13.893136027 48.743020732
13.874945923 48.752425843
13.855928996 48.759298808
13.815724731 48.766430156
13.79619104 48.779814352
13.747925252 48.843376363
13.724670858 48.867302552
13.710614868 48.872470195
13.67335616 48.876345928
13.654442586 48.88223704
13.637389363 48.893450826
13.621783081 48.909057109
13.611137736 48.927247213
13.608657267 48.946160787
13.590467163 48.9448172
13.57341394 48.951018372
13.556464071 48.959958395
13.538894083 48.967038066
13.522395447 48.96934193
13.515949747 48.970242005
13.502100464 48.966056214
13.492592 48.955049133
13.482256713 48.937634176
13.458898966 48.945023906
13.42727299 48.959958395
13.398540893 48.977683411
13.384174845 48.993031311
13.383554728 49.021091614
13.372392618 49.038506572
13.329914591 49.06692861
13.299528849 49.093645325
13.287333211 49.100569967
13.267282755 49.105634257
13.20682133 49.107494609
13.178502645 49.11834666
13.162586303 49.1351415
13.149460489 49.154830221
13.055822795 49.238184306
13.043420451 49.242783509
13.043213745 49.242886861
13.043213745 49.242938538
13.01127771 49.267794902
13.006730184 49.277096659
13.005386597 49.286760153
12.999805542 49.294925029
12.982442261 49.299627584
12.954330282 49.319109599
12.939860881 49.326757711
12.922911011 49.332700501
12.884670451 49.339573467
12.870924519 49.336731263
12.875368693 49.323863831
12.856661825 49.322210185
12.797750692 49.327842917
12.777906941 49.332545472
12.762093953 49.343242493
12.729331095 49.391146546
12.709177286 49.404737447
12.663081909 49.41889679
12.643548218 49.429490458
12.632179402 49.443959859
12.627218465 49.460186259
12.624324585 49.493000794
12.622980998 49.50984731
12.615539592 49.51377472
12.604997599 49.512792867
12.593732137 49.515014954
12.582880087 49.522404683
12.575025268 49.529897766
12.568720744 49.538837789
12.562312867 49.550826722
12.558282104 49.562557272
12.553631225 49.584726461
12.54660323 49.595578512
12.536061239 49.603123271
12.512186727 49.611649882
12.501954793 49.619711406
12.502678263 49.622140198
12.507432495 49.629995016
12.499474324 49.632527161
12.496890503 49.633870748
12.505365437 49.646118063
12.504641968 49.659398905
12.496373739 49.669992575
12.482524454 49.67469513
12.449244832 49.685030416
12.433948608 49.691800029
12.41958256 49.700223287
12.398911987 49.719498597
12.3885767 49.732314351
12.383615763 49.742856344
12.39539799 49.757894186
12.436739135 49.769263001
12.452655477 49.77970164
12.455859415 49.796134746
12.45637618 49.817115377
12.462473999 49.831223043
12.482524454 49.827243958
12.489862508 49.842695211
12.512910197 49.870238749
12.52097172 49.885534973
12.524072306 49.904965312
12.517871135 49.912200012
12.503608439 49.915765687
12.462680705 49.931268616
12.463817586 49.942120666
12.470742228 49.955608216
12.468158406 49.970232646
12.451311889 49.980567932
12.41451827 49.983048401
12.399222046 49.99276357
12.398188517 49.99276357
12.246879923 50.044956767
12.243675984 50.051312969
12.243469279 50.06040802
12.241402221 50.070639954
12.232513875 50.080510152
12.218044474 50.088571676
12.20202478 50.094514465
12.187865438 50.102834372
12.179183797 50.117975566
12.17856368 50.132961731
12.185591675 50.155699361
12.182697795 50.170737203
12.175049682 50.182622783
12.16378422 50.193784892
12.139289592 50.21104482
12.089886922 50.230836894
12.079551635 50.242722473
12.092057333 50.254814758
12.102392619 50.259155579
12.109110555 50.263806458
12.110970906 50.276622213
12.107250203 50.290884908
12.09918868 50.299773255
12.076140991 50.315172831
12.101343547 50.313980338
12.149314819 50.311710511
12.168538452 50.302977193
12.174429565 50.293727112
12.174119507 50.276570537
12.178046916 50.268767395
12.189209025 50.262462871
12.203781779 50.25956899
12.232513875 50.259103902
12.239645223 50.256571758
12.242952515 50.252954407
12.24243575 50.248355204
12.237991577 50.242722473
12.236441284 50.242567445
12.235097697 50.242257385
12.23375411 50.241688944
12.232513875 50.240965475
12.229826701 50.239053447
12.228896525 50.237038066
12.229930054 50.234815979
12.232513875 50.23249054
12.24998051 50.221173401
12.25432133 50.217401021
12.258455445 50.210889791
12.260212443 50.205050355
12.261245972 50.199882711
12.273234904 50.172339173
12.283363484 50.162210592
12.300416707 50.160815328
12.314369344 50.167326559
12.314369344 50.176214905
12.308581583 50.186911927
12.305584351 50.19931427
12.308684936 50.217090963
12.314059286 50.226496074
12.333799683 50.242722473
12.336486857 50.258587138
12.344651733 50.26639028
12.355813842 50.271402894
12.367182658 50.279051005
12.398188517 50.315172831
12.408937215 50.321994121
12.438289429 50.332536113
12.450175008 50.339357402
12.453792359 50.34070099
12.462784058 50.340494283
12.466814819 50.341889547
12.468985229 50.345558574
12.468365113 50.349485983
12.467021525 50.352844951
12.466814819 50.354912008
12.469501994 50.359407858
12.471569051 50.364472148
12.475083048 50.369433085
12.482524454 50.3735672
12.510223022 50.388760071
12.55053064 50.396356507
12.625358114 50.399922181
12.678791544 50.393721008
12.691814006 50.394651184
12.702976115 50.40152415
12.725093628 50.423434958
12.737909383 50.431548157
12.754239136 50.435320536
12.77025883 50.435940654
12.788138875 50.434338684
12.794340047 50.435888977
12.808396037 50.441831767
12.817387736 50.443020325
12.825759318 50.441418356
12.918363485 50.405399882
12.952573283 50.404159648
12.960631103 50.409234123
12.982442261 50.42296987
12.996601603 50.433666891
13.003112833 50.451908672
13.009624064 50.492681376
13.017892293 50.496350404
13.026263875 50.497642314
13.034532104 50.496505432
13.04228357 50.492784729
13.051068563 50.491131084
13.060370321 50.490614319
13.069775431 50.491079407
13.078870483 50.492681376
13.078973836 50.492681376
13.079180542 50.492784729
13.107395874 50.498985901
13.160105835 50.497022197
13.184703817 50.508752747
13.199069865 50.525340882
13.232349487 50.582029928
13.251779825 50.580893047
13.268006226 50.573658346
13.284646037 50.56895579
13.305626668 50.57577708
13.316272013 50.596034241
13.321853068 50.602390443
13.359370158 50.619340312
13.365364624 50.623474427
13.365984741 50.627091777
13.368775268 50.628332011
13.380970906 50.625489807
13.386345256 50.621614075
13.400401245 50.606576234
13.407015828 50.601305237
13.429340048 50.594328919
13.447943563 50.597274476
13.464893432 50.607092998
13.482256713 50.620890605
13.492178589 50.624456279
13.498173055 50.629158834
13.49910323 50.635204977
13.493315471 50.643214823
13.509955281 50.651224671
13.523287801 50.662180075
13.52721521 50.675667623
13.515639689 50.691015524
13.556567423 50.706725159
13.601939331 50.712151185
13.69175297 50.711841126
13.71102828 50.714269918
13.749062134 50.723209941
13.770662882 50.724605204
13.816551554 50.721349589
13.834534953 50.723675029
13.863473755 50.735147197
13.869571574 50.735250549
13.875359334 50.736542461
13.882180624 50.742743632
13.882697388 50.748014628
13.880320272 50.755042623
13.879080037 50.763517558
13.883317505 50.773232727
13.89251591 50.780415752
13.900990844 50.780622457
13.910706014 50.778762105
13.923315064 50.779950664
13.933546997 50.784808248
13.948843221 50.797210592
13.959591919 50.802068177
13.97912561 50.804755351
14.015712524 50.801758118
14.034936157 50.802584941
14.190792277 50.847905172
14.202987915 50.855139873
14.221281372 50.872606507
14.232133423 50.879376119
14.26810022 50.884130351
14.346545044 50.880202942
14.375897257 50.895964254
14.381891724 50.920872294
14.355226685 50.93063914
14.318329712 50.937512106
14.292801554 50.953480124
14.29373173 50.963970439
14.302206665 50.967691142
14.303756958 50.969706523
14.283809855 50.97482249
14.250013469 50.977613017
14.238334595 50.982470602
14.249496704 50.992650859
14.263552694 51.021434632
14.287530558 51.036834208
14.31936324 51.040012309
14.356570272 51.032338359
14.364115031 51.027997538
14.369386027 51.022442322
14.375897257 51.016990459
14.386749308 51.013269756
14.397808064 51.013114726
