63.383913615 45.565824483
63.324279012 45.567969055
63.266349732 45.574221904
63.210487508 45.584376323
63.156899048 45.598251445
63.105946086 45.615614726
63.057835327 45.636285299
63.012928507 45.660004781
62.971484009 45.686643983
62.933863566 45.715944519
62.900273885 45.747699687
62.871025025 45.78170278
62.846478719 45.81777293
62.826893351 45.85570343
62.812527303 45.895184225
62.803638957 45.936163635
62.800641723 45.978331604
62.803638957 46.020499573
62.812527303 46.061427307
62.826893351 46.100985616
62.846478719 46.13889028
62.871025025 46.174960429
62.900273885 46.208963522
62.933863566 46.240718689
62.971484009 46.270019227
63.012928507 46.296658427
63.057835327 46.320377909
63.105946086 46.341048483
63.156899048 46.358411764
63.210487508 46.372261047
63.266349732 46.382441305
63.324279012 46.388694153
63.383913615 46.390838725
63.443548218 46.388694153
63.501477499 46.382441305
63.557391398 46.372261047
63.610928182 46.358411764
63.661881145 46.341048483
63.709940226 46.320377909
63.754898723 46.296658427
63.796343221 46.270019227
63.833963664 46.240718689
63.867553345 46.208963522
63.896698852 46.174960429
63.921296835 46.13889028
63.940933879 46.100985616
63.955299927 46.061427307
63.96408492 46.020499573
63.96713383 45.978331604
63.96408492 45.936163635
63.955299927 45.895184225
63.940933879 45.85570343
63.921296835 45.81777293
63.896698852 45.78170278
63.867553345 45.747699687
63.833963664 45.715944519
63.796343221 45.686643983
63.754898723 45.660004781
63.709940226 45.636285299
63.661881145 45.615614726
63.610928182 45.598251445
63.557391398 45.584376323
63.501477498 45.574221904
63.443548218 45.567969055
63.383913615 45.565824483
