31.863356974 -25.989937032
31.891882365 -25.983839213
31.949243204 -25.95810435
31.975288127 -25.980428569
32.004020223 -25.994381205
32.070579468 -26.009780782
32.057453654 -26.041200053
32.06272465 -26.07716685
32.074558553 -26.114167176
32.081431519 -26.148790385
32.077814168 -26.175455424
32.044741252 -26.254520365
32.039883667 -26.283665873
32.052337687 -26.386812032
32.05983077 -26.414820658
32.107063029 -26.500293478
32.117398316 -26.582252299
32.113884318 -26.840014343
32.097761272 -26.833503113
32.073163289 -26.8113856
32.057143596 -26.808595072
31.990067586 -26.808285014
31.992237996 -26.838257345
31.975288127 -26.926624043
31.959681844 -27.008789571
31.942111857 -27.100670268
31.944204309 -27.162338389
31.944850708 -27.181388855
31.947382853 -27.255492859
31.952963907 -27.270168965
31.959785197 -27.281021016
31.964849487 -27.291666361
31.967743368 -27.303035176
31.968260132 -27.316264343
31.878601522 -27.315230815
31.782535034 -27.313990581
31.636910848 -27.312233581
31.526529989 -27.310889994
31.459453979 -27.298694356
31.356669555 -27.26706838
31.280136759 -27.243503926
31.244706612 -27.232586324
31.157043497 -27.205573426
31.14195398 -27.196478373
31.126502727 -27.18262909
31.078753703 -27.118240254
30.976072632 -27.035041198
30.95364506 -27.000314636
30.949407593 -26.975406596
30.959742879 -26.936132507
30.960983114 -26.911224467
30.955092 -26.891380717
30.944446655 -26.876601257
30.915817911 -26.849419454
30.902588745 -26.831332702
30.885294444 -26.7856406
30.88021285 -26.772214864
30.868740682 -26.784927267
30.853392782 -26.79660614
30.836442912 -26.805081075
30.819803101 -26.807974955
30.802439819 -26.808905131
30.795670207 -26.785547383
30.785696655 -26.716921081
30.784146362 -26.578841655
30.782906128 -26.472388204
30.804558553 -26.397457377
30.897317749 -26.291727397
30.897333504 -26.291709465
30.96987146 -26.209148458
31.037774292 -26.100111186
31.091621134 -25.983632507
31.106865682 -25.930922547
31.119836467 -25.910045267
31.208409871 -25.838628438
31.309282268 -25.757393087
31.337394246 -25.744680684
31.372017456 -25.736412455
31.401473022 -25.735999044
31.426897827 -25.743647155
31.532834513 -25.805555522
31.6387712 -25.867463888
31.73060022 -25.921207378
31.74696632 -25.930789518
31.834573202 -25.982082214
31.863356974 -25.989937032
