34.0029403 26.731634833
34.003591342 26.708197333
33.989593946 26.720282294
33.982758009 26.734076239
33.955088738 26.790025132
33.970550977 26.790676174
33.970632358 26.790635484
33.97559655 26.790025132
33.995453321 26.751695054
34.0029403 26.731634833
34.00660241 27.509466864
34.028493686 27.502020575
34.034922722 27.485012111
34.038422071 27.466620184
34.051280144 27.454820054
34.051280144 27.448635158
34.044200066 27.449611721
34.031097852 27.451483466
34.013031446 27.469956773
34.007090691 27.476060289
33.985850457 27.482123114
33.976084832 27.487372137
33.966563347 27.497626044
33.956390821 27.504380601
33.956309441 27.504380601
33.933767123 27.494696356
33.92448978 27.501410223
33.917491082 27.513169664
33.913584832 27.523708401
33.913584832 27.523749091
33.919200066 27.530218817
33.925791863 27.534328518
33.933116082 27.536363023
33.941416863 27.536769924
33.964121941 27.534125067
33.971934441 27.529649156
33.980723504 27.524603583
33.988780144 27.518255927
33.993907097 27.514308986
34.00660241 27.509466864
34.732161965 27.918943023
34.704694776 27.908368047
34.6810394 27.915173524
34.661785763 27.930218099
34.681773328 27.958703245
34.731882011 27.957141114
34.732161965 27.918943023
34.544200066 27.99603913
34.51823978 27.991359768
34.50684655 27.986232815
34.503184441 27.975572007
34.507904493 27.971177476
34.511892123 27.967474677
34.528819207 27.965887762
34.557953321 27.970160223
34.570567254 27.974107164
34.572764519 27.972154039
34.574880405 27.972113348
34.579600457 27.965521552
34.583994988 27.957953192
34.585134311 27.955145575
34.585215691 27.955064195
34.601328972 27.942613023
34.620453321 27.927801825
34.620453321 27.920355536
34.582204623 27.91791413
34.547211134 27.919663804
34.518077019 27.930405992
34.498138868 27.95311107
34.496348504 27.955145575
34.497813347 27.96873607
34.494395379 27.98822663
34.489512566 27.99603913
34.493011915 28.000799872
34.494395379 28.001776434
34.494476759 28.001654364
34.496348504 27.99603913
34.496429884 27.99620189
34.500010613 28.00381094
34.504893425 28.009914455
34.5107528 28.014146226
34.517344597 28.016546942
34.517425977 28.016506252
34.534841342 28.008246161
34.540537957 28.003119208
34.544200066 27.99603913
32.98698978 31.083644924
32.989268425 31.073431708
32.978526238 31.081691799
32.975108269 31.086493231
32.969737175 31.086574611
32.977061394 31.091253973
32.98308353 31.0899112
32.98698978 31.083644924
33.432953321 31.17206452
33.475922071 31.141750393
33.454356316 31.154689846
33.298675977 31.212795315
33.269786004 31.216782945
33.301117384 31.215887762
33.352549675 31.194891669
33.375987175 31.189520575
33.406016472 31.184475002
33.432953321 31.17206452
33.104746941 31.240301825
33.262461785 31.223618882
33.256114129 31.219305731
33.243500196 31.219305731
33.212575717 31.224310614
33.182871941 31.228013414
33.153086785 31.231756903
33.118988477 31.223618882
33.102549675 31.22675202
33.076426629 31.21873607
32.95590254 31.163153387
32.934743686 31.147935289
32.946462436 31.163275458
32.969737175 31.173041083
32.989105665 31.182074286
33.001475457 31.188299872
33.014821811 31.196722723
33.066905144 31.217433986
33.078623894 31.227118231
33.104746941 31.240301825
25.302093946 31.506537177
25.322764519 31.506415106
25.368500196 31.512274481
25.378103061 31.509711005
25.38965905 31.505113023
25.401866082 31.503159898
25.420176629 31.512193101
25.444834832 31.517645575
25.473887566 31.520493882
25.636485222 31.560695705
25.824066602 31.614935614
25.868825717 31.620917059
25.966807488 31.616603908
26.36215254 31.521918036
26.650645379 31.488755601
26.667246941 31.480943101
26.683116082 31.476223049
26.732920769 31.479234117
26.753184441 31.477484442
26.824717644 31.447821356
26.865733269 31.436835028
26.911631707 31.436509507
26.94792728 31.448228257
26.965505405 31.449652411
26.982595248 31.439927476
26.996429884 31.428697007
27.00652103 31.425034898
27.015798373 31.424465236
27.027028842 31.422267971
27.054372592 31.408636786
27.117360873 31.390448309
27.185069207 31.384344794
27.20997155 31.378119208
27.226247592 31.367661851
27.232432488 31.372259833
27.242035352 31.377346096
27.246104363 31.381293036
27.257985873 31.380031643
27.320648634 31.381008205
27.327484571 31.379217841
27.33480879 31.37514883
27.342295769 31.368231512
27.341970248 31.364650783
27.340098504 31.360988674
27.342295769 31.353989976
27.349782748 31.341294664
27.35434004 31.335760809
27.359385613 31.333482164
27.3623153 31.330511786
27.363780144 31.315497137
27.366465691 31.309637762
27.373545769 31.298407294
27.383474155 31.268500067
27.3935653 31.254706122
27.417491082 31.237209377
27.446299675 31.223211981
27.478037957 31.213934637
27.540537957 31.205755927
27.5654403 31.196966864
27.587738477 31.193101304
27.609873894 31.20319245
27.660329623 31.180243231
27.719493035 31.189276434
27.835703972 31.237941799
27.852875196 31.240301825
27.863291863 31.233547268
27.868500196 31.219387111
27.86988366 31.199774481
27.872731967 31.19159577
27.890310092 31.155422268
27.894297722 31.122626044
27.89714603 31.114406643
27.926931186 31.099025783
27.975108269 31.093085028
28.154551629 31.093329169
28.166270379 31.090765692
28.175303582 31.084906317
28.183278842 31.07831452
28.191416863 31.073431708
28.203868035 31.07050202
28.233571811 31.073431708
28.256358269 31.071275132
28.299082879 31.061957098
28.318369988 31.059800523
28.33863366 31.064113674
28.382090691 31.082749742
28.40495853 31.086493231
28.424327019 31.083441473
28.442230665 31.076402085
28.457774285 31.066839911
28.469737175 31.056057033
28.478526238 31.051825262
28.514170769 31.052313544
28.527598504 31.050116278
28.538259311 31.046535549
28.555023634 31.038723049
28.732676629 30.984076239
28.76823978 30.966701565
28.78777103 30.959662177
28.812022332 30.956773179
28.818044467 30.951157945
28.824961785 30.924465236
28.828868035 30.915187893
28.835703972 30.910793361
28.85434004 30.905951239
29.028086785 30.827053127
29.189219597 30.833238023
29.218923373 30.838039455
29.355723504 30.895086981
29.503265821 30.956691799
29.556325717 30.990912177
29.598073764 31.009507554
29.603770379 31.012030341
29.611013217 31.021918036
29.618662957 31.029282945
29.765961134 31.121568101
29.781504754 31.147935289
29.809336785 31.142320054
29.838389519 31.154120184
29.884613477 31.189520575
29.875661655 31.200873114
29.871836785 31.200140692
29.863536004 31.196356512
29.869151238 31.206488348
29.876963738 31.213568427
29.884776238 31.213771877
29.890879754 31.20319245
29.898203972 31.20319245
29.909678582 31.214097398
29.956228061 31.25006745
29.969981316 31.25779857
29.98316491 31.263251044
30.003103061 31.287095445
30.011241082 31.292547919
30.025075717 31.294867255
30.032969597 31.300360419
30.039561394 31.307114976
30.049082879 31.313055731
30.04590905 31.314154364
30.043223504 31.314154364
30.04167728 31.315497137
30.042246941 31.32050202
30.069590691 31.333482164
30.066661004 31.30487702
30.094899936 31.285589911
30.098480665 31.284654039
30.135996941 31.274847723
30.172618035 31.271429755
30.164398634 31.266994533
30.153086785 31.255845445
30.144704623 31.251613674
30.144053582 31.246568101
30.145518425 31.245103257
30.148610873 31.245062567
30.152110222 31.244126695
30.140147332 31.237250067
30.143728061 31.229478257
30.154633009 31.222154039
30.165212436 31.216782945
30.206797722 31.237941799
30.201670769 31.22650788
30.207204623 31.220892645
30.215830925 31.219387111
30.220469597 31.220200914
30.224375847 31.226874091
30.254567905 31.251613674
30.257334832 31.246812242
30.258067254 31.246405341
30.261403842 31.244126695
30.263845248 31.24990469
30.265961134 31.253241278
30.267751498 31.257310289
30.268809441 31.265285549
30.275075717 31.265285549
30.274587436 31.254543361
30.276621941 31.246405341
30.281423373 31.240912177
30.288747592 31.237941799
30.292735222 31.244574286
30.302989129 31.271429755
30.287608269 31.278225002
30.273448113 31.275295315
30.258636915 31.268866278
30.24089603 31.265285549
30.24089603 31.271429755
30.243988477 31.271918036
30.251312696 31.271063544
30.254567905 31.271429755
30.254567905 31.278265692
30.238454623 31.273993231
30.179453972 31.271429755
30.179453972 31.278265692
30.216563347 31.286444403
30.251719597 31.303412177
30.312836134 31.350572007
30.334483269 31.381008205
30.348399285 31.421332098
30.352386915 31.463202216
30.343923373 31.497992255
30.350759311 31.497992255
30.355723504 31.478827216
30.364593946 31.460109768
30.378428582 31.446682033
30.398610873 31.443345445
30.370616082 31.461615302
30.355723504 31.491115627
30.36215254 31.508734442
30.398610873 31.491156317
30.425629102 31.473618882
30.456390821 31.462713934
30.492523634 31.459214585
30.535817905 31.463853257
30.676524285 31.4961612
30.973887566 31.586737372
30.973887566 31.579901434
30.958750847 31.57807038
30.866384311 31.548285223
30.789073113 31.510321356
30.736094597 31.488714911
30.693369988 31.463853257
30.687754754 31.461615302
30.674082879 31.459662177
30.666026238 31.45701732
30.628103061 31.434312242
30.610687696 31.429144598
30.570974155 31.426581122
30.562347852 31.422267971
30.557871941 31.422186591
30.542653842 31.4024112
30.542653842 31.394964911
30.563243035 31.390204169
30.570323113 31.390082098
30.576670769 31.394964911
30.583506707 31.394964911
30.598643425 31.387355861
30.626719597 31.388657945
30.653819207 31.395819403
30.666026238 31.405503648
30.675059441 31.421576239
30.695078972 31.416896877
30.715993686 31.402085679
30.727549675 31.388128973
30.734385613 31.388128973
30.740733269 31.405503648
30.756195509 31.423000393
30.774668816 31.436835028
30.789561394 31.443345445
30.798513217 31.446478583
30.809580925 31.442084052
30.822601759 31.434719143
30.837412957 31.429144598
30.846853061 31.430161851
30.859711134 31.433335679
30.87370853 31.434515692
30.8857528 31.429144598
30.882660352 31.428127346
30.879893425 31.428168036
30.878428582 31.426988023
30.878916863 31.422267971
30.892425977 31.419094143
30.909434441 31.423814195
30.926442905 31.433050848
30.939707879 31.443345445
30.937266472 31.444403387
30.934825066 31.444240627
30.933278842 31.445135809
30.933604363 31.449611721
30.937022332 31.451727606
30.937510613 31.452622789
30.937673373 31.453802802
30.939707879 31.45701732
30.973968946 31.444077867
30.980723504 31.436509507
30.990000847 31.443264065
30.996918165 31.451117255
31.008067254 31.471340236
31.002207879 31.479641018
31.005707227 31.486232815
31.021739129 31.497992255
31.024668816 31.50405508
31.023610873 31.509182033
31.023285352 31.513820705
31.029144727 31.518500067
31.034922722 31.51968008
31.071299675 31.517320054
31.08073978 31.514227606
31.097422722 31.504828192
31.100108269 31.501044012
31.099782748 31.496405341
31.101573113 31.492499091
31.111094597 31.491156317
31.119151238 31.493109442
31.125254754 31.497788804
31.129242384 31.504461981
31.111094597 31.512274481
31.117523634 31.516017971
31.123545769 31.517889716
31.130381707 31.516994533
31.111094597 31.539740302
31.070811394 31.565375067
31.023203972 31.582993882
30.978037957 31.584295966
30.987559441 31.588934637
31.012380405 31.596909898
31.097422722 31.607896226
31.128672722 31.604925848
31.220957879 31.579901434
31.349945509 31.529649156
31.378591342 31.518500067
31.419606967 31.491156317
31.523692254 31.449652411
31.556813998 31.443345445
31.571625196 31.443752346
31.597422722 31.444484768
31.748301629 31.481594143
31.837901238 31.525336005
31.874359571 31.535589911
31.91293379 31.534898179
31.944834832 31.520941473
31.959157748 31.494330145
31.964203321 31.482407945
31.995778842 31.445746161
32.009043816 31.417181708
32.024912957 31.400051174
32.056976759 31.37514883
32.067556186 31.37107982
32.091970248 31.366400458
32.093760613 31.365668036
32.10425866 31.361476955
32.129161004 31.337388414
32.135264519 31.333482164
32.149668816 31.327785549
32.189463738 31.30076732
32.199554884 31.295070705
32.168955925 31.30072663
32.070078972 31.353989976
32.075694207 31.353501695
32.080088738 31.353989976
32.082774285 31.352769273
32.090586785 31.347154039
32.088145379 31.354437567
32.083506707 31.358832098
32.076508009 31.360907294
32.056000196 31.362860419
32.051442905 31.366441148
32.048838738 31.37099844
32.043955925 31.37514883
32.017344597 31.387518622
32.00660241 31.395331122
32.002452019 31.394964911
31.99496504 31.394964911
31.991953972 31.408514716
31.985687696 31.420355536
31.977549675 31.42987702
31.968272332 31.436509507
31.981293165 31.436509507
31.993500196 31.437811591
31.943125847 31.491644598
31.93238366 31.50775788
31.917979363 31.523993231
31.906586134 31.529608466
31.906260613 31.525336005
31.88949629 31.532049872
31.882985873 31.528509833
31.878916863 31.518500067
31.865244988 31.525336005
31.865000847 31.522121486
31.865733269 31.515326239
31.865244988 31.512274481
31.861664259 31.514349677
31.854746941 31.516506252
31.850922071 31.518500067
31.851328972 31.510646877
31.849457227 31.505072333
31.844737175 31.497992255
31.865244988 31.497992255
31.859711134 31.486883856
31.875010613 31.463324286
31.872080925 31.449611721
31.878916863 31.449611721
31.878916863 31.443345445
31.872080925 31.443345445
31.874278191 31.438910223
31.877452019 31.434149481
31.878916863 31.429144598
31.872080925 31.429144598
31.868662957 31.44135163
31.86207116 31.450588283
31.851898634 31.456122137
31.837901238 31.45701732
31.841644727 31.464504299
31.837657097 31.465480861
31.830414259 31.458807684
31.824229363 31.443345445
31.830414259 31.442572333
31.833750847 31.443793036
31.837901238 31.449611721
31.844981316 31.444810289
31.85059655 31.442938544
31.85840905 31.443345445
31.85840905 31.436509507
31.850922071 31.436509507
31.850922071 31.429144598
31.854828321 31.423163153
31.860606316 31.419012762
31.868418816 31.416571356
31.878916863 31.416083075
31.871836785 31.409816799
31.861664259 31.407619533
31.851735873 31.409654039
31.844737175 31.416083075
31.837901238 31.416083075
31.83855228 31.410834052
31.836680535 31.409654039
31.833669467 31.409816799
31.830414259 31.408636786
31.83497155 31.405747789
31.83855228 31.40249258
31.844737175 31.394964911
31.83073978 31.379787502
31.827891472 31.368353583
31.836924675 31.361883856
31.85840905 31.361476955
31.85840905 31.353989976
31.845062696 31.356187242
31.834157748 31.359930731
31.825043165 31.360663153
31.816742384 31.353989976
31.810557488 31.353989976
31.803884311 31.360052802
31.797211134 31.35952383
31.792246941 31.353583075
31.790212436 31.343451239
31.794281446 31.338446356
31.801280144 31.334865627
31.802744988 31.331284898
31.790212436 31.326646226
31.790212436 31.32050202
31.79590905 31.310980536
31.788910352 31.307440497
31.777517123 31.304999091
31.769053582 31.298773505
31.766937696 31.284654039
31.773203972 31.275864976
31.7841903 31.27338288
31.794932488 31.277696031
31.796397332 31.278265692
31.794444207 31.280015367
31.793142123 31.280462958
31.79184004 31.28143952
31.790212436 31.28510163
31.804372592 31.279974677
31.81120853 31.278713283
31.820567254 31.278265692
31.828623894 31.274115302
31.830251498 31.264878648
31.830332879 31.255764065
31.834157748 31.251613674
31.845388217 31.248968817
31.861013217 31.24237702
31.875987175 31.233303127
31.8857528 31.223618882
31.89340254 31.239935614
31.898610873 31.246649481
31.906260613 31.251613674
31.902110222 31.24233633
31.900645379 31.236070054
31.902028842 31.23061758
31.906260613 31.223618882
31.892588738 31.223618882
31.892588738 31.216782945
31.906260613 31.216782945
31.903005405 31.214585679
31.900157097 31.213039455
31.898448113 31.209906317
31.899424675 31.20319245
31.904144727 31.203843492
31.906911655 31.205633856
31.9091903 31.208075262
31.91293379 31.210638739
31.914235873 31.208970445
31.913910352 31.206488348
31.915049675 31.204250393
31.919769727 31.20319245
31.919769727 31.210638739
31.926605665 31.210638739
31.921641472 31.196478583
31.926442905 31.186997789
31.934743686 31.18756745
31.94027754 31.20319245
31.95191491 31.204575914
31.96753991 31.21881745
31.986582879 31.230292059
32.009287957 31.223618882
31.99496504 31.223618882
31.99496504 31.216782945
32.009287957 31.210638739
32.011973504 31.21478913
32.01823978 31.219061591
32.022797071 31.223618882
32.037119988 31.216782945
32.037119988 31.210638739
32.032969597 31.206203518
32.031260613 31.202866929
32.029633009 31.189520575
32.040782097 31.193915106
32.043955925 31.196356512
32.042328321 31.187933661
32.040375196 31.182318427
32.036794467 31.178615627
32.029633009 31.1758487
32.029633009 31.169623114
32.036387566 31.161078192
32.036875847 31.150295315
32.016123894 31.134914455
32.016123894 31.128078518
32.026866082 31.127671617
32.035166863 31.129706122
32.041026238 31.134263414
32.043955925 31.141750393
32.050140821 31.141750393
32.051442905 31.131170966
32.052338087 31.128770249
32.054535352 31.122992255
32.060557488 31.11737702
32.070078972 31.114406643
32.070078972 31.106919664
32.059906446 31.104641018
32.052582227 31.100775458
32.047618035 31.094875393
32.043955925 31.086493231
32.049001498 31.084540106
32.056976759 31.079657294
32.066579623 31.084947007
32.075531446 31.086371161
32.083750847 31.084418036
32.090586785 31.079657294
32.090586785 31.073431708
32.083750847 31.073431708
32.083750847 31.065985419
32.093760613 31.05853913
32.106455925 31.053371486
32.11980228 31.052923895
32.132090691 31.059800523
32.132090691 31.065985419
32.117442254 31.06631094
32.107432488 31.072821356
32.101247592 31.082749742
32.097992384 31.093329169
32.112966342 31.090562242
32.133148634 31.081732489
32.142588738 31.080267645
32.146332227 31.079657294
32.138356967 31.093329169
32.154307488 31.09381745
32.159434441 31.093329169
32.159434441 31.100775458
32.15495853 31.10175202
32.154063347 31.102525132
32.154307488 31.103989976
32.152842644 31.106594143
32.154307488 31.107733466
32.166270379 31.114406643
32.16684004 31.108343817
32.169688347 31.107123114
32.174164259 31.107570705
32.179942254 31.106919664
32.176036004 31.117824611
32.183848504 31.12494538
32.194834832 31.125799872
32.20573978 31.109198309
32.218516472 31.105210679
32.234141472 31.104885158
32.248220248 31.106919664
32.27222741 31.118882554
32.283457879 31.136542059
32.280528191 31.154974677
32.262461785 31.169623114
32.286468946 31.170355536
32.287364129 31.170152085
32.289805535 31.169623114
32.294769727 31.19936758
32.295095248 31.213364976
32.289805535 31.23045482
32.272959832 31.248846747
32.270518425 31.257554429
32.282969597 31.265285549
32.267914259 31.272650458
32.246755405 31.279242255
32.226328972 31.282049872
32.214121941 31.278265692
32.207041863 31.295070705
32.219493035 31.293768622
32.232676629 31.29287344
32.25660241 31.288804429
32.300466342 31.28143952
32.313812696 31.272691148
32.320078972 31.272691148
32.331390821 31.271429755
32.333832227 31.254706122
32.344248894 31.241888739
32.359141472 31.233465887
32.389903191 31.22650788
32.4013778 31.217108466
32.420176629 31.196356512
32.462657097 31.161037502
32.481211785 31.148871161
32.509532097 31.106919664
32.535817905 31.086615302
32.565684441 31.07054271
32.599701368 31.061509507
32.601573113 31.060980536
32.645518425 31.059800523
32.687510613 31.064439195
32.761973504 31.081203518
32.850759311 31.118801174
32.868011915 31.130275783
32.9091903 31.148179429
32.920420769 31.155422268
32.927256707 31.155422268
32.927256707 31.147935289
32.895355665 31.137396552
32.839610222 31.101223049
32.807139519 31.093329169
32.752452019 31.071356512
32.666514519 31.052313544
32.715017123 31.052313544
32.715017123 31.045558986
32.700694207 31.038723049
32.731293165 31.038763739
32.742849155 31.042629299
32.749196811 31.052313544
32.755381707 31.052313544
32.756195509 31.046535549
32.759450717 31.045599677
32.763845248 31.046332098
32.769541863 31.045558986
32.8310653 31.079657294
32.882823113 31.093573309
32.893077019 31.100775458
32.899261915 31.100775458
32.903493686 31.095445054
32.917735222 31.092230536
32.914398634 31.087307033
32.906748894 31.086493231
32.906748894 31.079657294
32.917246941 31.082831122
32.940928582 31.093329169
32.940928582 31.100775458
32.913584832 31.100775458
32.913584832 31.106919664
32.927093946 31.111802476
32.94402103 31.107896226
32.959483269 31.098456122
32.968760613 31.086493231
32.971202019 31.080877997
32.973317905 31.071030992
32.975108269 31.065985419
32.961273634 31.065985419
32.994476759 31.055568752
33.009938998 31.056301174
33.023448113 31.065985419
33.023448113 31.073431708
33.013926629 31.07819245
33.009125196 31.079657294
33.009125196 31.086493231
33.047862175 31.095119533
33.05746504 31.100775458
33.052500847 31.108303127
33.054698113 31.115545966
33.060069207 31.123928127
33.064300977 31.134914455
33.05746504 31.134914455
33.051036004 31.128119208
33.03028405 31.114406643
33.027110222 31.110744533
33.023773634 31.107733466
33.023773634 31.104641018
33.03028405 31.100775458
33.016937696 31.098130601
32.994151238 31.098456122
32.970550977 31.10146719
32.954437696 31.106919664
32.984629754 31.10952383
33.001800977 31.124823309
33.01441491 31.144964911
33.03028405 31.162176825
33.042328321 31.167222398
33.067067905 31.170965887
33.078623894 31.1758487
33.097829623 31.19155508
33.109385613 31.196437893
33.126475457 31.196356512
33.126475457 31.189520575
33.098643425 31.189520575
33.098643425 31.183294989
33.111094597 31.175360419
33.146983269 31.134914455
33.157725457 31.117865302
33.153575066 31.112372137
33.140961134 31.10960521
33.126475457 31.100775458
33.125254754 31.103257554
33.125254754 31.105902411
33.12403405 31.107570705
33.118988477 31.106919664
33.118988477 31.100775458
33.1357528 31.090765692
33.144704623 31.077866929
33.144297722 31.06256745
33.133311394 31.045558986
33.169118686 31.058010158
33.187673373 31.061672268
33.200938347 31.059800523
33.207692905 31.061021226
33.212412957 31.060980536
33.22144616 31.059800523
33.22144616 31.065985419
33.207774285 31.073431708
33.200938347 31.073431708
33.200938347 31.065985419
33.194834832 31.065985419
33.194834832 31.073431708
33.247894727 31.091253973
33.262461785 31.100775458
33.269786004 31.100775458
33.262461785 31.093329169
33.269786004 31.086493231
33.277191602 31.092108466
33.285411004 31.092718817
33.292491082 31.088446356
33.296560092 31.079657294
33.303965691 31.079657294
33.304860873 31.088120835
33.304535352 31.098211981
33.303233269 31.099798895
33.317637566 31.100775458
33.308116082 31.105129299
33.298187696 31.103908596
33.288747592 31.104885158
33.277191602 31.106919664
33.386485222 31.114406643
33.37769616 31.132554429
33.390635613 31.136216539
33.406423373 31.137274481
33.406423373 31.155422268
33.417246941 31.150783596
33.42066491 31.147935289
33.427500847 31.147935289
33.440928582 31.151190497
33.480804884 31.133246161
33.499522332 31.128078518
33.572520379 31.121568101
33.592051629 31.114406643
33.592051629 31.12128327
33.614756707 31.115383205
33.647959832 31.11725495
33.85434004 31.163478908
34.047048373 31.229193427
34.198496941 31.313299872
34.2002694411 31.3142666891
34.224608195 31.275714824
34.230395956 31.259230041
34.248350857 31.211448958
34.258611287 31.184144186
34.297988729 31.07877594
34.329511353 30.994491679
34.367855266 30.907416891
34.418808228 30.791299947
34.480406535 30.651205139
34.502213989 30.57167511
34.5043844 30.530333965
34.510378866 30.513332418
34.526295207 30.494573873
34.526295207 30.494522196
34.536217081 30.48217153
34.536010376 30.468580628
34.526501912 30.43871165
34.524744914 30.421141662
34.526915324 30.409617818
34.533839966 30.400212708
34.588410279 30.358819886
34.599469035 30.344505513
34.632645304 30.262029928
34.69165979 30.11454539
34.730417114 30.018168844
34.733207642 30.012587789
34.73496464 30.006696676
34.735584758 30.00070221
34.735067993 29.994552714
34.741372518 29.940240784
34.785194133 29.835699361
34.824364868 29.741699931
34.850099732 29.638760478
34.84823938 29.56964325
34.855267375 29.545717062
34.878108358 29.504298401
34.8867293625 29.490057684
34.875336134 29.484808661
34.866872592 29.479193427
34.859711134 29.472154039
34.852549675 29.462795315
34.847015821 29.451117255
34.843760613 29.440822658
34.838145379 29.432928778
34.825368686 29.428615627
34.828868035 29.427720445
34.831716342 29.427639065
34.833262566 29.426174221
34.832774285 29.421128648
34.824229363 29.417385158
34.817637566 29.412176825
34.81519616 29.40639883
34.81910241 29.400702216
34.809580925 29.399115302
34.805186394 29.396429755
34.805918816 29.392564195
34.812266472 29.387640692
34.800629102 29.377875067
34.777598504 29.346096096
34.772715691 29.341864325
34.761973504 29.336859442
34.757009311 29.333075262
34.7529403 29.327093817
34.749766472 29.321193752
34.74496504 29.315822658
34.736582879 29.311265367
34.736582879 29.305121161
34.745290561 29.291327216
34.741953972 29.277004299
34.734141472 29.263128973
34.729014519 29.250474351
34.729014519 29.198919989
34.723643425 29.186672268
34.712087436 29.177435614
34.700368686 29.170355536
34.694997592 29.164496161
34.693858269 29.150458075
34.69011478 29.134466864
34.683848504 29.119045315
34.67457116 29.106512762
34.677012566 29.094916083
34.67457116 29.034409898
34.676605665 29.024807033
34.68653405 29.012437242
34.688731316 29.000392971
34.685720248 28.988674221
34.678233269 28.983140367
34.669118686 28.980169989
34.646739129 28.967433986
34.64323978 28.962062893
34.640310092 28.948797919
34.640961134 28.942694403
34.646006707 28.922349351
34.64714603 28.862860419
34.620453321 28.845851955
34.620453321 28.839585679
34.623383009 28.830552476
34.626312696 28.816961981
34.626312696 28.802394924
34.620453321 28.790594794
34.62403405 28.787054755
34.627289259 28.782538153
34.633474155 28.770697333
34.624359571 28.765326239
34.622813347 28.759833075
34.625010613 28.753729559
34.626719597 28.746486721
34.624522332 28.735988674
34.61988366 28.729193427
34.615244988 28.724188544
34.613047722 28.719183661
34.607676629 28.701483466
34.584239129 28.672349351
34.570323113 28.626166083
34.53012129 28.572699286
34.517344597 28.544134833
34.516368035 28.541489976
34.516449415 28.53896719
34.515310092 28.537420966
34.51059004 28.537990627
34.523610873 28.507310289
34.511566602 28.487779039
34.488780144 28.4727237
34.469004754 28.455389716
34.471934441 28.45327383
34.472829623 28.452826239
34.47527103 28.447943427
34.461680535 28.442043361
34.454274936 28.428900458
34.444834832 28.384466864
34.441172722 28.373480536
34.429372592 28.356756903
34.427419467 28.356105861
34.424327019 28.344712632
34.410166863 28.320013739
34.406911655 28.308010158
34.407888217 28.291164455
34.410655144 28.278143622
34.415049675 28.267075914
34.42058353 28.256170966
34.42058353 28.24994538
34.41293379 28.233140367
34.421153191 28.218166408
34.434336785 28.204413153
34.443125847 28.188299872
34.452484571 28.180365302
34.455332879 28.174872137
34.455251498 28.167466539
34.452647332 28.163234768
34.449961785 28.16034577
34.448578321 28.157171942
34.447764519 28.14468008
34.438639301 28.109557429
34.426753309 28.0815435
34.444026568 28.053540502
34.427419467 27.983058986
34.434906446 27.975572007
34.40886478 27.972113348
34.400726759 27.96873607
34.39747155 27.963080145
34.394379102 27.953802802
34.389984571 27.94525788
34.376963738 27.938177802
34.370860222 27.923651434
34.362559441 27.920355536
34.354991082 27.919501044
34.341156446 27.915472723
34.331309441 27.91412995
34.333343946 27.91010163
34.333506707 27.909125067
34.334483269 27.908758856
34.33871504 27.906683661
34.331228061 27.891546942
34.320974155 27.861273505
34.31128991 27.852036851
34.304453972 27.852036851
34.301280144 27.857326565
34.292979363 27.859849351
34.286387566 27.864406643
34.279470248 27.858343817
34.272715691 27.83616771
34.263519727 27.824774481
34.271739129 27.81244538
34.259125196 27.801703192
34.239512566 27.794134833
34.226084832 27.791245835
34.216807488 27.791937567
34.214121941 27.791489976
34.218109571 27.775783596
34.221202019 27.769842841
34.257334832 27.76951732
34.257334832 27.763332424
34.249847852 27.763332424
34.249847852 27.756496486
34.255056186 27.752386786
34.258474155 27.747788804
34.263519727 27.736029364
34.253754102 27.740423895
34.249847852 27.742824611
34.251231316 27.739081122
34.251231316 27.737250067
34.252452019 27.736476955
34.257334832 27.736029364
34.257334832 27.728583075
34.249847852 27.728583075
34.24496504 27.737372137
34.227549675 27.758205471
34.208506707 27.775946356
34.199961785 27.782171942
34.189789259 27.786769924
34.1748153 27.791245835
34.078461134 27.80068594
34.054453972 27.814520575
33.987559441 27.88666413
33.982432488 27.889960028
33.973806186 27.889227606
33.91675866 27.935736395
33.903981967 27.941799221
33.890879754 27.942531643
33.879405144 27.934637762
33.865570509 27.961330471
33.858897332 27.955145575
33.849864129 27.96482982
33.81511478 27.991034247
33.806895379 27.994574286
33.804209832 27.99603913
33.800466342 28.000474351
33.796885613 28.009019273
33.793711785 28.013128973
33.786794467 28.017971096
33.779144727 28.020819403
33.763356967 28.023993231
33.763926629 28.049017645
33.715993686 28.075262762
33.715505405 28.092922268
33.701426629 28.103827216
33.684336785 28.124335028
33.672536655 28.145982164
33.67457116 28.160549221
33.669769727 28.163723049
33.665700717 28.165716864
33.662445509 28.168768622
33.660329623 28.174872137
33.654063347 28.174872137
33.654063347 28.167385158
33.646657748 28.167385158
33.6435653 28.172308661
33.634776238 28.181301174
33.632985873 28.184475002
33.618174675 28.233303127
33.612803582 28.240627346
33.605642123 28.236273505
33.597911004 28.249741929
33.574392123 28.280747789
33.564707879 28.29710521
33.433929884 28.366400458
33.427500847 28.376898505
33.423187696 28.378241278
33.400157097 28.414455471
33.380869988 28.430243231
33.368988477 28.442328192
33.369151238 28.447943427
33.305186394 28.489732164
33.294769727 28.499416408
33.290293816 28.506903387
33.287119988 28.515082098
33.278819207 28.52753327
33.267832879 28.538885809
33.256195509 28.544134833
33.262461785 28.551581122
33.262461785 28.544134833
33.269786004 28.544134833
33.262950066 28.577053127
33.246104363 28.579494533
33.237640821 28.566107489
33.256195509 28.551581122
33.239431186 28.556586005
33.228688998 28.569403387
33.223155144 28.587836005
33.219004754 28.627997137
33.212575717 28.645005601
33.194834832 28.675116278
33.204763217 28.695013739
33.21778405 28.741034247
33.228282097 28.763861395
33.215830925 28.777167059
33.210134311 28.78506094
33.204763217 28.805161851
33.197520379 28.810003973
33.188731316 28.812933661
33.181000196 28.818508205
33.17457116 28.836981512
33.171397332 28.881415106
33.167328321 28.894232489
33.167328321 28.900376695
33.176036004 28.909735419
33.177582227 28.918361721
33.173594597 28.94139232
33.171560092 28.946682033
33.167653842 28.96108633
33.165863477 28.976060289
33.17058353 28.982977606
33.177907748 28.989569403
33.17074629 29.003078518
33.1591903 29.014105536
33.153086785 29.013373114
33.15105228 29.024155992
33.145030144 29.031724351
33.136485222 29.034613348
33.126475457 29.03139883
33.11605879 29.04311758
33.089040561 29.055975653
33.078623894 29.064886786
33.066172722 29.09003327
33.064300977 29.095933335
33.06120853 29.101385809
33.046641472 29.111558335
33.043223504 29.116400458
33.040212436 29.118109442
33.023448113 29.14061107
33.020355665 29.142482815
33.012054884 29.145819403
33.009125196 29.147406317
33.007497592 29.150336005
33.004893425 29.158433335
33.0029403 29.161118882
32.957855665 29.202093817
32.942067905 29.206610419
32.919769727 29.217515367
32.898610873 29.231024481
32.88559004 29.243068752
32.880137566 29.258856512
32.875498894 29.279486395
32.868337436 29.297430731
32.855235222 29.305121161
32.845957879 29.308335679
32.839366082 29.316229559
32.81910241 29.359076239
32.817393425 29.359767971
32.821055535 29.397040106
32.817230665 29.41404857
32.790293816 29.425441799
32.741547071 29.455959377
32.749196811 29.455959377
32.745371941 29.463120835
32.74105879 29.466742255
32.735687696 29.468329169
32.728526238 29.469631252
32.730967644 29.471869208
32.733653191 29.473863023
32.735362175 29.477280992
32.734711134 29.483832098
32.728526238 29.483832098
32.723806186 29.475287177
32.72144616 29.467474677
32.722911004 29.46088288
32.728526238 29.455959377
32.715017123 29.455959377
32.722504102 29.492743231
32.724131707 29.539536851
32.712412957 29.580471096
32.680837436 29.599920966
32.680837436 29.606146552
32.686859571 29.618150132
32.686045769 29.632269598
32.68246504 29.647040106
32.680837436 29.661363023
32.683278842 29.676092841
32.691905144 29.696519273
32.693858269 29.706040757
32.693125847 29.72284577
32.690684441 29.733628648
32.686778191 29.741848049
32.680837436 29.750799872
32.656423373 29.777085679
32.653005405 29.788316148
32.648448113 29.794623114
32.625498894 29.815252997
32.6045028 29.82416413
32.609548373 29.833889065
32.61996504 29.843166408
32.625498894 29.846340236
32.625336134 29.874253648
32.612478061 29.893744208
32.571543816 29.928900458
32.580414259 29.934027411
32.584320509 29.938706773
32.583506707 29.943426825
32.577810092 29.948797919
32.583506707 29.950628973
32.585459832 29.952460028
32.583506707 29.954331773
32.577810092 29.956203518
32.573741082 29.962144273
32.56902103 29.967596747
32.563487175 29.972398179
32.561615431 29.976385809
32.562754754 29.978949286
32.566091342 29.981024481
32.570078972 29.982652085
32.577810092 29.983547268
32.577810092 29.989691473
32.575450066 29.997015692
32.575450066 30.002875067
32.577810092 30.011419989
32.571543816 30.011419989
32.558604363 29.987127997
32.55746504 29.97646719
32.560069207 29.968573309
32.565603061 29.963039455
32.570485873 29.955755927
32.571543816 29.942572333
32.564138217 29.942572333
32.561778191 29.955226955
32.553965691 29.962103583
32.542735222 29.962551174
32.53003991 29.956203518
32.513438347 29.961574611
32.493907097 29.950628973
32.476898634 29.932196356
32.467946811 29.915228583
32.466807488 29.896877346
32.472911004 29.881984768
32.48698978 29.871568101
32.509532097 29.866848049
32.491547071 29.854071356
32.407969597 29.751898505
32.403005405 29.743963934
32.392832879 29.73436107
32.363942905 29.688218492
32.35808353 29.67194245
32.357432488 29.630560614
32.351573113 29.613674221
32.337657097 29.599920966
32.337657097 29.592474677
32.348317905 29.585028387
32.359629754 29.571275132
32.368662957 29.557196356
32.376800977 29.536078192
32.387705925 29.525620835
32.438649936 29.496771552
32.451345248 29.487290757
32.497325066 29.440090236
32.528575066 29.423651434
32.556976759 29.397853908
32.581228061 29.369126695
32.591481967 29.349514065
32.595388217 29.324896552
32.605479363 29.291937567
32.618662957 29.261175848
32.632334832 29.243068752
32.632334832 29.236802476
32.628672722 29.21893952
32.656179233 29.120632229
32.65894616 29.110785223
32.659678582 29.089097398
32.654144727 29.080877997
32.644216342 29.072902736
32.638926629 29.061346747
32.628184441 29.057033596
32.624685092 29.048163153
32.632334832 29.037583726
32.627207879 29.00787995
32.625498894 28.9727237
32.632090691 28.961900132
32.66277103 28.934068101
32.673350457 28.921535549
32.676524285 28.910956122
32.677256707 28.89077383
32.680837436 28.880560614
32.703461134 28.858710028
32.707530144 28.856350002
32.749196811 28.80483633
32.784515821 28.799383856
32.806895379 28.778143622
32.820648634 28.747870184
32.865244988 28.599554755
32.868907097 28.578924872
32.879567905 28.575425523
32.927256707 28.551581122
32.951426629 28.530991929
32.96355228 28.517726955
32.972911004 28.499823309
32.982595248 28.496568101
32.993825717 28.494208075
33.0029403 28.489488023
33.006195509 28.483343817
33.013031446 28.463039455
33.04175866 28.41412995
33.050791863 28.406927802
33.051036004 28.40257396
33.04957116 28.401353257
33.046722852 28.401434637
33.043223504 28.400783596
33.087575717 28.368597723
33.106700066 28.347113348
33.105316602 28.325628973
33.112966342 28.320013739
33.11980228 28.30878327
33.124685092 28.296332098
33.126475457 28.287502346
33.130544467 28.284165757
33.153086785 28.256170966
33.200531446 28.211371161
33.212168816 28.189927476
33.222178582 28.184637762
33.233653191 28.180324611
33.241953972 28.174872137
33.246755405 28.161525783
33.246104363 28.150458075
33.249359571 28.142889716
33.266123894 28.140082098
33.283213738 28.132391669
33.316416863 28.096380927
33.338145379 28.085435289
33.336761915 28.079169012
33.338145379 28.071030992
33.338145379 28.065008856
33.336110873 28.056789455
33.343597852 28.050604559
33.355479363 28.048081773
33.36605879 28.05068594
33.374685092 28.035874742
33.396657748 28.02724844
33.441742384 28.016546942
33.512543165 27.959051825
33.535411004 27.916408596
33.547373894 27.906683661
33.554372592 27.896470445
33.576182488 27.850490627
33.578379754 27.838446356
33.578379754 27.83222077
33.583262566 27.824530341
33.587087436 27.805121161
33.592051629 27.797430731
33.592051629 27.791245835
33.585215691 27.791245835
33.571543816 27.791245835
33.560069207 27.813421942
33.536468946 27.826076565
33.509776238 27.834947007
33.488942905 27.845892645
33.482188347 27.845892645
33.476084832 27.831610419
33.473480665 27.823187567
33.47543379 27.815863348
33.482188347 27.80491771
33.501231316 27.787502346
33.511729363 27.775091864
33.516286655 27.759914455
33.522715691 27.751898505
33.537119988 27.755764065
33.551442905 27.76162344
33.557871941 27.759914455
33.556407097 27.74628327
33.552500847 27.731878973
33.54590905 27.718491929
33.536794467 27.708075262
33.540782097 27.704535223
33.546153191 27.698187567
33.550466342 27.695054429
33.568532748 27.683254299
33.574961785 27.681382554
33.577891472 27.677435614
33.587575717 27.659002997
33.592051629 27.653469143
33.592051629 27.646633205
33.581553582 27.654486395
33.557871941 27.681382554
33.550466342 27.681382554
33.550466342 27.673976955
33.553965691 27.668646552
33.557871941 27.659654039
33.550466342 27.659654039
33.544200066 27.679185289
33.526540561 27.677557684
33.507172071 27.663723049
33.496348504 27.646633205
33.519704623 27.635809637
33.536306186 27.616197007
33.564707879 27.571519273
33.560801629 27.565171617
33.558278842 27.557114976
33.556976759 27.547593492
33.557871941 27.536769924
33.574473504 27.525864976
33.618174675 27.508124091
33.632985873 27.495835679
33.635915561 27.486721096
33.637217644 27.46478913
33.640391472 27.454820054
33.64714603 27.446478583
33.664073113 27.430324611
33.671153191 27.420396226
33.677500847 27.400132554
33.684825066 27.35569896
33.691661004 27.341864325
33.724782748 27.313706773
33.763356967 27.290350653
33.805674675 27.272121486
33.825368686 27.259711005
33.838389519 27.242580471
33.840505405 27.232082424
33.838389519 27.194159247
33.836110873 27.190822658
33.82699629 27.184149481
33.824717644 27.180487372
33.825368686 27.174627997
33.830332879 27.165920315
33.831553582 27.159979559
33.832530144 27.137884833
33.836761915 27.120754299
33.847178582 27.107001044
33.86597741 27.095160223
33.883148634 27.080796617
33.9013778 27.05874258
33.908702019 27.042141018
33.893728061 27.043931382
33.893890821 27.027899481
33.900889519 27.014227606
33.92090905 26.989325262
33.929453972 26.974188544
33.942067905 26.944566148
33.951670769 26.930975653
33.964366082 26.92186107
33.978851759 26.914943752
33.99097741 26.907416083
33.996104363 26.896551825
34.00269616 26.864894924
34.003591342 26.848944403
33.996104363 26.837876695
33.979665561 26.837103583
33.968760613 26.846380927
33.95964603 26.849798895
33.9482528 26.831000067
33.945811394 26.817775783
33.945811394 26.799994208
33.947764519 26.782416083
33.951670769 26.769273179
33.95191491 26.743353583
33.932139519 26.682603257
33.941416863 26.653509833
33.955414259 26.643011786
33.987803582 26.634100653
34.003591342 26.625637111
34.014008009 26.611639716
34.023936394 26.580715236
34.056407097 26.542303778
34.070648634 26.514878648
34.104828321 26.426662502
34.119639519 26.400295315
34.139984571 26.372300523
34.153330925 26.347113348
34.177500847 26.314846096
34.261973504 26.139471747
34.301036004 26.087795315
34.33871504 26.001776434
34.417491082 25.903143622
34.424978061 25.890204169
34.434743686 25.861883856
34.501800977 25.771633205
34.538259311 25.735663153
34.546560092 25.725043036
34.633474155 25.569403387
34.64714603 25.522040106
34.671397332 25.479722398
34.681895379 25.428697007
34.699961785 25.401027736
34.743337436 25.351304429
34.749359571 25.338812567
34.758799675 25.309637762
34.764984571 25.296087958
34.794932488 25.254380601
34.806895379 25.211615302
34.853200717 25.138820705
34.939138217 25.003363348
34.943044467 24.971258856
34.953725323 24.944142343
34.969898223 24.926410745
34.989756707 24.905015367
34.993011915 24.88670482
34.993907097 24.849310614
34.996592644 24.830552476
35.002207879 24.815619208
35.010264519 24.804429429
35.021820509 24.795152085
35.037608269 24.785874742
35.063487175 24.764105536
35.08073978 24.735419012
35.104014519 24.656887111
35.109548373 24.643784898
35.126963738 24.617661851
35.146013721 24.585898242
35.160269724 24.574618369
35.160655144 24.55849844
35.144444555 24.52767488
35.144556478 24.500206473
35.185720248 24.485663153
35.235454875 24.400125862
35.370616082 24.306097723
35.391856316 24.282782294
35.428645313 24.185953023
35.455737007 24.158988126
35.493828162 24.108899899
35.51050866 24.111232815
35.503081646 24.125106824
35.493766615 24.138988741
35.50389967 24.140537567
35.52418917 24.12127498
35.552058931 24.110499939
35.588371941 24.07583712
35.602725453 24.048100985
35.605260501 24.018817042
35.635630703 24.001864551
35.666849579 24.007252541
35.691314913 24.001078156
35.717478787 23.993354869
35.738571013 23.983317375
35.753746889 23.968659484
35.774825327 23.923911997
35.792535291 23.902291028
35.785778825 23.893045961
35.770596652 23.912350222
35.750355743 23.932423406
35.736012092 23.933208663
35.699718328 23.917828438
35.684520448 23.910916206
35.664274339 23.918649273
35.645749914 23.925562007
35.627201998 23.928643612
35.613711098 23.927101937
35.598533165 23.929413472
35.579981094 23.936348524
35.573231748 23.944825184
35.561778191 23.95718008
35.551442905 23.960394598
35.550547722 23.965480861
35.535275216 23.971790037
35.513926629 23.977118231
35.504921151 23.971000635
35.49122155 23.947577216
35.48387116 23.917787169
35.490658112 23.869995536
35.481425451 23.828348227
35.474767778 23.797915038
35.483223858 23.772486864
35.501721354 23.768694704
35.510148144 23.756378609
35.509321956 23.741729189
35.506114129 23.73456452
35.507663017 23.717832194
35.508515827 23.706271653
35.510220722 23.683921913
35.505544467 23.642482815
35.503672722 23.555650132
35.501475457 23.539943752
35.491709832 23.512152411
35.489431186 23.497015692
35.493337436 23.482367255
35.50261478 23.467230536
35.524180535 23.438950914
35.541351759 23.409572658
35.547536655 23.393988348
35.551442905 23.377508856
35.550303582 23.330226955
35.558170145 23.282088772
35.567393425 23.245428778
35.574680423 23.212565219
35.621087106 23.139292914
35.635170655 23.110925449
35.654642155 23.073749597
35.667816602 22.982611395
35.675059441 22.966620184
35.695305231 22.932126497
35.73707116 22.883978583
35.763682488 22.870428778
35.751638217 22.885972398
35.723399285 22.931870835
35.742930535 22.931301174
35.755707227 22.922308661
35.76441491 22.907660223
35.771169467 22.890285549
35.781911655 22.841131903
35.784922722 22.833197333
35.801280144 22.822577216
35.809580925 22.811346747
35.816661004 22.798895575
35.829600457 22.784816799
35.847547206 22.762989315
35.885963812 22.735694864
35.922171626 22.722115922
35.94019616 22.716620184
35.943125847 22.712795315
35.95582116 22.704494533
35.969493035 22.697984117
35.984385613 22.693793036
36.040049675 22.690171617
36.120616082 22.67568594
36.197764519 22.651678778
36.226084832 22.635443427
36.274668816 22.592352606
36.290537957 22.568182684
36.296368148 22.521999294
36.31341564 22.491612729
36.343176963 22.46712941
36.374522332 22.44525788
36.389897834 22.438751525
36.404754695 22.432883726
36.40155556 22.448570577
36.406859273 22.448576942
36.428099623 22.426045101
36.422823344 22.397605441
36.439822916 22.356442976
36.507698276 22.328047585
36.540572272 22.310404805
36.562839062 22.296676577
36.623303064 22.249567906
36.71371504 22.169134833
36.732758009 22.159613348
36.747569207 22.160956122
36.751312696 22.166937567
36.753265821 22.173163153
36.75684655 22.176906643
36.764903191 22.174953518
36.782237175 22.164455471
36.790375196 22.157619533
36.79566491 22.150783596
36.809418165 22.120754299
36.818207227 22.108832098
36.833262566 22.095851955
36.871939875 22.074111979
36.895382773 22.066132567
36.899180535 22.029852606
36.898448113 22.017482815
36.891856316 22.006740627
36.883799675 21.996649481
36.883636915 21.995713609
36.649886515 21.995712789
36.417239217 21.995661113
36.184591919 21.995609436
35.951841268 21.995609436
35.719193969 21.995609436
35.486443318 21.99555776
35.25379602 21.99555776
35.021148722 21.99555776
34.788501424 21.99555776
34.555750773 21.995506083
34.323103475 21.995454407
34.090456177 21.995454407
34.084179369 21.995454407
33.857705526 21.995454407
33.625058228 21.995454407
33.392359253 21.995454407
33.1811382663 21.9954074694
33.159815307 21.995402731
33.159760422 21.995402731
33.057392618 21.995402731
32.955073283 21.995402731
32.852650594 21.995402731
32.750331258 21.995402731
32.647856893 21.995402731
32.545434204 21.995402731
32.52451879 21.995402731
32.443063192 21.995402731
32.340743856 21.995402731
32.238321167 21.995402731
32.136001831 21.995402731
32.033579142 21.995402731
31.931259806 21.995402731
31.828837118 21.995402731
31.726517782 21.995402731
31.624095093 21.995402731
31.521775757 21.995402731
31.494719176 21.995386529
31.435476115 21.995351054
31.46741215 22.084131165
31.490563192 22.148209941
31.491803426 22.173221334
31.48291508 22.1954422
31.460900919 22.215492656
31.44250411 22.224174296
31.423280477 22.226964823
31.404056844 22.223760885
31.385349976 22.214459127
31.359511759 22.188104146
31.314388101 22.102273188
31.310935913 22.095706686
31.261636597 22.001758932
31.24840743 21.994369202
31.210115194 21.994369202
31.112911825 21.994369202
31.015553426 21.994420879
30.918143351 21.994472555
30.820733276 21.994472555
30.723478231 21.994472555
30.626119832 21.994472555
30.528761434 21.994472555
30.431506389 21.994472555
30.334251343 21.994524232
30.236892944 21.994524232
30.139379517 21.994524232
30.042176148 21.994524232
29.944817749 21.994524232
29.847562703 21.994575907
29.750307658 21.994627584
29.652949259 21.994627584
29.555590861 21.994627584
29.458232463 21.994627584
29.360822387 21.99467926
29.263619018 21.99467926
29.166363973 21.99467926
29.069005575 21.99467926
28.971647176 21.99467926
28.87439213 21.994730937
28.777033732 21.994782613
28.679675334 21.994782613
28.582316935 21.994782613
28.48490686 21.994782613
28.387703491 21.994782613
28.290345093 21.994782613
28.192935018 21.99483429
28.095731649 21.99483429
27.99837325 21.99483429
27.901014852 21.994885966
27.803656453 21.994937643
27.706401408 21.994937643
27.609043009 21.994937643
27.511684611 21.994937643
27.414326212 21.994937643
27.316967814 21.994937643
27.219712768 21.99498932
27.12235437 21.99498932
27.024995972 21.99498932
26.927740926 21.99498932
26.830382527 21.99498932
26.733127482 21.995040995
26.635769084 21.995092672
26.538410685 21.995092672
26.441052286 21.995092672
26.343797241 21.995092672
26.246542196 21.995144348
26.149183797 21.995144348
26.051928752 21.995144348
25.954467 21.995196025
25.857108602 21.995247701
25.759853556 21.995247701
25.662598511 21.995247701
25.565240112 21.995247701
25.46793339 21.995299378
25.370678345 21.995299378
25.273216593 21.995299378
25.175858195 21.995299378
25.078499797 21.995299378
24.981244751 21.995351054
24.981244751 22.287167867
24.981244751 22.57898468
24.981244751 22.870801494
24.981244751 23.162669983
24.981244751 23.45443512
24.981244751 23.746277771
24.981244751 24.038146261
24.981244751 24.329963074
24.981244751 24.621728211
24.981244751 24.913570862
24.981244751 25.205439352
24.981244751 25.497256165
24.981244751 25.788969625
24.981244751 26.080838115
24.981244751 26.372706604
24.981244751 26.664523418
24.981244751 26.859963685
24.981244751 27.049239432
24.981244751 27.138034567
24.981244751 27.475455831
24.981244751 27.627823792
24.981244751 27.666502794
24.981244751 28.018549296
24.981244751 28.096700613
24.981244751 28.491543681
24.981244751 28.89017568
24.981244751 29.057917379
24.981244751 29.181372376
24.974320109 29.238939922
24.956646769 29.292683411
24.873757772 29.468331604
24.863835897 29.502903137
24.861562134 29.541557109
24.870553833 29.614007467
24.870657185 29.638347066
24.856187784 29.679481506
24.804924764 29.754799907
24.798206827 29.796425273
24.814949992 29.848566793
24.816190226 29.868410543
24.811642701 29.890889791
24.725549764 30.078371888
24.697334432 30.122606913
24.688342732 30.144155986
24.688652792 30.18275828
24.704672485 30.217898254
24.746116984 30.282752177
24.762860148 30.317065328
24.772368612 30.331017965
24.799447062 30.360835266
24.829729452 30.387551982
24.88812382 30.46434316
24.907657511 30.498656312
24.917062622 30.532452698
24.920369914 30.552348125
24.950652303 30.621232808
24.961194296 30.67626821
24.973596639 30.716265768
24.988582804 30.750578919
24.994887329 30.785098776
24.981244751 30.825406392
24.937629842 30.905763245
24.924607381 30.956767883
24.88957076 31.018831279
24.882646118 31.03908844
24.859495076 31.145955303
24.8585649 31.227914124
24.848643025 31.312043355
24.848953084 31.34863027
24.861252075 31.380359599
25.023722778 31.494409485
25.060413045 31.579365539
25.088421671 31.613523661
25.150889519 31.65648021
25.149424675 31.648871161
25.161794467 31.583563544
25.172862175 31.551581122
25.190928582 31.53148021
25.212575717 31.526353257
25.263438347 31.52366771
25.302093946 31.506537177
