0
121
138
162
267
323
472
503
605
614
620
626
651
666
679
685
692
705
743
764
774
787
797
806
820
830
838
845
857
871
934
950
967
973
996
1024
1040
1057
1066
1089
1099
1118
1129
1186
1198
1232
1270
1297
1304
1354
1364
1381
1408
1426
1440
1445
1465
1475
1483
1493
1502
1514
1522
1555
1567
1613
1621
1627
1660
1683
1688
1718
1736
1745
1754
1767
1779
1804
1810
1866
1872
1878
1902
1914
1927
1956
1978
1996
2013
2058
2070
2101
2200
2222
2235
2277
2309
2384
2396
2414
2426
2436
2455
2473
2488
2548
2573
2608
2618
2630
2665
2676
2717
2736
2752
2766
2804
2827
2846
2867
2887
3221
3241
3251
3270
3307
3319
3335
3370
3390
3413
3423
3458
3474
3482
3591
3604
3622
3639
3659
3689
3701
3717
3728
3769
3780
3788
3798
3820
3835
3850
3861
3874
3893
3921
3965
4001
4023
4119
4146
4163
4206
4254
4273
4282
16790
16807
16823
16913
16933
16946
16993
17044
17065
17138
17217
17230
17370
17387
17413
17455
17488
17556
17676
17685
17707
17929
17973
17985
18020
18028
18047
18092
18107
18221
18238
18390
18437
18451
18848
18868
18913
18969
19030
19047
19086
19108
19128
19196
19217
19237
19270
19404
19438
19446
19484
19520
19539
19608
19747
19763
19834
19939
19985
20001
20024
20115
20150
20201
20213
20221
20253
20273
20293
20324
20336
20376
20400
20431
20453
20476
20487
20723
20748
20808
20827
20943
21596
21614
21646
21702
21721
21750
21790
21821
21838
21904
22255
22467
22540
22578
22628
22636
22652
22990
23023
23054
23071
23794
23843
23883
23896
24317
24325
24353
24373
24381
24776
25014
25045
25066
25081
25126
25144
25166
25177
25188
25196
25211
25230
25238
25261
25283
25319
25337
25365
25379
25416
25434
25536
25551
25571
25787
25855
25939
25979
26034
26068
26083
26114
26142
26165
26179
26237
26266
26278
26300
26310
26320
26326
26333
26339
26343
26347
26387
26681
26690
26700
26714
26731
26748
26768
26779
26792
26805
26810
26815
26819
26843
26859
26875
26885
26899
26909
26917
26935
