-75.183955108 19.933594164
-75.193126552 19.927095081
-75.19603596 19.92191047
-75.201644636 19.922855345
-75.203388059 19.928351262
-75.208951477 19.929247506
-75.214500758 19.926281117
-75.218109982 19.924005652
-75.217858853 19.919459095
-75.205750852 19.911534998
-75.192214004 19.909969251
-75.191002181 19.906316795
-75.207493279 19.90577661
-75.231068489 19.900458075
-75.2328569553 19.9000516055
-75.228969279 19.937440491
-75.178862063 19.970731793
-75.160192444 19.970647995
-75.168352863 19.96656475
-75.171213745 19.957523997
-75.163400845 19.950384833
-75.156733352 19.938899725
-75.172189908 19.935777085
-75.183955108 19.933594164
-75.094950291 19.97158369
-75.0950058107 19.8972259627
-75.10766112 19.897592266
-75.137424893 19.892553732
-75.161919571 19.891142236
-75.165296079 19.89701239
-75.164377673 19.913719294
-75.157663159 19.91870416
-75.146473762 19.923407294
-75.122637921 19.940460661
-75.117840562 19.944083637
-75.104388486 19.942757253
-75.101041544 19.953149818
-75.104602157 19.959358803
-75.11675835 19.967054234
-75.12986192 19.955612566
-75.133805598 19.958074399
-75.139637825 19.96499258
-75.1370357802 19.9715506101
-75.094950291 19.97158369
