70.016123894 -49.564222915
70.007090691 -49.576348566
69.993011915 -49.574639581
69.945648634 -49.542168878
69.92847741 -49.541273696
69.91675866 -49.536309503
69.905609571 -49.528985284
69.891123894 -49.521742446
69.875336134 -49.517836196
69.847829623 -49.514336847
69.835785352 -49.507989191
69.835785352 -49.501153253
69.879649285 -49.492445571
69.92058353 -49.497002863
69.972992384 -49.535332941
70.004567905 -49.551446222
70.016123894 -49.564222915
68.741872592 -49.328708592
68.759532097 -49.329847915
68.791351759 -49.323663019
68.798350457 -49.327325128
68.795095248 -49.34351979
68.786143425 -49.357028904
68.773203972 -49.363702081
68.757334832 -49.363539321
68.739756707 -49.356622003
68.689219597 -49.356622003
68.665537957 -49.352471613
68.64340254 -49.34351979
68.66277103 -49.322442316
68.673594597 -49.316827081
68.691254102 -49.315606378
68.708750847 -49.318536066
68.741872592 -49.328708592
69.641774936 -49.191664321
69.62403405 -49.208265883
69.589528842 -49.199639581
69.575043165 -49.204359633
69.560231967 -49.206231378
69.546234571 -49.20289479
69.5341903 -49.192803644
69.641612175 -49.154066665
69.678070509 -49.151788019
69.678070509 -49.158623956
69.655446811 -49.168877863
69.641774936 -49.191664321
69.327647332 -48.923923435
69.31511478 -48.938897394
69.397797071 -48.928480727
69.411306186 -48.928643488
69.406260613 -48.943129165
69.394297722 -48.958754165
69.380625847 -48.972344659
69.370371941 -48.98056406
69.335215691 -48.997979425
69.321787957 -49.010349217
69.325368686 -49.024834894
69.33480879 -49.043633722
69.322032097 -49.053643488
69.2998153 -49.060316665
69.31128991 -49.069431248
69.222504102 -49.094333592
69.20582116 -49.086602472
69.20582116 -49.0350888
69.202891472 -49.021905206
69.193614129 -48.993747654
69.192149285 -48.986586196
69.198741082 -48.975762628
69.208994988 -48.96868255
69.220062696 -48.962823175
69.22934004 -48.955987238
69.263926629 -48.92180755
69.284841342 -48.90601979
69.312754754 -48.892510675
69.342946811 -48.884209894
69.370371941 -48.884209894
69.358897332 -48.905368748
69.327647332 -48.923923435
69.226328972 -48.857028904
69.230967644 -48.877862238
69.241953972 -48.876722915
69.246836785 -48.880791925
69.243907097 -48.890069269
69.236664259 -48.89462656
69.227712436 -48.89837005
69.218923373 -48.904717706
69.209320509 -48.918877863
69.194590691 -48.948174738
69.177907748 -48.969170831
69.166188998 -48.978285415
69.153575066 -48.983168227
69.143809441 -48.98056406
69.137054884 -48.971123956
69.139903191 -48.968194269
69.151621941 -48.93336354
69.150645379 -48.932061456
69.16277103 -48.906508071
69.180837436 -48.881036066
69.202810092 -48.862237238
69.226328972 -48.857028904
69.483653191 -48.88274505
69.465993686 -48.884209894
69.446625196 -48.876234633
69.42839603 -48.864434503
69.413584832 -48.848809503
69.404470248 -48.829034113
69.437673373 -48.829278253
69.486013217 -48.855645441
69.519867384 -48.857028904
69.512217644 -48.870049738
69.499522332 -48.878350519
69.483653191 -48.88274505
68.982920769 -48.798516534
68.908213738 -48.893975519
68.923106316 -48.883965753
68.937266472 -48.873304946
68.960459832 -48.868747654
68.986094597 -48.877373956
68.973643425 -48.843357029
69.007497592 -48.832777602
69.020274285 -48.857028904
69.074229363 -48.790459894
69.150645379 -48.754571222
69.174327019 -48.756605727
69.188812696 -48.773044529
69.153575066 -48.792575779
69.109060092 -48.8085263
69.136566602 -48.831475519
69.164317254 -48.8085263
69.163747592 -48.846123956
69.130707227 -48.880791925
69.080577019 -48.906426691
69.054453972 -48.946384373
69.082286004 -48.931247654
69.111501498 -48.919122003
69.083750847 -48.973402602
69.02222741 -49.010186456
69.007497592 -49.047539972
68.999766472 -49.090427342
69.034353061 -49.100355727
69.068125847 -49.110772394
69.056895379 -49.03915781
69.105723504 -48.993422133
69.143728061 -49.008396092
69.169118686 -49.043552342
69.173675977 -49.079522394
69.17847741 -49.110609633
69.214528842 -49.121270441
69.246592644 -49.109633071
69.352061394 -49.080987238
69.437998894 -49.014580988
69.450938347 -49.029880467
69.457367384 -49.048516534
69.448741082 -49.068942967
69.437673373 -49.078871352
69.452484571 -49.088962498
69.47152754 -49.081231378
69.521332227 -48.995375258
69.589528842 -48.952569269
69.589121941 -48.979750258
69.597911004 -49.006036066
69.61605879 -49.014580988
69.582041863 -49.028252863
69.568207227 -49.048760675
69.618011915 -49.047946873
69.657725457 -49.06243255
69.626149936 -49.075778904
69.582041863 -49.090427342
69.644053582 -49.100274347
69.644053582 -49.124444269
69.587168816 -49.133396092
69.530772332 -49.138116144
69.507985873 -49.131036066
69.484873894 -49.124200128
69.399912957 -49.113702081
69.339854363 -49.150323175
69.312266472 -49.166924738
69.282481316 -49.184258722
69.297048373 -49.19524505
69.324066602 -49.184258722
69.351817254 -49.170830988
69.419932488 -49.136895441
69.472178582 -49.151788019
69.427256707 -49.169203383
69.381032748 -49.182549738
69.445485873 -49.196221613
69.437754754 -49.215101821
69.472178582 -49.219984633
69.495941602 -49.239678644
69.5341903 -49.239922784
69.5341903 -49.243747654
69.5341903 -49.247328383
69.471934441 -49.2538388
69.411306186 -49.274672133
69.496104363 -49.269789321
69.58082116 -49.264825128
69.656504754 -49.25400156
69.725922071 -49.247328383
69.663828972 -49.284274998
69.582041863 -49.302015883
69.648936394 -49.308851821
69.712250196 -49.306817316
69.750987175 -49.28134531
69.78793379 -49.254164321
69.792328321 -49.272230727
69.801768425 -49.288262628
69.829437696 -49.258721613
69.860850457 -49.240411066
69.857432488 -49.223239842
69.853770379 -49.209079685
69.875254754 -49.204522394
69.897797071 -49.205743097
69.89747155 -49.18743255
69.918142123 -49.180271092
69.941254102 -49.174899998
69.95573978 -49.159437758
69.992930535 -49.147067967
70.031748894 -49.134698175
70.090017123 -49.1210263
70.15113366 -49.138116144
70.14730879 -49.149021092
70.143077019 -49.159356378
70.19402103 -49.156914972
70.235199415 -49.132419529
70.272959832 -49.076429946
70.335948113 -49.053969008
70.408213738 -49.056329034
70.477061394 -49.073337498
70.521983269 -49.095879816
70.528575066 -49.144952081
70.548838738 -49.183200779
70.568532748 -49.219414972
70.556000196 -49.266859633
70.523692254 -49.307549738
70.4638778 -49.356622003
70.391774936 -49.348728123
70.359385613 -49.338067316
70.335948113 -49.351820571
70.331309441 -49.369073175
70.31153405 -49.378513279
70.393809441 -49.404066665
70.466481967 -49.439141534
70.375661655 -49.430352472
70.288340691 -49.439141534
70.243418816 -49.359958592
70.139903191 -49.338799738
70.101328972 -49.3475888
70.062754754 -49.358493748
70.016368035 -49.360039972
69.969981316 -49.353204034
69.895355665 -49.341485284
69.822276238 -49.349786066
69.874847852 -49.36712005
69.925303582 -49.391289972
69.91285241 -49.395684503
69.900401238 -49.400079034
69.922536655 -49.416599217
69.945648634 -49.432305597
69.921397332 -49.438897394
69.898448113 -49.443129165
69.868907097 -49.42180755
69.840668165 -49.397230727
69.8154403 -49.391534113
69.794932488 -49.404473566
69.797373894 -49.421319269
69.8154403 -49.453383071
69.756195509 -49.423028253
69.691905144 -49.404473566
69.714528842 -49.427666925
69.744151238 -49.441989842
69.765961134 -49.456638279
69.774099155 -49.471612238
69.788584832 -49.478936456
69.801768425 -49.487562758
69.805430535 -49.511407159
69.813812696 -49.532484633
69.892832879 -49.560235284
69.977712436 -49.570570571
70.056976759 -49.594659113
70.136973504 -49.617852472
70.06527754 -49.573500258
70.049082879 -49.520440363
70.09262129 -49.510430597
70.138356967 -49.505629165
70.180023634 -49.513441665
70.219981316 -49.525974217
70.29590905 -49.530368748
70.323985222 -49.574476821
70.25668379 -49.614841404
70.164805535 -49.617852472
70.228363477 -49.630303644
70.27605228 -49.654066665
70.244313998 -49.685479425
70.192393425 -49.684828383
70.153656446 -49.692640883
70.123220248 -49.713555597
70.068044467 -49.715020441
70.012705925 -49.698907159
69.92872155 -49.701592706
69.855642123 -49.679131769
69.820648634 -49.640801691
69.78793379 -49.603692316
69.782969597 -49.561618748
69.778575066 -49.520277602
69.738536004 -49.498793227
69.691905144 -49.501153253
69.707204623 -49.515313409
69.705577019 -49.535332941
69.673106316 -49.512627863
69.637217644 -49.504571222
69.672129754 -49.544528904
69.715017123 -49.581719659
69.712412957 -49.636976821
69.663910352 -49.664971613
69.626800977 -49.656833592
69.592295769 -49.643975519
69.530935092 -49.640801691
69.469737175 -49.631442967
69.418955925 -49.60165781
69.373383009 -49.566094659
69.325856967 -49.563164972
69.281016472 -49.562676691
69.258067254 -49.522067967
69.227386915 -49.488457941
69.203623894 -49.496270441
69.212250196 -49.517266534
69.205332879 -49.5194638
69.198415561 -49.521742446
69.218109571 -49.545668227
69.231944207 -49.573011977
69.184092644 -49.555352472
69.143809441 -49.514336847
69.155772332 -49.541761977
69.167246941 -49.569594008
69.177989129 -49.583754165
69.153819207 -49.598809503
69.150645379 -49.624118748
69.114512566 -49.603122654
69.105804884 -49.560316665
69.085459832 -49.540297133
69.072276238 -49.581719659
69.104014519 -49.64430104
69.066579623 -49.691013279
69.025645379 -49.709893488
68.981944207 -49.721612238
68.970957879 -49.717380467
68.962901238 -49.712660415
68.947032097 -49.713799738
68.928233269 -49.715427342
68.879567905 -49.716485284
68.831716342 -49.717217706
68.791026238 -49.710056248
68.76449629 -49.674981378
68.765635613 -49.651136977
68.776621941 -49.630547784
68.778168165 -49.592461847
68.798838738 -49.564711196
68.823903842 -49.5350888
68.84278405 -49.507989191
68.822438998 -49.48447031
68.865244988 -49.462334894
68.901703321 -49.431084894
68.875254754 -49.396905206
68.869151238 -49.367933852
68.846934441 -49.36337656
68.806488477 -49.365817967
68.857188347 -49.328301691
68.924082879 -49.322442316
68.92066491 -49.305271092
68.924082879 -49.288262628
68.891856316 -49.296482029
68.836110873 -49.303399347
68.814789259 -49.281426691
68.832041863 -49.276625258
68.849619988 -49.274672133
68.792816602 -49.248142185
68.773773634 -49.205743097
68.76433353 -49.188897394
68.770355665 -49.1757138
68.785980665 -49.190118097
68.808604363 -49.205743097
68.857758009 -49.173760675
68.930918816 -49.144952081
68.85434004 -49.149021092
68.801117384 -49.131280206
68.823985222 -49.117933852
68.849619988 -49.110772394
68.810557488 -49.110446873
68.771983269 -49.110772394
68.77621504 -49.096856378
68.780609571 -49.082940363
68.74878991 -49.076755467
68.755544467 -49.047621352
68.794688347 -49.040785415
68.827403191 -49.054131769
68.812998894 -49.016696873
68.813243035 -48.965101821
68.860606316 -48.965752863
68.903086785 -48.974704685
68.878672722 -48.944594008
68.85035241 -48.916436456
68.82292728 -48.889092706
68.798106316 -48.864515883
68.79175866 -48.846286717
68.81527754 -48.837985935
68.855723504 -48.821709894
68.896820509 -48.822849217
68.898122592 -48.801364842
68.903005405 -48.78134531
68.931325717 -48.766208592
68.934743686 -48.736423435
68.92066491 -48.722832941
68.938324415 -48.698663019
68.956797722 -48.671482029
69.015635613 -48.654554946
69.075450066 -48.658379816
69.060720248 -48.671075128
69.082286004 -48.692478123
69.075450066 -48.712985935
69.116465691 -48.72665781
68.982920769 -48.798516534
68.667979363 -48.645277602
68.644053582 -48.648614191
68.623057488 -48.644138279
68.610118035 -48.637627863
68.625987175 -48.629815363
68.652354363 -48.624200128
68.67074629 -48.624200128
68.681488477 -48.636407159
68.667979363 -48.645277602
68.808604363 -48.603692316
68.790049675 -48.615899347
68.78003991 -48.604750258
68.781016472 -48.584567967
68.795095248 -48.569024347
68.818614129 -48.566664321
68.83082116 -48.577406508
68.828623894 -48.592705988
68.808604363 -48.603692316
51.868174675 -46.41025156
51.823496941 -46.451267185
51.788747592 -46.445896092
51.77214603 -46.44524505
51.758311394 -46.451267185
51.728526238 -46.447442316
51.705577019 -46.43759531
51.686778191 -46.422458592
51.669606967 -46.403985284
51.656504754 -46.378350519
51.667491082 -46.363539321
51.736013217 -46.327406508
51.759532097 -46.329359633
51.778086785 -46.342868748
51.785655144 -46.366143488
51.792979363 -46.372328383
51.809092644 -46.375258071
51.834157748 -46.376641534
51.844574415 -46.38274505
51.852793816 -46.39055755
51.868174675 -46.41025156
50.277679884 -46.127048435
50.2607528 -46.127129816
50.223317905 -46.115980727
50.201182488 -46.113457941
50.18637129 -46.103204034
50.178070509 -46.086602472
50.175547722 -46.064711196
50.189707879 -46.056817316
50.268077019 -46.043715102
50.281423373 -46.058038019
50.293142123 -46.076348566
50.298350457 -46.096449477
50.292246941 -46.115980727
50.277679884 -46.127048435
77.544688347 -38.737481378
77.536143425 -38.738457941
77.516368035 -38.735446873
77.512461785 -38.729913019
77.50652103 -38.713148696
77.510915561 -38.705743097
77.519053582 -38.702406508
77.527517123 -38.705743097
77.532888217 -38.709161066
77.545258009 -38.723402602
77.549327019 -38.731133722
77.544688347 -38.737481378
77.56527754 -37.893161717
77.536631707 -37.901136977
77.504649285 -37.882419529
77.487559441 -37.85165781
77.503754102 -37.823500258
77.543955925 -37.82024505
77.574717644 -37.84351979
77.585215691 -37.874200128
77.56527754 -37.893161717
40.385996941 -22.339450779
40.368662957 -22.362562758
40.348887566 -22.365492446
40.339121941 -22.359633071
40.331797722 -22.348077081
40.329600457 -22.331231378
40.336436394 -22.320489191
40.347992384 -22.317071222
40.358653191 -22.316013279
40.364268425 -22.318942967
40.367198113 -22.329685154
40.363454623 -22.334893488
40.358571811 -22.338636977
40.355235222 -22.344984633
40.361094597 -22.350844008
40.37403405 -22.349704685
40.38168379 -22.339043878
40.379730665 -22.323907159
40.379161004 -22.314873956
40.38550866 -22.317803644
40.385996941 -22.339450779
39.731130405 -21.444187107
39.728282097 -21.444594008
39.729095899 -21.441908461
39.731130405 -21.444187107
42.758799675 -17.060642185
42.751800977 -17.076104425
42.724375847 -17.063571873
42.738129102 -17.057305597
42.758799675 -17.060642185
54.520925326 -15.885186456
54.521332227 -15.894056899
54.51449629 -15.889580988
54.520925326 -15.885186456
47.29957116 -11.55063242
47.306407097 -11.569919529
47.28793379 -11.565524998
47.29957116 -11.55063242
