-78.384185351 20.562160549
-78.367258267 20.55463288
-78.36449134 20.57021719
-78.355295377 20.573431708
-78.343576627 20.567328192
-78.33311927 20.55463288
-78.326079882 20.53510163
-78.328358528 20.521307684
-78.338978645 20.518011786
-78.357289192 20.530422268
-78.368967252 20.536525783
-78.38385983 20.540594794
-78.396595832 20.546454169
-78.409779426 20.573635158
-78.427845832 20.585638739
-78.463449674 20.602443752
-78.449208137 20.612941799
-78.433501757 20.60952383
-78.4189347 20.599107164
-78.408192512 20.588771877
-78.393422004 20.569973049
-78.384185351 20.562160549
-78.578480598 20.657660223
-78.578277148 20.64842357
-78.585682746 20.643622137
-78.593983528 20.642889716
-78.600982226 20.645249742
-78.606312629 20.650213934
-78.611724413 20.653631903
-78.613392707 20.657945054
-78.609038866 20.660711981
-78.604074674 20.658351955
-78.579945442 20.653998114
-78.580718554 20.657375393
-78.581288215 20.659002997
-78.581695116 20.661607164
-78.578480598 20.657660223
-78.631174283 20.653143622
-78.646473762 20.65228913
-78.656158007 20.658514716
-78.654693163 20.663804429
-78.651519335 20.664943752
-78.643625455 20.663275458
-78.629750129 20.658840236
-78.631174283 20.653143622
-78.478423632 20.729193427
-78.476470507 20.725978908
-78.46589108 20.731187242
-78.455799934 20.731756903
-78.436146614 20.725978908
-78.449126757 20.711615302
-78.495757616 20.701239325
-78.511830207 20.691148179
-78.527821418 20.6992862
-78.545399543 20.704250393
-78.533192512 20.712795315
-78.498361783 20.720160223
-78.483957486 20.732163804
-78.478586392 20.730169989
-78.478423632 20.729193427
-78.750843879 20.725978908
-78.768055793 20.712225653
-78.792347786 20.719916083
-78.814808723 20.737453518
-78.826568163 20.753241278
-78.807036913 20.757228908
-78.785959439 20.748968817
-78.750843879 20.725978908
-75.485707161 20.749823309
-75.482167121 20.737779039
-75.500843879 20.737941799
-75.534087694 20.746405341
-75.55182858 20.749009507
-75.56753496 20.756781317
-75.577748176 20.76951732
-75.578480598 20.787420966
-75.529164192 20.795803127
-75.517079231 20.794256903
-75.508168098 20.786566473
-75.493763801 20.761053778
-75.485707161 20.749823309
-78.926136848 20.820746161
-78.925852017 20.807847398
-78.876616991 20.809230861
-78.858550585 20.799546617
-78.847035286 20.773138739
-78.854481575 20.773138739
-78.871490038 20.784857489
-78.941639778 20.792629299
-78.964344856 20.814113674
-78.952137825 20.831366278
-78.942250129 20.839585679
-78.932728645 20.838934637
-78.928089973 20.831122137
-78.926136848 20.820746161
-78.982736783 20.844631252
-78.988880989 20.839056708
-78.991688606 20.845445054
-78.995106575 20.849188544
-79.018910286 20.855047919
-79.069203254 20.885972398
-79.079823371 20.897284247
-79.067046679 20.899155992
-79.048817512 20.898016669
-79.03229733 20.893744208
-79.025217252 20.88666413
-79.013539192 20.882269598
-78.989979621 20.879624742
-78.971180793 20.873521226
-78.973988411 20.858791408
-78.982736783 20.844631252
-79.182118293 21.00800202
-79.1376847 20.982652085
-79.09894772 20.947007554
-79.073597786 20.917710679
-79.078602668 20.918280341
-79.094064908 20.917710679
-79.091297981 20.912095445
-79.08722897 20.897284247
-79.115589973 20.910834052
-79.134510871 20.927069403
-79.16917884 20.9649112
-79.16917884 20.972357489
-79.151763476 20.966050523
-79.138905403 20.954657294
-79.127552864 20.941717841
-79.11457272 20.930812893
-79.127674934 20.950873114
-79.149810351 20.97679271
-79.175038215 20.997015692
-79.197092252 20.999701239
-79.197092252 20.99225495
-79.193755663 20.988714911
-79.192860481 20.986761786
-79.192209439 20.98427969
-79.189605273 20.979193427
-79.200998502 20.982407945
-79.210764127 20.987779039
-79.218658007 20.995510158
-79.224436002 21.005845445
-79.182118293 21.00800202
-79.331898567 21.11318594
-79.292632616 21.074774481
-79.308013476 21.068793036
-79.324777799 21.068304755
-79.340728319 21.072902736
-79.354115364 21.08222077
-79.347401496 21.081691799
-79.326812304 21.08222077
-79.331166145 21.093003648
-79.338531054 21.099839585
-79.346791145 21.101263739
-79.354115364 21.095892645
-79.380238411 21.113836981
-79.388905403 21.123236395
-79.357329882 21.127590236
-79.331898567 21.11318594
-82.088368293 21.568182684
-82.110015429 21.567450262
-82.1142472 21.57029857
-82.102162239 21.57444896
-82.082183398 21.59003327
-82.071197069 21.592962958
-82.061838345 21.598374742
-82.054514127 21.606146552
-82.048329231 21.610663153
-82.019764778 21.62103913
-82.007883267 21.621527411
-81.996652799 21.626613674
-81.987619595 21.634833075
-81.984120246 21.641913153
-81.982899543 21.646307684
-81.981190559 21.647772528
-81.9736222 21.639878648
-81.972767707 21.622219143
-81.989816861 21.608832098
-82.029449023 21.595160223
-82.058583137 21.581447658
-82.065297004 21.579738674
-82.070464648 21.576483466
-82.074330207 21.572211005
-82.088368293 21.568182684
-81.870106575 21.639471747
-81.901356575 21.615627346
-81.918853319 21.615464585
-81.932362434 21.628485419
-81.935699023 21.641913153
-81.932850715 21.640204169
-81.922189908 21.629339911
-81.905629036 21.631008205
-81.892201301 21.641058661
-81.888172981 21.647040106
-81.892079231 21.647406317
-81.889149543 21.649359442
-81.859201627 21.661566473
-81.85252845 21.663560289
-81.839019335 21.666205145
-81.837798632 21.661078192
-81.85265052 21.649888414
-81.870106575 21.639471747
-81.417551236 21.66791413
-81.496693489 21.618475653
-81.527699348 21.605861721
-81.560658332 21.602972723
-81.560780403 21.622381903
-81.551380989 21.627590236
-81.523508267 21.623439846
-81.512440559 21.630845445
-81.503041145 21.645697333
-81.493519661 21.657049872
-81.482167121 21.653876044
-81.469064908 21.648179429
-81.454497851 21.651800848
-81.44269772 21.659979559
-81.437814908 21.66787344
-81.431711392 21.685003973
-81.417307095 21.697211005
-81.385975715 21.715969143
-81.377674934 21.71893952
-81.371652799 21.71474844
-81.369374153 21.708563544
-81.37230384 21.705389716
-81.376535611 21.70307038
-81.417551236 21.66791413
-82.858998176 21.9336612
-82.777495898 21.914862372
-82.721424934 21.900091864
-82.703724739 21.892808335
-82.690174934 21.881822007
-82.68472246 21.866156317
-82.688221809 21.84764232
-82.693470832 21.835435289
-82.69253496 21.824042059
-82.677886523 21.807806708
-82.632964648 21.77362702
-82.619536913 21.774318752
-82.609608528 21.7695987
-82.602935351 21.758490302
-82.597889778 21.74603913
-82.592600064 21.736761786
-82.592355924 21.729071356
-82.597727017 21.717433986
-82.608998176 21.698553778
-82.616444465 21.698553778
-82.611073371 21.690130927
-82.609527148 21.681586005
-82.611439582 21.672919012
-82.616444465 21.664455471
-82.593861457 21.651068427
-82.581898567 21.645738023
-82.568023241 21.643947658
-82.568023241 21.636542059
-82.5751847 21.624701239
-82.567128059 21.612005927
-82.552642382 21.601385809
-82.540760871 21.595526434
-82.550892707 21.580267645
-82.57144121 21.559759833
-82.594634569 21.541815497
-82.612700976 21.534084377
-82.631459114 21.530747789
-82.759185351 21.470607815
-82.835560676 21.444728908
-82.906239387 21.43748607
-82.918120898 21.44159577
-82.927235481 21.450995184
-82.992583788 21.452134507
-83.002268033 21.455023505
-83.021839973 21.463080145
-83.033558723 21.465806382
-83.069488085 21.465155341
-83.078521288 21.469224351
-83.111154752 21.509751695
-83.123605924 21.520453192
-83.151722786 21.537909247
-83.162098762 21.549261786
-83.171376106 21.568264065
-83.178212043 21.595526434
-83.189523892 21.620266018
-83.191802538 21.630316473
-83.185047981 21.630316473
-83.173939582 21.620103257
-83.123605924 21.585638739
-83.117014127 21.571722723
-83.101307746 21.559800523
-83.082020637 21.551459052
-83.065256314 21.548407294
-83.023915168 21.548407294
-83.02057858 21.552476304
-82.992583788 21.575100002
-82.976918098 21.584865627
-82.969227668 21.591253973
-82.96593177 21.599269924
-82.962798632 21.598293361
-82.957630989 21.592352606
-82.956532356 21.58218008
-82.96593177 21.568264065
-82.959095832 21.561997789
-82.941029426 21.593085028
-82.946115689 21.604641018
-82.975900845 21.609198309
-82.987660286 21.619777736
-83.073475715 21.760565497
-83.085601366 21.800279039
-83.0751847 21.843166408
-83.032826301 21.874335028
-83.027333137 21.887274481
-83.018666145 21.897691148
-82.998524543 21.910956122
-82.975697395 21.92182038
-82.959095832 21.925116278
-82.970082161 21.929999091
-82.981027799 21.931952216
-82.992583788 21.931952216
-83.004709439 21.93764883
-83.005238411 21.939601955
-82.998768684 21.941839911
-82.98949134 21.948431708
-82.858998176 21.9336612
-82.602894661 21.92194245
-82.63011634 21.920721747
-82.657866991 21.932074286
-82.668080207 21.94912344
-82.645171679 21.954535223
-82.607736783 21.938706773
-82.591175911 21.926662502
-82.602894661 21.92194245
-83.568104621 21.966213283
-83.552845832 21.961371161
-83.550363736 21.961493231
-83.545318163 21.961249091
-83.550648567 21.959418036
-83.570139127 21.958807684
-83.592600064 21.960109768
-83.607818163 21.966498114
-83.597808398 21.971747137
-83.568104621 21.966213283
-81.549387174 22.058417059
-81.547027148 22.044582424
-81.554921028 22.044012762
-81.565419075 22.049872137
-81.575754361 22.049058335
-81.581857877 22.050604559
-81.586333788 22.056789455
-81.588856575 22.064357815
-81.588856575 22.072699286
-81.582508918 22.076605536
-81.57152259 22.07412344
-81.561146614 22.069159247
-81.556263801 22.065985419
-81.549387174 22.058417059
-77.888050911 22.075995184
-77.871693489 22.075628973
-77.86042233 22.080959377
-77.850819465 22.088690497
-77.839670377 22.095851955
-77.822499153 22.100531317
-77.808501757 22.099554755
-77.796376106 22.095038153
-77.785023567 22.089016018
-77.781239387 22.084784247
-77.771962043 22.071356512
-77.767689582 22.068508205
-77.75910397 22.070624091
-77.744699674 22.080023505
-77.737212694 22.08218008
-77.726307746 22.077622789
-77.694203254 22.058010158
-77.682606575 22.054266669
-77.669667121 22.060858466
-77.66144772 22.069322007
-77.651722786 22.07025788
-77.634185351 22.054266669
-77.626576301 22.042059637
-77.624379036 22.029730536
-77.627064582 22.016180731
-77.648671028 21.971136786
-77.64557858 21.961493231
-77.634185351 21.945013739
-77.64964759 21.944484768
-77.661529101 21.940130927
-77.682606575 21.925116278
-77.677886523 21.943019924
-77.684315559 21.951157945
-77.695057746 21.948065497
-77.703114387 21.931952216
-77.70042884 21.928859768
-77.696156379 21.922267971
-77.695423957 21.915187893
-77.703114387 21.910834052
-77.708892382 21.912176825
-77.712635871 21.916937567
-77.71589108 21.923041083
-77.728179491 21.938788153
-77.732980924 21.948187567
-77.739125129 21.95722077
-77.751535611 21.966131903
-77.765777148 21.959784247
-77.787261523 21.964056708
-77.808664517 21.973578192
-77.822580533 21.983140367
-77.825103319 21.991848049
-77.821156379 22.002427476
-77.815297004 22.013617255
-77.812367317 22.024115302
-77.817128059 22.03131745
-77.827951627 22.036118882
-77.847075976 22.041205145
-77.842030403 22.032619533
-77.840077278 22.023993231
-77.841664192 22.015366929
-77.847075976 22.007025458
-77.853911913 22.02753327
-77.860096809 22.02753327
-77.870228645 22.013251044
-77.886586067 22.009222723
-77.901844856 22.015204169
-77.908558723 22.03123607
-77.917225715 22.04315827
-77.934478319 22.056138414
-77.947132942 22.072821356
-77.942046679 22.095851955
-77.949452278 22.102606512
-77.930165168 22.102118231
-77.916249153 22.09381745
-77.90363522 22.083238023
-77.888050911 22.075995184
-77.757720507 22.178371486
-77.781727668 22.177801825
-77.807118293 22.202582098
-77.847075976 22.260321356
-77.839588996 22.273749091
-77.850697395 22.288804429
-77.86847897 22.301743882
-77.880686002 22.30874258
-77.856109179 22.31244538
-77.834217903 22.295884507
-77.818430142 22.271144924
-77.80573483 22.228216864
-77.79015052 22.211493231
-77.772043424 22.196112372
-77.757720507 22.178371486
-77.987416145 22.236721096
-77.978627082 22.233221747
-77.953968879 22.236517645
-77.942046679 22.232977606
-77.935129361 22.224025783
-77.930572069 22.213853257
-77.923410611 22.206366278
-77.908558723 22.205023505
-77.921620246 22.212469794
-77.917632616 22.21881745
-77.913197395 22.224310614
-77.908070442 22.228949286
-77.902333137 22.232977606
-77.894846158 22.220851955
-77.884877082 22.21478913
-77.875070767 22.216294664
-77.867583788 22.22675202
-77.859608528 22.209621486
-77.870472786 22.202215887
-77.888661262 22.198431708
-77.902333137 22.192043361
-77.890777148 22.189154364
-77.882191536 22.183294989
-77.874908007 22.176703192
-77.867583788 22.171535549
-77.857004361 22.16819896
-77.836415168 22.16421133
-77.825998502 22.157904364
-77.848500129 22.116034247
-77.863433398 22.099188544
-77.874419726 22.10952383
-77.878977017 22.107570705
-77.890492317 22.104641018
-77.894886848 22.102606512
-77.898101366 22.110296942
-77.900746223 22.114488023
-77.908558723 22.123114325
-77.912831184 22.143215236
-77.933949348 22.150213934
-77.950754361 22.142157294
-77.942046679 22.116888739
-77.954945442 22.122259833
-77.990101692 22.141831773
-77.99730384 22.147365627
-78.004139778 22.162258205
-78.036040819 22.183417059
-78.045725064 22.198879299
-78.029449023 22.204535223
-78.016468879 22.217433986
-78.007923957 22.233832098
-78.004750129 22.25006745
-78.003325976 22.286363023
-78.006825325 22.297674872
-78.017811653 22.314886786
-78.002674934 22.31268952
-77.987172004 22.307806708
-77.974924283 22.298895575
-77.96996009 22.284816799
-77.975656705 22.275620835
-77.986480273 22.26557038
-77.99339759 22.253119208
-77.987416145 22.236721096
-78.197621223 22.437201239
-78.189686653 22.424750067
-78.169748502 22.435044664
-78.144195116 22.428941148
-78.119048632 22.413763739
-78.100331184 22.396877346
-78.090728319 22.384466864
-78.082020637 22.369696356
-78.075550911 22.354071356
-78.071644661 22.320868231
-78.067046679 22.310451565
-78.045725064 22.288234768
-78.037220832 22.288031317
-78.023345507 22.283026434
-78.010975715 22.28139883
-78.027658658 22.266017971
-78.051584439 22.272202867
-78.100331184 22.301906643
-78.12214108 22.305853583
-78.146311002 22.305853583
-78.171538866 22.310736395
-78.19652259 22.329169012
-78.175363736 22.341620184
-78.18488522 22.358221747
-78.205189582 22.367987372
-78.216420051 22.35960521
-78.217681444 22.350287177
-78.221547004 22.3399112
-78.228138801 22.333441473
-78.237456835 22.33600495
-78.243723111 22.346625067
-78.244211392 22.359116929
-78.239613411 22.366929429
-78.230702278 22.3633487
-78.230458137 22.380764065
-78.246327278 22.400620835
-78.269764778 22.41014232
-78.292144335 22.396877346
-78.297230598 22.402044989
-78.3017472 22.403225002
-78.306548632 22.403021552
-78.312611457 22.404282945
-78.298736132 22.420396226
-78.279042121 22.425441799
-78.243723111 22.424750067
-78.211577929 22.436590887
-78.197621223 22.437201239
-78.728830533 22.541652736
-78.736195442 22.530585028
-78.738758918 22.524318752
-78.756988085 22.518540757
-78.765980598 22.518784898
-78.767893033 22.525213934
-78.768137174 22.541652736
-78.762196418 22.543524481
-78.748280403 22.539780992
-78.738880989 22.541001695
-78.737660286 22.548407294
-78.73542233 22.551255601
-78.728260871 22.547919012
-78.728830533 22.541652736
-78.352040168 22.5430362
-78.340565559 22.528469143
-78.344227668 22.529852606
-78.353586392 22.534613348
-78.349110481 22.521144924
-78.28221595 22.457464911
-78.27847246 22.448675848
-78.281483528 22.438788153
-78.288685676 22.438910223
-78.297678189 22.443101304
-78.30577552 22.44525788
-78.429921028 22.418605861
-78.429921028 22.424750067
-78.427805142 22.427801825
-78.425282356 22.430324611
-78.423329231 22.434393622
-78.422474739 22.442124742
-78.419545051 22.445868231
-78.412953254 22.44537995
-78.406076627 22.444037177
-78.401966926 22.44525788
-78.401112434 22.454657294
-78.404611783 22.464300848
-78.412831184 22.46881745
-78.426177538 22.462591864
-78.445668098 22.454575914
-78.472767707 22.451157945
-78.518055793 22.452093817
-78.540842252 22.458482164
-78.568226692 22.476304429
-78.609527148 22.483465887
-78.638417121 22.492010809
-78.655995246 22.503119208
-78.64159095 22.514146226
-78.656971809 22.529974677
-78.677357551 22.51569245
-78.693592903 22.507513739
-78.696197069 22.541449286
-78.69253496 22.538723049
-78.683176236 22.534613348
-78.679758267 22.554429429
-78.670643684 22.556545315
-78.660023567 22.551906643
-78.652170377 22.551703192
-78.641265429 22.553371486
-78.596913215 22.544867255
-78.572580533 22.530462958
-78.544422981 22.528387762
-78.515980598 22.530462958
-78.490793424 22.528469143
-78.466420051 22.529852606
-78.450550911 22.541734117
-78.436838345 22.555405992
-78.41905677 22.561957098
-78.396351692 22.559800523
-78.37238522 22.553534247
-78.352040168 22.5430362
-82.518788215 22.565741278
-82.522857226 22.559312242
-82.527455207 22.563462632
-82.525298632 22.626369533
-82.527821418 22.634751695
-82.5283097 22.640041408
-82.52456621 22.64085521
-82.519764778 22.63666413
-82.515939908 22.62913646
-82.514475064 22.62514883
-82.510812955 22.61318594
-82.507720507 22.59007396
-82.513579882 22.572455145
-82.518788215 22.565741278
-79.206410286 22.624416408
-79.213246223 22.624416408
-79.213205533 22.631048895
-79.216420051 22.63662344
-79.224517382 22.639715887
-79.215728319 22.643011786
-79.17686927 22.64468008
-79.189768033 22.634507554
-79.206410286 22.624416408
-78.961171028 22.649115302
-78.984201627 22.637681382
-78.989857551 22.651434637
-79.004505989 22.656724351
-79.064442512 22.66034577
-79.074615038 22.66425202
-79.08722897 22.67182038
-79.070383267 22.674017645
-78.976551887 22.668524481
-78.960845507 22.66014232
-78.961171028 22.649115302
-79.569976366 22.804103908
-79.517974413 22.749579169
-79.496327278 22.733140367
-79.45026608 22.719916083
-79.412912564 22.69135163
-79.371978319 22.676662502
-79.351918098 22.657294012
-79.335601366 22.634670315
-79.326812304 22.616522528
-79.349476692 22.635321356
-79.357533332 22.637681382
-79.366363085 22.639349677
-79.375559049 22.643215236
-79.388905403 22.651312567
-79.403797981 22.663641669
-79.437367317 22.698472398
-79.455393033 22.692287502
-79.47374427 22.694322007
-79.490834114 22.702053127
-79.513579882 22.718410549
-79.520090299 22.720689195
-79.524037239 22.725002346
-79.525461392 22.736395575
-79.528879361 22.740301825
-79.544829882 22.751410223
-79.549672004 22.753729559
-79.557972786 22.760158596
-79.563099739 22.774237372
-79.571766731 22.788275458
-79.590646939 22.794663804
-79.620350715 22.783148505
-79.633656379 22.783840236
-79.635324674 22.802150783
-79.606922981 22.810248114
-79.586537239 22.811224677
-79.569976366 22.804103908
-79.680083788 22.85944245
-79.666371223 22.852118231
-79.660796679 22.845160223
-79.669829882 22.836249091
-79.685292121 22.833685614
-79.6923722 22.840155341
-79.692290819 22.847154039
-79.695179817 22.850490627
-79.699086067 22.852484442
-79.704579231 22.85175202
-79.711537239 22.853461005
-79.730865038 22.866115627
-79.739857551 22.875799872
-79.738758918 22.885809637
-79.726185676 22.888983466
-79.728260871 22.895331122
-79.72752845 22.903957424
-79.722157356 22.907212632
-79.715443489 22.896144924
-79.718332486 22.880031643
-79.711293098 22.877834377
-79.692005989 22.873928127
-79.685861783 22.865301825
-79.680083788 22.85944245
-79.911000129 22.966376044
-79.895375129 22.959173895
-79.887115038 22.959702867
-79.88784746 22.946275132
-79.898548957 22.936712958
-79.919829882 22.9492862
-79.929351366 22.946478583
-79.939808723 22.932847398
-79.949696418 22.928412177
-79.957427538 22.95302969
-79.943023241 22.96112702
-79.927235481 22.966294664
-79.911000129 22.966376044
-79.834950325 22.911810614
-79.846506314 22.91034577
-79.858021614 22.916937567
-79.86449134 22.92597077
-79.861480273 22.931952216
-79.855295377 22.936712958
-79.852935351 22.94163646
-79.861887174 22.942938544
-79.871164517 22.947699286
-79.861073371 22.962591864
-79.838531054 22.968085028
-79.826283332 22.964667059
-79.818470832 22.954331773
-79.817046679 22.947251695
-79.823109504 22.942450262
-79.835072395 22.938950914
-79.842152473 22.931789455
-79.837635871 22.926174221
-79.829009569 22.924750067
-79.827381965 22.919134833
-79.834950325 22.911810614
-80.251616991 22.986517645
-80.242502408 22.982570705
-80.236073371 22.97675202
-80.232533332 22.96893952
-80.231800911 22.959173895
-80.332508918 22.975327867
-80.347808398 22.986517645
-80.341704882 22.991034247
-80.335764127 22.993353583
-80.328968879 22.99225495
-80.320546028 22.986517645
-80.271880663 23.008693752
-80.249745246 23.010931708
-80.231800911 23.00014883
-80.236968554 22.997300523
-80.246693489 22.989447333
-80.251616991 22.986517645
-80.064605273 23.058010158
-80.061390754 23.049790757
-80.057606575 23.042425848
-80.053578254 23.029201565
-80.056304491 23.026678778
-80.061919726 23.034247137
-80.066558398 23.038885809
-80.070708788 23.038560289
-80.077300585 23.037298895
-80.085357226 23.038316148
-80.091216601 23.04287344
-80.09479733 23.048325914
-80.094471809 23.05068594
-80.09105384 23.049994208
-80.089466926 23.055487372
-80.087635871 23.067450262
-80.076771614 23.069891669
-80.064605273 23.058010158
-80.142404752 23.075873114
-80.162424283 23.067328192
-80.182728645 23.070949611
-80.224964973 23.089544989
-80.222645637 23.099758205
-80.217396614 23.107123114
-80.210804817 23.114447333
-80.204457161 23.124253648
-80.197010871 23.124253648
-80.190744595 23.111395575
-80.179839648 23.100246486
-80.166493293 23.092474677
-80.152658658 23.089544989
-80.136586067 23.089016018
-80.131255663 23.086981512
-80.13410397 23.082831122
-80.142404752 23.075873114
-80.244618293 23.085272528
-80.250314908 23.084865627
-80.257069465 23.089300848
-80.261789517 23.096177476
-80.265858528 23.103745835
-80.273793098 23.106268622
-80.288563606 23.114081122
-80.293039517 23.115871486
-80.294748502 23.120428778
-80.296457486 23.122626044
-80.302967903 23.126410223
-80.30573483 23.134507554
-80.296009895 23.140448309
-80.288563606 23.141750393
-80.281117317 23.142320054
-80.272450325 23.140041408
-80.272572395 23.134466864
-80.265533007 23.127427476
-80.250884569 23.115301825
-80.244699674 23.107489325
-80.242176887 23.104315497
-80.238148567 23.09764232
-80.23940996 23.091009833
-80.244618293 23.085272528
-80.378000455 23.147691148
-80.386097786 23.145819403
-80.393950976 23.146429755
-80.419667121 23.143377997
-80.429269986 23.136216539
-80.444406705 23.130194403
-80.45807858 23.126776434
-80.459787564 23.128607489
-80.46222897 23.135199286
-80.458404101 23.137193101
-80.449452278 23.136216539
-80.451079882 23.145086981
-80.446115689 23.150620835
-80.431792773 23.15253327
-80.424468554 23.152777411
-80.401437955 23.154608466
-80.390004036 23.154486395
-80.37629147 23.152167059
-80.378000455 23.147691148
-80.843739387 23.178208726
-80.828236457 23.165228583
-80.828236457 23.178900458
-80.820790168 23.178900458
-80.811105924 23.16429271
-80.804798957 23.157538153
-80.804839648 23.152899481
-80.814035611 23.14476146
-80.830637174 23.135646877
-80.842600064 23.13666413
-80.853179491 23.141750393
-80.865549283 23.14476146
-80.897816536 23.141750393
-80.922189908 23.133856512
-80.971669075 23.110663153
-80.960438606 23.122137762
-80.899810351 23.159165757
-80.881947395 23.162787177
-80.862538215 23.162176825
-80.841297981 23.157782294
-80.845204231 23.163234768
-80.850819465 23.173651434
-80.854969856 23.178900458
-80.848133918 23.185126044
-80.843739387 23.178208726
-80.525990364 23.192572333
-80.517323371 23.191799221
-80.491851366 23.192572333
-80.486439582 23.193793036
-80.479400194 23.196356512
-80.473378059 23.196030992
-80.470773892 23.188869533
-80.473011848 23.181545315
-80.478911913 23.177435614
-80.486805793 23.173895575
-80.495228645 23.168361721
-80.505279101 23.169745184
-80.522938606 23.176743882
-80.543080207 23.182196356
-80.560170051 23.178900458
-80.564076301 23.184759833
-80.568470832 23.185126044
-80.580637174 23.178900458
-80.576975064 23.192572333
-80.570423957 23.200913804
-80.55968177 23.205064195
-80.543365038 23.206244208
-80.539296028 23.204331773
-80.531361457 23.19546133
-80.525990364 23.192572333
-80.663644986 23.201402085
-80.666127082 23.194484768
-80.670521614 23.194810289
-80.673695442 23.194037177
-80.674672004 23.186835028
-80.679839648 23.185614325
-80.691314257 23.18773021
-80.698841926 23.183905341
-80.700835741 23.177191473
-80.70425371 23.180324611
-80.704945442 23.193060614
-80.694894986 23.203924872
-80.677601692 23.210272528
-80.668527799 23.212225653
-80.665882942 23.209173895
-80.663644986 23.201402085
-81.18488522 23.052069403
-81.149159309 23.034898179
-81.129302538 23.034491278
-81.120716926 23.03896719
-81.113677538 23.049221096
-81.098540819 23.065985419
-81.093739387 23.07420482
-81.08315996 23.098700262
-81.078114387 23.103827216
-81.066761848 23.104966539
-81.046254036 23.109849351
-81.039906379 23.110663153
-80.998361783 23.103827216
-80.991444465 23.104071356
-80.987538215 23.105861721
-80.985707161 23.102240302
-80.985259569 23.086411851
-80.97777259 23.064439195
-80.959380663 23.059027411
-80.936756965 23.062933661
-80.916371223 23.069037177
-80.759348111 23.096991278
-80.734771288 23.09760163
-80.688140429 23.088609117
-80.663156705 23.089544989
-80.642241991 23.09780508
-80.623524543 23.112941799
-80.618031379 23.131740627
-80.636463996 23.151027736
-80.623443163 23.156724351
-80.609852668 23.158189195
-80.597279426 23.156073309
-80.587473111 23.151027736
-80.587473111 23.14476146
-80.596018033 23.137437242
-80.62222246 23.089544989
-80.594349739 23.070135809
-80.593088345 23.068019924
-80.556792773 23.007391669
-80.53624427 22.993963934
-80.520375129 22.992905992
-80.479847786 22.985663153
-80.464507616 22.980292059
-80.455067512 22.972072658
-80.444732226 22.960394598
-80.431507942 22.949937242
-80.413319465 22.94550202
-80.356922981 22.945624091
-80.344471809 22.942084052
-80.32941647 22.92983633
-80.313343879 22.921291408
-80.296701627 22.915676174
-80.279611783 22.912014065
-80.246693489 22.911037502
-80.215687629 22.917059637
-80.156076627 22.938706773
-80.163563606 22.962551174
-80.146717903 22.963080145
-80.093617317 22.938544012
-80.070057746 22.931789455
-80.050038215 22.935248114
-80.046213345 22.959173895
-80.035511848 22.953843492
-80.02456621 22.946682033
-80.016102668 22.938055731
-80.0126847 22.928452867
-79.990061002 22.89061107
-79.987863736 22.884100653
-79.950021939 22.863592841
-79.944569465 22.862779039
-79.9267472 22.863592841
-79.919829882 22.861314195
-79.916981575 22.856431382
-79.916411913 22.85154857
-79.916493293 22.849310614
-79.89574134 22.855169989
-79.863148567 22.883693752
-79.8017472 22.899725653
-79.792958137 22.897772528
-79.792958137 22.890122789
-79.802357551 22.882147528
-79.820912239 22.870428778
-79.843861457 22.880682684
-79.854969856 22.872544664
-79.868031379 22.836249091
-79.857167121 22.820705471
-79.850900845 22.814113674
-79.841379361 22.808335679
-79.830718554 22.805650132
-79.789540168 22.802150783
-79.771880663 22.796616929
-79.713124153 22.75779857
-79.709950325 22.753078518
-79.706166145 22.748765367
-79.7001847 22.746893622
-79.694650845 22.749172268
-79.68862871 22.75409577
-79.684193489 22.758978583
-79.683094856 22.761175848
-79.660308398 22.763861395
-79.651722786 22.758775132
-79.627023892 22.657497463
-79.626454231 22.656927802
-79.611480273 22.65232982
-79.599354621 22.646551825
-79.588531054 22.638495184
-79.577259895 22.627101955
-79.565825976 22.611151434
-79.552113411 22.580267645
-79.542836067 22.565659898
-79.517486132 22.53912995
-79.511830207 22.534613348
-79.496937629 22.531968492
-79.468006965 22.53139883
-79.456532356 22.528469143
-79.429839648 22.490220445
-79.424712694 22.478745835
-79.416737434 22.472479559
-79.341786262 22.413153387
-79.312489387 22.400295315
-79.285878059 22.404282945
-79.275746223 22.394842841
-79.256947395 22.382269598
-79.238758918 22.376410223
-79.230580207 22.387193101
-79.21983802 22.388413804
-79.167469856 22.377875067
-79.148671028 22.377630927
-79.13780677 22.384833075
-79.135650194 22.391180731
-79.133127408 22.395656643
-79.120716926 22.396877346
-79.11058509 22.3945987
-79.09504147 22.385728257
-79.083485481 22.383775132
-79.062001106 22.38666413
-79.02448483 22.399969794
-79.005279101 22.404282945
-78.982492642 22.404608466
-78.927194791 22.398749091
-78.828684049 22.388332424
-78.781849739 22.39061107
-78.776722786 22.380560614
-78.757639127 22.322333075
-78.754017707 22.324855861
-78.744618293 22.329169012
-78.734608528 22.316229559
-78.725331184 22.32420482
-78.709868944 22.355902411
-78.722645637 22.372707424
-78.729481575 22.37913646
-78.737782356 22.383775132
-78.737782356 22.39061107
-78.70807858 22.38690827
-78.676136848 22.357001044
-78.566883918 22.321030992
-78.552845832 22.311835028
-78.544300911 22.299058335
-78.52440345 22.283270575
-78.501454231 22.268866278
-78.483957486 22.260321356
-78.460072395 22.253607489
-78.399891731 22.244045315
-78.381499804 22.246649481
-78.381947395 22.239935614
-78.380970832 22.226019598
-78.381499804 22.219305731
-78.371205207 22.224025783
-78.367258267 22.22675202
-78.36050371 22.216782945
-78.351144986 22.197658596
-78.343902148 22.188910223
-78.334868944 22.182562567
-78.316965299 22.173895575
-78.309193489 22.167792059
-78.301421679 22.163804429
-78.291574674 22.163641669
-78.281117317 22.164618231
-78.271636523 22.16404857
-78.237456835 22.151068427
-78.221913215 22.147040106
-78.172352668 22.143622137
-78.163644986 22.139349677
-78.161691861 22.129461981
-78.160878059 22.118109442
-78.155588345 22.10952383
-78.147328254 22.107570705
-78.121693489 22.107855536
-78.124989387 22.106350002
-78.128285286 22.102606512
-78.117787239 22.093451239
-78.105376757 22.089016018
-78.092437304 22.086249091
-78.081817187 22.082790432
-78.079823371 22.08218008
-78.065052864 22.086981512
-78.055572069 22.077460028
-78.042307095 22.051174221
-78.023264127 22.034328518
-78.017811653 22.02753327
-78.011219856 22.009263414
-77.99323483 21.979681708
-77.985218879 21.970038153
-77.973378059 21.966131903
-77.961333788 21.958238023
-77.915394661 21.91425202
-77.911976692 21.905991929
-77.895008918 21.876939195
-77.888050911 21.869859117
-77.87604733 21.871527411
-77.870350715 21.881537177
-77.865589973 21.956244208
-77.860096809 21.966131903
-77.849110481 21.970526434
-77.822255012 21.966457424
-77.806141731 21.966131903
-77.815012174 21.955755927
-77.846994595 21.950384833
-77.853911913 21.941839911
-77.85252845 21.924017645
-77.848540819 21.910589911
-77.842152473 21.899969794
-77.833485481 21.890326239
-77.822010871 21.880275783
-77.813303189 21.876450914
-77.788726366 21.876695054
-77.777943489 21.870021877
-77.770375129 21.854559637
-77.766021288 21.837347723
-77.764556444 21.825506903
-77.760894335 21.813299872
-77.751576301 21.80463288
-77.738392707 21.798651434
-77.710072395 21.790187893
-77.704457161 21.78925202
-77.689768033 21.795884507
-77.681263801 21.791693427
-77.673207161 21.784735419
-77.664662239 21.78115469
-77.603871223 21.789740302
-77.586415168 21.787909247
-77.569650845 21.780585028
-77.524973111 21.75381094
-77.52440345 21.767645575
-77.51659095 21.774603583
-77.490834114 21.78115469
-77.4892472 21.771226304
-77.483387825 21.766180731
-77.474232551 21.765041408
-77.462880012 21.766831773
-77.464955207 21.770575262
-77.467518684 21.777736721
-77.46971595 21.78115469
-77.455637174 21.776841539
-77.442250129 21.766587632
-77.421986457 21.746405341
-77.436350064 21.744614976
-77.44627845 21.75023021
-77.452544726 21.750677802
-77.456044075 21.733343817
-77.453724739 21.71503327
-77.439076301 21.68382396
-77.435617642 21.66787344
-77.430287239 21.657619533
-77.417469856 21.653713283
-77.387196418 21.650132554
-77.363352017 21.638251044
-77.35676022 21.636542059
-77.347157356 21.638617255
-77.342152473 21.643296617
-77.339426236 21.648016669
-77.336537239 21.650132554
-77.33690345 21.655585028
-77.342884895 21.667547919
-77.352406379 21.679510809
-77.378407356 21.690497137
-77.389149543 21.703843492
-77.401478645 21.733343817
-77.407093879 21.756577867
-77.411691861 21.763413804
-77.418568489 21.767279364
-77.438303189 21.774847723
-77.4423722 21.777736721
-77.443714973 21.788234768
-77.448801236 21.801906643
-77.459136523 21.809271552
-77.476551887 21.80097077
-77.490834114 21.815252997
-77.504383918 21.803534247
-77.518544075 21.811835028
-77.545480924 21.843166408
-77.58307858 21.873277085
-77.593658007 21.888739325
-77.600493944 21.890448309
-77.61432858 21.884182033
-77.605824348 21.901271877
-77.589914517 21.919256903
-77.571644661 21.930812893
-77.556019661 21.928534247
-77.521229621 21.901190497
-77.517486132 21.893011786
-77.511097786 21.867743231
-77.507557746 21.862453518
-77.401356575 21.790472723
-77.380970832 21.78115469
-77.330067512 21.766343492
-77.315785286 21.756903387
-77.301584439 21.743353583
-77.267730273 21.717515367
-77.254302538 21.712836005
-77.195423957 21.671291408
-77.18065345 21.66425202
-77.166737434 21.66014232
-77.151844856 21.66006094
-77.13394121 21.664455471
-77.14171302 21.645575262
-77.136301236 21.633490302
-77.12621009 21.624741929
-77.120269335 21.616034247
-77.123768684 21.596177476
-77.147816536 21.571966864
-77.154408332 21.55459219
-77.163197395 21.560003973
-77.180490689 21.57802969
-77.185414192 21.581854559
-77.249745246 21.609767971
-77.266021288 21.614243882
-77.284779426 21.616034247
-77.284250455 21.614243882
-77.286732551 21.610581773
-77.29002845 21.607123114
-77.291615364 21.606105861
-77.293771939 21.602484442
-77.298817512 21.603989976
-77.304676887 21.607367255
-77.31358802 21.611151434
-77.324452278 21.620347398
-77.33315996 21.623439846
-77.356190559 21.621649481
-77.3642472 21.611761786
-77.360951301 21.600775458
-77.349598762 21.595526434
-77.338002082 21.592962958
-77.329701301 21.587103583
-77.322010871 21.580267645
-77.312733528 21.575100002
-77.302805142 21.572943427
-77.274769661 21.575100002
-77.25511634 21.567450262
-77.249989387 21.5508487
-77.257232226 21.534247137
-77.274769661 21.526678778
-77.277577278 21.518459377
-77.271229621 21.500474351
-77.262521939 21.483099677
-77.258046028 21.476385809
-77.246734179 21.474310614
-77.224354621 21.477769273
-77.208485481 21.476060289
-77.216460741 21.458400783
-77.206613736 21.46088288
-77.181711392 21.47264232
-77.18077552 21.473822333
-77.171294726 21.478949286
-77.161854621 21.480129299
-77.153065559 21.495266018
-77.140736457 21.548407294
-77.115467903 21.593207098
-77.107248502 21.602972723
-77.088286913 21.606187242
-77.069935676 21.595770575
-76.962635871 21.47264232
-76.946766731 21.459051825
-76.944813606 21.457749742
-76.929921028 21.447943427
-76.893706835 21.431626695
-76.838449674 21.420599677
-76.82542884 21.411200262
-76.832264778 21.397528387
-76.811756965 21.397528387
-76.81761634 21.376898505
-76.825550911 21.366644598
-76.837717252 21.36318594
-76.873158332 21.361070054
-76.887440559 21.35565827
-76.897450325 21.346096096
-76.901193814 21.33201732
-76.887277799 21.307359117
-76.836171028 21.332464911
-76.839100715 21.307562567
-76.829457161 21.314113674
-76.825021939 21.32440827
-76.822580533 21.336574611
-76.818592903 21.348537502
-76.82542884 21.348537502
-76.811431444 21.368068752
-76.807281054 21.378119208
-76.805572069 21.390082098
-76.744130012 21.370266018
-76.738392707 21.370550848
-76.730580207 21.37494538
-76.726144986 21.373277085
-76.709339973 21.362779039
-76.682281054 21.356634833
-76.671498176 21.355943101
-76.656076627 21.349554755
-76.642486132 21.335516669
-76.636586067 21.321356512
-76.643910286 21.315008856
-76.660145637 21.311590887
-76.716175911 21.287665106
-76.712310351 21.302639065
-76.721506314 21.311468817
-76.7314347 21.311916408
-76.729847786 21.301336981
-76.734689908 21.285549221
-76.721343554 21.279038804
-76.701161262 21.275864976
-76.685210741 21.269964911
-76.670155403 21.259019273
-76.6533097 21.251898505
-76.634388801 21.247992255
-76.613148567 21.246730861
-76.613148567 21.252915757
-76.634917773 21.260077216
-76.641468879 21.264634507
-76.647328254 21.27338288
-76.654042121 21.287746486
-76.65355384 21.294134833
-76.634266731 21.301336981
-76.616769986 21.301825262
-76.592925585 21.294826565
-76.570790168 21.282416083
-76.557932095 21.266587632
-76.551665819 21.266587632
-76.551665819 21.287665106
-76.544911262 21.287665106
-76.548410611 21.247626044
-76.55988522 21.23452383
-76.613148567 21.232367255
-76.613148567 21.225572007
-76.592681444 21.225572007
-76.602365689 21.220200914
-76.606312629 21.21873607
-76.598255989 21.205877997
-76.588449674 21.206366278
-76.577300585 21.211371161
-76.565337694 21.211981512
-76.556792773 21.205226955
-76.546742317 21.187811591
-76.537464973 21.184637762
-76.53237871 21.186712958
-76.525502082 21.19159577
-76.519520637 21.197251695
-76.516957161 21.202053127
-76.514556444 21.205267645
-76.50894121 21.205471096
-76.502430793 21.204738674
-76.4970597 21.205145575
-76.467640754 21.221340236
-76.456125455 21.225572007
-76.471587694 21.23065827
-76.504261848 21.234808661
-76.516957161 21.239243882
-76.529042121 21.252630927
-76.53237871 21.268622137
-76.525542773 21.282049872
-76.507313606 21.287665106
-76.387562629 21.284328518
-76.363026496 21.277085679
-76.34878496 21.266058661
-76.316517707 21.254217841
-76.31354733 21.251898505
-76.29027259 21.233710028
-76.275868293 21.225043036
-76.169667121 21.187160549
-76.13780677 21.167222398
-76.133412239 21.143703518
-76.12999427 21.135565497
-76.130726692 21.114162502
-76.126576301 21.102118231
-76.116769986 21.091498114
-76.109852668 21.092230536
-76.099842903 21.102118231
-76.083811002 21.110541083
-76.072661913 21.112982489
-76.058257616 21.10956452
-76.04808509 21.103827216
-76.041005012 21.096665757
-76.037220832 21.087347723
-76.037180142 21.074774481
-76.030913866 21.074774481
-76.028920051 21.079575914
-76.025746223 21.084540106
-76.023548957 21.089056708
-76.01671302 21.073675848
-76.008168098 21.07029857
-76.002186653 21.07807038
-76.003041145 21.095892645
-75.994618293 21.094549872
-75.967884895 21.09398021
-75.955311653 21.095892645
-75.949045377 21.099798895
-75.933461067 21.112941799
-75.924875455 21.115708726
-75.912424283 21.115179755
-75.899891731 21.112779039
-75.890248176 21.107733466
-75.881947395 21.090277411
-75.873524543 21.088771877
-75.86827552 21.093085028
-75.873361783 21.102118231
-75.821766731 21.13686758
-75.816273567 21.135646877
-75.801258918 21.129299221
-75.798207161 21.126613674
-75.79401608 21.119045315
-75.784291145 21.118638414
-75.76683509 21.123236395
-75.732289192 21.123277085
-75.704009569 21.118963934
-75.684315559 21.103094794
-75.675363736 21.068589585
-75.635894335 21.076361395
-75.613148567 21.06256745
-75.578480598 21.013373114
-75.59894772 20.972357489
-75.604847786 20.965399481
-75.616037564 20.956732489
-75.620106575 20.951239325
-75.621937629 20.944810289
-75.624175585 20.92987702
-75.626332161 20.923976955
-75.634877082 20.912543036
-75.648752408 20.899400132
-75.66515052 20.890082098
-75.681548632 20.890448309
-75.686512825 20.900051174
-75.690256314 20.915187893
-75.69640052 20.924872137
-75.708851692 20.917710679
-75.717030403 20.922552802
-75.7236222 20.923407294
-75.729481575 20.921454169
-75.73550371 20.917710679
-75.727365689 20.916571356
-75.721424934 20.914455471
-75.717518684 20.91034577
-75.715687629 20.903509833
-75.744007942 20.901556708
-75.74339759 20.889349677
-75.730458137 20.872219143
-75.721831835 20.855047919
-75.715687629 20.855047919
-75.704497851 20.870835679
-75.678130663 20.878241278
-75.648182746 20.879543361
-75.626332161 20.876776434
-75.584868944 20.856838283
-75.578480598 20.851955471
-75.577381965 20.838080145
-75.573312955 20.827541408
-75.564930793 20.821478583
-75.551136848 20.821519273
-75.559071418 20.797674872
-75.573150194 20.797674872
-75.589100715 20.807684637
-75.60269121 20.814113674
-75.610178189 20.81655508
-75.613433398 20.822495835
-75.615712043 20.829657294
-75.620106575 20.83584219
-75.627430793 20.841457424
-75.630604621 20.843085028
-75.685373502 20.835109768
-75.704741991 20.828680731
-75.770253059 20.83584219
-75.765004036 20.82440827
-75.766346809 20.811590887
-75.776478645 20.787420966
-75.775705533 20.78131745
-75.776600715 20.768703518
-75.779367642 20.756903387
-75.783924934 20.746405341
-75.77464759 20.737616278
-75.763050911 20.716009833
-75.724517382 20.69550202
-75.708851692 20.690578518
-75.702015754 20.701117255
-75.691029426 20.72288646
-75.643177864 20.760728257
-75.633127408 20.780585028
-75.617298957 20.768622137
-75.607736783 20.753159898
-75.605702278 20.735988674
-75.612619595 20.718491929
-75.586822069 20.721502997
-75.577504036 20.718451239
-75.581898567 20.707953192
-75.583566861 20.698228257
-75.573312955 20.69139232
-75.551136848 20.684393622
-75.556711392 20.706447658
-75.497792121 20.693426825
-75.482248502 20.711655992
-75.476063606 20.711655992
-75.471262174 20.706122137
-75.464711067 20.700628973
-75.456857877 20.69550202
-75.448109504 20.691148179
-75.440663215 20.711655992
-75.457183398 20.717962958
-75.46593177 20.719224351
-75.476063606 20.718491929
-75.463612434 20.734076239
-75.439686653 20.740627346
-75.413563606 20.741156317
-75.394154426 20.738959052
-75.376576301 20.732163804
-75.356027799 20.719916083
-75.349232551 20.708482164
-75.373036262 20.704250393
-75.36432858 20.69139232
-75.359364387 20.677557684
-75.35260983 20.677557684
-75.351389127 20.681870835
-75.345773892 20.691148179
-75.33722897 20.669663804
-75.312814908 20.664740302
-75.256337043 20.670721747
-75.273752408 20.681586005
-75.311594205 20.69944896
-75.331410286 20.704250393
-75.318714973 20.717108466
-75.294300911 20.723130601
-75.267974413 20.723334052
-75.249501106 20.718491929
-75.256337043 20.725978908
-75.241037564 20.724798895
-75.194325325 20.715643622
-75.181955533 20.709133205
-75.178578254 20.702215887
-75.194894986 20.697984117
-75.194894986 20.691148179
-75.166981575 20.684393622
-75.16515052 20.686428127
-75.164865689 20.687811591
-75.163970507 20.689195054
-75.160755989 20.691148179
-75.149077929 20.683091539
-75.131825325 20.68740469
-75.115345832 20.686590887
-75.106109179 20.663275458
-75.104115364 20.668605861
-75.099598762 20.677679755
-75.09870358 20.684393622
-75.089426236 20.677679755
-75.080393033 20.673651434
-75.071929491 20.673244533
-75.064564582 20.677557684
-75.078765429 20.691148179
-74.998361783 20.700751044
-74.978871223 20.694566148
-74.969227668 20.689520575
-74.959095832 20.687323309
-74.951079882 20.68357982
-74.947865364 20.674139716
-74.940744595 20.668402411
-74.924672004 20.6680362
-74.900054491 20.670721747
-74.883534309 20.659491278
-74.869292773 20.645941473
-74.850900845 20.634588934
-74.771839973 20.625799872
-74.75121009 20.619574286
-74.73558509 20.60927969
-74.745716926 20.603949286
-74.749867317 20.602443752
-74.73558509 20.578558661
-74.734934049 20.567613023
-74.732574023 20.564846096
-74.728382942 20.564439195
-74.721913215 20.560858466
-74.715158658 20.556057033
-74.709828254 20.552232164
-74.673491991 20.540961005
-74.669992642 20.527655341
-74.650705533 20.513088283
-74.605213996 20.485744533
-74.597279426 20.47679271
-74.586496549 20.455796617
-74.554798957 20.414455471
-74.547230598 20.41006094
-74.5439347 20.403550523
-74.494984504 20.355169989
-74.485747851 20.350816148
-74.472075976 20.349188544
-74.45026608 20.343085028
-74.423410611 20.327582098
-74.401112434 20.307277736
-74.392974413 20.286525783
-74.385568814 20.286525783
-74.37218177 20.300523179
-74.351918098 20.300441799
-74.329701301 20.295233466
-74.310414192 20.293931382
-74.293690559 20.30093008
-74.276234504 20.311224677
-74.257191536 20.319647528
-74.235951301 20.321234442
-74.223540819 20.317368882
-74.213612434 20.310980536
-74.193714973 20.293931382
-74.159657356 20.27342357
-74.147531705 20.259182033
-74.139637825 20.24233633
-74.135080533 20.223822333
-74.132883267 20.204575914
-74.141957161 20.182603257
-74.162912564 20.170558986
-74.184071418 20.162665106
-74.198068814 20.148871161
-74.218332486 20.137844143
-74.225087043 20.135687567
-74.230295377 20.130316473
-74.235951301 20.094671942
-74.267404752 20.068304755
-74.304514127 20.069322007
-74.346587694 20.079575914
-74.392974413 20.081040757
-74.455922004 20.068670966
-74.498361783 20.065619208
-74.580476956 20.047642379
-74.61864999 20.054519508
-74.650183919 20.042163631
-74.713124172 20.051800607
-74.788424856 20.039466819
-74.812977668 20.037258205
-74.838002082 20.026434637
-74.855132616 20.012762762
-74.870676236 19.997015692
-74.88780677 19.984076239
-74.910023567 19.978664455
-74.933516763 19.978218934
-74.947334102 19.975949496
-74.955515933 19.967813299
-74.96156075 19.947009654
-74.977867951 19.923034866
-75.010080533 19.911566473
-75.04566774 19.907600601
-75.051034698 19.919371866
-75.058231434 19.922965563
-75.063517881 19.921604784
-75.066378022 19.914368366
-75.066332836 19.904861972
-75.091779839 19.897132588
-75.0950058107 19.8972259627
-75.094950291 19.97158369
-75.1370357802 19.9715506101
-75.135159715 19.976278928
-75.129750129 19.981146552
-75.115052262 19.990617325
-75.102076926 19.992900498
-75.090132652 20.014136874
-75.08485711 20.025895131
-75.0908097 20.035467841
-75.092437304 20.061224677
-75.112791214 20.057484937
-75.122380732 20.043912247
-75.128609476 20.033508485
-75.135794743 20.02129578
-75.143811786 20.025948425
-75.154332993 20.031165777
-75.169425451 20.025576828
-75.175445116 20.013739325
-75.177357551 20.0039737
-75.174061653 19.993475653
-75.16868024 19.991935841
-75.162111922 19.990411082
-75.158070442 19.991359768
-75.155425585 19.994940497
-75.1533097 19.999172268
-75.151234504 19.994574286
-75.146996646 19.984277612
-75.159126524 19.977768742
-75.160192444 19.970647995
-75.178862063 19.970731793
-75.228969279 19.937440491
-75.2328569553 19.9000516055
-75.232858853 19.900051174
-75.284657356 19.888251044
-75.383290168 19.882473049
-75.394276496 19.883490302
-75.427601692 19.89069245
-75.437489387 19.895656643
-75.444406705 19.896714585
-75.447336392 19.89476146
-75.455637174 19.885484117
-75.461822069 19.882473049
-75.488880989 19.87909577
-75.520904101 19.879624742
-75.550852017 19.885158596
-75.571644661 19.896714585
-75.604725715 19.892035223
-75.64561927 19.912583726
-75.687001106 19.940375067
-75.721831835 19.957505601
-75.743723111 19.959865627
-75.815297004 19.957505601
-75.834339973 19.959784247
-75.873361783 19.969549872
-75.893788215 19.971828518
-75.932118293 19.967678127
-75.952219205 19.962225653
-75.965484179 19.954413153
-75.980091926 19.952378648
-76.112049934 19.982489325
-76.202259895 19.99233633
-76.248158332 19.990627346
-76.327992317 19.970160223
-76.366118944 19.96499258
-76.43871009 19.96499258
-76.460275845 19.962103583
-76.502268033 19.948391018
-76.52440345 19.943915106
-76.651600715 19.951117255
-76.781076627 19.940741278
-76.8017472 19.930731512
-76.823597786 19.931586005
-76.845611132 19.936265367
-76.866444465 19.93768952
-76.881825325 19.931382554
-76.914133267 19.906642971
-76.935292121 19.896714585
-76.958892382 19.891058661
-77.088042773 19.885443427
-77.113433398 19.889308986
-77.163400845 19.908107815
-77.188954231 19.912583726
-77.202788866 19.902899481
-77.209624804 19.902899481
-77.217111783 19.909613348
-77.227284309 19.911078192
-77.237172004 19.906887111
-77.243763801 19.896714585
-77.269154426 19.904527085
-77.298247851 19.906683661
-77.324086067 19.900295315
-77.339995898 19.882473049
-77.312733528 19.882473049
-77.312733528 19.875637111
-77.330474413 19.874823309
-77.358509895 19.864488023
-77.377268033 19.861965236
-77.46996009 19.85956452
-77.533355273 19.844916083
-77.569325325 19.841498114
-77.611480273 19.844631252
-77.673247851 19.828924872
-77.69253496 19.827826239
-77.706044075 19.830023505
-77.719553189 19.83588288
-77.730580207 19.844794012
-77.737212694 19.85569896
-77.735991991 19.874172268
-77.717355924 19.907212632
-77.716175911 19.916571356
-77.708811002 19.918687242
-77.696115689 19.919989325
-77.688832161 19.923407294
-77.682118293 19.92959219
-77.675282356 19.939886786
-77.668324348 19.943915106
-77.671376106 19.954779364
-77.666737434 19.962469794
-77.647857226 19.978664455
-77.625559049 20.00779857
-77.623931444 20.012762762
-77.620432095 20.020331122
-77.572743293 20.061102606
-77.574696418 20.069810289
-77.588124153 20.082464911
-77.586415168 20.088527736
-77.577381965 20.087958075
-77.551014778 20.079779364
-77.541086392 20.088771877
-77.521880663 20.094549872
-77.517486132 20.098456122
-77.514719205 20.104437567
-77.496978319 20.129461981
-77.479562955 20.14085521
-77.436634895 20.162420966
-77.420236783 20.185044664
-77.401356575 20.198065497
-77.300648567 20.242743231
-77.281361457 20.245550848
-77.266468879 20.253241278
-77.250721809 20.28929271
-77.236317512 20.30076732
-77.233387825 20.301214911
-77.229847786 20.301336981
-77.223296679 20.30076732
-77.228993293 20.28912995
-77.222971158 20.283392645
-77.210072395 20.282863674
-77.195423957 20.286525783
-77.181752082 20.294867255
-77.171213345 20.307277736
-77.164296028 20.322170315
-77.161854621 20.338324286
-77.154530403 20.344061591
-77.113433398 20.368475653
-77.110259569 20.416408596
-77.103505012 20.423651434
-77.095814582 20.430161851
-77.082427538 20.465277411
-77.113433398 20.512437242
-77.123199023 20.520941473
-77.150135871 20.537909247
-77.185943163 20.55093008
-77.195668098 20.552150783
-77.189198371 20.540961005
-77.195423957 20.534125067
-77.214019335 20.546210028
-77.229481575 20.552923895
-77.239898241 20.563055731
-77.243763801 20.585353908
-77.240386523 20.592108466
-77.232492642 20.596014716
-77.223378059 20.598822333
-77.216460741 20.602443752
-77.195423957 20.629787502
-77.195423957 20.636542059
-77.23167884 20.658270575
-77.25104733 20.662095445
-77.258046028 20.643377997
-77.278187629 20.662054755
-77.295155403 20.687079169
-77.314849413 20.709051825
-77.343129036 20.718491929
-77.371734179 20.716131903
-77.403187629 20.709173895
-77.429351366 20.698431708
-77.4423722 20.684393622
-77.451893684 20.690008856
-77.457671679 20.689886786
-77.462717252 20.686997789
-77.46971595 20.684393622
-77.480295377 20.681789455
-77.486724413 20.679185289
-77.49339759 20.677476304
-77.504505989 20.677557684
-77.521962043 20.680324611
-77.572743293 20.697984117
-77.611643033 20.678452867
-77.620513476 20.677557684
-77.634999153 20.687933661
-77.64171302 20.691148179
-77.649281379 20.692572333
-77.678863085 20.691148179
-77.686675585 20.692043361
-77.706125455 20.697414455
-77.712717252 20.701117255
-77.716420051 20.698879299
-77.729318814 20.697984117
-77.77843177 20.700751044
-77.795562304 20.705877997
-77.822132942 20.723049221
-77.8408097 20.728257554
-77.877512174 20.732163804
-77.899240689 20.727280992
-77.914173957 20.716376044
-77.92686927 20.704901434
-77.942046679 20.697984117
-78.007069465 20.696193752
-78.041127082 20.704494533
-78.05190996 20.725978908
-78.059396939 20.725978908
-78.065541145 20.711655992
-78.098378059 20.748114325
-78.110259569 20.753241278
-78.132069465 20.757391669
-78.144113736 20.768255927
-78.161773241 20.800441799
-78.172352668 20.811753648
-78.190785286 20.827622789
-78.211048957 20.839504299
-78.226918098 20.838934637
-78.237660286 20.833400783
-78.241281705 20.838527736
-78.241851366 20.84788646
-78.243723111 20.855047919
-78.255726692 20.868638414
-78.262074348 20.878159898
-78.264800585 20.88666413
-78.272043424 20.901109117
-78.342681444 20.94940827
-78.356353319 20.95302969
-78.391468879 20.951239325
-78.403920051 20.957953192
-78.41502845 20.973089911
-78.429921028 20.999701239
-78.442250129 21.011135158
-78.478993293 21.037583726
-78.487904426 21.038560289
-78.494740364 21.047919012
-78.500884569 21.0820987
-78.504383918 21.147121486
-78.512277799 21.175116278
-78.527577278 21.20327383
-78.538197395 21.231634833
-78.531727668 21.260402736
-78.522572395 21.250311591
-78.511463996 21.248846747
-78.502105273 21.255560614
-78.498199023 21.269964911
-78.505523241 21.280218817
-78.537993944 21.290350653
-78.545399543 21.297593492
-78.547474739 21.315090236
-78.556874153 21.347479559
-78.558990038 21.366522528
-78.563303189 21.383449611
-78.582102017 21.413885809
-78.586333788 21.428208726
-78.592437304 21.461818752
-78.607818163 21.493719794
-78.628163215 21.521063544
-78.649037239 21.540920315
-78.66535397 21.551174221
-78.68097897 21.556626695
-78.733998176 21.564357815
-78.746327278 21.568060614
-78.75108802 21.575506903
-78.744618293 21.589300848
-78.733306444 21.583238023
-78.720611132 21.581244208
-78.693104621 21.581854559
-78.689116991 21.586411851
-78.694203254 21.596665757
-78.706776496 21.612616278
-78.713693814 21.618597723
-78.72394772 21.625555731
-78.744618293 21.636542059
-78.759266731 21.64061107
-78.766509569 21.639715887
-78.773060676 21.635646877
-78.785552538 21.630316473
-78.831898567 21.620306708
-78.878407356 21.616034247
-78.883371549 21.614203192
-78.889027473 21.609686591
-78.893544075 21.604193427
-78.895415819 21.599269924
-78.898752408 21.595526434
-78.906483528 21.594671942
-78.937082486 21.596380927
-78.949208137 21.598781643
-78.959950325 21.599554755
-78.970570442 21.595526434
-78.977365689 21.602972723
-78.994536913 21.594061591
-79.01280677 21.59007396
-79.05589759 21.589300848
-79.075550911 21.58608633
-79.128163215 21.561997789
-79.16926022 21.551703192
-79.208892382 21.548488674
-79.249419726 21.551947333
-79.329579231 21.573675848
-79.346099413 21.583156643
-79.364654101 21.599269924
-79.378773567 21.601263739
-79.43065345 21.595404364
-79.45030677 21.595526434
-79.472279426 21.601996161
-79.48176022 21.607367255
-79.491322395 21.616034247
-79.506459114 21.639797268
-79.515288866 21.64858633
-79.519195116 21.640204169
-79.522206184 21.630031643
-79.529693163 21.623439846
-79.539662239 21.621975002
-79.549672004 21.626898505
-79.559152799 21.634995835
-79.564930793 21.637884833
-79.607777473 21.648993231
-79.613677538 21.651312567
-79.621652799 21.657619533
-79.627593554 21.666937567
-79.632313606 21.678208726
-79.639271614 21.68773021
-79.652088996 21.691717841
-79.722727017 21.693426825
-79.79010983 21.711615302
-79.815785286 21.711249091
-79.827056444 21.695135809
-79.833851692 21.677679755
-79.850819465 21.680080471
-79.872954882 21.690863348
-79.895375129 21.698553778
-79.895375129 21.705389716
-79.874867317 21.712836005
-79.874867317 21.719061591
-79.890370246 21.722398179
-79.893625455 21.733587958
-79.892648892 21.747748114
-79.895375129 21.759995835
-79.912342903 21.748358466
-79.930002408 21.743312893
-79.949452278 21.743109442
-79.971669075 21.746405341
-79.992054817 21.753322658
-80.003651496 21.755804755
-80.0126847 21.75381094
-80.015370246 21.746730861
-80.00902259 21.739935614
-79.999134895 21.735012111
-79.990956184 21.733343817
-80.003244595 21.720892645
-80.021799283 21.729193427
-80.038807746 21.747137762
-80.046213345 21.763413804
-80.048451301 21.784898179
-80.055327929 21.803697007
-80.067250129 21.817043361
-80.084339973 21.822088934
-80.104888476 21.825384833
-80.145904101 21.8399112
-80.188221809 21.848456122
-80.217681444 21.871486721
-80.269927538 21.887030341
-80.300770637 21.911688544
-80.409901496 22.020697333
-80.411854621 22.025091864
-80.411854621 22.030259507
-80.412587043 22.035834052
-80.416737434 22.041205145
-80.421131965 22.041896877
-80.433216926 22.040187893
-80.437245246 22.041205145
-80.448109504 22.050279039
-80.451079882 22.056626695
-80.450917121 22.068508205
-80.436756965 22.065904039
-80.419341601 22.06663646
-80.402170377 22.071682033
-80.388783332 22.08218008
-80.404164192 22.078517971
-80.409901496 22.075995184
-80.405832486 22.084702867
-80.400298632 22.093166408
-80.396148241 22.101385809
-80.396311002 22.10952383
-80.404286262 22.112616278
-80.416330533 22.10960521
-80.425363736 22.110052802
-80.424183723 22.123114325
-80.443918424 22.123195705
-80.456532356 22.130438544
-80.457753059 22.142767645
-80.443430142 22.157904364
-80.467274543 22.171616929
-80.476714648 22.180161851
-80.484445767 22.192043361
-80.491281705 22.181830145
-80.503570116 22.178208726
-80.518422004 22.17991771
-80.532826301 22.185777085
-80.538238085 22.164455471
-80.528797981 22.150864976
-80.498646614 22.130560614
-80.483998176 22.111883856
-80.470855273 22.089097398
-80.464670377 22.064764716
-80.470773892 22.041205145
-80.513742642 22.056341864
-80.63801022 22.053045966
-80.761097786 22.061102606
-80.905262825 22.046128648
-80.992095507 22.054266669
-81.011626757 22.060532945
-81.049183723 22.078436591
-81.088449674 22.08584219
-81.103667773 22.095892645
-81.113758918 22.111232815
-81.139475064 22.161810614
-81.142974413 22.171535549
-81.143625455 22.18740469
-81.136097786 22.229885158
-81.140695767 22.232733466
-81.167144335 22.270819403
-81.180531379 22.278876044
-81.193959114 22.281561591
-81.205189582 22.278062242
-81.211822069 22.267767645
-81.211577929 22.255316473
-81.197580533 22.212469794
-81.196888801 22.091253973
-81.204701301 22.060288804
-81.225493944 22.061672268
-81.211252408 22.083482164
-81.215443489 22.114976304
-81.229807095 22.143947658
-81.239125129 22.151068427
-81.267079231 22.141587632
-81.273304817 22.137396552
-81.276437955 22.12889232
-81.275257942 22.110256252
-81.279530403 22.102606512
-81.291330533 22.09756094
-81.299305793 22.101263739
-81.306060351 22.107367255
-81.314279752 22.10952383
-81.32152259 22.104722398
-81.322743293 22.09784577
-81.325591601 22.091701565
-81.337880012 22.089016018
-81.374094205 22.104152736
-81.396107551 22.170721747
-81.434071418 22.185777085
-81.482167121 22.185777085
-81.493560351 22.188869533
-81.51280677 22.201971747
-81.523508267 22.205023505
-81.531239387 22.201971747
-81.545887825 22.188869533
-81.557606575 22.185777085
-81.560210741 22.184637762
-81.562123176 22.182074286
-81.565174934 22.179510809
-81.571197069 22.178371486
-81.574330207 22.180121161
-81.576771614 22.188869533
-81.581166145 22.192043361
-81.622710741 22.205023505
-81.627797004 22.207953192
-81.639556444 22.212713934
-81.651478645 22.212958075
-81.656849739 22.201971747
-81.666615364 22.197902736
-81.68862871 22.196844794
-81.71198483 22.19916413
-81.725738085 22.205023505
-81.732004361 22.205023505
-81.734608528 22.192775783
-81.741078254 22.189601955
-81.759917773 22.192043361
-81.756906705 22.188055731
-81.755238411 22.185370184
-81.752512174 22.178371486
-81.763539192 22.178412177
-81.810210741 22.18382396
-81.824452278 22.188910223
-81.849680142 22.21499258
-81.858754036 22.228908596
-81.862375455 22.243557033
-81.879709439 22.260402736
-82.021392382 22.313299872
-82.035878059 22.320990302
-82.051014778 22.332586981
-82.059966601 22.337307033
-82.079904752 22.339300848
-82.088246223 22.342230536
-82.093169726 22.34784577
-82.104644335 22.366197007
-82.105620898 22.370184637
-82.119252082 22.370062567
-82.137603319 22.372137762
-82.154530403 22.379868882
-82.163970507 22.396877346
-82.15838439 22.412534203
-82.146392382 22.422186591
-82.131214973 22.428127346
-82.118737068 22.431827964
-82.003629359 22.428152882
-81.966079798 22.437123578
-81.93947251 22.433215589
-81.90903531 22.435464278
-81.890575233 22.438550096
-81.863891581 22.432626484
-81.841138344 22.43075729
-81.789641647 22.438316738
-81.750070767 22.454006252
-81.738840299 22.452093817
-81.728505012 22.45722077
-81.708729621 22.45718008
-81.697865364 22.459540106
-81.683501783 22.463594853
-81.670302538 22.475948351
-81.660949185 22.484185962
-81.651562645 22.487827104
-81.652803767 22.508782984
-81.648793098 22.518296617
-81.651308486 22.533840785
-81.642648892 22.561957098
-81.643255004 22.572736736
-81.657677243 22.577255391
-81.672631178 22.577679783
-81.700021939 22.599595445
-81.718848666 22.613702271
-81.753385963 22.638036906
-81.78841219 22.650097021
-81.877500935 22.679730389
-81.912424283 22.678534247
-81.992543098 22.671698309
-82.098793447 22.654921488
-82.130970832 22.66787344
-82.198855198 22.685773595
-82.274841362 22.685616806
-82.317209439 22.680975653
-82.339019335 22.678656317
-82.359852668 22.680812893
-82.391583816 22.688420458
-82.457356291 22.680384886
-82.509999153 22.692287502
-82.521717903 22.690171617
-82.541086392 22.680812893
-82.550933398 22.678656317
-82.597418006 22.688008495
-82.632945363 22.680184949
-82.738433398 22.706366278
-82.759877082 22.705959377
-82.780669726 22.696112372
-82.790882942 22.67987702
-82.794300911 22.660467841
-82.794585741 22.64081452
-82.800689257 22.622748114
-82.815419075 22.61343008
-82.849232551 22.602932033
-82.909291145 22.555568752
-82.921254036 22.548285223
-82.943959114 22.546576239
-82.959380663 22.542059637
-83.025990364 22.509751695
-83.058705207 22.489447333
-83.086089648 22.462795315
-83.143177864 22.361273505
-83.166859504 22.339544989
-83.199330207 22.33600495
-83.232248502 22.344794012
-83.245838996 22.345933335
-83.260121223 22.342230536
-83.260568814 22.33974844
-83.260121223 22.325751044
-83.261789517 22.321966864
-83.265695767 22.322251695
-83.270253059 22.323553778
-83.277455207 22.321030992
-83.281971809 22.322333075
-83.285796679 22.322699286
-83.287424283 22.318670966
-83.286936002 22.30463288
-83.287424283 22.301906643
-83.323597786 22.280218817
-83.335804817 22.267767645
-83.341175911 22.259344794
-83.342030403 22.254543361
-83.341460741 22.251044012
-83.342640754 22.246649481
-83.349232551 22.232163804
-83.354115364 22.225775458
-83.363148567 22.219305731
-83.366363085 22.222398179
-83.367909309 22.225572007
-83.36847897 22.213853257
-83.375559049 22.20697663
-83.38114759 22.217147133
-83.389440524 22.220365092
-83.398222608 22.21928046
-83.398991227 22.202831413
-83.415472437 22.186093371
-83.465321418 22.182074286
-83.516957161 22.188218492
-83.561146614 22.205023505
-83.552845832 22.213446356
-83.555490689 22.223618882
-83.562855598 22.234849351
-83.568592903 22.246649481
-83.57542884 22.246649481
-83.589588996 22.219916083
-83.61436927 22.195746161
-83.643625455 22.178290106
-83.671009895 22.171535549
-83.6689347 22.175034898
-83.666737434 22.181952216
-83.664784309 22.185777085
-83.775461392 22.170721747
-83.780873176 22.171535549
-83.784779426 22.175441799
-83.787505663 22.182359117
-83.788726366 22.189032294
-83.787709114 22.192043361
-83.799143033 22.188788153
-83.811024543 22.174750067
-83.825550911 22.171535549
-83.903228319 22.17568594
-83.925445116 22.171535549
-83.966460741 22.133978583
-83.967681444 22.126369533
-83.975331184 22.098822333
-83.980091926 22.089016018
-83.974842903 22.082464911
-83.973296679 22.076483466
-83.972645637 22.061672268
-83.983998176 22.07054271
-83.994984504 22.068264065
-84.001779752 22.057562567
-84.000599739 22.041205145
-83.993031379 22.027980861
-83.983225064 22.023098049
-83.971669075 22.025783596
-83.958973762 22.034979559
-83.964670377 22.013332424
-83.999256965 21.989488023
-84.007435676 21.969183661
-84.003814257 21.964422919
-83.9970597 21.958685614
-83.993031379 21.951361395
-83.997466601 21.941839911
-84.006906705 21.933294989
-84.017689582 21.925482489
-84.029408332 21.919867255
-84.041615364 21.917669989
-84.060414192 21.92194245
-84.098215299 21.940741278
-84.120432095 21.945013739
-84.142160611 21.940334377
-84.18073483 21.918280341
-84.199208137 21.910834052
-84.209339973 21.91010163
-84.230091926 21.911525783
-84.240142382 21.910834052
-84.25121009 21.906561591
-84.273915168 21.893215236
-84.305165168 21.884507554
-84.423247851 21.792303778
-84.466175911 21.770453192
-84.508371549 21.766831773
-84.521351692 21.786566473
-84.481312629 21.865179755
-84.473540819 21.904608466
-84.496164517 21.93378327
-84.536040819 21.940171617
-84.580555793 21.933905341
-84.659982877 21.912054755
-84.698719856 21.894842841
-84.799712694 21.8320987
-84.839914517 21.822902736
-84.883412239 21.823553778
-84.925404426 21.835760809
-84.939116991 21.846096096
-84.947255012 21.860337632
-84.949615038 21.876776434
-84.946034309 21.893540757
-84.942738411 21.900051174
-84.937570767 21.908107815
-84.931223111 21.914740302
-84.924549934 21.917222398
-84.919789192 21.914740302
-84.916574674 21.909613348
-84.913889127 21.903713283
-84.910796679 21.898993231
-84.90355384 21.893622137
-84.895375129 21.89057038
-84.886586067 21.889553127
-84.877593554 21.890326239
-84.86050371 21.897040106
-84.84874427 21.908392645
-84.848215299 21.921087958
-84.864613411 21.931952216
-84.847564257 21.940619208
-84.832386848 21.940578518
-84.822906054 21.930894273
-84.822987434 21.910834052
-84.741078254 21.951808986
-84.668446418 21.971869208
-84.58332272 22.007513739
-84.528879361 22.044338283
-84.521351692 22.048041083
-84.508046028 22.049017645
-84.495920377 22.047349351
-84.489654101 22.042792059
-84.494048632 22.034979559
-84.462635871 22.022040106
-84.439320442 22.028143622
-84.416656054 22.041001695
-84.387318489 22.048041083
-84.372792121 22.043931382
-84.355824348 22.034084377
-84.341664192 22.021673895
-84.335804817 22.010443427
-84.330962694 22.004584052
-84.303822395 22.022894598
-84.288563606 22.020697333
-84.274322069 22.075995184
-84.28628496 22.063381252
-84.296864387 22.045965887
-84.308176236 22.036688544
-84.322132942 22.048041083
-84.328033007 22.067124742
-84.326771614 22.081854559
-84.330189582 22.093329169
-84.350005663 22.102606512
-84.340728319 22.123968817
-84.335804817 22.130560614
-84.354359504 22.132513739
-84.374582486 22.139308986
-84.392811653 22.14850495
-84.405344205 22.157904364
-84.413441536 22.17202383
-84.420033332 22.188666083
-84.429269986 22.201727606
-84.445668098 22.205023505
-84.435699023 22.213690497
-84.424468554 22.229152736
-84.41535397 22.247381903
-84.411488411 22.263983466
-84.409657356 22.287258205
-84.405344205 22.30874258
-84.391021288 22.352769273
-84.388539192 22.355169989
-84.373931444 22.380682684
-84.368804491 22.383286851
-84.358021614 22.384263414
-84.353138801 22.387193101
-84.349110481 22.393622137
-84.345122851 22.40623607
-84.342600064 22.411078192
-84.32127845 22.440130927
-84.306507942 22.455633856
-84.288563606 22.465765692
-84.288563606 22.473211981
-84.309071418 22.473211981
-84.291818814 22.486273505
-84.249012825 22.493557033
-84.230295377 22.503607489
-84.218373176 22.518744208
-84.205799934 22.541164455
-84.201161262 22.562811591
-84.212880012 22.575588283
-84.212880012 22.583075262
-84.202381965 22.580064195
-84.1923722 22.575588283
-84.178130663 22.585679429
-84.164621549 22.587632554
-84.152984179 22.58201732
-84.144602017 22.569403387
-84.135731575 22.606838283
-84.130360481 22.616522528
-84.120513476 22.620266018
-84.094634569 22.622381903
-84.089344856 22.627101955
-84.088612434 22.637152411
-84.085438606 22.654201565
-84.078277148 22.666205145
-84.065500455 22.661281643
-84.052113411 22.653306382
-84.041615364 22.658433335
-84.031971809 22.669378973
-84.021107551 22.678656317
-84.028675911 22.690090236
-84.038970507 22.697088934
-84.052316861 22.699855861
-84.068837043 22.698472398
-84.064320442 22.706244208
-84.057036913 22.713283596
-84.04800371 22.718247789
-84.038441536 22.720200914
-84.022328254 22.71474844
-84.013783332 22.702541408
-84.007191536 22.690375067
-83.997466601 22.684881903
-83.984038866 22.687079169
-83.972075976 22.692531643
-83.91124427 22.733303127
-83.897572395 22.720200914
-83.888050911 22.741441148
-83.872792121 22.750799872
-83.82925371 22.753729559
-83.812652148 22.756740627
-83.743723111 22.78912995
-83.709136523 22.80068594
-83.692738411 22.802150783
-83.681548632 22.800360419
-83.6689347 22.794907945
-83.658029752 22.794663804
-83.651112434 22.79682038
-83.637318489 22.805121161
-83.63003496 22.808335679
-83.63003496 22.815822658
-83.637196418 22.81268952
-83.644357877 22.808335679
-83.64565996 22.811997789
-83.645375129 22.814276434
-83.646229621 22.815375067
-83.651193814 22.815822658
-83.6298722 22.82831452
-83.607899543 22.834377346
-83.558013476 22.836249091
-83.553781705 22.842230536
-83.541330533 22.873846747
-83.534982877 22.877020575
-83.493519661 22.877264716
-83.496083137 22.870347398
-83.497629361 22.867499091
-83.500355598 22.863592841
-83.480824348 22.860256252
-83.469105598 22.870591539
-83.461048957 22.885972398
-83.452504036 22.897772528
-83.437570767 22.903469143
-83.426096158 22.899237372
-83.414051887 22.89081452
-83.397287564 22.884100653
-83.404367642 22.873765367
-83.393462694 22.876898505
-83.377512174 22.886135158
-83.369374153 22.893988348
-83.363352017 22.910467841
-83.348459439 22.932114976
-83.329660611 22.951076565
-83.311634895 22.959173895
-83.29816647 22.963324286
-83.246449348 22.993963934
-83.226185676 23.001857815
-83.207630989 23.002671617
-83.191477017 22.997381903
-83.178212043 22.986517645
-83.178212043 22.980292059
-83.187367317 22.973822333
-83.191232877 22.961859442
-83.189320442 22.947821356
-83.181630012 22.935288804
-83.169422981 22.930121161
-83.159169075 22.936224677
-83.150542773 22.946275132
-83.143422004 22.95302969
-83.161691861 22.966945705
-83.160511848 22.979966539
-83.14582272 22.991400458
-83.123605924 23.00014883
-83.081939257 23.007635809
-83.074126757 23.011297919
-83.061146614 23.0195987
-83.055287239 23.021226304
-83.044911262 23.01951732
-83.031117317 23.010687567
-83.02057858 23.007635809
-83.015370246 23.010321356
-83.009388801 23.016017971
-83.002023892 23.019232489
-82.992583788 23.014390367
-82.986317512 23.00409577
-82.992827929 23.000962632
-83.002837694 22.999457098
-83.006906705 22.993963934
-83.002797004 22.983587958
-82.996693489 22.980169989
-82.988880989 22.983628648
-82.979603645 22.993963934
-82.98167884 22.974188544
-82.964222786 22.97288646
-82.944406705 22.985093492
-82.94245358 22.986314195
-82.931752082 23.011053778
-82.917591926 23.032456773
-82.885161913 23.033107815
-82.849354621 23.027777411
-82.82530677 23.03148021
-82.803293424 23.038804429
-82.712717252 23.034898179
-82.619984504 23.046128648
-82.596018033 23.055365302
-82.57551022 23.054022528
-82.532093879 23.077093817
-82.509999153 23.083319403
-82.504465299 23.086493231
-82.494536913 23.100653387
-82.48957272 23.103827216
-82.477202929 23.105169989
-82.467681444 23.108547268
-82.452015754 23.117499091
-82.422352668 23.138861395
-82.406890429 23.147447007
-82.367095507 23.153021552
-82.321034309 23.171454169
-82.25108802 23.182114976
-82.219349739 23.194240627
-82.150298632 23.178900458
-82.128407356 23.181057033
-82.100087043 23.18764883
-82.088246223 23.190415757
-82.065012174 23.192572333
-82.054921028 23.194769598
-82.04401608 23.198716539
-82.033192512 23.200506903
-82.023426887 23.195949611
-81.985829231 23.171454169
-81.956125455 23.163641669
-81.892079231 23.157863674
-81.862375455 23.151027736
-81.840077278 23.157782294
-81.683908658 23.156927802
-81.658070442 23.156805731
-81.642323371 23.158840236
-81.628977017 23.165228583
-81.617583788 23.159613348
-81.6064347 23.158840236
-81.594593879 23.159328518
-81.581166145 23.157782294
-81.574289517 23.153998114
-81.556792773 23.14081452
-81.535552538 23.129380601
-81.532093879 23.10932038
-81.535308398 23.086330471
-81.54019121 23.069037177
-81.546213345 23.061183986
-81.552398241 23.057359117
-81.552561002 23.054348049
-81.54019121 23.048570054
-81.528797981 23.047186591
-81.517648892 23.049790757
-81.502674934 23.055365302
-81.498768684 23.060492255
-81.492543098 23.084865627
-81.489003059 23.093247789
-81.480702278 23.100327867
-81.473296679 23.102606512
-81.464222786 23.102850653
-81.38011634 23.116359768
-81.368885871 23.120917059
-81.358143684 23.131740627
-81.333363411 23.138251044
-81.28628496 23.14476146
-81.271392382 23.149562893
-81.234242317 23.166449286
-81.209828254 23.18374258
-81.165598111 23.207831122
-81.149159309 23.212388414
-81.130604621 23.205633856
-81.144764778 23.194281317
-81.172434049 23.1836612
-81.217884895 23.172674872
-81.272206184 23.141994533
-81.28628496 23.130519924
-81.28628496 23.124253648
-81.241932746 23.113714911
-81.18488522 23.052069403
-80.712473111 23.199896552
-80.711008267 23.197007554
-80.71190345 23.190822658
-80.717762825 23.188950914
-80.725168424 23.192775783
-80.732289192 23.193060614
-80.736805793 23.186753648
-80.740834114 23.184271552
-80.762074348 23.193182684
-80.773833788 23.196600653
-80.780751106 23.197699286
-80.799224413 23.195868231
-80.810047981 23.196600653
-80.838490364 23.206244208
-80.848255989 23.208482164
-80.855620898 23.217718817
-80.861439582 23.220363674
-80.857329882 23.225816148
-80.837880012 23.223537502
-80.809925911 23.213812567
-80.775013801 23.206610419
-80.712473111 23.199896552
-80.912993944 23.26557038
-80.885609504 23.25006745
-80.878773567 23.250433661
-80.874134895 23.248968817
-80.870920377 23.240383205
-80.878570116 23.232123114
-80.890126106 23.233872789
-80.901234504 23.237209377
-80.913156705 23.238714911
-80.924468554 23.243109442
-80.929432746 23.25014883
-80.933745898 23.254461981
-80.94269772 23.257269598
-80.935861783 23.263128973
-80.912993944 23.26557038
