42.896740357 37.324906311
42.937047973 37.32015208
42.979629354 37.331830954
43.005157512 37.347256368
43.043501424 37.360252991
43.083705689 37.368831279
43.114814901 37.37113088
43.131971476 37.367255147
43.263384643 37.310695293
43.270309285 37.308679911
43.278629191 37.307749736
43.287517538 37.309144999
43.296870972 37.316741435
43.305655965 37.319971212
43.324156128 37.322219137
43.336145061 37.320229594
43.362505215 37.303908152
43.376039266 37.29552826
43.416760295 37.279172668
43.463269084 37.248683574
43.479598837 37.243360901
43.492414591 37.244756165
43.517115926 37.252300924
43.52951827 37.253902893
43.542437378 37.252300924
43.550602255 37.24873525
43.568895712 37.237702332
43.594217163 37.229459941
43.618298381 37.226979472
43.720824423 37.232612203
43.746921021 37.230648499
43.770640503 37.22584259
43.780562378 37.220364889
43.802059774 37.203570048
43.809397827 37.199694315
43.822006877 37.202381491
43.839990276 37.217109273
43.893630412 37.224912414
43.924171183 37.25307607
43.953781779 37.287466736
43.990368693 37.312503968
44.035585571 37.318240052
44.069024736 37.313726588
44.08803715 37.31116038
44.184465373 37.279172668
44.206892945 37.267519633
44.223171021 37.254057923
44.235004923 37.236772156
44.243531535 37.21382782
44.248544148 37.191917013
44.249629354 37.179437155
44.248337443 37.169670309
44.24012089 37.157965597
44.230199016 37.154322408
44.218778524 37.152617086
44.205962769 37.14662262
44.189219604 37.129207662
44.180641317 37.108924662
44.1800212 37.087608134
44.187462606 37.066937561
44.227770223 36.994125468
44.234281454 36.983660991
44.243273153 36.977769878
44.284821004 36.969165752
44.297223348 36.969940898
44.306628459 36.977227275
44.31587854 36.993970439
44.315981893 36.993970439
44.316136922 36.994022115
44.316136922 36.994125468
44.331639852 37.015467835
44.335153849 37.031151632
44.34311202 37.042442933
44.428068074 37.064767151
44.454423055 37.076342672
44.479227743 37.092000631
44.503412313 37.116624451
44.53937911 37.143677063
44.578239787 37.166414694
44.610279175 37.178351949
44.628934367 37.179023743
44.733785848 37.167241517
44.753836303 37.159154155
44.766135295 37.141920065
44.752544393 37.113136292
44.752699422 37.10331777
44.760657593 37.085644429
44.766548706 37.078952332
44.773628377 37.076342672
44.78112146 37.07448232
44.788356161 37.070244853
44.792231893 37.063733622
44.797296183 37.048489075
44.801895386 37.043528138
44.811197144 37.041926168
44.83093754 37.046835429
44.840601034 37.047197165
44.847577352 37.044044901
44.858946167 37.034123027
44.880753622 37.024924622
44.887368205 37.015932923
44.885714559 37.005080872
44.874759156 36.994022115
44.869178101 36.967357076
44.874862508 36.949657898
44.884060913 36.933353984
44.888815145 36.910926412
44.883440796 36.886845195
44.869643189 36.868965149
44.83414148 36.834031881
44.823392782 36.809330547
44.8312476 36.791915589
44.851194702 36.781218567
44.877239624 36.776464336
44.908245483 36.777859599
44.922714884 36.775895895
44.935220581 36.767110901
44.944418986 36.758274231
44.954754272 36.752331442
44.966433146 36.749334209
44.979455607 36.74902415
44.996198771 36.741686096
45.010978231 36.72556305
45.035266154 36.689596253
45.045911499 36.668047181
45.04430953 36.649340312
45.024879191 36.613166809
45.014182169 36.579008687
45.013251994 36.557924703
45.010254761 36.556012676
44.997852417 36.552085266
44.993408244 36.549656474
44.991392863 36.533740133
45.00591394 36.518702291
45.009524666 36.51619591
45.025344279 36.505214742
45.038160034 36.494000956
45.03909021 36.479841614
45.045498087 36.471625061
45.054076375 36.464958801
45.062086223 36.455346985
45.066892131 36.442376201
45.068545776 36.432506002
45.072266479 36.42341095
45.083738648 36.412817281
45.110817098 36.402533671
45.139962606 36.404394023
45.195979858 36.422429097
45.22130131 36.420930482
45.238871298 36.402998759
45.249619996 36.37793569
45.25447758 36.354784648
45.257009725 36.311686503
45.263934367 36.294271546
45.282692912 36.274892884
45.258508342 36.262232158
45.264192749 36.250191549
45.282796265 36.238409322
45.297369018 36.226730449
45.302019898 36.207558492
45.299539429 36.161411438
45.304603719 36.14037913
45.335609579 36.107719625
45.34832198 36.08751414
45.344187866 36.067463685
45.331888876 36.05159902
45.319589885 36.0310318
45.313698771 36.010412903
45.320210002 35.994289856
45.320210002 35.994134827
45.320210002 35.994083151
45.320313354 35.994031474
45.32052006 35.993979798
45.338090047 35.979303691
45.359587443 35.976874899
45.381808309 35.982972718
45.401548707 35.993979798
45.401600382 35.994031474
45.401858765 35.994031474
45.401962118 35.994083151
45.402168823 35.99423818
45.419945516 35.998268942
45.453121785 36.011653137
45.47927006 36.012014872
45.501423676 36.005434777
45.539989868 35.993979798
45.576938517 35.966229553
45.589857626 35.959614971
45.617039429 35.95542918
45.64685673 35.933208313
45.69321049 35.879878235
45.718738648 35.828305156
45.731037639 35.815127666
45.749021037 35.810993551
45.786744832 35.820243633
45.797906942 35.818383281
45.814185018 35.809339905
45.834752238 35.810528463
45.854079223 35.818331604
45.87831547 35.835229798
45.888495728 35.834868063
45.898779338 35.832180888
45.909114624 35.831302389
45.941257365 35.840345765
46.00492273 35.837968649
46.024973186 35.843291321
46.044300171 35.85228302
46.060423218 35.857243958
46.076959676 35.856985575
46.10775883 35.847425436
46.115045207 35.846443584
46.119851115 35.842877909
46.124812052 35.822465719
46.129101196 35.815541077
46.135199015 35.810011699
46.143363891 35.804533996
46.1635177 35.797506002
46.184963419 35.798177796
46.227441447 35.805722555
46.246406698 35.811406963
46.263511596 35.821122132
46.281391642 35.828305156
46.302992391 35.826548157
46.319632202 35.816884664
46.327073608 35.803500469
46.325058228 35.787842509
46.313379354 35.771512757
46.29751469 35.759885559
46.267128947 35.744124248
46.253486369 35.727742819
46.237880086 35.715547181
46.217002808 35.713583476
46.177728719 35.715392151
46.12760258 35.69368805
46.10703536 35.689812317
46.037065471 35.691569316
46.016498251 35.685729879
46.003785848 35.674257711
45.995879354 35.658393046
45.992365356 35.640874736
45.99231368 35.624389954
46.00202885 35.585942688
45.999238322 35.572145081
45.96869755 35.579741516
45.963891642 35.579741516
45.959344116 35.578707988
45.968025757 35.558502503
45.979239543 35.539485575
45.983115275 35.535299784
45.984562215 35.531062317
45.983218628 35.526979879
45.979239543 35.523000794
45.971333048 35.518039856
45.966062053 35.511476949
45.963581584 35.503415426
45.963994995 35.494165344
45.977017456 35.465329895
46.040992879 35.381562398
46.096286662 35.341151429
46.120161173 35.318517151
46.127395874 35.289061584
46.125285441 35.284989341
46.12005782 35.274902243
46.107655477 35.262758281
46.098767131 35.250045879
46.101454305 35.234284566
46.115406942 35.226326396
46.154164266 35.226636455
46.169253784 35.216249492
46.165481405 35.189946187
46.143828979 35.159612122
46.130393107 35.13139679
46.15106368 35.111604716
46.14310551 35.099512431
46.132356812 35.094758199
46.119954468 35.092742818
46.094529663 35.085818176
46.076649617 35.089693909
46.066572714 35.08881541
46.039752645 35.075534566
46.025076538 35.064269104
46.009211873 35.060910136
45.979239543 35.071555482
45.966372111 35.070728658
45.956036824 35.074242656
45.93495284 35.085456442
45.920173381 35.089642233
45.913197062 35.087316793
45.899399454 35.068609925
45.898365927 35.063907369
45.901156454 35.051608378
45.899089396 35.046905823
45.89309493 35.044373678
45.879038941 35.043236796
45.872476034 35.041428121
45.861882365 35.032798157
45.85702478 35.021274312
45.856818074 35.008045146
45.859711955 34.994402568
45.859711955 34.994247538
45.868962036 34.968357646
45.866326538 34.949547425
45.857851603 34.931305644
45.850203492 34.906811015
45.83501062 34.890171204
45.808035523 34.897870992
45.796214459 34.903042708
45.778269898 34.910893453
45.755118856 34.909963277
45.748504272 34.890739645
45.750467977 34.865366517
45.745403687 34.84097524
45.717705119 34.825110576
45.689231405 34.822630107
45.676570679 34.818289287
45.666752156 34.806920472
45.663599894 34.794931539
45.665925334 34.774726054
45.662824748 34.763253886
45.635022827 34.736950583
45.627374715 34.720827535
45.642257528 34.706874899
45.650525757 34.702999166
45.659517456 34.697211406
45.66685551 34.689976705
45.670369506 34.681811829
45.673470093 34.671166484
45.678379354 34.665120341
45.68349532 34.66021108
45.687629435 34.653234762
45.690781698 34.634321188
45.691246786 34.615510966
45.694450724 34.598561097
45.705612834 34.585590312
45.708558391 34.579079081
45.708300008 34.56838206
45.705612834 34.557736715
45.701530396 34.551277161
45.695587605 34.550243632
45.673573446 34.55665151
45.604843791 34.56114736
45.573941285 34.567296855
45.539628133 34.582231344
45.500664103 34.591688131
45.496529988 34.564247945
45.504849895 34.523785299
45.503454631 34.494174703
45.498700399 34.48624237
45.493015991 34.47900767
45.486504761 34.472728984
45.47927006 34.467251282
45.426766805 34.457510275
45.417051635 34.444358623
45.447954142 34.362089743
45.460769898 34.340463155
45.47927006 34.329146017
45.499217164 34.342401022
45.521541382 34.342504374
45.542211955 34.331600647
45.557559855 34.311963603
45.563037557 34.289277649
45.561022176 34.264602153
45.547689657 34.216491395
45.542728719 34.207473857
45.52867273 34.188560283
45.526657349 34.179310202
45.531463257 34.167915548
45.53880131 34.159233907
45.544537395 34.150629781
45.544537395 34.13949351
45.534357137 34.12820221
45.493946167 34.100684509
45.47927006 34.087636211
45.454878784 34.069859518
45.443613322 34.04766449
45.435190064 34.022136332
45.419945516 33.99436025
45.419945516 33.994256898
45.419738811 33.994256898
45.411470581 33.987151388
45.401755412 33.981622009
45.380361369 33.973560486
45.401031942 33.94945343
45.423717895 33.938782247
45.449711141 33.937386984
45.47927006 33.941185201
45.481750529 33.940875143
45.483920939 33.94004832
45.48578129 33.938653056
45.574768107 33.803932597
45.588203979 33.791504415
45.603603556 33.780729879
45.61672937 33.76868927
45.623912394 33.752075297
45.628201539 33.731843974
45.63512618 33.714170634
45.645151408 33.697918396
45.658793986 33.681691997
45.673986857 33.669031271
45.721115764 33.640764262
45.724629623 33.633036413
45.727988729 33.625648905
45.727730347 33.59009552
45.734551636 33.583119202
45.75201827 33.58676239
45.768451376 33.595909119
45.797545206 33.619318542
45.815786987 33.625803935
45.864362833 33.626424053
45.885963582 33.630919902
45.882036174 33.600198263
45.899709514 33.585160421
45.92089685 33.572990621
45.927924845 33.550873108
45.915625855 33.535809428
45.86818689 33.511573182
45.852580608 33.49436493
45.869737183 33.482117615
45.899399454 33.476304017
45.929681845 33.479507955
45.948182007 33.494261577
45.953142944 33.496587016
45.958155559 33.497388001
45.963271525 33.496561177
45.964487447 33.495991214
45.968232462 33.494235738
45.971384725 33.49276296
45.974433635 33.490799255
46.008023315 33.455659281
46.019392131 33.438399353
46.027453654 33.419511617
46.030502564 33.39920278
46.031071005 33.382511291
46.036238648 33.367938538
46.069724976 33.340860088
46.109515829 33.293705343
46.141348511 33.272104594
46.155301148 33.260219015
46.164189494 33.243346659
46.164396199 33.233063049
46.158350057 33.213865255
46.157678264 33.205674541
46.162122436 33.196372783
46.173697957 33.190223287
46.174318074 33.181179911
46.167186726 33.168338318
46.153440796 33.154256491
46.126465699 33.131777242
46.105381714 33.118393047
46.089155314 33.115680034
46.07241215 33.116765239
46.05039799 33.115111593
46.030295857 33.105680644
46.029314005 33.093510844
46.043266643 33.083459778
46.08719161 33.07922231
46.106001831 33.072504375
46.120419556 33.061678162
46.126155639 33.047983908
46.11948938 33.031008199
46.104658244 33.018063253
46.088018433 33.006720276
46.075719442 32.9944988
46.075719442 32.99434377
46.097010132 32.954320374
46.155559529 32.948351746
46.273433472 32.959488017
46.37962854 32.931763611
46.479312378 32.89179189
46.507321005 32.868020732
46.600613059 32.822541476
46.604421021 32.82068512
46.650361369 32.789369202
46.715887085 32.756012065
46.757331584 32.716195374
47.058398479 32.494477641
47.058605184 32.494477641
47.05865686 32.494400127
47.090592896 32.474556376
47.121030315 32.461042989
47.152552938 32.455177714
47.187796265 32.458381653
47.205469605 32.464040222
47.251254924 32.485460104
47.265310913 32.484684957
47.321948283 32.468226013
47.343342326 32.458691712
47.356106405 32.446186015
47.367320191 32.4307606
47.384115031 32.412570496
47.410831747 32.39528473
47.416412801 32.387972514
47.417963094 32.376422831
47.414345744 32.369859925
47.408764689 32.364330546
47.399979696 32.345778708
47.395948934 32.341980489
47.395793905 32.337019552
47.402460165 32.323506165
47.407059367 32.317770081
47.436876668 32.293688863
47.441579224 32.288185323
47.445351603 32.282630107
47.463024943 32.261830343
47.46943282 32.256120097
47.47914799 32.252063498
47.484522339 32.239351095
47.504004354 32.226742046
47.509223673 32.213797099
47.50767338 32.199844463
47.502350708 32.190129294
47.496407918 32.181344299
47.49248051 32.170492249
47.490413452 32.156539612
47.491343628 32.148633118
47.498164917 32.144137268
47.513822876 32.140313212
47.526690308 32.13338857
47.534751831 32.123156637
47.543640177 32.114578349
47.558729696 32.11297638
47.578056682 32.10615509
47.580232356 32.103495196
47.595006552 32.085432842
47.617795858 32.041869609
47.633143758 32.02693512
47.668077026 32.012414043
47.677947225 31.994689026
47.677947225 31.994533997
47.68264978 31.976912334
47.718409872 31.922342021
47.725231161 31.914332174
47.743317912 31.904255269
47.750966024 31.898209127
47.756547079 31.889165751
47.761714722 31.871647441
47.765280395 31.864102682
47.781351766 31.848858134
47.820780884 31.823588359
47.834475138 31.805708313
47.837265666 31.7844693
47.831322876 31.761835022
47.678929077 31.407851461
47.676443174 31.236517019
47.672934611 30.994698385
48.001545044 30.994646708
48.012242066 30.989065653
48.015446004 30.976249899
48.012035359 30.494573873
48.012035359 30.494522196
48.013585653 30.463878072
48.119418986 30.450803935
48.130581096 30.447496643
48.140916382 30.441915589
48.157659546 30.426309306
48.170475301 30.406672261
48.179467 30.384864807
48.187683553 30.340836487
48.19207605 30.331276347
48.200085897 30.323938293
48.21119633 30.31964915
48.222978556 30.318098857
48.235070841 30.318512268
48.271657756 30.323834941
48.284266805 30.323318177
48.29635909 30.319752502
48.305712525 30.312827861
48.326021362 30.283475647
48.358164103 30.251797995
48.397024781 30.220998841
48.403587688 30.212523906
48.408703654 30.202343649
48.410615682 30.191543275
48.40803186 30.180897929
48.400745484 30.172267965
48.391133667 30.164774882
48.383278849 30.156454977
48.38110844 30.145344544
48.383072143 30.138419901
48.395577841 30.115217184
48.415524943 30.095631816
48.421209351 30.085348206
48.423948202 30.083642884
48.442189982 30.033930156
48.44425704 30.020907695
48.453145386 30.001425679
48.457796265 29.994862772
48.464307496 29.989126689
48.478156779 29.979618225
48.493039591 29.971763408
48.523993775 29.964115295
48.5310252987 29.9613511794
48.531016472 29.961330471
48.530772332 29.960760809
48.530772332 29.956203518
48.554942254 29.956488348
48.559255405 29.946600653
48.546885613 29.934719143
48.520518425 29.928900458
48.411875847 29.938421942
48.335459832 29.961411851
48.29957116 29.98452383
48.26465905 29.993963934
48.209239129 30.024481512
48.165782097 30.037543036
48.119151238 30.044989325
48.076345248 30.045640367
48.038259311 30.036851304
47.969004754 30.00405508
47.961924675 30.030340887
47.958506707 30.060614325
47.951670769 30.088324286
47.934825066 30.107082424
47.947113477 30.074530341
47.948496941 30.062323309
47.946055535 30.049383856
47.941742384 30.037258205
47.940928582 30.026516018
47.948496941 30.017645575
47.94800866 29.994045315
47.731432333 30.088552145
47.674174845 30.098215637
47.415792684 30.098215637
47.358225138 30.092117818
47.197098023 30.034240214
47.14469812 30.003337707
47.110488322 29.960911357
47.025428914 29.77213735
46.988842 29.712657776
46.983674357 29.698291728
46.979850301 29.668061015
46.977369832 29.657984111
46.957836141 29.620441183
46.88311202 29.512514954
46.853449748 29.444560446
46.838566935 29.424975078
46.774488159 29.363531799
46.711856323 29.27139272
46.561468148 29.124166509
46.53243575 29.095744527
46.488614136 29.087579652
46.444895874 29.079414775
46.42732232 29.076143103
46.401177613 29.071275737
46.35745935 29.063136699
46.252142782 29.071456604
46.175920044 29.077476909
46.099697307 29.083574728
46.023629598 29.089595032
45.947355184 29.095641174
45.844932495 29.103754374
45.742406453 29.111867575
45.639880412 29.12003245
45.537406047 29.128119812
45.434931681 29.136207174
45.33240564 29.14437205
45.229982951 29.152459412
45.127456909 29.160624288
45.047823527 29.166902975
44.968293498 29.173259176
44.888711792 29.179512024
44.808923381 29.185894064
44.717456095 29.193102926
44.710893188 29.195273336
44.704640341 29.197495422
44.698232462 29.19971751
44.691824585 29.201836243
44.614878378 29.256070659
44.519742065 29.323327535
44.424295695 29.390532736
44.328952677 29.457789613
44.233661336 29.524994812
44.119146362 29.605816752
44.004631388 29.686612854
43.890064738 29.767383118
43.824012963 29.813979859
43.775498088 29.848205058
43.660983114 29.929026998
43.546364787 30.009797262
43.43174646 30.090567526
43.317231486 30.171337789
43.229071493 30.233504537
43.140963175 30.295671285
43.052906535 30.357786357
42.964746541 30.420004782
42.85901656 30.494522196
42.858913208 30.494573873
42.858809855 30.494625549
42.858706502 30.494677226
42.783412579 30.551045032
42.763931926 30.565628967
42.669157349 30.636684062
42.574486125 30.707635803
42.479711548 30.778639222
42.395168905 30.841581116
42.310729614 30.90452301
42.226290324 30.967464905
42.141644328 31.0304068
42.075395142 31.079861145
41.98620162 31.125284729
41.89855839 31.169984843
41.810708455 31.214684958
41.723065226 31.259385071
41.635421997 31.304033508
41.547572062 31.348733623
41.45982548 31.393433736
41.372182251 31.43813385
41.284539022 31.482833964
41.196689087 31.527585755
41.109045858 31.572285868
41.021299275 31.616934306
40.933552694 31.66163442
40.845909465 31.706334534
40.758162882 31.751086324
40.670312947 31.795683086
40.582669719 31.840434876
40.479833618 31.892834778
40.424126424 31.920533345
40.370279582 31.938465068
40.029318482 31.994378967
40.029111776 31.994430644
40.029008423 31.99448232
40.028801717 31.99448232
39.948599894 32.006109517
39.750989217 32.034893291
39.553275187 32.06372874
39.355561157 32.092564189
39.157743774 32.121347962
39.154953247 32.120572815
39.152162719 32.119745992
39.14926884 32.118919169
39.14637496 32.118144023
39.146168253 32.125843811
39.266470988 32.212866923
39.291999145 32.244518738
39.271121867 32.311956482
39.256342407 32.342678121
39.235775187 32.352858378
39.046329387 32.308494161
39.036200806 32.313351745
39.028759399 32.328337911
38.979976848 32.472101746
38.97863326 32.473729554
38.978219849 32.474969788
38.97863326 32.475693258
38.979976848 32.476054993
39.057181438 32.496596374
38.990002075 32.705575867
38.942769816 32.852336934
38.897191203 32.99434377
38.862567993 33.100719706
38.821020142 33.229032288
38.774511352 33.371685079
38.885098918 33.427108053
38.995686483 33.48247935
39.106274048 33.537928161
39.216861613 33.593325297
39.327449178 33.648722432
39.438036743 33.70409373
39.548624308 33.759490865
39.659211874 33.814810486
39.769696085 33.87023346
39.880387003 33.925604757
39.990871216 33.980976054
40.101458781 34.036373189
40.173110825 34.072282917
40.212046346 34.091796163
40.322633911 34.14716746
40.433221476 34.202538757
40.543809041 34.25798757
40.690466756 34.331497294
40.936033163 34.386067607
40.965282023 34.401854757
40.988019653 34.428519796
41.023986451 34.494174703
41.023986451 34.494329733
41.195655558 34.768473206
41.204233846 34.793122864
41.206507609 34.819322815
41.198032674 34.994040833
41.192325857 35.158904437
41.191521444 35.182143046
41.201339966 35.243017884
41.243094523 35.366524557
41.251879517 35.464089661
41.261077921 35.494165344
41.261181274 35.494165344
41.261284627 35.494165344
41.261284627 35.494320374
41.308457834 35.552247625
41.342209921 35.593694153
41.358022909 35.623924866
41.36350061 35.655240784
41.359263143 35.792751771
41.354508911 35.825566304
41.343656861 35.85765737
41.266348918 35.99423818
41.266348918 35.994341532
41.266245565 35.994289856
41.240614054 36.043020732
41.236686645 36.060332337
41.236583293 36.077023824
41.268829387 36.32796458
41.276994262 36.354784648
41.365257609 36.493897603
41.365257609 36.494000956
41.365360962 36.494052633
41.365360962 36.494155986
41.385411417 36.516376851
41.414866984 36.527383932
41.479772583 36.536117249
41.78993453 36.589292297
41.817323039 36.599730937
41.843781373 36.617869364
41.978553507 36.733624573
42.178437948 36.90531952
42.281584107 36.993970439
42.281894165 36.993970439
42.281894165 36.994022115
42.281894165 36.994125468
42.345869588 37.04290802
42.376805724 37.062000619
42.377185506 37.062235006
42.376875448 37.076756083
42.37119104 37.087944031
42.363646281 37.098150127
42.357238403 37.109984029
42.401886841 37.114143982
42.459144328 37.129311015
42.545237264 37.140886536
42.561256958 37.14662262
42.564667602 37.152048645
42.576966594 37.179230449
42.702333619 37.325345561
42.706157674 37.333226217
42.707397909 37.340150859
42.709464965 37.347178854
42.715666138 37.355292053
42.722177368 37.358909404
42.771580037 37.37490326
42.780468384 37.375497538
42.792457316 37.374334819
42.801138956 37.369089661
42.805479777 37.35185557
42.814058065 37.346817119
42.896740357 37.324906311
