0.487649373 10.933235576
0.612602987 10.976566264
0.675338175 10.988529358
0.771559692 10.990363872
0.901474243 10.992740987
0.875842732 10.931168518
0.872948853 10.91129893
0.875325968 10.900524394
0.883697551 10.880215556
0.88514449 10.869389344
0.869538208 10.839907938
0.867574503 10.829210917
0.86602421 10.806369934
0.862923625 10.796086324
0.850004517 10.777689514
0.79564091 10.72647817
0.781274862 10.693043519
0.789233032 10.602945659
0.788509562 10.563852438
0.773833456 10.508145243
0.759880818 10.405154114
0.760707642 10.382158102
0.768769164 10.367094421
0.844423462 10.317174988
0.939508097 10.254517314
0.997105905 10.216553226
1.082238403 10.160440369
1.225485473 10.066053365
1.331008748 9.996471049
1.343824503 9.962442119
1.343941693 9.95475642
1.345064737 9.881103414
1.346925089 9.771833598
1.348165324 9.69416392
1.356020141 9.647474264
1.354573201 9.635304464
1.352196085 9.625356751
1.352506144 9.605280456
1.35126591 9.595074362
1.345064737 9.582387797
1.327288045 9.555309346
1.32315393 9.542312724
1.326357869 9.521952209
1.33648645 9.497509257
1.35126591 9.48254893
1.368422485 9.490842998
1.379894653 9.462472636
1.386715942 9.361135152
1.401185343 9.321266785
1.420146019 9.292317169
1.425266561 9.284499003
1.505158325 9.201454977
1.567273397 9.136730245
1.587840617 9.100892639
1.595798787 9.076811422
1.601173136 9.049526266
1.602826782 8.924391785
1.604273722 8.815225321
1.605513956 8.722491964
1.607204026 8.588617302
1.607581014 8.558755188
1.609027954 8.546972961
1.614092245 8.535785014
1.639930461 8.5032547
1.644167928 8.493487855
1.640447224 8.475814514
1.607581014 8.421864319
1.606030721 8.413389384
1.606030721 8.396026103
1.601069784 8.371634827
1.603944873 8.367476215
1.603963663 8.367449036
1.609854777 8.365485331
1.614919067 8.356261089
1.625564412 8.27047821
1.623807414 8.155885722
1.621326945 7.996567281
1.621947062 7.838282369
1.622773885 7.640051575
1.622854912 7.622459699
1.623251367 7.536384757
1.62370406 7.438100078
1.624324178 7.288806865
1.624944296 7.143647767
1.625667765 6.996783346
1.607477661 6.991408996
1.531926717 6.991925761
1.551357055 6.920870666
1.562622518 6.904282532
1.564223443 6.903089389
1.579055623 6.892035217
1.588047323 6.881234843
1.59011438 6.867333883
1.58256962 6.825346781
1.583189738 6.80826772
1.587530558 6.791033631
1.59517867 6.770569763
1.601069784 6.746436869
1.597039021 6.730959778
1.58918229 6.720460328
1.574301392 6.700574036
1.566033163 6.678146465
1.57244104 6.66690684
1.585360148 6.656442363
1.596315552 6.636417745
1.596522257 6.628640443
1.594765258 6.62026886
1.594145141 6.611044617
1.597349081 6.600812684
1.603343547 6.59259613
1.611198364 6.584689636
1.619569946 6.577997539
1.627424764 6.57334666
1.636829874 6.572261454
1.646648397 6.57319163
1.653883098 6.570659485
1.655226685 6.559213156
1.657810506 6.552262675
1.674450318 6.538594259
1.680754842 6.530067648
1.681995077 6.520016581
1.679514608 6.498570862
1.681685018 6.489837545
1.688299601 6.484437358
1.709796997 6.47340444
1.718375285 6.466996561
1.744110148 6.42573293
1.763540486 6.350647075
1.782350708 6.277266541
1.761576782 6.276026306
1.633109171 6.24569224
1.612438598 6.234762675
1.61966250005 6.2138992318
1.619639519 6.213893947
1.619313998 6.213812567
1.429535352 6.181952216
1.271006707 6.133734442
1.199554884 6.102525132
1.191579623 6.101874091
1.18539571438 6.10049084829
1.187968384 6.135647278
1.176186157 6.151511942
1.093400513 6.160917053
1.079654581 6.16791921
1.068905883 6.180347392
1.05578007 6.200630392
1.048131958 6.209389547
1.040587199 6.213471985
1.033145793 6.216546733
1.025187622 6.222334493
1.009684692 6.244452006
0.983536418 6.324602153
0.907262003 6.324912211
0.886798136 6.330389913
0.873879028 6.340130921
0.841322876 6.379224142
0.81620813 6.395062968
0.766805461 6.419350891
0.745721476 6.440899963
0.729908488 6.465084534
0.717919555 6.488829854
0.711718383 6.51337616
0.71307571 6.533935652
0.713475383 6.539989523
0.719779907 6.552727763
0.726807902 6.562107035
0.727428019 6.571434632
0.714612264 6.58391449
0.705517212 6.585774842
0.677611938 6.584896342
0.668206828 6.585826518
0.659421834 6.601717021
0.645365844 6.612026469
0.632240031 6.623989563
0.626658976 6.64489268
0.635340617 6.695380554
0.634307088 6.711606954
0.625832153 6.727755839
0.611259399 6.741527609
0.593792765 6.751113587
0.57663619 6.754730937
0.570021607 6.76351593
0.541082805 6.817181906
0.528887167 6.82653534
0.51927535 6.832245585
0.516071411 6.841805725
0.522789347 6.862838033
0.543873332 6.89792633
0.546250448 6.914772847
0.534468221 6.935908508
0.506046183 6.957819316
0.494574015 6.97311554
0.509146769 6.977611389
0.523822876 6.978696595
0.565990844 6.989651998
0.578909953 6.996783346
0.598030233 7.031199849
0.598753702 7.074711405
0.59430953 7.119721578
0.597720174 7.158892314
0.621801392 7.218836975
0.631103149 7.265242412
0.644435668 7.301932678
0.645675903 7.323585104
0.629656209 7.389162496
0.623041626 7.397895813
0.586248006 7.384356588
0.566404256 7.380790914
0.548214152 7.383271383
0.516691528 7.411021627
0.500568481 7.455049947
0.495607544 7.504297587
0.4994316 7.562381897
0.50304895 7.574680888
0.509250122 7.58537791
0.519378703 7.595196432
0.532504517 7.601035868
0.548524211 7.605376689
0.562063436 7.612301331
0.567747843 7.625737203
0.567437785 7.652919006
0.570538371 7.683924866
0.583354126 7.70428538
0.612292928 7.699427796
0.6095024 7.718961487
0.611672811 7.771258037
0.602577759 7.828412171
0.603404581 7.888305155
0.602687912 7.893132132
0.59286259 7.959308574
0.593689412 7.996567281
0.593172648 8.015739238
0.583974243 8.053049622
0.58025354 8.100075175
0.574982544 8.124621481
0.579943481 8.131701152
0.587798299 8.137721456
0.593276001 8.150666402
0.591519002 8.164489848
0.58459436 8.173068136
0.576842895 8.180483703
0.572708781 8.190999857
0.573845662 8.203944804
0.579013305 8.207820537
0.586661417 8.208750712
0.595032999 8.212729797
0.628312622 8.242469584
0.645055786 8.253424988
0.689187459 8.272855326
0.705207153 8.282751363
0.712751912 8.297970072
0.708824504 8.322568055
0.705103801 8.325978699
0.693114868 8.327890726
0.689187459 8.331301371
0.688567342 8.336029765
0.689394165 8.346054993
0.686913697 8.3607311
0.687223755 8.372203267
0.685053345 8.382564392
0.646709432 8.41416453
0.633790324 8.452017517
0.61632369 8.48875946
0.550797974 8.51932607
0.524753052 8.538032939
0.500568481 8.56017629
0.483515259 8.579787496
0.4435177 8.606865947
0.403726847 8.662082214
0.37442631 8.724765727
0.368083532 8.761481025
0.365873861 8.774271749
0.372669311 8.783754375
0.385278361 8.786079814
0.397112264 8.781532287
0.407809286 8.759053039
0.418299601 8.770602722
0.424965861 8.787320048
0.419591512 8.791247457
0.430133504 8.794735617
0.439409424 8.793443705
0.449512166 8.790368957
0.462482951 8.788301901
0.473490031 8.793547058
0.477004029 8.806750386
0.478450969 8.822330832
0.483515259 8.834810689
0.48362927 8.834973182
0.505632771 8.866333313
0.493127075 8.915219218
0.444887126 8.99645457
0.444887126 8.996557922
0.444680419 8.996557922
0.431270386 9.02758962
0.441553996 9.058182068
0.458478027 9.089239604
0.463749023 9.121459859
0.463645671 9.13709198
0.469976034 9.146729635
0.49261031 9.166754253
0.504702595 9.187166443
0.504392537 9.203108622
0.491990194 9.238894551
0.49292037 9.258609111
0.501085245 9.268195089
0.512350708 9.27470632
0.522479288 9.285067444
0.526613403 9.297650656
0.528267049 9.326951193
0.537568807 9.377645772
0.531367635 9.401106873
0.513280884 9.41679067
0.483515259 9.426841736
0.482791788 9.427875265
0.482585083 9.428857117
0.482791788 9.429838969
0.489406372 9.441026916
0.491680135 9.451284689
0.489923136 9.461129049
0.483515259 9.470017395
0.430443562 9.489189351
0.41165918 9.492238261
0.371429077 9.490016175
0.348949829 9.486037089
0.333782796 9.479474182
0.328796021 9.471567688
0.325747111 9.451336365
0.321819702 9.442835591
0.314223267 9.436479391
0.268489624 9.420640564
0.249886109 9.416945699
0.231360108 9.41896108
0.226812581 9.432345276
0.234977458 9.443765767
0.227949463 9.459733785
0.228052816 9.473970642
0.269729858 9.482342224
0.285310302 9.488362529
0.298100219 9.497095845
0.301924275 9.507456971
0.293139282 9.518283183
0.279005778 9.519006653
0.253503459 9.514252422
0.243116496 9.518696594
0.233220459 9.525595398
0.225908244 9.531925761
0.223401937 9.534793803
0.22306604 9.541175842
0.227742757 9.569339498
0.230197388 9.575747376
0.280530233 9.570166321
0.304559774 9.571561585
0.322439819 9.583137105
0.336159912 9.574197082
0.354608398 9.571096497
0.37080896 9.575644023
0.377733602 9.589415792
0.369155314 9.610138041
0.349363241 9.613910421
0.308797241 9.603678488
0.277636352 9.606985779
0.261694173 9.627940572
0.260970703 9.657163594
0.275285075 9.685585633
0.301924275 9.657835388
0.318719116 9.648611145
0.336650838 9.650833231
0.347089478 9.663158061
0.349880005 9.680650534
0.347606242 9.698840638
0.342955363 9.713542583
0.336289103 9.723490296
0.329131918 9.731293437
0.323886759 9.742067973
0.322439819 9.760671489
0.343885538 9.838392843
0.344195597 9.849761658
0.339673909 9.889836731
0.341715128 9.903789368
0.349776652 9.9189564
0.362592407 9.932676493
0.369568726 9.938825989
0.370188842 9.947016703
0.363393392 9.966782938
0.351430297 9.990450745
0.349776652 9.997168681
0.351740357 10.006418763
0.355125163 10.012619934
0.355719441 10.018976136
0.349776652 10.028820496
0.367294962 10.032127787
0.382746215 10.029595643
0.393908325 10.032489522
0.39457026 10.035557027
0.398145792 10.052126566
0.39514856 10.07235789
0.387087036 10.078946635
0.376079956 10.081582133
0.363393392 10.089669495
0.353600708 10.115507711
0.358845866 10.186330261
0.35719222 10.219997457
0.36442692 10.233407491
0.367294962 10.249814759
0.372049194 10.265136821
0.3965955 10.283223572
0.376183308 10.299940898
0.36659733 10.304488424
0.322749878 10.297253723
0.308797241 10.297098694
0.317582235 10.317330017
0.307066081 10.333272196
0.290038696 10.348490906
0.278824911 10.366629333
0.280220174 10.375181784
0.283553304 10.385775452
0.283114054 10.39680837
0.273243856 10.406601054
0.263011922 10.408926493
0.253942708 10.40608429
0.244563436 10.401536763
0.233220459 10.398617045
0.223608642 10.399960632
0.197072795 10.410270081
0.194437296 10.407376201
0.191750122 10.400839132
0.187512654 10.394948019
0.179864542 10.394172872
0.176970663 10.397686869
0.1260177 10.491608786
0.110178874 10.508248596
0.0572622070002 10.541114808
0.0490198160001 10.550959168
0.0373409420002 10.573180034
0.0294344480001 10.582533468
0.0203393960001 10.588037008
-0.0109248449999 10.598268941
-0.0199682209999 10.604340922
-0.0262210699998 10.610361226
-0.0333524169999 10.615063782
-0.0564517819999 10.618009338
-0.0683631999999 10.621058248
-0.0793444419999 10.62625173
-0.0881294349998 10.63348643
-0.0983355309998 10.654157003
-0.0976895759999 10.675008443
-0.0915644799998 10.700253768
-0.0881294349998 10.714411723
-0.0828067629999 10.756217957
-0.0752103269998 10.773658753
-0.0611026609999 10.791357931
-0.0406904709999 10.805026347
-0.0320605059999 10.813165385
-0.0302001549999 10.823784892
-0.0353161209999 10.843447774
-0.0360912679999 10.853137105
-0.0144388429999 10.95359609
-0.0095812579998 10.963001201
-0.00157141099982 10.971295268
0.00718774400016 10.976798808
0.0141899010002 10.983671774
0.0165670170001 10.996203308
0.0194092210001 11.031627502
0.0162052820001 11.062581686
0.00111576300012 11.08599111
-0.0322672119999 11.09857432
-0.0510774329999 11.098264262
-0.0850288499999 11.089401754
-0.103348145 11.087541403
-0.121744955 11.092192282
-0.142079631 11.103328552
-0.158667765 11.118443908
-0.166109171 11.134980367
-0.11506222 11.124658279
-0.0631180419998 11.114154765
0.0595876460001 11.089401754
0.287558227 11.043435567
0.374779215 11.025807961
0.486615844 11.003205465
0.488786254 11.001784363
0.490129842 10.9995106
0.490646606 10.996358337
0.489303019 10.991914165
0.488579549 10.987754212
0.487132609 10.983671774
0.483618612 10.979692688
0.499741658 10.975687764
0.487649373 10.933235576
