-61.773019986 17.126532294
-61.756418424 17.114162502
-61.755441861 17.123032945
-61.752756314 17.12889232
-61.74331621 17.141506252
-61.737619595 17.13296133
-61.729847786 17.127997137
-61.720082161 17.126369533
-61.708607551 17.127834377
-61.713490364 17.122544664
-61.716297981 17.118801174
-61.720529752 17.116115627
-61.729644335 17.114162502
-61.725087043 17.099839585
-61.714833137 17.093085028
-61.701649543 17.093451239
-61.688099739 17.100531317
-61.68065345 17.100531317
-61.675526496 17.095607815
-61.672108528 17.090643622
-61.667591926 17.079413153
-61.674387174 17.079901434
-61.688140429 17.078924872
-61.694935676 17.079413153
-61.685658332 17.068264065
-61.67707272 17.062933661
-61.672189908 17.057562567
-61.674427864 17.045884507
-61.685699023 17.028550523
-61.697010871 17.027818101
-61.709950325 17.034165757
-61.726226366 17.038478908
-61.733998176 17.034857489
-61.734364387 17.025783596
-61.729644335 17.001166083
-61.737131314 16.989243882
-61.753529426 16.996812242
-61.769764778 17.010972398
-61.776844856 17.018540757
-61.783599413 17.016913153
-61.804066536 17.007310289
-61.817860481 17.004950262
-61.838693814 17.004828192
-61.851714648 17.007635809
-61.883656379 17.026271877
-61.890370246 17.03538646
-61.883615689 17.049017645
-61.879221158 17.060451565
-61.882801887 17.07021719
-61.882435676 17.078802802
-61.866200325 17.086859442
-61.873361783 17.089544989
-61.894154426 17.100531317
-61.883127408 17.110500393
-61.865386523 17.117824611
-61.842355924 17.124416408
-61.850453254 17.137640692
-61.84878496 17.149481512
-61.839670377 17.159857489
-61.82526608 17.168768622
-61.793365038 17.164943752
-61.780669726 17.147162177
-61.773019986 17.126532294
-61.831450976 17.696356512
-61.818226692 17.691839911
-61.797271288 17.698797919
-61.784291145 17.696356512
-61.768177864 17.684637762
-61.754261848 17.668768622
-61.74327552 17.651353257
-61.735910611 17.634914455
-61.728749153 17.604966539
-61.72777259 17.588446356
-61.729644335 17.572821356
-61.736398892 17.554022528
-61.74327552 17.550604559
-61.753570116 17.551499742
-61.77065996 17.545558986
-61.776966926 17.563421942
-61.794748502 17.576117255
-61.838937955 17.593329169
-61.851796028 17.586574611
-61.857289192 17.600978908
-61.859364387 17.641791083
-61.863921679 17.66014232
-61.869740364 17.675482489
-61.873850064 17.691148179
-61.873036262 17.710638739
-61.869374153 17.707342841
-61.867827929 17.704087632
-61.866200325 17.696356512
-61.860096809 17.684230861
-61.844227668 17.665961005
-61.838937955 17.655422268
-61.839222786 17.641424872
-61.843169726 17.629584052
-61.843169726 17.620184637
-61.831450976 17.613836981
-61.826486783 17.632473049
-61.825021939 17.657945054
-61.831206835 17.680487372
-61.849191861 17.690130927
-61.8564347 17.701076565
-61.851673957 17.720282294
-61.837798632 17.727687893
-61.817860481 17.70319245
-61.824574348 17.69936758
-61.831450976 17.696356512
