6.742198113 53.57835521
6.749522332 53.572414455
6.75652103 53.562892971
6.747569207 53.565985419
6.734629754 53.575181382
6.726084832 53.577134507
6.715993686 53.576076565
6.701182488 53.571437893
6.695078972 53.57029857
6.677093946 53.575628973
6.663340691 53.587347723
6.659515821 53.599107164
6.671153191 53.604437567
6.747325066 53.618353583
6.784678582 53.620062567
6.798106316 53.604437567
6.775645379 53.602484442
6.74089603 53.593451239
6.722422722 53.590765692
6.722422722 53.584621486
6.733571811 53.58201732
6.742198113 53.57835521
7.085459832 53.686997789
6.87378991 53.672756252
6.910817905 53.6836612
7.047048373 53.694159247
7.085459832 53.686997789
7.3466903 53.723211981
7.345062696 53.722072658
7.342295769 53.722113348
7.29574629 53.71100495
7.173594597 53.701402085
7.133148634 53.708075262
7.178965691 53.724066473
7.232920769 53.729437567
7.346202019 53.727972723
7.3466903 53.723211981
7.422618035 53.734198309
7.435557488 53.727972723
7.43238366 53.724066473
7.429047071 53.722479559
7.421234571 53.721136786
7.381195509 53.728501695
7.366547071 53.727972723
7.383067254 53.734849351
7.403493686 53.736721096
7.422618035 53.734198309
8.171722852 53.725572007
8.155772332 53.716376044
8.150889519 53.714300848
8.142263217 53.715643622
8.136729363 53.717962958
8.130707227 53.718451239
8.1201278 53.714300848
8.1201278 53.721136786
8.132660352 53.734035549
8.152354363 53.739162502
8.1748153 53.737005927
8.195974155 53.727972723
8.181651238 53.727972723
8.171722852 53.725572007
7.627207879 53.750921942
7.625743035 53.74994538
7.623301629 53.74998607
7.620616082 53.749090887
7.547699415 53.750433661
7.513926629 53.745510158
7.511241082 53.727972723
7.481944207 53.727118231
7.472992384 53.731878973
7.469574415 53.745347398
7.474619988 53.756822007
7.48698978 53.761419989
7.517425977 53.762111721
7.606618686 53.762600002
7.626719597 53.755275783
7.627207879 53.750921942
7.798594597 53.776353257
7.77621504 53.767971096
7.748220248 53.760931708
7.719493035 53.759914455
7.694997592 53.76951732
7.685883009 53.7617862
7.677093946 53.75779857
7.668630405 53.75787995
7.660899285 53.762111721
7.68628991 53.780991929
7.728282097 53.786566473
7.812836134 53.783148505
7.812836134 53.776353257
7.798594597 53.776353257
7.928965691 53.792547919
7.955577019 53.782904364
7.946055535 53.784002997
7.935313347 53.783148505
7.89323978 53.78896719
7.875254754 53.788397528
7.87378991 53.776353257
7.8545028 53.784572658
7.858897332 53.790920315
7.876719597 53.794867255
7.897634311 53.796291408
7.914073113 53.795355536
7.928965691 53.792547919
11.497894727 54.022772528
11.468272332 53.970689195
11.457692905 53.961371161
11.445323113 53.96112702
11.444509311 53.968085028
11.451426629 53.985541083
11.447032097 53.997137762
11.438731316 53.997259833
11.433278842 53.988755601
11.437754754 53.975002346
11.423106316 53.967718817
11.407074415 53.968207098
11.390961134 53.973944403
11.375661655 53.981838283
11.390391472 54.004584052
11.426605665 54.022935289
11.468028191 54.030951239
11.497894727 54.022772528
11.539561394 54.056952216
11.53394616 54.056952216
11.528493686 54.075100002
11.528575066 54.077460028
11.53394616 54.084865627
11.601898634 54.104152736
11.61589603 54.112127997
11.598968946 54.098049221
11.552744988 54.073065497
11.539561394 54.056952216
13.986175977 54.071234442
14.016612175 54.060003973
14.192393425 53.946112372
14.209483269 53.938625393
14.210052931 53.938462632
14.210075518 53.938456568
14.19306604 53.911490784
14.184797811 53.908131816
14.175289348 53.90647817
14.192755981 53.893765768
14.200818737 53.8781572928
14.087412957 53.870428778
14.06511478 53.872381903
14.048350457 53.879380601
14.025075717 53.863836981
13.995860222 53.853745835
13.938487175 53.844671942
13.875254754 53.844061591
13.840098504 53.850287177
13.821787957 53.865139065
13.83472741 53.867987372
13.855479363 53.877386786
13.887705925 53.881537177
13.922373894 53.893377997
13.931651238 53.899318752
13.938975457 53.928208726
13.901866082 53.969794012
13.904470248 53.995428778
13.954844597 53.993597723
13.972666863 53.989243882
13.965830925 53.981838283
13.968272332 53.976263739
13.960297071 53.956732489
13.958994988 53.940863348
13.974619988 53.957342841
13.987478061 53.961411851
14.027842644 53.961371161
14.022634311 53.958970445
14.0185653 53.956366278
14.015879754 53.952704169
14.01433353 53.947088934
14.048350457 53.940863348
14.040293816 53.953843492
14.053070509 53.978420315
14.051280144 54.005072333
14.037445509 54.021714585
14.01433353 54.016017971
14.006195509 54.032294012
13.995290561 54.045721747
13.981700066 54.056341864
13.965830925 54.063788153
13.946055535 54.06659577
13.926117384 54.064032294
13.915863477 54.056382554
13.9248153 54.043890692
13.9248153 54.036444403
13.916270379 54.033636786
13.907237175 54.02749258
13.899912957 54.01972077
13.896983269 54.012274481
13.890879754 54.010158596
13.855967644 54.002346096
13.85808353 54.01577383
13.865570509 54.024074611
13.873545769 54.029974677
13.876312696 54.036444403
13.871104363 54.048651434
13.863617384 54.049994208
13.854991082 54.046332098
13.82300866 54.037909247
13.808278842 54.026312567
13.794200066 54.018133856
13.774099155 54.022772528
13.782074415 54.042141018
13.809255405 54.075100002
13.814952019 54.101263739
13.806162957 54.116644598
13.765310092 54.141913153
13.7529403 54.153143622
13.762217644 54.164455471
13.777598504 54.174017645
13.796153191 54.178290106
13.814952019 54.173651434
13.823741082 54.16396719
13.844086134 54.131293036
13.855967644 54.118353583
13.882497592 54.102443752
13.948415561 54.079779364
13.986175977 54.071234442
7.904144727 54.180405992
7.899180535 54.178168036
7.897715691 54.182318427
7.8935653 54.183091539
7.890391472 54.18756745
7.885915561 54.190659898
7.879893425 54.193915106
7.894541863 54.194647528
7.900645379 54.190659898
7.904144727 54.180405992
7.933441602 54.189886786
7.917653842 54.186997789
7.912364129 54.192287502
7.929860873 54.19529857
7.933441602 54.189886786
8.887950066 54.468451239
8.844493035 54.466498114
8.823903842 54.470851955
8.812836134 54.482123114
8.823741082 54.485541083
8.825531446 54.491197007
8.820974155 54.497259833
8.812836134 54.501939195
8.844493035 54.51972077
8.879649285 54.529120184
8.919200066 54.530462958
8.963145379 54.52366771
8.958506707 54.522447007
8.956309441 54.51943594
8.95582116 54.514960028
8.956879102 54.509426174
8.938487175 54.499090887
8.925791863 54.486761786
8.911306186 54.475490627
8.887950066 54.468451239
11.255625847 54.478705145
11.314219597 54.413804429
11.188487175 54.426174221
11.170176629 54.420070705
11.17465254 54.416001695
11.179047071 54.41421133
11.138845248 54.412665106
11.112640821 54.415228583
11.101328972 54.423488674
11.103282097 54.443833726
11.098643425 54.451646226
11.084320509 54.454779364
11.058116082 54.455267645
11.047373894 54.45327383
11.039886915 54.447333075
11.032481316 54.447333075
11.029144727 54.454657294
11.025726759 54.458807684
11.020355665 54.458970445
11.008474155 54.454657294
11.005707227 54.468451239
11.033702019 54.508856512
11.07292728 54.53119538
11.121267123 54.535956122
11.206553582 54.514471747
11.232106967 54.501654364
11.240000847 54.495550848
11.255625847 54.478705145
8.669769727 54.501898505
8.641286655 54.49237702
8.618825717 54.492621161
8.606130405 54.499212958
8.595876498 54.513657945
8.602061394 54.529771226
8.6201278 54.537909247
8.627452019 54.539943752
8.634532097 54.542629299
8.698903842 54.55857982
8.700938347 54.547756252
8.692881707 54.523260809
8.669769727 54.501898505
13.157237175 54.599066473
13.157074415 54.587958075
13.156504754 54.589056708
13.153656446 54.591131903
13.149668816 54.591376044
13.149668816 54.577704169
13.14340254 54.577704169
13.14340254 54.598130601
13.118907097 54.586411851
13.113129102 54.570054429
13.11215254 54.55068594
13.102549675 54.529933986
13.095225457 54.524359442
13.0810653 54.517157294
13.075043165 54.509426174
13.071462436 54.499660549
13.069590691 54.489650783
13.068207227 54.468451239
13.06137129 54.468451239
13.06137129 54.482123114
13.064219597 54.505113023
13.095550977 54.570786851
13.102305535 54.596096096
13.109629754 54.603094794
13.125987175 54.60561758
13.139821811 54.606024481
13.15105228 54.604925848
13.157237175 54.599066473
13.390879754 54.650539455
13.382985873 54.636379299
13.385996941 54.618638414
13.394541863 54.604437567
13.407725457 54.593410549
13.42457116 54.585150458
13.466319207 54.576890367
13.595957879 54.591376044
13.640472852 54.585679429
13.67066491 54.566229559
13.677256707 54.540472723
13.65113366 54.516262111
13.606781446 54.498968817
13.58480879 54.486517645
13.575450066 54.471869208
13.579112175 54.455064195
13.587901238 54.43756745
13.599131707 54.422674872
13.609548373 54.413804429
13.630056186 54.407538153
13.677419467 54.400824286
13.6982528 54.392075914
13.724864129 54.363592841
13.741953972 54.350490627
13.766449415 54.344916083
13.753103061 54.339300848
13.740082227 54.329820054
13.730153842 54.316839911
13.726247592 54.300523179
13.726247592 54.284654039
13.723155144 54.278387762
13.712738477 54.278998114
13.690928582 54.283514716
13.702647332 54.283514716
13.711924675 54.286566473
13.715993686 54.293280341
13.711924675 54.303941148
13.705088738 54.303941148
13.694834832 54.297430731
13.679453972 54.294012762
13.663340691 54.293890692
13.65113366 54.297186591
13.65113366 54.303941148
13.688243035 54.313299872
13.703623894 54.32046133
13.711924675 54.331854559
13.659922722 54.329779364
13.636729363 54.325506903
13.616953972 54.317613023
13.672129754 54.340318101
13.690928582 54.344916083
13.690928582 54.35175202
13.664073113 54.353257554
13.650075717 54.352443752
13.640310092 54.348334052
13.626800977 54.339097398
13.618337436 54.341376044
13.610606316 54.347967841
13.599294467 54.35175202
13.499685092 54.344916083
13.481781446 54.338283596
13.428884311 54.310939846
13.417735222 54.300523179
13.406097852 54.2852237
13.38160241 54.282212632
13.359629754 54.275458075
13.355723504 54.248724677
13.369395379 54.255560614
13.369639519 54.260646877
13.367523634 54.26194896
13.364756707 54.262030341
13.363129102 54.263006903
13.410899285 54.267889716
13.417735222 54.266058661
13.425059441 54.243231512
13.423024936 54.232733466
13.407237175 54.228216864
13.378672722 54.230861721
13.347015821 54.237453518
13.31153405 54.251125393
13.319509311 54.256415106
13.324880405 54.268215236
13.335215691 54.283514716
13.320567254 54.278387762
13.313975457 54.274400132
13.307871941 54.269191799
13.311859571 54.266424872
13.314707879 54.263006903
13.294688347 54.264105536
13.2841903 54.262844143
13.276866082 54.259263414
13.267914259 54.256496486
13.257985873 54.260443427
13.24878991 54.266262111
13.242442254 54.269191799
13.227793816 54.270819403
13.210134311 54.275824286
13.199229363 54.284409898
13.204844597 54.297186591
13.19027754 54.299750067
13.159678582 54.290961005
13.149668816 54.290269273
13.142832879 54.298000393
13.148936394 54.30475495
13.162282748 54.307684637
13.177500847 54.303941148
13.177500847 54.310207424
13.115489129 54.338080145
13.129242384 54.35956452
13.148936394 54.377264716
13.174327019 54.383978583
13.204844597 54.372259833
13.211680535 54.37909577
13.223317905 54.372503973
13.23715254 54.373968817
13.266856316 54.385891018
13.251149936 54.38690827
13.239268425 54.393622137
13.234385613 54.403387762
13.239024285 54.413804429
13.239024285 54.420070705
13.22535241 54.420843817
13.217946811 54.42568594
13.211599155 54.431097723
13.201426629 54.4336612
13.156993035 54.426825262
13.174327019 54.447658596
13.181813998 54.45302969
13.208832227 54.45693594
13.239024285 54.466253973
13.259532097 54.468451239
13.259532097 54.475287177
13.2607528 54.475490627
13.266856316 54.477484442
13.273122592 54.482123114
13.245371941 54.4883487
13.23324629 54.493068752
13.22535241 54.501939195
13.228770379 54.504299221
13.231944207 54.506008205
13.233653191 54.509222723
13.232758009 54.516262111
13.203298373 54.509466864
13.185394727 54.508286851
13.177500847 54.512844143
13.175303582 54.516017971
13.17066491 54.516791083
13.166026238 54.519110419
13.163828972 54.526800848
13.162608269 54.535467841
13.15886478 54.540676174
13.152354363 54.54295482
13.14340254 54.54291413
13.166351759 54.549383856
13.242930535 54.555975653
13.259532097 54.553778387
13.264903191 54.547796942
13.276540561 54.545070705
13.288259311 54.539943752
13.293630405 54.526800848
13.297862175 54.51968008
13.305511915 54.52342357
13.309255405 54.534816799
13.301036004 54.550360419
13.3154403 54.561957098
13.333669467 54.573065497
13.352549675 54.581447658
13.369395379 54.585150458
13.35824629 54.564764716
13.350759311 54.555975653
13.342051629 54.550360419
13.348399285 54.550482489
13.353851759 54.549872137
13.358653191 54.547552802
13.363129102 54.54291413
13.35808353 54.538153387
13.348887566 54.52366771
13.363291863 54.523138739
13.374847852 54.525580145
13.383799675 54.531887111
13.389821811 54.54291413
13.381358269 54.544378973
13.371836785 54.548895575
13.363129102 54.550360419
13.363129102 54.557196356
13.376719597 54.564642645
13.387868686 54.551255601
13.405528191 54.538234768
13.417328321 54.524562893
13.410899285 54.509426174
13.430674675 54.492743231
13.455577019 54.487494208
13.507090691 54.48826732
13.499685092 54.495754299
13.509287957 54.508978583
13.514170769 54.513128973
13.520762566 54.516262111
13.520762566 54.52366771
13.512950066 54.537543036
13.507497592 54.544663804
13.499685092 54.550360419
13.499685092 54.557196356
13.505544467 54.559719143
13.508799675 54.561835028
13.512868686 54.563544012
13.520762566 54.564642645
13.520762566 54.570786851
13.508311394 54.57037995
13.500254754 54.566066799
13.493907097 54.560736395
13.486582879 54.557196356
13.475759311 54.556097723
13.441416863 54.557196356
13.436045769 54.560370184
13.430674675 54.567450262
13.423838738 54.574530341
13.414317254 54.577704169
13.399261915 54.579575914
13.393077019 54.584540106
13.38965905 54.591050523
13.382985873 54.598130601
13.371348504 54.608099677
13.369151238 54.612127997
13.355723504 54.60561758
13.347911004 54.600816148
13.331797722 54.587836005
13.308360222 54.579575914
13.291351759 54.568793036
13.273285352 54.560939846
13.253265821 54.564642645
13.249766472 54.576483466
13.25684655 54.594916083
13.269867384 54.611802476
13.28394616 54.619289455
13.286957227 54.623521226
13.291270379 54.63296133
13.293467644 54.642279364
13.290537957 54.646551825
13.245860222 54.639797268
13.231211785 54.633856512
13.224782748 54.634955145
13.22535241 54.646551825
13.230967644 54.653306382
13.241547071 54.659979559
13.253591342 54.665025132
13.390798373 54.688177802
13.418711785 54.688421942
13.445078972 54.680080471
13.445078972 54.673895575
13.429698113 54.666734117
13.40902754 54.659816799
13.390879754 54.650539455
8.360687696 54.710028387
8.359141472 54.708929755
8.356293165 54.709173895
8.353526238 54.707993882
8.34245853 54.701402085
8.332367384 54.693793036
8.382334832 54.639146226
8.4013778 54.63296133
8.387705925 54.626125393
8.353688998 54.618963934
8.330251498 54.631415106
8.31137129 54.651353257
8.291514519 54.667059637
8.320485873 54.698716539
8.338389519 54.710150458
8.360362175 54.71482982
8.360687696 54.710028387
8.574066602 54.694403387
8.565765821 54.68756745
8.552093946 54.685003973
8.535166863 54.686183986
8.519867384 54.689601955
8.511241082 54.693793036
8.485199415 54.688055731
8.452810092 54.693833726
8.394541863 54.71482982
8.414235873 54.735785223
8.436778191 54.748480536
8.464121941 54.754787502
8.497569207 54.756415106
8.553233269 54.754461981
8.575938347 54.746405341
8.593760613 54.728501695
8.593760613 54.721665757
8.585459832 54.713609117
8.574066602 54.694403387
8.904138224 54.8979422
8.982686401 54.879338684
9.19476648 54.850399882
9.211509644 54.841821594
9.216057169 54.83174469
9.219054403 54.817792054
9.226392456 54.805906474
9.244065796 54.80177236
9.317032918 54.80161733
9.332019084 54.8032193
9.341734253 54.809058736
9.355996948 54.811332499
9.366952352 54.817016907
9.385039103 54.819394023
9.405192911 54.808386943
9.422142781 54.807250061
9.436922241 54.810143942
9.43750302653 54.8104111271
9.437510613 54.810410874
9.451426629 54.810370184
9.510996941 54.827826239
9.52995853 54.841498114
9.554372592 54.847113348
9.566905144 54.860174872
9.579925977 54.866278387
9.583181186 54.830267645
9.63160241 54.819891669
9.693044467 54.818019924
9.734629754 54.807318427
9.752126498 54.799627997
9.778086785 54.79315827
9.801768425 54.783392645
9.812185092 54.766058661
9.823741082 54.756740627
9.849864129 54.759344794
9.895355665 54.76947663
9.891449415 54.790269273
9.915049675 54.791205145
9.947520379 54.779527085
9.970469597 54.762640692
9.984141472 54.728501695
9.990489129 54.720526434
9.999522332 54.712958075
10.01823978 54.701239325
10.005381707 54.69550202
9.992198113 54.696478583
9.979828321 54.699774481
9.970469597 54.701239325
9.971039259 54.699042059
9.946299675 54.68764883
9.943125847 54.68756745
9.936696811 54.685003973
9.93238366 54.685248114
9.929942254 54.683091539
9.929453972 54.673895575
9.94410241 54.673325914
9.970225457 54.677923895
9.996348504 54.678778387
10.011403842 54.667059637
10.02214603 54.672430731
10.033539259 54.672919012
10.039073113 54.666815497
10.031911655 54.652777411
10.036957227 54.638902085
10.037608269 54.619086005
10.031911655 54.577704169
10.026866082 54.559963283
10.020030144 54.545843817
10.01042728 54.534328518
9.997813347 54.52366771
9.965586785 54.506170966
9.925303582 54.493109442
9.882009311 54.484849351
9.840098504 54.482123114
9.840098504 54.475287177
9.883311394 54.462103583
10.124685092 54.495754299
10.14340254 54.491848049
10.203868035 54.46100495
10.183929884 54.44936758
10.183848504 54.438421942
10.191742384 54.426174221
10.197032097 54.41010163
10.191254102 54.396714585
10.177093946 54.384263414
10.15902754 54.375311591
10.141774936 54.372259833
10.144379102 54.370021877
10.147797071 54.368312893
10.148285352 54.365179755
10.141774936 54.358587958
10.152517123 54.35179271
10.155528191 54.343410549
10.151621941 54.333970445
10.141774936 54.32440827
10.163747592 54.329169012
10.180349155 54.341131903
10.203868035 54.372259833
10.217133009 54.405422268
10.224375847 54.413804429
10.234385613 54.417710679
10.27214603 54.420070705
10.285817905 54.424750067
10.292491082 54.430161851
10.297618035 54.435736395
10.306895379 54.441107489
10.318369988 54.443304755
10.360850457 54.441107489
10.382823113 54.434759833
10.443369988 54.40639883
10.601084832 54.365423895
10.69019616 54.316229559
10.731293165 54.310207424
10.777110222 54.315130927
10.810801629 54.327378648
10.867930535 54.358587958
10.900889519 54.37103913
10.935313347 54.379543361
11.018809441 54.385891018
11.018809441 54.37909577
11.000824415 54.378566799
10.975840691 54.378404039
10.993174675 54.373846747
11.01050866 54.377183335
11.03394616 54.367621161
11.10417728 54.392889716
11.13550866 54.385891018
11.098399285 54.361517645
11.087738477 54.35175202
11.081797722 54.354641018
11.066579623 54.358587958
11.077403191 54.342230536
11.086599155 54.302435614
11.094493035 54.283514716
11.087087436 54.270900783
11.087738477 54.25389232
11.094493035 54.225083726
11.090179884 54.207993882
11.080577019 54.198879299
11.070974155 54.192572333
11.066579623 54.183905341
10.950450066 54.139471747
10.910329623 54.109198309
10.892832879 54.102525132
10.852386915 54.094305731
10.844574415 54.094468492
10.836110873 54.08999258
10.829356316 54.092840887
10.822276238 54.097357489
10.813324415 54.09788646
10.805430535 54.094875393
10.801442905 54.092230536
10.762868686 54.056830145
10.75261478 54.050116278
10.75261478 54.043890692
10.765879754 54.024359442
10.780446811 54.009955145
10.79965254 54.000555731
10.82691491 53.995428778
10.865570509 53.997788804
10.875498894 53.995428778
10.882578972 53.985052802
10.883555535 53.973130601
10.887380405 53.963934637
10.902110222 53.961371161
10.906016472 53.961208401
10.917653842 53.960760809
10.922618035 53.961371161
10.935394727 53.967271226
10.964691602 53.985419012
10.981211785 53.989243882
11.000254754 53.991603908
11.05347741 54.008490302
11.175059441 54.018011786
11.183848504 54.016017971
11.190765821 54.010321356
11.197276238 53.99624258
11.204356316 53.989243882
11.239919467 53.983465887
11.245371941 53.978420315
11.240733269 53.955633856
11.242930535 53.94521719
11.255625847 53.940863348
11.285411004 53.939683335
11.293711785 53.940863348
11.334157748 53.961371161
11.341807488 53.958319403
11.352061394 53.944159247
11.35824629 53.940863348
11.399912957 53.940863348
11.400401238 53.93773021
11.438731316 53.909125067
11.446299675 53.90615469
11.457692905 53.90615469
11.458994988 53.916693427
11.469086134 53.932766018
11.476817254 53.952704169
11.472422722 53.96881745
11.479828321 53.976141669
11.489512566 53.98061758
11.497894727 53.981838283
11.495941602 53.986314195
11.493500196 53.997626044
11.491709832 54.002346096
11.525889519 54.022772528
11.525889519 54.030218817
11.519053582 54.030218817
11.519053582 54.036444403
11.544606967 54.030178127
11.553233269 54.030218817
11.573496941 54.03904857
11.591319207 54.065619208
11.604746941 54.071234442
11.612803582 54.072902736
11.619395379 54.077297268
11.624522332 54.083644924
11.628916863 54.091050523
11.629567905 54.096014716
11.622080925 54.099554755
11.622080925 54.104681708
11.625254754 54.109808661
11.629405144 54.11322663
11.633148634 54.115912177
11.657888217 54.142238674
11.689707879 54.155218817
11.728770379 54.158514716
11.812266472 54.149807033
12.050629102 54.17991771
12.088145379 54.194077867
12.093272332 54.165432033
12.089528842 54.137640692
12.091644727 54.113999742
12.115000847 54.09788646
12.105316602 54.110012111
12.10035241 54.135972398
12.095062696 54.145697333
12.105479363 54.157375393
12.134287957 54.166978257
12.142832879 54.180487372
12.13160241 54.181138414
12.120860222 54.179999091
12.110606316 54.177435614
12.101328972 54.173651434
12.108897332 54.183010158
12.142832879 54.209173895
12.16309655 54.219916083
12.186859571 54.243353583
12.200938347 54.248724677
12.214040561 54.250962632
12.289398634 54.275091864
12.327321811 54.293768622
12.342133009 54.303941148
12.378184441 54.344916083
12.438324415 54.395819403
12.444834832 54.405462958
12.486094597 54.447333075
12.501963738 54.473578192
12.513438347 54.482245184
12.53386478 54.48826732
12.53386478 54.482123114
12.527028842 54.482123114
12.548350457 54.462062893
12.591481967 54.451727606
12.81910241 54.451727606
12.856618686 54.441107489
12.879649285 54.448797919
12.908376498 54.444647528
12.921153191 54.43349844
12.896332227 54.420070705
12.870778842 54.416815497
12.763682488 54.422186591
12.720957879 54.431586005
12.694590691 54.4336612
12.686778191 54.431626695
12.676117384 54.422552802
12.670420769 54.420070705
12.650075717 54.420070705
12.624196811 54.422919012
12.614512566 54.419745184
12.60840905 54.40639883
12.602224155 54.413804429
12.596934441 54.411932684
12.588063998 54.407456773
12.581716342 54.40639883
12.583506707 54.397853908
12.587657097 54.394029039
12.594004754 54.392767645
12.602224155 54.392075914
12.598643425 54.391546942
12.595876498 54.391506252
12.594411655 54.390204169
12.594737175 54.385891018
12.575531446 54.391994533
12.554047071 54.39081452
12.535980665 54.383734442
12.527028842 54.372259833
12.5107528 54.384263414
12.49097741 54.390082098
12.454763217 54.392075914
12.438487175 54.387518622
12.424978061 54.375921942
12.418467644 54.360663153
12.424001498 54.344916083
12.409678582 54.346625067
12.403819207 54.348089911
12.396739129 54.35175202
12.389903191 54.344916083
12.396494988 54.332953192
12.391612175 54.321112372
12.379079623 54.31244538
12.362559441 54.310207424
12.369639519 54.296576239
12.3779403 54.285874742
12.380137566 54.277085679
12.368825717 54.269191799
12.412445509 54.251410223
12.436778191 54.247707424
12.458181186 54.255560614
12.442637566 54.255194403
12.430837436 54.258612372
12.410329623 54.269191799
12.41684004 54.280951239
12.426280144 54.289618231
12.451426629 54.303941148
12.457286004 54.306301174
12.468272332 54.308335679
12.472422722 54.310207424
12.47559655 54.315130927
12.476573113 54.327785549
12.478688998 54.331854559
12.495616082 54.340277411
12.560557488 54.358587958
12.547048373 54.364488023
12.540782097 54.365423895
12.540782097 54.372259833
12.559336785 54.376288153
12.566091342 54.375921942
12.574229363 54.372259833
12.574229363 54.37909577
12.592946811 54.369330145
12.622731967 54.373928127
12.677256707 54.392075914
12.675059441 54.395412502
12.672373894 54.402980861
12.670420769 54.40639883
12.680837436 54.410874742
12.692556186 54.413641669
12.704844597 54.414618231
12.71753991 54.413804429
12.71753991 54.40639883
12.702484571 54.404120184
12.692393425 54.396185614
12.68653405 54.384751695
12.684092644 54.372259833
12.696625196 54.384955145
12.701182488 54.391669012
12.704600457 54.399603583
12.71355228 54.390082098
12.723806186 54.381252346
12.735036655 54.378159898
12.746104363 54.385891018
12.757823113 54.379787502
12.7685653 54.380072333
12.778330925 54.384751695
12.787119988 54.392075914
12.789886915 54.384344794
12.794688347 54.377142645
12.800954623 54.370754299
12.818044467 54.357977606
12.821787957 54.356146552
12.825368686 54.357245184
12.835459832 54.358587958
12.854665561 54.357855536
12.864756707 54.35956452
12.875987175 54.365423895
12.884532097 54.373480536
12.894867384 54.389715887
12.903819207 54.399603583
12.929372592 54.414374091
12.969086134 54.429388739
13.008799675 54.438055731
13.0341903 54.4336612
13.021494988 54.426459052
13.021006707 54.414536851
13.028575066 54.401841539
13.040375196 54.392075914
13.083669467 54.3789737
13.095550977 54.372259833
13.076670769 54.352525132
13.08073978 54.337144273
13.109222852 54.310207424
13.11207116 54.299302476
13.11207116 54.288478908
13.114919467 54.280015367
13.125987175 54.276597398
13.17066491 54.276597398
13.17066491 54.269191799
13.161306186 54.269029039
13.154633009 54.267320054
13.14340254 54.263006903
13.176117384 54.264837958
13.228363477 54.247381903
13.263194207 54.242499091
13.288828972 54.23427969
13.321787957 54.194525458
13.348887566 54.180487372
13.333343946 54.174017645
13.321543816 54.166815497
13.34652754 54.166937567
13.383799675 54.178127346
13.403493686 54.173651434
13.395681186 54.161932684
13.390879754 54.157294012
13.382985873 54.153143622
13.394786004 54.148911851
13.402110222 54.151312567
13.408702019 54.154608466
13.417735222 54.153143622
13.423187696 54.148098049
13.437673373 54.12518952
13.450368686 54.110419012
13.465098504 54.098456122
13.483571811 54.091294664
13.507090691 54.091050523
13.507090691 54.09788646
13.49887129 54.102484442
13.487478061 54.113918361
13.47925866 54.118353583
13.47925866 54.12518952
13.602712436 54.139471747
13.632334832 54.147528387
13.683441602 54.1680362
13.711924675 54.173651434
13.716481967 54.168443101
13.714691602 54.16404857
13.708262566 54.160874742
13.6982528 54.159328518
13.6982528 54.153143622
13.728770379 54.143866278
13.808116082 54.104681708
13.808116082 54.09788646
13.793711785 54.083197333
13.785492384 54.063910223
13.773203972 54.046332098
13.746104363 54.036444403
13.758148634 54.030991929
13.787119988 54.009100653
13.797618035 53.998928127
13.80347741 53.99632396
13.831797722 53.989243882
13.83863366 53.986314195
13.843109571 53.979559637
13.846202019 53.972235419
13.849131707 53.967596747
13.85027103 53.964016018
13.848968946 53.959458726
13.848643425 53.955552476
13.852549675 53.953843492
13.866872592 53.954657294
13.8701278 53.953843492
13.875498894 53.951239325
13.88160241 53.949042059
13.887950066 53.947577216
13.8935653 53.947088934
13.906016472 53.943060614
13.907562696 53.93353913
13.9013778 53.922308661
13.890147332 53.912909247
13.818532748 53.877997137
13.808116082 53.865139065
13.817067905 53.852932033
13.835785352 53.847479559
13.85434004 53.844916083
13.862803582 53.841253973
13.869151238 53.830308335
13.883799675 53.817694403
13.899912957 53.809149481
13.910655144 53.810492255
13.984222852 53.773993231
14.017344597 53.76951732
14.033539259 53.757513739
14.037445509 53.755275783
14.06153405 53.756415106
14.068858269 53.755275783
14.094004754 53.74632396
14.106130405 53.743353583
14.18653405 53.739813544
14.214691602 53.744859117
14.226573113 53.758693752
14.234141472 53.7617862
14.250173373 53.759955145
14.26449629 53.751613674
14.267425977 53.735419012
14.259532097 53.727972723
14.212738477 53.708075262
14.22535241 53.703762111
14.240000847 53.700751044
14.256195509 53.69944896
14.2639007203 53.6999761596
14.263862752 53.699875794
14.265102986 53.671763815
14.260968872 53.656209209
14.27605839 53.636623841
14.297039022 53.597763164
14.298899373 53.587892965
14.296212199 53.551306051
14.296935669 53.529136862
14.30417037 53.508517965
14.328458293 53.486090394
14.338896932 53.465213115
14.359877564 53.444077454
14.370316202 53.392297669
14.391260511 53.334017003
14.39801477 53.31522227
14.399565064 53.306747335
14.40018518 53.288608908
14.403285767 53.278790385
14.409383586 53.272434184
14.42467981 53.264656881
14.428607219 53.259075827
14.44162968 53.251841126
14.415584757 53.220990296
14.408246704 53.214401551
14.397704712 53.210990906
14.387782837 53.202076722
14.380651489 53.189855245
14.377860962 53.176548564
14.381478312 53.160296326
14.387472779 53.146136984
14.389539835 53.131667583
14.359567505 53.075056051
14.356776977 53.066684469
14.343341105 53.048623555
14.312645305 53.029219055
14.253734172 53.000874533
14.192859334 52.9816509
14.144490193 52.95992096
14.144490193 52.95369395
14.15048466 52.943642884
14.162680298 52.908167013
14.164954061 52.895661317
14.160819946 52.876747742
14.15048466 52.864629619
14.123922973 52.850651144
14.135395142 52.836595154
14.152758423 52.828326925
14.173739054 52.824347839
14.19595992 52.823365987
14.216010375 52.817991639
14.248669882 52.794582215
14.275955037 52.785719706
14.382201782 52.738151551
14.397704712 52.727118633
14.43191451 52.686087546
14.442353149 52.679963888
14.461370076 52.674563701
14.490102173 52.650637512
14.549943481 52.63619395
14.607964828 52.596462963
14.613712199 52.592527364
14.644821411 52.576921082
14.616812785 52.5410318
14.60906132 52.517803243
14.627664836 52.50741628
14.632315715 52.496745098
14.615779256 52.473283997
14.591594686 52.449797059
14.539814901 52.421865947
14.545395956 52.382152608
14.569167114 52.338511861
14.590147746 52.30941803
14.58415328 52.291227926
14.606580851 52.275750835
14.64048059 52.265053813
14.668902628 52.260997213
14.696911255 52.253478293
14.712414184 52.235908305
14.712104126 52.215444438
14.692570435 52.199579773
14.692570435 52.193378601
14.707039836 52.179451803
14.70321578 52.16516327
14.692467082 52.146973165
14.686369263 52.121031596
14.696394491 52.106691386
14.761403443 52.076667379
14.743006633 52.062533875
14.73535852 52.054033102
14.732154582 52.045067241
14.73029423 52.035894674
14.726056762 52.026437887
14.704456014 52.002227478
14.699081665 51.992512309
14.695567667 51.931456604
14.687092733 51.911897074
14.671693156 51.893887838
14.653296346 51.878617453
14.595935507 51.842418112
14.582809693 51.825080668
14.585806925 51.803893332
14.602240031 51.788312887
14.620326782 51.780535584
14.634176066 51.769011739
14.638103475 51.742630921
14.648438761 51.717206116
14.670969686 51.700773011
14.719545532 51.675632426
14.73246464 51.658346659
14.742283162 51.632973532
14.743936808 51.60664439
14.732154582 51.586619772
14.712724243 51.567421977
14.704559367 51.547991638
14.70676996 51.540828064
14.710037068 51.530240784
14.732154582 51.515823059
14.797473592 51.502102966
14.818557576 51.492697856
14.818557576 51.492594504
14.841398559 51.484429627
14.88832076 51.475747987
14.910955038 51.468978373
14.92656132 51.461330261
14.945061483 51.4491863
14.955396769 51.43541453
14.946921835 51.422908834
14.950647846 51.396539377
14.956637004 51.354153341
14.956637004 51.353223165
14.960977824 51.335291443
14.963768352 51.328392639
14.982268514 51.308006287
15.004902792 51.291288961
15.019475545 51.271677755
15.014307901 51.242661439
15.017925252 51.239560852
15.022059367 51.236770325
15.004902792 51.215608826
14.991363566 51.188969625
14.98319869 51.160909323
14.982061808 51.135639547
14.979994751 51.122797954
14.973380168 51.116131694
14.965628703 51.111506653
14.960254354 51.104582011
14.958497355 51.094737651
14.958290649 51.075514018
14.955293417 51.06404185
14.910644979 50.992650859
14.860208781 50.916841533
14.824655395 50.891830139
14.810496053 50.87705068
14.8103927 50.858447164
14.794579712 50.831627096
14.785071248 50.820051575
14.775356079 50.812971904
14.759233032 50.810181376
14.737528931 50.810698141
14.700425252 50.815969137
14.662184692 50.834365946
14.647921997 50.839378561
14.613195435 50.845579732
14.60833785 50.853072815
14.611851847 50.870952861
14.628801717 50.896119283
14.634589478 50.909400127
14.629215128 50.920717266
14.617122843 50.920872294
14.561829061 50.906351217
14.550356893 50.912087301
14.555834594 50.924282939
14.567823527 50.938648987
14.575574992 50.950689596
14.577435343 50.965727437
14.574334758 50.975494283
14.566686645 50.983400778
14.55459436 50.992650859
14.542295369 50.998748678
14.515320272 51.003037822
14.502917928 51.008515524
14.493512818 51.016706238
14.490102173 51.022700704
14.487931763 51.028721009
14.482144002 51.037195943
14.473462362 51.023372498
14.462093547 51.019651794
14.425816691 51.020943706
14.397808064 51.013114726
14.386749308 51.013269756
14.375897257 51.016990459
14.369386027 51.022442322
14.364115031 51.027997538
14.356570272 51.032338359
14.31936324 51.040012309
14.287530558 51.036834208
14.263552694 51.021434632
14.249496704 50.992650859
14.238334595 50.982470602
14.250013469 50.977613017
14.283809855 50.97482249
14.303756958 50.969706523
14.302206665 50.967691142
14.29373173 50.963970439
14.292801554 50.953480124
14.318329712 50.937512106
14.355226685 50.93063914
14.381891724 50.920872294
14.375897257 50.895964254
14.346545044 50.880202942
14.26810022 50.884130351
14.232133423 50.879376119
14.221281372 50.872606507
14.202987915 50.855139873
14.190792277 50.847905172
14.034936157 50.802584941
14.015712524 50.801758118
13.97912561 50.804755351
13.959591919 50.802068177
13.948843221 50.797210592
13.933546997 50.784808248
13.923315064 50.779950664
13.910706014 50.778762105
13.900990844 50.780622457
13.89251591 50.780415752
13.883317505 50.773232727
13.879080037 50.763517558
13.880320272 50.755042623
13.882697388 50.748014628
13.882180624 50.742743632
13.875359334 50.736542461
13.869571574 50.735250549
13.863473755 50.735147197
13.834534953 50.723675029
13.816551554 50.721349589
13.770662882 50.724605204
13.749062134 50.723209941
13.71102828 50.714269918
13.69175297 50.711841126
13.601939331 50.712151185
13.556567423 50.706725159
13.515639689 50.691015524
13.52721521 50.675667623
13.523287801 50.662180075
13.509955281 50.651224671
13.493315471 50.643214823
13.49910323 50.635204977
13.498173055 50.629158834
13.492178589 50.624456279
13.482256713 50.620890605
13.464893432 50.607092998
13.447943563 50.597274476
13.429340048 50.594328919
13.407015828 50.601305237
13.400401245 50.606576234
13.386345256 50.621614075
13.380970906 50.625489807
13.368775268 50.628332011
13.365984741 50.627091777
13.365364624 50.623474427
13.359370158 50.619340312
13.321853068 50.602390443
13.316272013 50.596034241
13.305626668 50.57577708
13.284646037 50.56895579
13.268006226 50.573658346
13.251779825 50.580893047
13.232349487 50.582029928
13.199069865 50.525340882
13.184703817 50.508752747
13.160105835 50.497022197
13.107395874 50.498985901
13.079180542 50.492784729
13.078973836 50.492681376
13.078870483 50.492681376
13.069775431 50.491079407
13.060370321 50.490614319
13.051068563 50.491131084
13.04228357 50.492784729
13.034532104 50.496505432
13.026263875 50.497642314
13.017892293 50.496350404
13.009624064 50.492681376
13.003112833 50.451908672
12.996601603 50.433666891
12.982442261 50.42296987
12.960631103 50.409234123
12.952573283 50.404159648
12.918363485 50.405399882
12.825759318 50.441418356
12.817387736 50.443020325
12.808396037 50.441831767
12.794340047 50.435888977
12.788138875 50.434338684
12.77025883 50.435940654
12.754239136 50.435320536
12.737909383 50.431548157
12.725093628 50.423434958
12.702976115 50.40152415
12.691814006 50.394651184
12.678791544 50.393721008
12.625358114 50.399922181
12.55053064 50.396356507
12.510223022 50.388760071
12.482524454 50.3735672
12.475083048 50.369433085
12.471569051 50.364472148
12.469501994 50.359407858
12.466814819 50.354912008
12.467021525 50.352844951
12.468365113 50.349485983
12.468985229 50.345558574
12.466814819 50.341889547
12.462784058 50.340494283
12.453792359 50.34070099
12.450175008 50.339357402
12.438289429 50.332536113
12.408937215 50.321994121
12.398188517 50.315172831
12.367182658 50.279051005
12.355813842 50.271402894
12.344651733 50.26639028
12.336486857 50.258587138
12.333799683 50.242722473
12.314059286 50.226496074
12.308684936 50.217090963
12.305584351 50.19931427
12.308581583 50.186911927
12.314369344 50.176214905
12.314369344 50.167326559
12.300416707 50.160815328
12.283363484 50.162210592
12.273234904 50.172339173
12.261245972 50.199882711
12.260212443 50.205050355
12.258455445 50.210889791
12.25432133 50.217401021
12.24998051 50.221173401
12.232513875 50.23249054
12.229930054 50.234815979
12.228896525 50.237038066
12.229826701 50.239053447
12.232513875 50.240965475
12.23375411 50.241688944
12.235097697 50.242257385
12.236441284 50.242567445
12.237991577 50.242722473
12.24243575 50.248355204
12.242952515 50.252954407
12.239645223 50.256571758
12.232513875 50.259103902
12.203781779 50.25956899
12.189209025 50.262462871
12.178046916 50.268767395
12.174119507 50.276570537
12.174429565 50.293727112
12.168538452 50.302977193
12.149314819 50.311710511
12.101343547 50.313980338
12.076140991 50.315172831
12.09918868 50.299773255
12.107250203 50.290884908
12.110970906 50.276622213
12.109110555 50.263806458
12.102392619 50.259155579
12.092057333 50.254814758
12.079551635 50.242722473
12.089886922 50.230836894
12.139289592 50.21104482
12.16378422 50.193784892
12.175049682 50.182622783
12.182697795 50.170737203
12.185591675 50.155699361
12.17856368 50.132961731
12.179183797 50.117975566
12.187865438 50.102834372
12.20202478 50.094514465
12.218044474 50.088571676
12.232513875 50.080510152
12.241402221 50.070639954
12.243469279 50.06040802
12.243675984 50.051312969
12.246879923 50.044956767
12.398188517 49.99276357
12.399222046 49.99276357
12.41451827 49.983048401
12.451311889 49.980567932
12.468158406 49.970232646
12.470742228 49.955608216
12.463817586 49.942120666
12.462680705 49.931268616
12.503608439 49.915765687
12.517871135 49.912200012
12.524072306 49.904965312
12.52097172 49.885534973
12.512910197 49.870238749
12.489862508 49.842695211
12.482524454 49.827243958
12.462473999 49.831223043
12.45637618 49.817115377
12.455859415 49.796134746
12.452655477 49.77970164
12.436739135 49.769263001
12.39539799 49.757894186
12.383615763 49.742856344
12.3885767 49.732314351
12.398911987 49.719498597
12.41958256 49.700223287
12.433948608 49.691800029
12.449244832 49.685030416
12.482524454 49.67469513
12.496373739 49.669992575
12.504641968 49.659398905
12.505365437 49.646118063
12.496890503 49.633870748
12.499474324 49.632527161
12.507432495 49.629995016
12.502678263 49.622140198
12.501954793 49.619711406
12.512186727 49.611649882
12.536061239 49.603123271
12.54660323 49.595578512
12.553631225 49.584726461
12.558282104 49.562557272
12.562312867 49.550826722
12.568720744 49.538837789
12.575025268 49.529897766
12.582880087 49.522404683
12.593732137 49.515014954
12.604997599 49.512792867
12.615539592 49.51377472
12.622980998 49.50984731
12.624324585 49.493000794
12.627218465 49.460186259
12.632179402 49.443959859
12.643548218 49.429490458
12.663081909 49.41889679
12.709177286 49.404737447
12.729331095 49.391146546
12.762093953 49.343242493
12.777906941 49.332545472
12.797750692 49.327842917
12.856661825 49.322210185
12.875368693 49.323863831
12.870924519 49.336731263
12.884670451 49.339573467
12.922911011 49.332700501
12.939860881 49.326757711
12.954330282 49.319109599
12.982442261 49.299627584
12.999805542 49.294925029
13.005386597 49.286760153
13.006730184 49.277096659
13.01127771 49.267794902
13.043213745 49.242938538
13.043213745 49.242886861
13.043420451 49.242783509
13.055822795 49.238184306
13.149460489 49.154830221
13.162586303 49.1351415
13.178502645 49.11834666
13.20682133 49.107494609
13.267282755 49.105634257
13.287333211 49.100569967
13.299528849 49.093645325
13.329914591 49.06692861
13.372392618 49.038506572
13.383554728 49.021091614
13.384174845 48.993031311
13.398540893 48.977683411
13.42727299 48.959958395
13.458898966 48.945023906
13.482256713 48.937634176
13.492592 48.955049133
13.502100464 48.966056214
13.515949747 48.970242005
13.522395447 48.96934193
13.538894083 48.967038066
13.556464071 48.959958395
13.57341394 48.951018372
13.590467163 48.9448172
13.608657267 48.946160787
13.611137736 48.927247213
13.621783081 48.909057109
13.637389363 48.893450826
13.654442586 48.88223704
13.67335616 48.876345928
13.710614868 48.872470195
13.724670858 48.867302552
13.747925252 48.843376363
13.79619104 48.779814352
13.815724731 48.766430156
13.785855754 48.724778951
13.783581991 48.715270488
13.788749634 48.716510723
13.799394979 48.702609762
13.804355916 48.699560852
13.816861612 48.695581767
13.803529093 48.687158508
13.800945272 48.675221253
13.806216268 48.642923483
13.805492798 48.626128642
13.802392211 48.611710918
13.79619104 48.598585104
13.779034464 48.573935446
13.774280233 48.569207052
13.766012003 48.563755188
13.758053833 48.561481425
13.737279907 48.559259339
13.733869263 48.559776103
13.725394328 48.54838145
13.716505981 48.521690572
13.714335571 48.523215027
13.67335616 48.53548818
13.658059936 48.551094463
13.641833537 48.559104309
13.624366902 48.565357158
13.520703979 48.584580791
13.487217652 48.581583557
13.454558146 48.573444519
13.445566447 48.567915141
13.440088745 48.560964661
13.440708862 48.557347311
13.443706095 48.552851461
13.447736857 48.534816386
13.457038615 48.525178732
13.459209025 48.516393738
13.456418498 48.506652731
13.442982625 48.487713319
13.438228394 48.478540752
13.436368042 48.469238994
13.438228394 48.440997824
13.436161336 48.430585022
13.431717163 48.423712057
13.427169637 48.418544413
13.425205932 48.41337677
13.419521525 48.392163595
13.405568888 48.376583151
13.307797079 48.319635722
13.274207397 48.307104187
13.136438029 48.291058655
13.032775106 48.263566793
13.016652059 48.255892843
12.979445027 48.232018332
12.947198934 48.220003561
12.931696004 48.211631979
12.933039591 48.209254863
12.877642456 48.202046001
12.862552938 48.196645813
12.853457886 48.189979553
12.835164429 48.170704244
12.822141968 48.160679017
12.782351115 48.142023825
12.778320353 48.138716533
12.764057658 48.123756205
12.757959839 48.121895854
12.751448608 48.12210256
12.745040731 48.120629782
12.738942912 48.113446757
12.736979207 48.099959209
12.742043498 48.086781718
12.750931844 48.07474111
12.760233602 48.064870911
12.830616903 48.015468242
12.845603068 47.993144023
12.848246271 47.98238892
12.848600301 47.980948385
12.85397465 47.970483907
12.862036173 47.962551575
12.886014038 47.952888082
12.906167847 47.938909607
12.91422937 47.935989889
12.931075887 47.924879456
12.964975626 47.87196279
12.986576375 47.850258688
12.991227254 47.847106426
12.926735067 47.777394918
12.921257365 47.769540101
12.919293661 47.763183899
12.918983602 47.756776022
12.917226603 47.750161438
12.910818726 47.743081767
12.910818726 47.74303009
12.910612019 47.742926738
12.892008504 47.723548076
12.908338256 47.712360129
12.964045451 47.705357971
12.979031616 47.707089132
13.004353068 47.714608053
13.019855998 47.712928569
13.032258341 47.706624044
13.044557332 47.696572978
13.064091024 47.673990377
13.072049194 47.659469299
13.074839722 47.646653545
13.074219604 47.634509583
13.072049194 47.622417298
13.069568725 47.620246887
13.057683146 47.600428976
13.057063029 47.597664286
13.040939982 47.583349915
13.038252807 47.584021709
13.039079631 47.561335755
13.041250041 47.561904196
13.040113159 47.560457255
13.030604696 47.544256694
13.028124227 47.541647034
13.028124227 47.524232077
13.02895105 47.518030905
13.031224812 47.512553203
13.034428751 47.507437236
13.037012573 47.501365255
13.037322631 47.49304535
13.008797241 47.470101014
13.001872599 47.466018576
12.991123901 47.465682679
12.984922729 47.4682665
12.979341674 47.472245586
12.969729858 47.475733745
12.959291219 47.475527039
12.95102299 47.47247813
12.942548055 47.470488587
12.931592651 47.473511658
12.882603393 47.498574728
12.836921427 47.532655335
12.828446492 47.537254538
12.819041381 47.5395283
12.803641805 47.541336975
12.77894047 47.554824524
12.773669474 47.579500021
12.785865112 47.602676901
12.813150269 47.611823629
12.793306518 47.624794413
12.76736495 47.636369935
12.751655314 47.649392396
12.7619906 47.666859029
12.744834025 47.665360413
12.688713419 47.675127259
12.653056681 47.675127259
12.617399943 47.669339498
12.598383015 47.662879944
12.563374919 47.64176137
12.553837931 47.636008199
12.538231649 47.631331482
12.517147664 47.628540955
12.496580444 47.62890269
12.482524454 47.633579407
12.45275883 47.64975413
12.444697306 47.656291199
12.439219604 47.664481914
12.428780965 47.685798442
12.424130086 47.691560365
12.40769698 47.693730774
12.368422892 47.683550517
12.351473023 47.681690166
12.293698771 47.690010071
12.271891317 47.687891337
12.249567098 47.680010682
12.238715047 47.678899639
12.228793172 47.684868266
12.22331547 47.695901184
12.226622762 47.702877502
12.233030639 47.708871969
12.236544637 47.716778463
12.239128459 47.727449646
12.242229044 47.732023011
12.239748576 47.731687114
12.225175822 47.727372132
12.216494181 47.723703105
12.192412964 47.71016388
12.176599976 47.705823059
12.17856368 47.697658183
12.181767619 47.692128805
12.189105672 47.685565898
12.197270549 47.680088196
12.202334839 47.677788595
12.205125366 47.672285055
12.206779012 47.645568339
12.205745483 47.636214905
12.202128133 47.629832866
12.173602742 47.605079855
12.165644572 47.603968811
11.935891154 47.610738424
11.851968627 47.599162903
11.840703166 47.594615377
11.830677938 47.577613831
11.820342651 47.575288391
11.76401534 47.583117371
11.682573283 47.583349915
11.638958374 47.589241028
11.620458211 47.58965444
11.617047567 47.58676056
11.589142293 47.570379131
11.582321004 47.559785462
11.574466186 47.53663442
11.569401896 47.527384339
11.551211792 47.513690084
11.52950769 47.507850648
11.48258549 47.502579651
11.459951212 47.507437236
11.435353231 47.509710999
11.4126156 47.506093648
11.365486694 47.469325867
11.377785685 47.467052104
11.388637736 47.462220357
11.392461792 47.454778951
11.383883504 47.444857076
11.367657105 47.440128683
11.324248901 47.439431051
11.305645385 47.43540029
11.2863184 47.423204651
11.273089233 47.411112366
11.258826538 47.400725403
11.237019083 47.39395579
11.213041219 47.395816142
11.215211629 47.422997945
11.193817587 47.428940735
11.168599487 47.424264018
11.103280477 47.393568218
11.083746785 47.389511618
10.979463745 47.390545146
10.965511108 47.396074524
10.955279175 47.40961375
10.957656291 47.409717103
10.960860229 47.414316305
10.963133992 47.421240947
10.962823934 47.427958883
10.959826701 47.432506409
10.909907267 47.46898997
10.85843754 47.485164693
10.851616252 47.493097026
10.883862346 47.508005676
10.892233928 47.514878643
10.869289591 47.526583354
10.858644247 47.530665792
10.844794962 47.531311747
10.83063562 47.528572896
10.790328003 47.5160672
10.760769083 47.513638407
10.752190795 47.515395406
10.747229858 47.520149638
10.743922567 47.525317281
10.739891805 47.528469544
10.607910197 47.56226593
10.583725627 47.562472636
10.569876343 47.555935567
10.549619181 47.53678945
10.536906779 47.529864808
10.525124552 47.528469544
10.482543172 47.53286204
10.46693689 47.537719625
10.458772013 47.541647034
10.453501017 47.546246236
10.451744018 47.554824524
10.455464721 47.561180726
10.460322306 47.565986633
10.46156254 47.569914043
10.457118368 47.579241638
10.45360437 47.58110199
10.445956258 47.579060771
10.429213094 47.577019552
10.414226929 47.573014628
10.415673868 47.564384665
10.424355509 47.553351746
10.430970093 47.542163798
10.429729858 47.532913717
10.419601278 47.49304535
10.433657267 47.487851868
10.442235555 47.481392314
10.447609904 47.472581483
10.451744018 47.460204977
10.451950724 47.438759257
10.442855672 47.41628001
10.428282918 47.396048686
10.411643107 47.381036683
10.403064819 47.377109273
10.381980835 47.372122498
10.371645549 47.367394104
10.365651082 47.361115418
10.343430216 47.330755514
10.325446818 47.314322409
10.305913126 47.302178447
10.261161336 47.283497416
10.239353882 47.277735494
10.17495085 47.272375554
10.159875529 47.271120911
10.155431355 47.272877909
10.159462118 47.279130758
10.168660522 47.290422058
10.172691284 47.292308248
10.185920451 47.294995423
10.190778036 47.298251038
10.193258504 47.304917298
10.192741739 47.310911764
10.190467977 47.317474671
10.208554729 47.354474996
10.209278198 47.372484233
10.190881388 47.379228008
10.14695642 47.373801982
10.135070842 47.364887797
10.130833374 47.362665711
10.125665731 47.362691549
10.115330444 47.366954855
10.110369507 47.367394104
10.097243693 47.363130799
10.089595581 47.359280904
10.082877644 47.359074199
10.073162475 47.365482076
10.067788127 47.375042217
10.066857951 47.385790914
10.064170776 47.396177878
10.053215373 47.404859518
10.075953003 47.416874288
10.080603881 47.427390442
10.071818888 47.439120993
10.022622924 47.487955221
10.01125411 47.484441224
10.002365764 47.479170227
9.99358077 47.476586406
9.982625366 47.481030579
9.981075073 47.486870016
9.980765015 47.489918925
9.980765015 47.492941997
9.971669962 47.506403707
9.959164266 47.514878643
9.948725626 47.524232077
9.945935099 47.540768534
9.933842814 47.534205628
9.918753296 47.532190247
9.888987671 47.533792216
9.858911988 47.541336975
9.853847697 47.5404068
9.841548706 47.53503245
9.833487182 47.534619039
9.813126669 47.541750387
9.809302612 47.552318217
9.811266317 47.564488017
9.807959025 47.57632192
9.796280152 47.584951885
9.782120809 47.588414205
9.767134643 47.587277324
9.752665242 47.582058004
9.730857788 47.564901429
9.718455444 47.546711324
9.703986043 47.5314151
9.676700887 47.522630107
9.612622111 47.521880799
9.554143852 47.532743111
9.549886922 47.533533834
9.547481674 47.534547102
9.273211304 47.650090027
9.234350627 47.656162008
9.19693689 47.65613617
9.183397664 47.670424704
9.128103881 47.670424704
9.016586141 47.678899639
8.997672566 47.673835348
8.981756225 47.662156474
8.945376017 47.654301656
8.906205281 47.651795349
8.881710652 47.65613617
8.852668498 47.670786438
8.851935119 47.671281723
8.837785685 47.680837504
8.837682333 47.687787985
8.856079142 47.690681864
8.830240926 47.707192485
8.79758142 47.720034079
8.770709676 47.720860901
8.761717977 47.701249695
8.769882853 47.695074361
8.71706954 47.694557597
8.715105835 47.701068827
8.712625366 47.708691101
8.704667195 47.715331523
8.700429728 47.723496399
8.70373702 47.730033468
8.71706954 47.743546855
8.719756714 47.747319234
8.71314213 47.757421977
8.703323608 47.758713887
8.692264852 47.757163595
8.681929565 47.758739726
8.674488159 47.766697897
8.666633342 47.778273417
8.657021525 47.788117778
8.644102417 47.791011658
8.635007365 47.78460378
8.629839721 47.762796326
8.617437378 47.757318624
8.607618856 47.762253723
8.604104858 47.774397685
8.603174682 47.787316793
8.60162439 47.79460317
8.583124227 47.800235901
8.558216187 47.801166077
8.542299846 47.795016581
8.551601603 47.77925527
8.536512085 47.774087626
8.482665242 47.766852926
8.471503133 47.767059632
8.463648315 47.76390737
8.45010909 47.750471497
8.445458211 47.74318512
8.437913452 47.723186341
8.427268107 47.716468404
8.401946655 47.707089132
8.392128133 47.699518535
8.390991251 47.692128805
8.395228719 47.68481659
8.397709188 47.676289979
8.39130131 47.665463765
8.407010945 47.661562195
8.411971883 47.66104543
8.437603394 47.647842102
8.458273966 47.639883932
8.476050659 47.640400696
8.490830119 47.645568339
8.504679402 47.652260437
8.519665568 47.657350566
8.568241414 47.662931621
8.582194051 47.661329651
8.593588683 47.65816856
8.598213745 47.656885478
8.607308797 47.656291199
8.60162439 47.632597555
8.595113159 47.634819641
8.594493042 47.640969137
8.593562866 47.642571106
8.589222046 47.642467754
8.58395105 47.641124166
8.580333699 47.639005432
8.578059936 47.633476054
8.579713583 47.628928529
8.582090698 47.625026957
8.58250411 47.621590475
8.581263875 47.614769186
8.581780639 47.607663677
8.580643758 47.600170594
8.576305366 47.595023058
8.574132527 47.592444967
8.560696655 47.589396057
8.551719149 47.596863329
8.549637899 47.598594462
8.537752319 47.612133688
8.522352742 47.621900534
8.492380411 47.619833476
8.461787964 47.606139221
8.45010909 47.589034323
8.448868856 47.584280091
8.421100326 47.58111187
8.418069702 47.580766094
8.354094279 47.581024475
8.316163777 47.587845764
8.306345255 47.592186585
8.29931726 47.601824239
8.293942912 47.611461894
8.288568562 47.615802715
8.276993042 47.616629537
8.251051473 47.622003886
8.232964721 47.62195221
8.179014526 47.615802715
8.173846883 47.613528951
8.168885946 47.608645528
8.162064656 47.603762105
8.143771199 47.600067241
8.122067098 47.592134908
8.113902221 47.587845764
8.105427286 47.581257019
8.101396525 47.576192729
8.096952351 47.571851909
8.087237182 47.567381897
8.042278686 47.560560608
7.91215743 47.560560608
7.909470256 47.564798076
7.907506551 47.574177348
7.904302613 47.583556621
7.898204794 47.587845764
7.833712606 47.590481263
7.819656616 47.595338847
7.801466512 47.576089376
7.785550171 47.563196106
7.766739949 47.555961406
7.727320447 47.550422624
7.68343754 47.544256694
7.66142338 47.546246236
7.646901035 47.551445236
7.609746948 47.564746399
7.612337281 47.564731041
7.635895223 47.56459137
7.646540568 47.57154185
7.659666382 47.596579082
7.637032104 47.594977112
7.586028488 47.584618544
7.590109904 47.594822083
7.59248702 47.598413595
7.590316609 47.607947896
7.585045614 47.613167216
7.578637735 47.616939596
7.57264327 47.622003886
7.550112345 47.652441305
7.53657312 47.665205384
7.52179366 47.670424704
7.517866251 47.675023906
7.514662312 47.685798442
7.511871785 47.707321676
7.515385783 47.713316142
7.531922241 47.725201722
7.537813355 47.731816304
7.538330119 47.748146057
7.525927775 47.78315684
7.528614949 47.797031963
7.542877645 47.829433086
7.548458699 47.834238993
7.561997925 47.839225769
7.564168334 47.850413717
7.559000691 47.869017233
7.559207397 47.873461405
7.558380575 47.875993551
7.55786381 47.878525697
7.559000691 47.882711488
7.561997925 47.887052307
7.568612508 47.89136729
7.57264327 47.896302389
7.578947795 47.906327617
7.580808146 47.910797628
7.579567911 47.927049866
7.584942261 47.940408224
7.6116073 47.959399313
7.621115763 47.971439922
7.618945353 48.002652487
7.575743856 48.053708802
7.57264327 48.094972433
7.578947795 48.114480286
7.58566573 48.129724833
7.592900431 48.138664856
7.59972172 48.144710999
7.60478601 48.152565816
7.606749715 48.166983541
7.613364298 48.179205018
7.676616252 48.238400371
7.687158243 48.252921448
7.693462769 48.269871318
7.695529825 48.290180156
7.702454467 48.311186625
7.718577515 48.319997457
7.736974325 48.326663717
7.750720255 48.341365662
7.75196049 48.355344137
7.746896199 48.368676657
7.740384969 48.381440736
7.73718103 48.393481344
7.738317912 48.406607158
7.745655965 48.433013814
7.750720255 48.444408468
7.757644897 48.453891093
7.764156128 48.460350648
7.769220419 48.470065817
7.771287475 48.489108582
7.776455119 48.498177796
7.788444051 48.506342672
7.813455444 48.519468486
7.813455444 48.526341451
7.801673217 48.547580465
7.801776571 48.582358704
7.810251506 48.615018209
7.852419475 48.658684794
7.864098348 48.664162497
7.880634806 48.66772817
7.89593103 48.676513163
7.923319539 48.698217265
7.935205119 48.703333232
7.948434285 48.711859844
7.959182983 48.721368307
7.963627157 48.729274801
7.964867391 48.748343405
7.970138387 48.757283427
7.981507202 48.759763896
8.009619181 48.760073954
8.017267293 48.761830954
8.022951701 48.765086569
8.025122111 48.770615947
8.027292521 48.780021058
8.0319434 48.78534373
8.036594279 48.788289287
8.038764689 48.790769756
8.047549682 48.791028137
8.08423995 48.804050598
8.090337769 48.80751292
8.102740112 48.821310526
8.14811202 48.903734436
8.179324585 48.942698467
8.199891545 48.958250331
8.200305216 48.958563131
8.188729695 48.965746155
8.090441121 48.979182028
7.931897827 49.034837546
7.913811075 49.036181133
7.856863647 49.032253723
7.773664591 49.048118388
7.762605835 49.046154683
7.739144735 49.037731425
7.726949096 49.035664368
7.717337281 49.036594544
7.696149943 49.041555481
7.685091187 49.042795716
7.672482137 49.041038717
7.660803264 49.037731425
7.648814331 49.035716045
7.64493884 49.036294476
7.634965047 49.037783101
7.625663289 49.043002421
7.61594812 49.055973206
7.608610066 49.061967672
7.586389201 49.069564107
7.542670939 49.074576722
7.520863485 49.083671774
7.507737671 49.094575501
7.485103394 49.118708395
7.471047404 49.128320212
7.472804403 49.131627503
7.475284871 49.133901266
7.482726278 49.137053528
7.476111694 49.151522929
7.458024942 49.15586375
7.414823446 49.157775778
7.410482625 49.168937887
7.391052287 49.170023092
7.371633809 49.166173614
7.367591186 49.165372213
7.350951376 49.159171042
7.346300496 49.154210104
7.339065796 49.139689026
7.334001506 49.134159648
7.326456746 49.131834208
7.305992879 49.130128887
7.297104533 49.128113505
7.290800008 49.123100892
7.280258016 49.108993226
7.274366902 49.10501414
7.268062378 49.105634257
7.241190633 49.113902486
7.154994344 49.114419251
7.139284708 49.117933248
7.123575073 49.123307597
7.085334513 49.141549378
7.079856812 49.142014465
7.070761759 49.136123353
7.071588582 49.130593974
7.074792521 49.125374655
7.073242228 49.120310364
7.042546427 49.107597962
7.020532267 49.118966777
7.008956746 49.146406963
7.00947351 49.181701965
6.987872762 49.182425436
6.925447632 49.205576477
6.914388876 49.206661683
6.885243367 49.204801331
6.84348881 49.21105418
6.833463583 49.20945221
6.827675822 49.19555125
6.835220581 49.179376526
6.839044637 49.162788392
6.821784709 49.14775055
6.809072306 49.145838522
6.770108276 49.155295309
6.725563192 49.155553691
6.713780965 49.158860982
6.70096521 49.172865296
6.703755737 49.18511261
6.708820027 49.197773336
6.702515503 49.213638001
6.698484741 49.213586324
6.685048868 49.207798564
6.680604696 49.207488505
6.677917521 49.21105418
6.675953817 49.218908997
6.674816935 49.221131084
6.671612996 49.225316875
6.663758179 49.243868713
6.659520711 49.246762594
6.645671427 49.250018209
6.640297078 49.25275706
6.639160196 49.256787822
6.641227254 49.266916403
6.639676961 49.27115387
6.573169393 49.313115133
6.556426228 49.326395976
6.550121704 49.338023173
6.555599406 49.347169902
6.573376098 49.347738343
6.577716919 49.355799866
6.574306274 49.361794332
6.525730428 49.395487366
6.518805786 49.402153626
6.520769491 49.402567038
6.520562785 49.408148092
6.51787561 49.416416321
6.511674438 49.424736226
6.494517863 49.435536601
6.402740519 49.465457255
6.391681763 49.46669749
6.383516886 49.464630432
6.364499959 49.456103821
6.353854614 49.454760234
6.345307071 49.455348652
6.345379679 49.462718404
6.342279094 49.493000794
6.34880855 49.525289755
6.350754028 49.534910381
6.350754028 49.566588034
6.356438435 49.577595113
6.371527954 49.59299469
6.397572876 49.613871969
6.407701457 49.627411194
6.415246216 49.634645894
6.41793339 49.639141745
6.417003215 49.645756327
6.410905396 49.64963206
6.404497518 49.652474264
6.402740519 49.655781555
6.418243449 49.669889222
6.491727336 49.700791728
6.489763631 49.702962138
6.482942342 49.708078105
6.486352986 49.71293569
6.491003865 49.714434306
6.499685506 49.712212219
6.492554158 49.718413391
6.487799926 49.725596416
6.485526163 49.733761292
6.486249634 49.742701315
6.495964803 49.748230693
6.496378214 49.752106425
6.49369104 49.756550598
6.493794392 49.763630269
6.498548624 49.785386048
6.499995564 49.786057841
6.500098918 49.7944811
6.502269327 49.795876363
6.502579387 49.795669658
6.497205037 49.799442038
6.493277629 49.799597066
6.462478475 49.80548818
6.414522746 49.80548818
6.397056111 49.808588766
6.380106242 49.815565084
6.351374145 49.8332901
6.334424275 49.840214742
6.325639282 49.840369772
6.310653116 49.834478659
6.302591594 49.834943747
6.301558065 49.838302714
6.295567892 49.848615692
6.291532837 49.855562643
6.286778605 49.861040345
6.272205852 49.867138164
6.238306111 49.876905009
6.222699829 49.887136943
6.189833618 49.938296611
6.172677043 49.956228333
6.161928345 49.942482402
6.153970174 49.951215719
6.138777303 49.979327698
6.121517375 49.996277568
6.117176554 50.004390768
6.119967081 50.0155012
6.11376591 50.03637848
6.107254679 50.044595032
6.096402629 50.048625794
6.105704386 50.060304668
6.10942509 50.063560283
6.107151327 50.063766988
6.101156861 50.063405254
6.099399861 50.064128723
6.105704386 50.092240702
6.110561971 50.105986634
6.117486613 50.120456035
6.126581665 50.127329
6.129475545 50.134046937
6.125961547 50.140196432
6.115832967 50.145467428
6.118003377 50.150376689
6.121310668 50.161590475
6.12317102 50.164897767
6.131749308 50.168308411
6.151696411 50.169341939
6.159137817 50.172442526
6.165132284 50.181899312
6.1657524 50.193164775
6.160171346 50.20453359
6.146838827 50.214042054
6.157174113 50.222723694
6.17980839 50.233007304
6.189626912 50.242722473
6.210400838 50.249026998
6.25339563 50.256778463
6.271792439 50.267423808
6.267348267 50.276415507
6.269415324 50.286492412
6.276029907 50.296104228
6.285951782 50.303855692
6.299491007 50.308868307
6.310653116 50.30824819
6.322021932 50.305405986
6.335457804 50.303855692
6.36201949 50.306956279
6.374525187 50.315482891
6.373399684 50.323080035
6.37245813 50.329435527
6.337731567 50.368089498
6.33638798 50.379923402
6.343312622 50.393307597
6.350443969 50.416872051
6.35116744 50.433563538
6.347343384 50.436974183
6.340212036 50.437852682
6.331633748 50.446896057
6.326156046 50.457024638
6.323262166 50.466016337
6.325742635 50.474026184
6.336904744 50.481002502
6.31871464 50.481674296
6.27540979 50.488030497
6.260113566 50.492681376
6.257839803 50.49407664
6.25556604 50.494593404
6.253085571 50.49407664
6.250915161 50.492681376
6.217118774 50.486015117
6.2071969 50.486325175
6.199238729 50.490407613
6.190660441 50.501828105
6.182598917 50.506582337
6.190557088 50.515212301
6.178878214 50.515780742
6.170816691 50.517951152
6.169473103 50.522498678
6.177327922 50.530198466
6.16068811 50.543582663
6.17908492 50.561979472
6.210607543 50.578670959
6.232931763 50.587145894
6.232931763 50.590763245
6.244300577 50.599548239
6.251328572 50.608436585
6.249054809 50.614431051
6.180015096 50.615516256
6.159447876 50.622389222
6.147769002 50.63675527
6.161101521 50.642181296
6.100226685 50.701299134
6.081003052 50.713494772
6.06436324 50.714476624
6.024779093 50.707551982
6.011549926 50.708533835
6.007622518 50.716905417
6.011343221 50.727447408
6.010826457 50.737059225
5.994186645 50.742588603
5.992739705 50.744448955
5.992636353 50.74625763
5.993256469 50.748066305
5.994910116 50.749926656
5.997080525 50.762949117
5.990569295 50.769046936
5.98064742 50.773439433
5.972999308 50.781811015
5.968761841 50.79462677
5.983954712 50.792197978
5.99832076 50.800724589
6.003591756 50.812610169
6.001421346 50.821808574
6.00049117 50.830438538
6.009276164 50.840463765
6.023022095 50.845424704
6.045553019 50.844184469
6.056715129 50.852659404
6.062812948 50.862943014
6.063123006 50.870901184
6.054648071 50.891468404
6.056508423 50.898082988
6.061779419 50.903509013
6.063743124 50.907539775
6.031083618 50.914722799
6.007519165 50.924076233
5.999871053 50.929398906
5.997287232 50.937357076
5.995840291 50.951774801
5.999664348 50.960094706
6.005762167 50.968517965
6.003695109 50.973737284
5.967831665 50.970998434
5.941580037 50.976476135
5.927730754 50.977664694
5.914191529 50.975235901
5.888249959 50.967122701
5.874607381 50.965365703
5.873573852 50.990583801
5.858174275 51.019341736
5.852489868 51.04275116
5.880498495 51.052052918
5.894347778 51.047143657
5.906233358 51.037402649
5.919565877 51.02970286
5.937962687 51.030943095
5.950261678 51.039469707
5.969485311 51.06492035
5.982921183 51.074687195
6.075421997 51.120369161
6.132369426 51.139825338
6.147252238 51.15225352
6.126271607 51.164578349
6.149112589 51.176334737
6.15707076 51.179254456
6.134126424 51.184215394
6.084310344 51.162692159
6.060849243 51.170908712
6.053717895 51.189383037
6.056611776 51.211707255
6.065190063 51.23162852
6.075421997 51.242661439
6.096505981 51.258810324
6.147769002 51.318160706
6.158207641 51.324594422
6.183632446 51.335704854
6.193554321 51.344515686
6.19892867 51.356969706
6.202029256 51.378880513
6.207817016 51.387665508
6.192727499 51.398956808
6.194071086 51.417379456
6.201719197 51.438644308
6.205336548 51.458436382
6.200478963 51.476574809
6.193347615 51.509337667
6.153039998 51.538431499
6.086480754 51.595533956
6.082139933 51.607807109
6.087514282 51.622095642
6.099193156 51.644471538
6.03149703 51.662997539
6.008552694 51.681187643
6.021988566 51.709506328
6.012066691 51.715862528
5.989742472 51.726378682
5.978270304 51.729789327
5.94922815 51.729375916
5.939306274 51.731882223
5.940133097 51.742630921
5.9460564 51.746288216
5.962353963 51.756351013
5.964110962 51.776556499
5.950778442 51.795909322
5.928040812 51.806735535
5.931451457 51.81564972
5.948091268 51.822961935
5.98891565 51.827457784
6.008242635 51.832573751
6.028913208 51.842108053
6.043279256 51.846862285
6.084000284 51.853657735
6.116453084 51.848283387
6.140017537 51.844536845
6.156140584 51.842056376
6.142704712 51.85518219
6.105394327 51.879470113
6.092991984 51.88530955
6.126995076 51.896730041
6.15924117 51.887299093
6.191383911 51.871150208
6.225180298 51.862546082
6.256392862 51.866809387
6.264661092 51.866189271
6.271792439 51.861900127
6.282851196 51.849601135
6.287398722 51.846164653
6.325742635 51.842547303
6.341969034 51.836682028
6.344966268 51.821101583
6.382483358 51.827586975
6.386617472 51.837560527
6.378452596 51.860117289
6.442531372 51.848360901
6.462891887 51.848360901
6.479428344 51.85301178
6.528624308 51.876421204
6.628153117 51.897505189
6.716674846 51.899262187
6.743753296 51.908331401
6.76700769 51.925513815
6.789848673 51.951145325
6.79801355 51.956700542
6.805661661 51.957527365
6.810725952 51.960576274
6.811656127 51.972797751
6.809175659 51.979541525
6.804008016 51.984373271
6.7781698 52.001271465
6.712850789 52.023854065
6.690939982 52.027858988
6.675023641 52.034809469
6.672956583 52.050054016
6.679881225 52.060466818
6.688872925 52.063102316
6.699414917 52.063567404
6.711403849 52.067288107
6.719465373 52.073566793
6.727630249 52.086305033
6.732901245 52.091989441
6.749851115 52.10286733
6.765870808 52.108396709
6.771575684 52.108792502
6.830673055 52.112892558
6.843282105 52.119998067
6.865399617 52.147799988
6.884829956 52.160331523
6.927721395 52.171907044
6.947668497 52.182810771
6.971129598 52.206271871
6.981878296 52.213997498
7.026320027 52.230637309
7.029110555 52.235779114
7.026600152 52.238622687
7.020738973 52.245261739
7.011850626 52.266629944
7.012470744 52.284949239
7.019705444 52.300038758
7.0397559 52.328615825
7.048230835 52.365073547
7.034174845 52.390782573
6.973300008 52.45137319
6.966995483 52.449564515
6.960794311 52.442846578
6.951492553 52.437472229
6.926481161 52.43297638
6.900229533 52.431917013
6.8720142 52.434733378
6.820337769 52.446825663
6.741169474 52.453672791
6.714814494 52.461553447
6.695074097 52.475609437
6.688976278 52.490518087
6.687529337 52.508139751
6.68401534 52.525993958
6.671716349 52.541677755
6.688252807 52.542582093
6.743753296 52.55971283
6.710990438 52.576636862
6.703962443 52.583070577
6.703652384 52.591390483
6.708199911 52.59968455
6.710163615 52.608650412
6.701792032 52.619114889
6.719083149 52.626758982
6.73703536 52.634695333
6.770521687 52.641025696
6.865399617 52.641955872
6.918419637 52.632189026
6.967718953 52.636659038
6.982808471 52.632783305
7.01846521 52.625987854
7.036655314 52.647381897
7.043993367 52.682625224
7.053295125 52.790577291
7.061976766 52.824011942
7.072150759 52.841316552
7.079856812 52.854423523
7.161918986 52.932635804
7.183623088 52.966122131
7.192821493 52.99800649
7.194371786 53.033844096
7.185070027 53.105441793
7.181349324 53.114175111
7.17649174 53.11939443
7.172667684 53.125750631
7.171944214 53.137713725
7.174424682 53.145775249
7.188584025 53.167789408
7.195405314 53.184997661
7.1985059 53.200578105
7.197472371 53.216623637
7.194590691 53.245021877
7.204437696 53.248277085
7.215830925 53.255601304
7.224619988 53.262925523
7.233571811 53.27362702
7.23698978 53.285549221
7.2295028 53.296576239
7.254730665 53.319525458
7.26832116 53.323675848
7.291514519 53.323919989
7.313161655 53.32050202
7.347666863 53.307359117
7.366547071 53.302801825
7.34253991 53.324042059
7.302907748 53.332749742
7.075205925 53.337591864
7.038259311 53.348578192
7.023610873 53.376410223
7.023285352 53.450506903
7.027679884 53.467352606
7.047048373 53.497707424
7.051442905 53.512600002
7.059743686 53.521714585
7.079356316 53.521551825
7.119639519 53.516302802
7.125010613 53.524359442
7.134532097 53.5274112
7.141774936 53.537176825
7.139984571 53.549790757
7.131114129 53.556952216
7.101898634 53.565741278
7.0888778 53.573716539
7.086761915 53.586859442
7.100922071 53.59788646
7.133148634 53.611273505
7.169444207 53.635484117
7.188975457 53.643500067
7.226084832 53.666489976
7.305023634 53.684800523
7.458832227 53.695135809
7.469574415 53.690741278
7.480235222 53.682033596
7.503916863 53.678656317
7.6513778 53.696966864
7.951426629 53.721909898
8.031423373 53.708075262
8.031423373 53.700628973
8.024912957 53.672552802
8.052907748 53.636297919
8.094086134 53.604722398
8.12761478 53.590765692
8.12761478 53.584621486
8.119151238 53.571926174
8.134613477 53.567450262
8.156748894 53.563666083
8.167979363 53.553208726
8.164886915 53.5352237
8.155446811 53.526027736
8.133799675 53.516302802
8.115733269 53.510728257
8.076345248 53.508612372
8.058767123 53.502020575
8.07699629 53.46869538
8.086192254 53.456122137
8.099782748 53.447414455
8.112478061 53.451076565
8.12387129 53.454006252
8.140635613 53.453599351
8.152354363 53.449774481
8.171397332 53.436590887
8.17855879 53.43374258
8.186696811 53.429510809
8.194834832 53.420111395
8.205332879 53.410711981
8.219737175 53.40643952
8.236501498 53.406724351
8.24870853 53.408392645
8.259450717 53.412298895
8.271739129 53.419501044
8.292816602 53.440497137
8.31511478 53.474920966
8.320485873 53.509222723
8.291514519 53.529364325
8.252207879 53.523098049
8.231211785 53.525213934
8.23316491 53.539862372
8.241709832 53.556301174
8.24887129 53.590277411
8.257334832 53.604437567
8.270681186 53.612860419
8.287608269 53.616888739
8.329356316 53.618109442
8.348480665 53.612860419
8.363291863 53.600572007
8.375498894 53.586900132
8.387705925 53.577134507
8.428070509 53.564764716
8.513438347 53.55475495
8.552093946 53.543605861
8.552093946 53.536200262
8.528168165 53.523911851
8.506195509 53.50796133
8.490000847 53.486395575
8.483897332 53.457342841
8.485036655 53.401190497
8.49089603 53.376450914
8.504405144 53.358058986
8.507334832 53.38279857
8.496755405 53.44525788
8.497569207 53.474758205
8.512868686 53.496486721
8.535817905 53.506170966
8.556651238 53.518215236
8.565765821 53.546698309
8.560801629 53.551703192
8.535166863 53.590765692
8.527517123 53.596625067
8.517100457 53.610174872
8.508311394 53.62514883
8.501231316 53.644191799
8.48707116 53.666937567
8.483897332 53.68357982
8.486094597 53.700425523
8.492198113 53.715155341
8.529633009 53.770697333
8.556162957 53.830959377
8.5732528 53.857652085
8.587575717 53.870428778
8.607106967 53.881537177
8.629242384 53.889390367
8.651866082 53.892482815
8.672699415 53.891587632
8.684580925 53.888495184
8.709157748 53.871975002
8.744639519 53.854152736
8.782481316 53.842474677
8.860687696 53.831000067
8.903575066 53.831732489
8.976247592 53.842433986
9.016286655 53.840521552
9.035004102 53.853583075
9.114512566 53.865139065
9.193614129 53.864691473
9.210703972 53.871975002
9.224294467 53.865912177
9.240733269 53.864162502
9.274668816 53.865139065
9.283376498 53.861639716
9.305349155 53.844549872
9.402679884 53.74241771
9.442881707 53.714300848
9.470957879 53.700628973
9.484711134 53.690090236
9.498383009 53.659857489
9.567067905 53.599595445
9.582367384 53.591294664
9.600922071 53.586330471
9.624766472 53.584621486
9.637217644 53.581000067
9.696625196 53.556626695
9.764008009 53.547674872
9.81902103 53.540350653
9.832041863 53.543605861
9.819590691 53.556626695
9.782074415 53.569728908
9.692393425 53.575913804
9.655772332 53.584621486
9.583669467 53.612453518
9.550791863 53.634588934
9.539073113 53.666489976
9.536143425 53.693752346
9.532237175 53.71116771
9.52222741 53.716620184
9.47527103 53.732163804
9.460215691 53.735419012
9.435801629 53.748683986
9.412445509 53.778753973
9.396657748 53.811021226
9.395192905 53.831000067
9.358734571 53.839544989
9.29558353 53.871893622
9.257823113 53.885565497
9.220469597 53.89077383
9.093435092 53.892482815
9.055430535 53.902899481
9.02995853 53.907131252
9.01832116 53.902736721
9.007823113 53.892482815
8.984629754 53.897040106
8.949473504 53.912909247
8.916026238 53.93740469
8.833343946 54.036444403
8.871836785 54.04694245
8.890635613 54.047796942
8.914561394 54.043890692
8.953868035 54.028306382
8.97535241 54.024074611
8.997243686 54.030218817
9.004893425 54.041164455
9.013031446 54.060980536
9.0185653 54.082424221
9.01832116 54.09788646
9.00668379 54.108140367
8.988129102 54.117865302
8.974457227 54.128078518
8.977305535 54.139471747
8.977305535 54.145697333
8.952891472 54.150091864
8.917979363 54.146307684
8.88542728 54.137030341
8.867442254 54.12518952
8.860687696 54.12518952
8.833343946 54.153143622
8.815684441 54.175604559
8.812836134 54.180487372
8.820974155 54.200506903
8.836273634 54.217759507
8.8466903 54.233547268
8.839610222 54.248724677
8.839610222 54.255560614
8.851898634 54.261053778
8.894216342 54.268215236
8.911468946 54.269191799
8.922048373 54.274237372
8.937510613 54.286688544
8.953135613 54.302557684
8.963145379 54.317613023
8.94027754 54.315008856
8.902598504 54.295843817
8.881114129 54.290269273
8.883067254 54.293605861
8.885915561 54.30072663
8.887950066 54.303941148
8.857595248 54.301825262
8.805430535 54.292425848
8.774668816 54.290269273
8.738942905 54.293890692
8.723480665 54.290269273
8.69019616 54.271470445
8.67847741 54.269191799
8.651866082 54.274847723
8.623383009 54.290106512
8.602712436 54.312079169
8.599864129 54.338080145
8.614024285 54.348374742
8.641368035 54.35565827
8.672048373 54.35927969
8.695567254 54.358587958
8.695567254 54.365423895
8.677582227 54.367905992
8.663828972 54.375555731
8.650645379 54.377997137
8.634776238 54.365423895
8.626231316 54.376410223
8.629161004 54.387681382
8.638438347 54.398138739
8.648448113 54.40639883
8.669769727 54.400824286
8.750824415 54.413804429
8.860687696 54.413804429
8.886078321 54.417792059
8.907237175 54.425523179
8.949473504 54.447333075
8.988047722 54.458441473
9.004730665 54.465887762
9.011485222 54.482123114
9.011566602 54.506333726
8.986094597 54.529282945
8.904470248 54.580633856
8.892832879 54.591253973
8.887950066 54.601874091
8.878754102 54.606512762
8.85816491 54.606146552
8.837087436 54.602687893
8.825856967 54.598130601
8.81902103 54.60561758
8.853282097 54.619289455
8.818369988 54.673651434
8.805430535 54.68756745
8.776703321 54.697984117
8.722666863 54.725531317
8.688731316 54.735296942
8.688731316 54.74217357
8.69434655 54.760239976
8.681325717 54.780585028
8.661875847 54.800604559
8.648448113 54.817857164
8.642751498 54.844183661
8.64722741 54.86737702
8.66081613254 54.8963039111
8.695882202 54.889984029
8.732779175 54.889053854
8.800888712 54.903833314
8.824246459 54.90590037
8.904138224 54.8979422
8.388356967 54.894232489
8.43653405 54.887274481
8.654470248 54.893622137
8.629405144 54.882147528
8.504405144 54.886175848
8.488780144 54.881293036
8.461192254 54.868801174
8.446055535 54.866278387
8.377126498 54.866278387
8.370616082 54.868231512
8.36198978 54.876939195
8.353526238 54.879339911
8.343923373 54.87909577
8.337412957 54.877590236
8.307139519 54.865383205
8.302012566 54.862616278
8.299327019 54.855292059
8.297862175 54.835598049
8.294932488 54.831529039
8.298350457 54.776922919
8.29574629 54.759100653
8.290700717 54.745306708
8.284434441 54.74237702
8.277842644 54.756415106
8.277028842 54.782782294
8.288584832 54.891302802
8.298024936 54.912543036
8.37370853 55.034979559
8.415782097 55.065334377
8.463389519 55.05068594
8.402354363 55.048773505
8.394541863 55.043850002
8.422211134 55.042181708
8.430430535 55.030015367
8.421560092 55.016262111
8.380869988 55.003078518
8.36198978 54.986802476
8.351573113 54.966742255
8.360362175 54.948187567
8.3545028 54.912746486
8.388356967 54.894232489
