28.148906697 56.142414043
28.169112182 56.125257467
28.238461955 56.08262441
28.269364462 56.058207296
28.289828329 56.046605937
28.310912313 56.042678528
28.333443238 56.050249125
28.366516154 56.079110413
28.389770548 56.0885672
28.537823527 56.097713928
28.594719279 56.092391256
28.611462443 56.088463847
28.620712524 56.082986146
28.637093954 56.065726217
28.671923868 56.037562561
28.68060551 56.027382305
28.69001062 56.003895365
28.695488322 55.980150045
28.70639205 55.959841207
28.731920207 55.946792908
28.808969767 55.934571432
28.830880574 55.937672018
28.833050985 55.960978089
28.859716024 55.97645518
28.922141154 55.992138977
28.922244507 55.992190654
28.922296184 55.992190654
28.922451212 55.99224233
28.980845581 56.01353302
29.030765015 56.024178366
29.088642619 56.023222351
29.145435018 56.012034404
29.19292566 55.992138977
29.224034871 55.978186341
29.377410523 55.954027608
29.395600627 55.947723084
29.413067261 55.937982076
29.431567423 55.924184469
29.441075887 55.914934387
29.444434855 55.90692454
29.440559123 55.900542502
29.433737833 55.899534811
29.425572957 55.899999898
29.417408081 55.898010356
29.407796265 55.893876242
29.399631388 55.891886699
29.391983277 55.888372701
29.384128459 55.879949443
29.380717814 55.871241964
29.375653524 55.846799012
29.371932821 55.83638621
29.348161662 55.802848206
29.343614135 55.786983541
29.350745483 55.766054586
29.363406209 55.751481832
29.413067261 55.72776235
29.46102299 55.687299703
29.48086674 55.681098532
29.508100219 55.685491028
29.585356486 55.738020121
29.684161825 55.770602112
29.710826864 55.773754374
29.779866577 55.763806661
29.805704794 55.771454774
29.844772176 55.812563375
29.869473511 55.830546774
29.907817423 55.8432075
29.947711629 55.848194276
29.988225952 55.846799012
30.106254924 55.821916809
30.132351522 55.826877747
30.177258342 55.851372376
30.200254353 55.857986959
30.217772664 55.855144755
30.251517375 55.837626445
30.270792684 55.830650127
30.468816773 55.79352061
30.47739506 55.78773285
30.477808472 55.779128724
30.471814005 55.770963847
30.469281861 55.762643942
30.480702351 55.753962301
30.569585815 55.729519349
30.580127808 55.724765117
30.587465861 55.718305563
30.591599975 55.705696513
30.588396037 55.696601461
30.583745158 55.688539938
30.583745158 55.679134827
30.596354207 55.665285543
30.616611369 55.657430725
30.639142293 55.654485169
30.679966675 55.656345521
30.693712606 55.652159729
30.703324422 55.642341207
30.713039591 55.626683248
30.742185099 55.594385478
30.77071049 55.591543274
30.804093465 55.602343649
30.847656697 55.611025289
30.88615564 55.600483297
30.907121887 55.577769863
30.912820679 55.571596172
30.919745321 55.534492493
30.899384807 55.499145813
30.914370972 55.493306376
30.919435262 55.492324524
30.91323409 55.479715474
30.887189169 55.468088277
30.881298055 55.451448466
30.889101197 55.433413392
30.90527592 55.420856018
30.918608439 55.407626852
30.91829838 55.387783102
30.905947714 55.376000875
30.845641317 55.351144512
30.811224813 55.323084209
30.797168823 55.304273987
30.794274943 55.285515442
30.804093465 55.272958069
30.821353394 55.264379781
30.856803426 55.253476054
30.869825887 55.241538798
30.886517375 55.204538473
30.900728394 55.192136129
30.947237182 55.171362203
30.959794555 55.16257721
30.961189819 55.158546449
30.956848999 55.149503073
30.958812703 55.144438782
30.962223348 55.142888489
30.972455281 55.140873108
30.975039103 55.139529521
30.979483276 55.134258525
30.984030802 55.130899557
30.985477742 55.125835267
30.980620158 55.115344951
30.972661987 55.108575338
30.970284872 55.101443991
30.973075399 55.093950908
30.980620158 55.086302796
30.99421106 55.067027486
31.006406698 55.042429505
31.005631551 55.022999167
30.980620158 55.018658346
30.933491252 55.025634664
30.91323409 55.024601135
30.906619507 55.012560527
30.916954793 54.996024068
30.931424194 54.985172018
30.936075073 54.973234762
30.917368205 54.953959452
30.899488159 54.946363018
30.838613322 54.939179993
30.814842163 54.928017884
30.817425985 54.917630921
30.827451213 54.902541402
30.826107625 54.877478333
30.810708048 54.861510315
30.787867065 54.847712708
30.768126668 54.829936015
30.762648966 54.801979065
30.770607137 54.786011048
30.78605839 54.779344788
30.827296183 54.771024883
30.980620158 54.705654196
30.99550297 54.689841207
30.999016967 54.671341044
31.020927775 54.673666484
31.105160359 54.668292135
31.12862146 54.640386861
31.167947225 54.62157664
31.139473511 54.582870992
31.089554077 54.535897116
31.064646037 54.492282206
31.093584839 54.479414775
31.167895548 54.467064108
31.179016967 54.45335277
31.179212687 54.453111471
31.209029988 54.448047181
31.225359741 54.428048402
31.248717488 54.37678538
31.261739949 54.36448639
31.274142293 54.356631571
31.284787638 54.34738149
31.292022339 54.331258444
31.299153686 54.272605693
31.309799032 54.244338685
31.324681844 54.229249166
31.480641317 54.156643779
31.50637618 54.143931376
31.530870809 54.137420146
31.583115682 54.129513652
31.666934855 54.10186676
31.697837361 54.097939352
31.725794311 54.097474264
31.736749715 54.094166972
31.748118531 54.086312155
31.755766642 54.074943339
31.762587932 54.060318909
31.771269572 54.048536683
31.783516886 54.045797831
31.808476604 54.055978089
31.813850952 54.057063294
31.822635945 54.053445944
31.82387618 54.050138652
31.823566121 54.045487773
31.846510457 53.992312724
31.841446167 53.984561259
31.839689169 53.977223206
31.839275757 53.9697818
31.83793217 53.962133687
31.826460002 53.940171204
31.810130249 53.882603659
31.792560262 53.857437235
31.753802938 53.819610087
31.744656209 53.794857076
31.787289266 53.794391988
31.873175496 53.77713206
32.083601929 53.809636536
32.1060295 53.806949361
32.16483728 53.781679586
32.29041101 53.760853984
32.325809367 53.745454407
32.357383667 53.719719544
32.371801391 53.714396871
32.421565796 53.715792135
32.442133016 53.713931783
32.461563354 53.706800436
32.480580282 53.692072652
32.487814982 53.684682923
32.490192098 53.677138163
32.487814982 53.669645081
32.480580282 53.662410381
32.406114543 53.639414368
32.399086548 53.635383606
32.398001343 53.627425436
32.401101929 53.609855449
32.411488891 53.582363587
32.429420614 53.561589661
32.452933391 53.54639679
32.480580282 53.535648092
32.530809774 53.521437073
32.554270874 53.510791728
32.569877157 53.492601624
32.569877157 53.492394918
32.576801799 53.486038717
32.584294882 53.484230042
32.592511434 53.486452128
32.600572958 53.492394918
32.618142944 53.494255269
32.635712932 53.4926533
32.650285685 53.487640687
32.647598511 53.47932078
32.641655721 53.468985494
32.646771688 53.457978414
32.658243855 53.455652975
32.688526245 53.462215882
32.701238647 53.462112529
32.719532104 53.439478252
32.717794068 53.431061874
32.704442587 53.366407776
32.717465047 53.334936829
32.697931356 53.325893454
32.681808309 53.326797791
32.66671879 53.331345317
32.649872273 53.333670757
32.579954061 53.324368998
32.583468058 53.321216736
32.591891316 53.311837464
32.595922079 53.30827179
32.569153686 53.298840841
32.537321004 53.295068461
32.505643351 53.297187196
32.480580282 53.305171204
32.454845419 53.300442811
32.447197306 53.288763937
32.4559823 53.277782695
32.479133342 53.274914653
32.469211467 53.255458476
32.455672241 53.236674093
32.423632853 53.204402161
32.405546102 53.192671611
32.389112996 53.187633159
32.352836141 53.180450134
32.320279989 53.162776795
32.295165242 53.140865987
32.267983439 53.124768779
32.215686889 53.125518087
32.210519246 53.121771545
32.209072306 53.11634552
32.206695191 53.112392273
32.206488485 53.109860128
32.207005249 53.105157572
32.205920044 53.100351665
32.201114136 53.097561138
32.197393432 53.097742005
32.188608439 53.099240622
32.152331584 53.096346741
32.126545044 53.084228618
32.117294963 53.081102193
32.082775106 53.081954855
32.009911337 53.099964091
31.980559122 53.098026225
31.954720907 53.08999054
31.930743042 53.088336894
31.907178588 53.091928406
31.855502157 53.110247701
31.842634725 53.112185567
31.806822957 53.110015157
31.796280966 53.112392273
31.780467977 53.127869364
31.769719279 53.169262187
31.756283406 53.186573792
31.73855839 53.192542419
31.694478393 53.192904155
31.674944702 53.195229595
31.614018189 53.209750672
31.593605997 53.210680848
31.573658895 53.207089336
31.5359351 53.194867859
31.512060588 53.194066875
31.464001506 53.199983826
31.416355835 53.199983826
31.378528686 53.182026265
31.359925171 53.133837993
31.361165406 53.121306458
31.361573285 53.1200375
31.364886109 53.109730937
31.367056519 53.098930562
31.36369755 53.088776144
31.354137411 53.082109884
31.329436076 53.079345195
31.319204142 53.0763738
31.269284708 53.028418071
31.247063843 53.014387919
31.322614787 52.977129212
31.339151245 52.958060609
31.366229696 52.908554587
31.387933797 52.887987367
31.418112834 52.870236512
31.450979044 52.857214051
31.480641317 52.850935364
31.505135946 52.848894145
31.512784057 52.841039328
31.515161173 52.828378602
31.523946167 52.811661276
31.538363891 52.799853211
31.550559529 52.794737244
31.560843139 52.787063294
31.56952478 52.767503764
31.57024825 52.725258281
31.547924032 52.705698751
31.480641317 52.682521871
31.480641317 52.682470195
31.491700073 52.667096457
31.536141805 52.630483704
31.56590743 52.590150248
31.579033243 52.577825419
31.615206746 52.558575949
31.628642618 52.548059795
31.624301799 52.538060405
31.610762574 52.535993347
31.574382364 52.541264344
31.559292847 52.540540873
31.563633667 52.537052714
31.575932658 52.524727885
31.558155965 52.519999492
31.550559529 52.511886292
31.552988322 52.502248637
31.565494018 52.492636821
31.58792159 52.482611593
31.58936853 52.458039449
31.583322387 52.428299663
31.5828573 52.402771505
31.590350382 52.39184194
31.600530639 52.383392843
31.608075398 52.372463278
31.608592163 52.354428203
31.602752727 52.340914816
31.59226241 52.328615825
31.579601684 52.318513082
31.56735437 52.311381734
31.597119995 52.284303284
31.613656453 52.273011984
31.631433146 52.264769593
31.648693074 52.260997213
31.683419637 52.257198996
31.699439331 52.251462911
31.688897338 52.24322052
31.68192102 52.230456441
31.679492228 52.215857849
31.682386108 52.201931051
31.689517456 52.191569926
31.698715861 52.185446269
31.749048706 52.163948874
31.762587932 52.149841207
31.766618693 52.130074972
31.76434493 52.100567729
31.649933309 52.096847026
31.474853556 52.117775981
31.383076213 52.117491761
31.304424683 52.097492981
31.284270874 52.081240743
31.268871297 52.061241964
31.252438191 52.0444988
31.228977091 52.038220114
31.204895874 52.043930359
31.159213908 52.068114929
31.134822632 52.076667379
31.09632369 52.079612936
30.959329467 52.074677836
30.934421428 52.069716899
30.918815145 52.059174906
30.924706258 52.042276713
30.919745321 52.037264099
30.91685144 52.032354839
30.914629354 52.027574768
30.911270386 52.022562154
30.940519247 52.020081686
30.950131063 52.006775004
30.941242716 51.99380422
30.915197795 51.992589823
30.908376505 51.998351746
30.902795451 51.999979554
30.896904338 51.998325908
30.888739461 51.994346823
30.880884643 51.988171489
30.879024292 51.982021993
30.879644409 51.976880188
30.87933435 51.973650411
30.869102417 51.965020447
30.85804366 51.957630718
30.845641317 51.951352031
30.831378621 51.945900167
30.803059937 51.939130554
30.802543172 51.935539042
30.805230347 51.929337871
30.810604696 51.925177918
30.810604696 51.918382467
30.79706547 51.906729432
30.788177124 51.900605774
30.779495483 51.8979186
30.749729859 51.899623922
30.741668335 51.8979186
30.737844279 51.891588237
30.737224162 51.882234803
30.734536987 51.87373403
30.713969767 51.866964417
30.70756189 51.860375672
30.702807658 51.853761089
30.697329956 51.850738017
30.694539429 51.847275696
30.672731975 51.829602356
30.666324096 51.822393494
30.661983277 51.819422099
30.662293335 51.815598043
30.669631388 51.806063742
30.670561564 51.790534974
30.652784871 51.77914032
30.630460653 51.77001943
30.618161661 51.761337789
30.638108765 51.755110779
30.646170288 51.754542338
30.646170288 51.747075094
30.635059855 51.739685364
30.632010946 51.727980652
30.630564006 51.715604147
30.624982951 51.706095683
30.613820842 51.702917583
30.582814982 51.702297465
30.570309286 51.699920349
30.575993693 51.686406962
30.564314819 51.66529714
30.570309286 51.651499533
30.563487996 51.647313742
30.55532312 51.639768983
30.549948771 51.63718516
30.552842651 51.633335267
30.556615031 51.623620097
30.543850952 51.620131938
30.515118856 51.603672994
30.515118856 51.596257427
30.534549194 51.585844626
30.543127482 51.58258901
30.543127482 51.576387838
30.535272665 51.575018412
30.531086874 51.57331309
30.527727905 51.571297709
30.522560262 51.568920593
30.522560262 51.562719422
30.534135783 51.553262635
30.567415405 51.547268169
30.58400354 51.542255554
30.576407105 51.531119284
30.571446167 51.526416728
30.56286788 51.521765849
30.575063517 51.516055603
30.585398803 51.509389344
30.589739624 51.501973776
30.58400354 51.493834738
30.588912801 51.481819967
30.597284383 51.474275208
30.60761967 51.469831035
30.618161661 51.467143861
30.618161661 51.459650778
30.604829142 51.461226909
30.59356368 51.45890147
30.586018921 51.451847636
30.58400354 51.439212749
30.587879272 51.427353008
30.595579061 51.424950053
30.6060177 51.42456248
30.618161661 51.418723043
30.622605835 51.41210846
30.632424357 51.383970642
30.637488648 51.378596293
30.644516642 51.372679342
30.645550171 51.367460023
30.632424357 51.364101054
30.63831547 51.335859884
30.610461874 51.317540589
30.579921102 51.303665467
30.577233928 51.289015198
30.559353882 51.269326478
30.556615031 51.267311096
30.55532312 51.243462423
30.554656844 51.242507427
30.550672242 51.236796163
30.539613484 51.235168356
30.53201705 51.244625143
30.520803264 51.252402446
30.508090861 51.257673442
30.494654989 51.259921367
30.480702351 51.258862
30.465044393 51.261936748
30.442771851 51.28304657
30.428095744 51.291754049
30.41352299 51.29405365
30.383757365 51.293924459
30.368461141 51.297671001
30.355128621 51.305267436
30.324536174 51.329968771
30.317094767 51.340588277
30.319885294 51.341595968
30.328256877 51.362473247
30.330013876 51.370353903
30.330117229 51.380715027
30.329032023 51.388621521
30.326189819 51.395261943
30.320195353 51.402083232
30.307379598 51.409602153
30.256891723 51.425053406
30.242784057 51.43440684
30.20537032 51.466497904
30.177310018 51.479494527
30.148629598 51.484429627
30.008689819 51.48207835
29.985745483 51.47786672
29.925077352 51.457867941
29.912571655 51.457428691
29.896551961 51.464198304
29.886268351 51.464792582
29.873607625 51.45918569
29.856761108 51.439858704
29.846632528 51.432908224
29.828649129 51.429962668
29.737905314 51.439496969
29.725296265 51.450452372
29.716511271 51.465671082
29.699974813 51.483706157
29.682714885 51.49119924
29.660804078 51.493137106
29.637756388 51.490889181
29.618015991 51.485644023
29.597345418 51.473965149
29.583186076 51.460813498
29.568199911 51.44962555
29.545048869 51.443656921
29.519003947 51.44179657
29.505464722 51.43745575
29.495542846 51.425647685
29.48086674 51.401256409
29.466293986 51.385055848
29.446398559 51.384900818
29.402731975 51.396140442
29.379684285 51.391541239
29.353260212 51.377055123
29.340565226 51.37009552
29.31994633 51.365573832
29.297001994 51.37371287
29.28459965 51.391747946
29.276124716 51.413581239
29.264859253 51.432908224
29.244395386 51.447894389
29.227755574 51.455620016
29.221037638 51.466962992
29.230442749 51.492878723
29.22651534 51.519052836
29.214836467 51.535460103
29.181453491 51.567008565
29.160421183 51.603311259
29.147967163 51.615636088
29.123885945 51.625041199
29.083681681 51.631216533
29.063217814 51.630596416
29.04358077 51.626178081
29.023633667 51.614034119
28.999965861 51.582408142
28.980845581 51.569463197
28.954593954 51.563262024
28.892892294 51.562874451
28.863643432 51.558921204
28.831914103 51.548275859
28.799874716 51.532617899
28.771866089 51.511275533
28.752229045 51.483706157
28.749438517 51.46685964
28.751608928 51.428748271
28.746751342 51.41399465
28.728767945 51.401256409
28.718225952 51.411617534
28.711094605 51.430246887
28.703963257 51.442623393
28.691147501 51.443424378
28.677918335 51.438075867
28.663552286 51.433993429
28.647015829 51.439006043
28.637300659 51.44962555
28.630892781 51.463629863
28.615183146 51.519569601
28.612702677 51.539930115
28.603917684 51.553546855
28.578079468 51.560109762
28.488369181 51.57202118
28.461239054 51.571659444
28.435349162 51.566130066
28.385533081 51.545046082
28.359643188 51.529362284
28.34687911 51.525150656
28.333856649 51.528380433
28.328172241 51.536364441
28.317423543 51.563959656
28.310912313 51.574449971
28.298509969 51.582976583
28.269726196 51.594267884
28.25778894 51.601760966
28.249365682 51.613078105
28.24838383 51.622095642
28.248900594 51.630596416
28.245128214 51.640621643
28.230400431 51.651137797
28.210039917 51.651964621
28.187612346 51.645195008
28.166218302 51.633102723
28.146684611 51.614395854
28.114231812 51.575612691
28.090150594 51.562047628
28.070823608 51.557629293
27.973155151 51.557810161
27.954758342 51.560781555
27.936051473 51.567008565
27.875590047 51.608039653
27.854196004 51.61532603
27.831251668 51.612923076
27.8125448 51.602019349
27.799522339 51.585198669
27.793217814 51.565019023
27.793734578 51.55230662
27.796266724 51.541532085
27.797145223 51.530602519
27.792546021 51.517295838
27.787326701 51.510913798
27.74055953 51.471407166
27.73012089 51.465154317
27.714256225 51.463707377
27.700045207 51.467531433
27.683767131 51.475515443
27.670331258 51.4848172
27.666181614 51.490194447
27.664130087 51.492852885
27.697306356 51.54318573
27.705161174 51.568352153
27.692655477 51.589229432
27.676842488 51.594810486
27.620618531 51.595895692
27.51242625 51.623098617
27.512304728 51.623129171
27.477268107 51.623671774
27.458767944 51.61749644
27.430966023 51.598427836
27.40900354 51.5917099
27.388384644 51.590728048
27.329060099 51.596955058
27.289269247 51.588971049
27.267461792 51.587498271
27.25402592 51.595378927
27.259710327 51.612302959
27.274489787 51.633800354
27.27748702 51.651137797
27.247928101 51.655659485
27.223640177 51.65369578
27.203589722 51.655142721
27.189016968 51.663772685
27.181058797 51.68340973
27.181472208 51.710126445
27.184159383 51.731442974
27.177854858 51.747075094
27.151086466 51.756764425
27.109952026 51.762422995
27.021585327 51.764541728
26.920816284 51.742527568
26.854773803 51.749348857
26.665741415 51.801387024
26.445599813 51.805598654
26.431543823 51.810223694
26.419244832 51.820920716
26.416971069 51.830635885
26.419968302 51.839730937
26.419761597 51.846862285
26.407772665 51.850608826
26.175332072 51.856706645
26.145359741 51.864845684
26.080764201 51.900657451
26.050585165 51.904817404
25.981132039 51.903473816
25.76791508 51.928511047
25.683475789 51.918020732
25.547396408 51.919441982
25.351971477 51.921483053
25.183299601 51.949750061
25.138031046 51.948949077
25.092659139 51.939750672
25.002742147 51.910475973
24.721829061 51.882338156
24.701055135 51.882906596
24.639766886 51.892130839
24.390789836 51.880012716
24.369602498 51.875103455
24.347898397 51.861150818
24.311518189 51.827561137
24.296118612 51.808130798
24.272347452 51.742889303
24.244132121 51.718213807
24.130754028 51.669792989
23.981305786 51.585999654
23.941308228 51.581917216
23.91288619 51.598582866
23.884877563 51.619873556
23.845293416 51.629821269
23.820282023 51.631268209
23.749692017 51.644471538
23.726230916 51.644859111
23.628975871 51.629046122
23.61667688 51.624782817
23.606444946 51.618116557
23.594352661 51.604964905
23.593319132 51.596955058
23.599106893 51.588971049
23.626288697 51.540886129
23.628665812 51.531222636
23.624118286 51.515900574
23.615436646 51.513110047
23.606238241 51.517399191
23.602310832 51.530783387
23.588668253 51.535899353
23.572751912 51.539671733
23.560349569 51.555303854
23.567170857 51.554890442
23.573992147 51.555303854
23.552081339 51.578816631
23.543399699 51.592743429
23.539885702 51.607109478
23.545156697 51.634110413
23.54381311 51.643799744
23.532444295 51.651499533
23.532444295 51.658966777
23.541435994 51.659741923
23.547533813 51.662067363
23.560349569 51.6719634
23.555388631 51.67630422
23.549290812 51.683203023
23.546086873 51.689636739
23.550014282 51.692427267
23.559212687 51.695166118
23.556938924 51.701393127
23.550220988 51.708421122
23.546603637 51.713588766
23.552288045 51.736636455
23.556318806 51.747359314
23.560349569 51.754542338
23.577299439 51.7666863
23.59828007 51.774670309
23.617503703 51.786504212
23.628665812 51.809758606
23.610269002 51.825184021
23.594559367 51.843296611
23.605721476 51.851590678
23.609855591 51.873268942
23.621844523 51.877428894
23.621327758 51.882028097
23.620604289 51.883216655
23.61884729 51.883268332
23.614919881 51.884250184
23.621431111 51.895567322
23.622154582 51.927942607
23.628665812 51.946339417
23.647579386 51.974089661
23.6607052 51.986879578
23.676414835 51.99408844
23.664942668 52.011167501
23.650783325 52.048942973
23.642515096 52.061396994
23.641481567 52.072920838
23.637450806 52.084470521
23.625255168 52.089715678
23.615850057 52.0922995
23.609855591 52.098629862
23.604791301 52.106768901
23.598176717 52.114520366
23.579366496 52.121548361
23.531927531 52.120644023
23.512497192 52.124442241
23.484695272 52.158626201
23.488726033 52.162140199
23.491516561 52.174103292
23.487692505 52.181622213
23.470949341 52.171622824
23.464334757 52.176351217
23.454412882 52.181467184
23.450485474 52.185911357
23.436739542 52.175679424
23.427231079 52.176790467
23.41823938 52.182500712
23.405733684 52.185911357
23.391367635 52.182500712
23.388473755 52.184154358
23.395811808 52.193378601
23.395811808 52.199579773
23.374831177 52.200949199
23.312716105 52.215289408
23.299590292 52.223428446
23.284190715 52.219733582
23.212257121 52.231670837
23.189726196 52.240533346
23.197684367 52.258310039
23.194480428 52.27146169
23.183525024 52.281306051
23.176099382 52.28513571
23.168745565 52.288928325
23.165644979 52.289393413
23.212050415 52.347503561
23.230447225 52.365073547
23.270548137 52.395123394
23.39229781 52.509638367
23.480457805 52.554415995
23.569031209 52.585886943
23.736152792 52.614903259
23.868961222 52.670042013
23.908752075 52.699859315
23.922498006 52.742595724
23.920425639 52.77262453
23.912059367 52.893852641
23.909475545 52.901500753
23.905444783 52.906539205
23.902034139 52.912533671
23.901103963 52.923256532
23.903894491 52.931137187
23.914953247 52.944624735
23.91795048 52.95080007
23.917537069 52.958809917
23.909062134 52.986663514
23.908958781 52.993045553
23.911335897 53.005060324
23.909682251 53.012734274
23.898210083 53.027539571
23.867927694 53.05102651
23.859349406 53.06797638
23.860692993 53.087484233
23.87030481 53.101256002
23.882397095 53.113296611
23.891388794 53.127714336
23.893662557 53.151950582
23.883120565 53.163991191
23.865963989 53.172001038
23.848083943 53.183809103
23.836198365 53.199286195
23.828446899 53.21383311
23.818628377 53.227966614
23.800644979 53.242461854
23.782971639 53.270935568
23.74297408 53.3654776
23.722923625 53.397103577
23.675794719 53.455704651
23.590942016 53.611250712
23.567067504 53.681013896
23.564793742 53.742405498
23.564690389 53.742405498
23.564690389 53.742457174
23.540402466 53.763592835
23.529860474 53.784160055
23.520662069 53.837335103
23.510430135 53.862501527
23.497200968 53.885549215
23.486865682 53.909992168
23.485625448 53.939292704
23.520145305 53.933970032
23.609958944 53.901827291
23.627115519 53.898209941
23.642618449 53.898985087
23.691917765 53.911490784
23.754446248 53.91676178
23.771809529 53.924306539
23.787209106 53.92792389
23.794133749 53.927097066
23.812117147 53.920844219
23.820592082 53.919293925
23.828343546 53.920069071
23.904721313 53.946062317
23.919810832 53.947767639
23.935417114 53.943943583
23.96487268 53.932729797
23.981305786 53.930404358
24.045384562 53.930869446
24.074943482 53.935727031
24.136748495 53.955415752
24.169614705 53.958929749
24.201137329 53.952470195
24.229145955 53.932368063
24.246405884 53.903635967
24.257051229 53.89402415
24.276378215 53.891802063
24.310174601 53.892680563
24.341903931 53.887047832
24.377870728 53.886841126
24.41404423 53.897693176
24.528662557 53.958361308
24.579098755 53.975621237
24.642970825 53.983010967
24.666845336 53.993863017
24.67056604 53.994276429
24.674286743 53.993707988
24.677904094 53.992312724
24.690823201 53.972830709
24.705602661 53.964200745
24.723896118 53.963425599
24.788698365 53.969678447
24.806371704 53.975311178
24.819084107 53.992312724
24.819187459 53.992416077
24.819290812 53.99251943
24.819394165 53.992571106
24.82135787 54.019907939
24.812469523 54.038924866
24.799033651 54.056029765
24.787148071 54.077630514
24.782497192 54.092875062
24.784254191 54.096234029
24.790558716 54.096595765
24.799447062 54.103210348
24.818153931 54.11013499
24.818670695 54.113959046
24.81743046 54.120625305
24.817533813 54.128221741
24.821564575 54.134526266
24.850983895 54.144951129
24.855981079 54.146721903
24.902283163 54.149770813
24.948275187 54.145895081
25.027133423 54.127860006
25.071988566 54.132200827
25.115603475 54.148788961
25.15653121 54.175712382
25.173067667 54.196589661
25.193531535 54.243666891
25.206243937 54.256792705
25.224123983 54.258549703
25.287582641 54.245217184
25.369748169 54.247904358
25.394036092 54.257154439
25.434137004 54.291829326
25.459355103 54.298908997
25.472067505 54.297151999
25.478682088 54.293327942
25.483487996 54.287695211
25.55397465 54.231264548
25.545499715 54.227492168
25.522141967 54.228629049
25.5016781 54.221756084
25.499300984 54.211834208
25.523382202 54.204237773
25.528963257 54.195659485
25.521728556 54.188218079
25.493203165 54.182430319
25.485761759 54.175402324
25.493306518 54.157522278
25.516044149 54.1447582
25.543019247 54.136955058
25.631592651 54.128325094
25.653503458 54.128738505
25.663942098 54.132355855
25.679755086 54.14532664
25.690607137 54.14822052
25.728124227 54.145223288
25.740009806 54.146256816
25.763057495 54.156437073
25.771015666 54.172146708
25.771945841 54.217880351
25.775046427 54.222479553
25.786828654 54.231781311
25.78920577 54.236225485
25.786621949 54.242323304
25.781764364 54.244442037
25.776286662 54.245630595
25.7722559 54.248937887
25.765641316 54.259996643
25.757786499 54.268988343
25.748898152 54.276326396
25.739286336 54.282579245
25.734738811 54.283199361
25.723266642 54.280977275
25.719235881 54.281545716
25.715411825 54.285214742
25.70476648 54.302991435
25.701769246 54.312758281
25.695981486 54.320974834
25.682338908 54.325625713
25.667352743 54.323300273
25.607408081 54.304851787
25.563999878 54.303146465
25.542295776 54.308055725
25.528653198 54.320974834
25.529996786 54.346141256
25.548807006 54.367742005
25.594695678 54.400091451
25.612575724 54.421795553
25.616296427 54.441070863
25.615572958 54.461896464
25.619913777 54.488096416
25.630869181 54.508353577
25.646165405 54.520394186
25.707350301 54.541529847
25.726470581 54.552950338
25.740423217 54.568504944
25.745590861 54.58840037
25.739906454 54.607727356
25.715101766 54.643229065
25.70838383 54.663021139
25.709520712 54.675630189
25.713861531 54.685552064
25.719132528 54.694750468
25.723059937 54.705344137
25.724610229 54.715679423
25.721199585 54.766735739
25.724300171 54.780119934
25.734945516 54.789059957
25.75675297 54.800377096
25.766571492 54.803270976
25.773392782 54.803374329
25.778457072 54.805286357
25.782901245 54.813709615
25.782281128 54.821977845
25.77370284 54.841924947
25.7722559 54.85086497
25.782694539 54.869675192
25.80253829 54.881612447
25.825792684 54.89199941
25.846669962 54.906210429
25.85307784 54.916442363
25.854834839 54.925485738
25.858452189 54.932978821
25.870234416 54.938818258
25.907854858 54.948068339
25.926148315 54.947758281
25.962528524 54.942900696
25.981132039 54.94269399
26.102571656 54.957008362
26.138641805 54.968945618
26.15362797 54.978505758
26.170324564 54.993260301
26.187837768 55.008736471
26.224631388 55.054883525
26.22938562 55.063410136
26.231245971 55.075450745
26.230315796 55.100255432
26.233002971 55.111624248
26.264422241 55.140097962
26.30948409 55.144645487
26.420278361 55.12810903
26.428753296 55.128212382
26.438571818 55.130021058
26.444772989 55.133948466
26.450664103 55.13983958
26.459139038 55.144748841
26.473401733 55.145679016
26.578925008 55.118548889
26.600939168 55.120822652
26.616338745 55.135395406
26.627500854 55.164437561
26.633908732 55.192187806
26.641143432 55.202833151
26.656956421 55.215338847
26.685688517 55.231616923
26.701088094 55.236836243
26.739901281 55.242776403
26.765580281 55.246706442
26.789661499 55.257196758
26.800720256 55.273319804
26.791573527 55.290166321
26.768629191 55.300243225
26.602696167 55.316883037
26.542338094 55.307581279
26.525388224 55.308098044
26.465753622 55.320862122
26.450043986 55.327063294
26.44549646 55.337501933
26.455211629 55.356105449
26.479086141 55.381375224
26.486010783 55.390832012
26.49923995 55.428090719
26.507818238 55.439149475
26.54326827 55.459613342
26.546472209 55.47124054
26.527661987 55.492169495
26.532106161 55.516250712
26.551639852 55.534492493
26.57613448 55.550563864
26.595564819 55.568030498
26.605176635 55.590096334
26.607657105 55.616451315
26.603833048 55.643271383
26.594531291 55.666990866
26.615615275 55.687971497
26.640109904 55.695567933
26.666878296 55.693965963
26.720105021 55.681873678
26.743049357 55.68285553
26.822837769 55.706109925
26.842784872 55.719339092
26.900145711 55.778715312
26.95781661 55.81858368
26.979425815 55.826290963
26.981071004 55.826877747
27.110778849 55.836282858
27.151448201 55.832458802
27.17320398 55.825740865
27.235525757 55.79584605
27.263017619 55.787216085
27.282447957 55.791866964
27.329163452 55.81757599
27.349627319 55.831218567
27.374587036 55.814837138
27.405851277 55.804346823
27.438820842 55.798739929
27.564601278 55.792228699
27.592713256 55.79424408
27.601498251 55.809617819
27.610128214 55.830960185
27.617156209 55.878554179
27.645009806 55.922840881
27.744435262 55.959737854
27.776991414 55.99239736
27.781228882 56.016375224
27.8125448 56.034513651
27.880654337 56.063865866
27.892746622 56.077095032
27.901531617 56.089342346
27.911453491 56.100246074
27.927059774 56.109366964
27.939668823 56.113061829
27.981009969 56.118022767
28.023798055 56.129649964
28.051100038 56.140665997
28.068239787 56.147581686
28.110976196 56.156805929
28.148906697 56.142414043
