26.040049675 39.845038153
26.046234571 39.844061591
26.051117384 39.844061591
26.055511915 39.842718817
26.060557488 39.837591864
26.07715905 39.844671942
26.083018425 39.834947007
26.081716342 39.799994208
26.074961785 39.784898179
26.059092644 39.786078192
26.026540561 39.803412177
25.997080925 39.814154364
25.983653191 39.822088934
25.978037957 39.834173895
25.986013217 39.842230536
26.004242384 39.845200914
26.040049675 39.845038153
25.963063998 40.157131252
25.972911004 40.153225002
25.99097741 40.157456773
26.005869988 40.166571356
26.012217644 40.166571356
26.012217644 40.146063544
25.990244988 40.13690827
25.96778405 40.130764065
25.900401238 40.122748114
25.856293165 40.107855536
25.765961134 40.097154039
25.745290561 40.098293361
25.721202019 40.104803778
25.709320509 40.109930731
25.704356316 40.115301825
25.663259311 40.126166083
25.663259311 40.132391669
25.68620853 40.160834052
25.719004754 40.187201239
25.759043816 40.206732489
25.82691491 40.216620184
25.913340691 40.241278387
25.925954623 40.242824611
25.938243035 40.241644598
25.944672071 40.237005927
25.950043165 40.229641018
25.957855665 40.223089911
25.971853061 40.221136786
25.971853061 40.214341539
25.969248894 40.206000067
25.967295769 40.193264065
25.96753991 40.180609442
25.971853061 40.172756252
25.963063998 40.157131252
27.635101759 40.466782945
27.645192905 40.459865627
27.653086785 40.460394598
27.656993035 40.457505601
27.656586134 40.44944896
27.645681186 40.447821356
27.63152103 40.453762111
27.614919467 40.456732489
27.59636478 40.457993882
27.582041863 40.465521552
27.579925977 40.47654857
27.590830925 40.483872789
27.599131707 40.496527411
27.607269727 40.505438544
27.640472852 40.494126695
27.642100457 40.487250067
27.636729363 40.478338934
27.635101759 40.466782945
27.631358269 40.663478908
27.657562696 40.653143622
27.673350457 40.65643952
27.702403191 40.653021552
27.727793816 40.642645575
27.732676629 40.62518952
27.714203321 40.614691473
27.676442905 40.610174872
27.657562696 40.60541413
27.624522332 40.583075262
27.604746941 40.576808986
27.582530144 40.584295966
27.571543816 40.584662177
27.551768425 40.591050523
27.535980665 40.601996161
27.538910352 40.623358466
27.532074415 40.630682684
27.5263778 40.639105536
27.531016472 40.650091864
27.538828972 40.656927802
27.54590905 40.66034577
27.551524285 40.657700914
27.554535352 40.646918036
27.579437696 40.65648021
27.605235222 40.663275458
27.631358269 40.663478908
27.332470744 42.057433981
27.374845418 42.008703105
27.396859578 41.989324443
27.420837443 41.97371816
27.49432133 41.942841492
27.509462524 41.933177999
27.533182007 41.908063253
27.546411173 41.901164449
27.562740926 41.906435445
27.548891642 41.910879619
27.551268758 41.913101705
27.55746993 41.915504659
27.560673869 41.91767507
27.557935018 41.919070334
27.554886108 41.920336405
27.552095581 41.921835022
27.550751994 41.924212138
27.572197713 41.929844869
27.58237797 41.934883322
27.590542847 41.942893169
27.598087606 41.938604025
27.603358602 41.938629863
27.606872599 41.943513285
27.609301392 41.953486837
27.687074422 41.968602193
27.723971395 41.967594503
27.776164592 41.946122945
27.78980717 41.942686463
27.802829631 41.943074036
27.815335327 41.946794739
27.818280884 41.95286672
27.802726278 41.960049744
27.804896687 41.969894104
27.804948364 41.983433329
27.807997274 41.993484395
27.811924682 41.994698792
27.815955445 41.995138042
27.819934529 41.994698792
27.824016968 41.993484395
27.843033895 41.995758159
27.8522323 41.9954481
27.876933634 41.990719707
27.903391968 41.981056213
27.917034546 41.977903951
27.965920451 41.982141419
27.981009969 41.978524069
28.016783431 41.972531457
28.030609571 41.924546617
28.030935092 41.913763739
28.035899285 41.911200262
28.042328321 41.904852606
28.046560092 41.897121486
28.044932488 41.890204169
28.035817905 41.885891018
28.025645379 41.887355861
28.007009311 41.893296617
27.990570509 41.892767645
27.977549675 41.887355861
27.969086134 41.873765367
27.966075066 41.848944403
27.972015821 41.822251695
27.986827019 41.804022528
28.004893425 41.788560289
28.021250847 41.770412502
28.040212436 41.725409247
28.051768425 41.712062893
28.070078972 41.69940827
28.078461134 41.691961981
28.083262566 41.681545315
28.085785352 41.67975495
28.088389519 41.676906643
28.089610222 41.670803127
28.087087436 41.667059637
28.081553582 41.667385158
28.076670769 41.666815497
28.075938347 41.660549221
28.083343946 41.644924221
28.097178582 41.626695054
28.113291863 41.611558335
28.141856316 41.598944403
28.156504754 41.584377346
28.177744988 41.558172919
28.232758009 41.518988348
28.384287957 41.447455145
28.600840691 41.377508856
28.908457879 41.266546942
29.007578972 41.249660549
29.012868686 41.248114325
29.015147332 41.245794989
29.017832879 41.243719794
29.024261915 41.242824611
29.031993035 41.244940497
29.038259311 41.254339911
29.045176629 41.256415106
29.068695509 41.253729559
29.093923373 41.246405341
29.109222852 41.235296942
29.099864129 41.210394598
29.086761915 41.191880601
29.06934655 41.174709377
29.052256707 41.167141018
29.040782097 41.16429271
29.043304884 41.157660223
29.051442905 41.149847723
29.05738366 41.141546942
29.063731316 41.134466864
29.065684441 41.13296133
29.070648634 41.130194403
29.068695509 41.124457098
29.064463738 41.119574286
29.062266472 41.119330145
29.058604363 41.099595445
29.051524285 41.081773179
29.042165561 41.06635163
29.031504754 41.053859768
29.023285352 41.048814195
29.005544467 41.044501044
28.997325066 41.039862372
28.989512566 41.031073309
28.988047722 41.025783596
28.988536004 41.021633205
28.989593946 41.017075914
28.992523634 41.013657945
28.992360873 41.008205471
28.986501498 41.002630927
28.981944207 41.001654364
28.960459832 41.002997137
28.95183353 41.008612372
28.946136915 41.009466864
28.9404403 41.006822007
28.931651238 40.997748114
28.92839603 40.995794989
28.917491082 40.993597723
28.899261915 40.98427969
28.859548373 40.978013414
28.849945509 40.975287177
28.844248894 40.971909898
28.840017123 40.967678127
28.833750847 40.963934637
28.822032097 40.961615302
28.797618035 40.962551174
28.785980665 40.965643622
28.781016472 40.971869208
28.770192905 40.979315497
28.745290561 40.980169989
28.625254754 40.968410549
28.595225457 40.977972723
28.603526238 41.009466864
28.591807488 41.018866278
28.58480879 41.022040106
28.575531446 41.02366771
28.582530144 41.046372789
28.572438998 41.0664737
28.551931186 41.080511786
28.527842644 41.085150458
28.532888217 41.070624091
28.554535352 41.053656317
28.562510613 41.036769924
28.562836134 41.026678778
28.560313347 41.012274481
28.55355879 40.998358466
28.541351759 40.989569403
28.512461785 40.992661851
28.460703972 41.032863674
28.435313347 41.04291413
28.402191602 41.047308661
28.332774285 41.06655508
28.298106316 41.070868231
28.264008009 41.070868231
28.255869988 41.073187567
28.24496504 41.082953192
28.236664259 41.085150458
28.199473504 41.078558661
28.181651238 41.077704169
28.17473392 41.080837307
28.165293816 41.085150458
28.117442254 41.071234442
28.110036655 41.067775783
28.10027103 41.067816473
28.044932488 41.050441799
28.03012129 41.047593492
28.013031446 41.040716864
27.997325066 41.032049872
27.986582879 41.02366771
27.964366082 40.99628327
27.957774285 40.983303127
27.959239129 40.975287177
27.941254102 40.971096096
27.860687696 40.978461005
27.845713738 40.986070054
27.831553582 40.995103257
27.81527754 41.002630927
27.77613366 41.010972398
27.737803582 41.012640692
27.524180535 40.989203192
27.493174675 40.975287177
27.4716903 40.941839911
27.446543816 40.861721096
27.4248153 40.831284898
27.33082116 40.760972398
27.28793379 40.703558661
27.1982528 40.653143622
27.192718946 40.64834219
27.18230228 40.636379299
27.177744988 40.632635809
27.1670028 40.629868882
27.142832879 40.627386786
27.115244988 40.613714911
27.068614129 40.614406643
27.047536655 40.612209377
27.030609571 40.60154857
27.001475457 40.57029857
26.989756707 40.563788153
26.96355228 40.561021226
26.949880405 40.559556382
26.911631707 40.55072663
26.853688998 40.523138739
26.83863366 40.512274481
26.821055535 40.503119208
26.759450717 40.4961612
26.740733269 40.487453518
26.708343946 40.465725002
26.694590691 40.461371161
26.683360222 40.455471096
26.674327019 40.42568594
26.663828972 40.413560289
26.63152103 40.400051174
26.624847852 40.392482815
26.622894727 40.375718492
26.616709832 40.35952383
26.601573113 40.346136786
26.546722852 40.307562567
26.539724155 40.303697007
26.51042728 40.298163153
26.497243686 40.289943752
26.476084832 40.27338288
26.475840691 40.2695987
26.470876498 40.26585521
26.444672071 40.241644598
26.426524285 40.230292059
26.403656446 40.219427802
26.379893425 40.211330471
26.359141472 40.208156643
26.345550977 40.199774481
26.348806186 40.181341864
26.361338738 40.162583726
26.375824415 40.153509833
26.327972852 40.118719794
26.312998894 40.110052802
26.273122592 40.092596747
26.242930535 40.070786851
26.230642123 40.064886786
26.177582227 40.05072663
26.1670028 40.049872137
26.157481316 40.055324611
26.160004102 40.067206122
26.167979363 40.079169012
26.173838738 40.084621486
26.19019616 40.094224351
26.201426629 40.115301825
26.209239129 40.136419989
26.214691602 40.146063544
26.259776238 40.194484768
26.271983269 40.23041413
26.266937696 40.25775788
26.247894727 40.279120184
26.218109571 40.29686107
26.228526238 40.303452867
26.231781446 40.310126044
26.227386915 40.315334377
26.214691602 40.317368882
26.20997155 40.321926174
26.219086134 40.331447658
26.232188347 40.34003327
26.238780144 40.341538804
26.250173373 40.349514065
26.301442905 40.364691473
26.321136915 40.365179755
26.336110873 40.385321356
26.3857528 40.409857489
26.432790561 40.439846096
26.491709832 40.456529039
26.535899285 40.485500393
26.564463738 40.499457098
26.595550977 40.510402736
26.622894727 40.515326239
26.669769727 40.510809637
26.683767123 40.515326239
26.697276238 40.526434637
26.718272332 40.551499742
26.732758009 40.563788153
26.756195509 40.55483633
26.788259311 40.562933661
26.816661004 40.580959377
26.828949415 40.601996161
26.798350457 40.651556708
26.790375196 40.660589911
26.780528191 40.659369208
26.714203321 40.651312567
26.690765821 40.642564195
26.677500847 40.639471747
26.609222852 40.639471747
26.582041863 40.63300202
26.505625847 40.598578192
26.477061394 40.613104559
26.461192254 40.617621161
26.444672071 40.619045315
26.431000196 40.615179755
26.415293816 40.608221747
26.399750196 40.604152736
26.373057488 40.614447333
26.356130405 40.613023179
26.302582227 40.601141669
26.117360873 40.601996161
26.091319207 40.60541413
26.07691491 40.611802476
26.068532748 40.627101955
26.062266472 40.645412502
26.05372155 40.660589911
26.060883009 40.6758487
26.058116082 40.697699286
26.048106316 40.719631252
26.033213738 40.735052802
26.040863477 40.736639716
26.0439559255 40.73847077
26.081591024 40.735550842
26.112286825 40.746971334
26.13450769 40.767125143
26.142982625 40.793790182
26.158278849 40.812186991
26.212022338 40.847430319
26.205097697 40.858385722
26.205821167 40.865000305
26.208715047 40.86841095
26.218636922 40.871976623
26.215122925 40.872855123
26.212539103 40.873113505
26.211195516 40.874715475
26.211918986 40.879469706
26.220910685 40.881330058
26.225251505 40.883603821
26.226285034 40.88882314
26.226181681 40.899313457
26.231142619 40.889804993
26.232382853 40.885670878
26.239204142 40.885670878
26.24633549 40.891458639
26.252226603 40.900553691
26.26039148 40.920449118
26.266489299 40.920449118
26.270003295 40.914816386
26.275170939 40.91026886
26.282198934 40.907219951
26.290673869 40.906134745
26.304006389 40.909028626
26.303282918 40.91548818
26.297288452 40.922412821
26.294394572 40.926650289
26.306486857 40.936003723
26.335012247 40.946235657
26.349068237 40.954555563
26.359093465 40.964684143
26.356199585 40.968146465
26.346484416 40.971712138
26.336045776 40.981892395
26.333151896 40.990729065
26.335942423 40.997136943
26.344624064 41.001064352
26.35961023 41.002407939
26.368085164 41.007730612
26.375009807 41.019461162
26.374182983 41.031140035
26.347621297 41.040958558
26.33904301 41.051552226
26.325090373 41.074083151
26.322403198 41.088552552
26.339456421 41.114494121
26.332325073 41.119041647
26.317338908 41.122297262
26.317338908 41.130462138
26.336045776 41.152579651
26.324160197 41.169891256
26.321059611 41.187616272
26.325503785 41.206994935
26.336045776 41.228905742
26.320542846 41.246217347
26.331704956 41.254123841
26.395060262 41.258981425
26.412113484 41.265699361
26.438468465 41.283579407
26.466373738 41.297170309
26.471954793 41.30192454
26.474435262 41.306368714
26.478776083 41.309624329
26.489318074 41.310864563
26.540167684 41.351792298
26.550606323 41.34176707
26.56962325 41.333602194
26.591120646 41.32931305
26.609724162 41.330708313
26.62264327 41.340371806
26.631738321 41.357528382
26.636595907 41.378457337
26.636389201 41.399592998
26.632151734 41.419746806
26.615925333 41.468529358
26.610964396 41.505736389
26.606106811 41.523047994
26.595461466 41.537414043
26.601662639 41.547335917
26.597838582 41.573277487
26.602282755 41.585163066
26.598562052 41.590847473
26.596288289 41.597539571
26.59525476 41.604955139
26.595461466 41.612448222
26.57644454 41.591002503
26.566522664 41.598753967
26.521150757 41.616427308
26.464410034 41.648518372
26.473195028 41.661127421
26.47619226 41.675726013
26.460379272 41.678774923
26.442809286 41.684459331
26.40436202 41.691823222
26.377386923 41.710633443
26.35961023 41.714896749
26.333358602 41.713036397
26.323230021 41.723681743
26.316305379 41.743758036
26.320026082 41.765462138
26.334185425 41.789543355
26.375526571 41.816621806
26.478362671 41.813288676
26.526111694 41.82424408
26.539547567 41.837990011
26.547815796 41.856283468
26.552053263 41.874447734
26.552894853 41.881643325
26.553603557 41.887702739
26.554740438 41.892947897
26.558977905 41.90173289
26.559804728 41.907339783
26.556807495 41.910750427
26.54471521 41.916434835
26.542958211 41.920362244
26.547092326 41.926899312
26.553293497 41.93157603
26.560631552 41.935684306
26.589467 41.958757834
26.6056934 41.967413636
26.623573446 41.969041444
26.717572876 41.957310893
26.736744833 41.958964539
26.746976766 41.964493917
26.768577515 41.980771994
26.780566447 41.983433329
26.789919881 41.97994517
26.808420044 41.967878724
26.819427124 41.965656636
26.827695353 41.968783061
26.837899181 41.975219503
26.850019572 41.982864889
26.860768269 41.987903341
26.871723674 41.988135885
26.881128784 41.985526225
26.890327189 41.985422873
26.901075887 41.993484395
26.91146285 41.996791687
26.930221395 41.994517924
26.938903035 41.996223247
26.950065144 42.00617096
26.958230021 42.018237406
26.967170044 42.028495179
26.981071004 42.032861837
27.00039799 42.04280955
27.022618856 42.073892924
27.046545044 42.0829363
27.047903041 42.082919649
27.065510294 42.082703756
27.083700398 42.078414612
27.100650268 42.071102397
27.116049845 42.061826478
27.127211954 42.062575786
27.149587849 42.061826478
27.173824097 42.057072246
27.178164917 42.058364156
27.17899174 42.061878154
27.181575561 42.065883077
27.203796427 42.088129781
27.216405477 42.095622864
27.238212931 42.097922465
27.273352906 42.091747132
27.30528894 42.077587789
27.332470744 42.057433981
34.990733269 42.091131903
35.003428582 42.085109768
35.005869988 42.091376044
35.010101759 42.092759507
35.016123894 42.092189846
35.023936394 42.092515367
35.031097852 42.080633856
35.04184004 42.072088934
35.048838738 42.065130927
35.044444207 42.057806708
35.044444207 42.051581122
35.081553582 42.029201565
35.1045028 42.021877346
35.133799675 42.02362702
35.144216342 42.028509833
35.160411004 42.041489976
35.171234571 42.044134833
35.18620853 42.042466539
35.195811394 42.038072007
35.216319207 42.02362702
35.216319207 42.016791083
35.162608269 42.021714585
35.137543165 42.01951732
35.116709832 42.006903387
35.107432488 41.991685289
35.098806186 41.969712632
35.093028191 41.946682033
35.092133009 41.928045966
35.098643425 41.912665106
35.125743035 41.875311591
35.155772332 41.845689195
35.209483269 41.811346747
35.209483269 41.804510809
35.195811394 41.804510809
35.20199629 41.791449286
35.211761915 41.775376695
35.224782748 41.76186758
35.253591342 41.750637111
35.282562696 41.724188544
35.298187696 41.715155341
35.357676629 41.696844794
35.40105228 41.69155508
35.417328321 41.683417059
35.449066602 41.660549221
35.485850457 41.645086981
35.53012129 41.634263414
35.576670769 41.629706122
35.61980228 41.632635809
35.640879754 41.639308986
35.67872155 41.656927802
35.740570509 41.664984442
35.846202019 41.698716539
35.8701278 41.701483466
35.893809441 41.707464911
35.934825066 41.732407945
35.956797722 41.736273505
35.956797722 41.729437567
35.952484571 41.723293361
35.946787957 41.717230536
35.938975457 41.712103583
35.928965691 41.708929755
35.930511915 41.693833726
35.911631707 41.662787177
35.915293816 41.646226304
35.922699415 41.646226304
35.9248153 41.670233466
35.934336785 41.692124742
35.94792728 41.710028387
35.962412957 41.721991278
35.972911004 41.728583075
35.977875196 41.729681708
36.03809655 41.687811591
36.03809655 41.701483466
36.044932488 41.701483466
36.120453321 41.627752997
36.134450717 41.599066473
36.134450717 41.558172919
36.131032748 41.548244533
36.122325066 41.531805731
36.120778842 41.527044989
36.11996504 41.494330145
36.12378991 41.479152736
36.134450717 41.461900132
36.178884311 41.419989325
36.204763217 41.40648021
36.236827019 41.358872789
36.253265821 41.348822333
36.30339603 41.328517971
36.331879102 41.323187567
36.337250196 41.318548895
36.339854363 41.310939846
36.340505405 41.300523179
36.343760613 41.288723049
36.352224155 41.283636786
36.363291863 41.281073309
36.374522332 41.277004299
36.380137566 41.272162177
36.390147332 41.260321356
36.395030144 41.256415106
36.40503991 41.253607489
36.423838738 41.251695054
36.43246504 41.24624258
36.451019727 41.240423895
36.476084832 41.244940497
36.517914259 41.262640692
36.570811394 41.297919012
36.579356316 41.307318427
36.582530144 41.317084052
36.5966903 41.335272528
36.599864129 41.341498114
36.601898634 41.34373607
36.608653191 41.364935614
36.606700066 41.366278387
36.61988366 41.37506745
36.633555535 41.374090887
36.650157097 41.369289455
36.671722852 41.366278387
36.758067254 41.366278387
36.836680535 41.350775458
36.984873894 41.294501044
37.015310092 41.274603583
37.031911655 41.242824611
37.03386478 41.198797919
37.039724155 41.181545315
37.056407097 41.174505927
37.077484571 41.170843817
37.115733269 41.153143622
37.13550866 41.146633205
37.263438347 41.147853908
37.299327019 41.140366929
37.322438998 41.124090887
37.333506707 41.119330145
37.3545028 41.114243882
37.3779403 41.112494208
37.395355665 41.108465887
37.419444207 41.087591864
37.43653405 41.077704169
37.477549675 41.067775783
37.481293165 41.062201239
37.504730665 41.04291413
37.524750196 41.037176825
37.564707879 41.040472723
37.580577019 41.036769924
37.586436394 41.042222398
37.60043379 41.046332098
37.607920769 41.050441799
37.615244988 41.05853913
37.628265821 41.085150458
37.640147332 41.10154857
37.65503991 41.117621161
37.672048373 41.131252346
37.689789259 41.140366929
37.698496941 41.124090887
37.715098504 41.114732164
37.734222852 41.114650783
37.751231316 41.126125393
37.758067254 41.119330145
37.78386478 41.122626044
37.785166863 41.060003973
37.802744988 41.04291413
37.85425866 41.02366771
37.867930535 41.01557038
37.878265821 41.005601304
37.895762566 40.982123114
37.934743686 40.995103257
37.981700066 40.990220445
38.102224155 40.959702867
38.161306186 40.952093817
38.201426629 40.94135163
38.224131707 40.941148179
38.26832116 40.950384833
38.287364129 40.947211005
38.33090254 40.91787344
38.351247592 40.91787344
38.38933353 40.926906643
38.426768425 40.918646552
38.452321811 40.916734117
38.46371504 40.923773505
38.539398634 40.926906643
38.554860873 40.935003973
38.591563347 40.962551174
38.604746941 40.968451239
38.637054884 40.976019598
38.649261915 40.975287177
38.655446811 40.971096096
38.67090905 40.954535223
38.677907748 40.948635158
38.687754754 40.952704169
38.707041863 40.952866929
38.71762129 40.954779364
38.724619988 40.959173895
38.73308353 40.966131903
38.743337436 40.972479559
38.755137566 40.975287177
38.775401238 40.993353583
38.779063347 40.999212958
38.783702019 41.001776434
38.805918816 41.00775788
38.875824415 41.018947658
38.892344597 41.027085679
38.908376498 41.037665106
38.927500847 41.042629299
39.04175866 41.043402411
39.122325066 41.057277736
39.131195509 41.061468817
39.156504754 41.077704169
39.168304884 41.079738674
39.201182488 41.077704169
39.219981316 41.072902736
39.250743035 41.053045966
39.273203972 41.050441799
39.290049675 41.05483633
39.317230665 41.068060614
39.337412957 41.070868231
39.349131707 41.073960679
39.402842644 41.098130601
39.40886478 41.102443752
39.412445509 41.106512762
39.418223504 41.110012111
39.430186394 41.112494208
39.492930535 41.101019598
39.507172071 41.09007396
39.532562696 41.064642645
39.592051629 41.025091864
39.630056186 41.008490302
39.669688347 41.002630927
39.689789259 41.007473049
39.710134311 41.015041408
39.729991082 41.017157294
39.757090691 41.002346096
39.76832116 41.001410223
39.790212436 41.002630927
39.799164259 41.000311591
39.858734571 40.964260158
39.876475457 40.957831122
39.895681186 40.954779364
39.911875847 40.963771877
39.974945509 40.980292059
39.999359571 40.982123114
40.056813998 40.94135163
40.085703972 40.926459052
40.125987175 40.920640367
40.142751498 40.922796942
40.172536655 40.932196356
40.195567254 40.936346747
40.231455925 40.946844794
40.254649285 40.958685614
40.301036004 40.968451239
40.464854363 41.050441799
40.499685092 41.038763739
40.529144727 41.036281643
40.55738366 41.042466539
40.588389519 41.057277736
40.626149936 41.08218008
40.63965905 41.085150458
40.67066491 41.087958075
40.685883009 41.091986395
40.6982528 41.098130601
40.757578972 41.158351955
40.827484571 41.197943427
40.8388778 41.201239325
40.854014519 41.1992862
40.896820509 41.18756745
40.922048373 41.190619208
40.95980879 41.210638739
40.976084832 41.215521552
40.997080925 41.217718817
41.020274285 41.223700262
41.042735222 41.232489325
41.06137129 41.242824611
41.100840691 41.274155992
41.121348504 41.285549221
41.146657748 41.289984442
41.172618035 41.291245835
41.190765821 41.295721747
41.285004102 41.353827216
41.310313347 41.360785223
41.331797722 41.369696356
41.34253991 41.372503973
41.377452019 41.376044012
41.390391472 41.379339911
41.40894616 41.390326239
41.424164259 41.407863674
41.434336785 41.429144598
41.438161655 41.451361395
41.448578321 41.456244208
41.507090691 41.495428778
41.520762566 41.5142276065
41.627257121 41.48051829
41.639969524 41.478709615
41.669838501 41.480466614
41.694953247 41.489096578
41.702601359 41.489044902
41.703944947 41.485117493
41.702808065 41.477624411
41.702601359 41.469459534
41.706838827 41.463155009
41.718517701 41.459589335
41.747766561 41.456850485
41.760995728 41.453543193
41.800786581 41.425689596
41.812982218 41.421813863
41.822594035 41.425999654
41.862694946 41.451786194
41.894010864 41.485530905
41.907756796 41.493489075
41.94796106 41.50558136
42.019584594 41.485065817
42.054931275 41.493489075
42.069400676 41.498605042
42.083456665 41.500103658
42.097512655 41.498346659
42.11177535 41.493489075
42.143194621 41.500258688
42.158387491 41.499896953
42.172650187 41.493489075
42.189289998 41.481706849
42.213267863 41.480208232
42.262463827 41.482326966
42.437853638 41.430857239
42.451032576 41.431370354
42.463071737 41.431839092
42.483845662 41.442174377
42.513817993 41.476229147
42.535522095 41.493489075
42.545547323 41.509612122
42.554952433 41.550333151
42.565184367 41.567127991
42.585234822 41.578755188
42.5866475753 41.5791069349
42.590913541 41.580169073
42.610556274 41.585059713
42.660992472 41.588263652
42.800932251 41.579220276
42.819949178 41.572347311
42.812197714 41.562993877
42.808890422 41.552916972
42.806823364 41.542995097
42.80268925 41.534106751
42.794627726 41.526820374
42.774887329 41.514263001
42.766515747 41.504341125
42.792147257 41.492868958
42.811164185 41.477159323
42.829974406 41.472508444
42.854572388 41.493799134
42.86800826 41.500207011
42.875139608 41.493695781
42.880720662 41.481241761
42.888988891 41.469976298
42.896637004 41.466565654
42.92609257 41.459072571
42.932190389 41.454783427
42.936221151 41.450235901
42.941078736 41.446308493
42.949967082 41.443672994
42.957718546 41.437006734
42.987587524 41.394683736
43.002056925 41.382694805
43.075644165 41.344867656
43.123909953 41.312931621
43.154760783 41.301872864
43.184009644 41.298978984
43.185353231 41.293811341
43.171865682 41.27934194
43.157241251 41.269730123
43.103136027 41.248801168
43.13031783 41.242289938
43.152331991 41.244150289
43.172020712 41.242341614
43.192226196 41.224978333
43.216204061 41.180536601
43.230621785 41.172630107
43.322605835 41.192060446
43.351751343 41.193610738
43.383273967 41.187202861
43.410559122 41.175162252
43.437585897 41.156197001
43.451796916 41.132580872
43.4404281 41.106587626
43.436293986 41.083229879
43.444562216 41.051448873
43.460478557 41.022871806
43.479598837 41.009125875
43.522386922 41.004474996
43.56543339 40.988145244
43.604862509 40.963340556
43.636178426 40.933523255
43.647650594 40.913886211
43.651939738 40.894765931
43.654161824 40.874715475
43.659536174 40.851977844
43.669768107 40.832134095
43.711315959 40.781646221
43.720617717 40.762887676
43.724131714 40.746351217
43.729351033 40.677104797
43.726405477 40.668991598
43.705631551 40.640776266
43.699533732 40.634575094
43.707181844 40.611940817
43.664807169 40.574061992
43.65147465 40.553391419
43.652508179 40.529413554
43.646462037 40.533030905
43.642017863 40.534374492
43.63757369 40.535149638
43.631475871 40.53685496
43.634628133 40.532772522
43.636281779 40.529775289
43.638968954 40.522592265
43.615301147 40.520421855
43.593700399 40.509001363
43.559490601 40.477892152
43.563624715 40.464714661
43.584863728 40.446576234
43.625326375 40.420169576
43.625326375 40.413348288
43.624463001 40.411137485
43.609565064 40.372988994
43.601038452 40.361826884
43.594217163 40.345445455
43.604449097 40.329787496
43.631475871 40.310305481
43.675969279 40.265967102
43.69034759 40.240443188
43.691368856 40.238630269
43.673075399 40.227726543
43.683720744 40.210104879
43.714933309 40.180649313
43.721392863 40.169383851
43.711626017 40.156464742
43.666357463 40.148919983
43.652508179 40.138998109
43.665427287 40.110162659
43.711212606 40.090732321
43.802783244 40.070733541
43.912130574 40.024328105
44.032433309 40.00861847
44.04834965 40.012855937
44.083127889 40.031614482
44.104470256 40.035955302
44.114288778 40.033939921
44.12700118 40.024483135
44.135476115 40.022312724
44.145914754 40.023397929
44.166378621 40.028048808
44.195007365 40.030787659
44.255262085 40.043396708
44.289058472 40.043396708
44.325645386 40.034663392
44.380925553 40.009803793
44.46434493 39.972289937
44.522170858 39.933532613
44.547854045 39.911466776
44.559119507 39.896894023
44.563770386 39.881701152
44.567491089 39.873019512
44.575966024 39.866353251
44.591055542 39.85782664
44.594156128 39.848059794
44.594466186 39.836794332
44.598186889 39.831006572
44.611519409 39.837311096
44.647692911 39.805116679
44.666193075 39.796383362
44.671257365 39.795866598
44.682419474 39.797210185
44.687173706 39.796383362
44.692031291 39.793024394
44.697767374 39.785272929
44.7591073 39.723106181
44.774558553 39.702797343
44.784325399 39.69023997
44.795745891 39.652361146
44.806992829 39.639901712
44.725724325 39.685330709
44.706293986 39.698043111
44.646504354 39.719540507
44.632810099 39.731632792
44.605835002 39.763155416
44.590435425 39.771526998
44.56573409 39.765894267
44.459487345 39.698456523
44.455043173 39.687139384
44.460210816 39.654479879
44.458250194 39.642520089
44.457626994 39.638718567
44.451684204 39.625851136
44.418559611 39.574329733
44.414012085 39.56089386
44.412048381 39.544460755
44.414012085 39.530353089
44.417422729 39.517485657
44.416802612 39.505548401
44.406829061 39.493714498
44.406674031 39.493714498
44.406674031 39.493662821
44.401713094 39.471338603
44.405227091 39.452476705
44.40481368 39.434389954
44.387967163 39.414494528
44.36874353 39.4035908
44.316963745 39.385297343
44.294949585 39.381214905
44.269524781 39.382868551
44.20043339 39.409481913
44.176507203 39.411548971
44.122246949 39.400438538
44.099199259 39.398474833
44.076978394 39.400593567
44.061372111 39.400283508
44.046385946 39.396046041
44.026025432 39.386175842
44.014863322 39.374083557
44.020961141 39.361991272
44.047212768 39.337910055
44.047395414 39.33751363
44.051760295 39.328039857
44.057651408 39.306800842
44.069433635 39.287008769
44.069226929 39.279567362
44.06674646 39.27295278
44.067159872 39.264012757
44.070570516 39.255486145
44.082662801 39.235668234
44.083489624 39.226831564
44.076564982 39.208693136
44.077701864 39.200063172
44.10354008 39.184637757
44.148085164 39.166447652
44.186635783 39.145131125
44.194800659 39.120533142
44.174956909 39.090224915
44.169892619 39.07436025
44.1791427 39.034931132
44.169530884 39.023045553
44.15335616 39.012555237
44.139196818 38.993951721
44.139196818 38.993770854
44.14467452 38.986820374
44.147775106 38.980050761
44.151960897 38.964625346
44.158007039 38.957468161
44.167102092 38.951990458
44.174646851 38.945763448
44.175370321 38.936694235
44.174853556 38.928374329
44.178160848 38.920700379
44.182501669 38.913129781
44.192113485 38.890753886
44.205756063 38.875664368
44.221982462 38.863442892
44.275002482 38.843573303
44.279808391 38.81422109
44.252678264 38.741822408
44.248647501 38.721823629
44.250507853 38.70921458
44.255468791 38.697277323
44.260481405 38.679242249
44.256088908 38.671955871
44.247407267 38.665082906
44.244306682 38.658959249
44.256812378 38.653920797
44.274899129 38.649373271
44.282547242 38.645394185
44.289885295 38.638882955
44.297016643 38.622320659
44.296809936 38.601624248
44.292159058 38.562040101
44.301357462 38.511190491
44.300168905 38.494033915
44.287508179 38.453726298
44.287404826 38.441944072
44.290505412 38.416596781
44.289885295 38.407372539
44.286578003 38.39099111
44.28952356 38.382257792
44.298670288 38.377193502
44.313398072 38.371819154
44.363369182 38.364610291
44.396338745 38.379673971
44.409051147 38.381792704
44.42465743 38.377038472
44.438816772 38.367555847
44.451115763 38.354042461
44.458763876 38.338332825
44.459177287 38.322416484
44.436749715 38.296940003
44.400576212 38.27466746
44.372412557 38.249501038
44.376701701 38.201545309
44.37323938 38.18211497
44.367089885 38.162477926
44.360578654 38.147853496
44.353137248 38.139998678
44.335360555 38.134055888
44.327092325 38.128397319
44.325697062 38.11968984
44.333810262 38.100879618
44.328280884 38.094626771
44.309005574 38.08723704
44.295879761 38.079020488
44.286578003 38.066308085
44.278309774 38.045327454
44.269524781 38.030005391
44.245391886 38.008378805
44.236141805 37.994012757
44.236141805 37.993986918
44.236038452 37.993883566
44.236038452 37.993831889
44.227563517 37.980990296
44.221465698 37.968820496
44.219657023 37.956082255
44.224669637 37.942000428
44.22549646 37.929313863
44.216711467 37.918591004
44.20637618 37.908333232
44.205006186 37.904767947
44.202087036 37.897171122
44.219605346 37.875311992
44.254435262 37.87084198
44.319237508 37.876862285
44.331226441 37.873968405
44.367141561 37.860222473
44.377941936 37.854124654
44.383833049 37.844977926
44.387553752 37.833402405
44.393238159 37.821077576
44.404400269 37.809734599
44.412100057 37.807719218
44.418973023 37.809682922
44.425484253 37.810768128
44.433029012 37.806117249
44.433752482 37.801104635
44.429773397 37.785136618
44.429101603 37.779142152
44.436439656 37.767799174
44.450495646 37.766636454
44.46651534 37.771132304
44.479227743 37.776868388
44.506461223 37.779348857
44.534418172 37.769194438
44.559377889 37.752012025
44.596119833 37.716381124
44.598393595 37.707027689
44.588161662 37.693979391
44.553538452 37.671810201
44.545270223 37.663025208
44.540877726 37.63271698
44.560979858 37.614656068
44.583510783 37.601091004
44.587438191 37.584011943
44.57834314 37.563909811
44.571831909 37.539208476
44.569919881 37.514403788
44.575242554 37.493991598
44.575242554 37.493836568
44.579273316 37.476964214
44.565940796 37.44717275
44.572141968 37.430791321
44.58557784 37.424667664
44.622784872 37.421902975
44.638184448 37.412601217
44.652240438 37.38402415
44.661645549 37.375652568
44.698025757 37.380045065
44.707120809 37.370950013
44.713011923 37.35679067
44.721383504 37.343277283
44.77895105 37.313795878
44.801585327 37.292686056
44.798484741 37.260310771
44.786754191 37.248115133
44.772956583 37.241681417
44.760502563 37.233232321
44.753526245 37.215326436
44.756730184 37.195198466
44.766135295 37.178145244
44.772336467 37.161247051
44.766135295 37.141920065
44.753836303 37.159154155
44.733785848 37.167241517
44.628934367 37.179023743
44.610279175 37.178351949
44.578239787 37.166414694
44.53937911 37.143677063
44.503412313 37.116624451
44.479227743 37.092000631
44.454423055 37.076342672
44.428068074 37.064767151
44.34311202 37.042442933
44.335153849 37.031151632
44.331639852 37.015467835
44.316136922 36.994125468
44.316136922 36.994022115
44.315981893 36.993970439
44.31587854 36.993970439
44.306628459 36.977227275
44.297223348 36.969940898
44.284821004 36.969165752
44.243273153 36.977769878
44.234281454 36.983660991
44.227770223 36.994125468
44.187462606 37.066937561
44.1800212 37.087608134
44.180641317 37.108924662
44.189219604 37.129207662
44.205962769 37.14662262
44.218778524 37.152617086
44.230199016 37.154322408
44.24012089 37.157965597
44.248337443 37.169670309
44.249629354 37.179437155
44.248544148 37.191917013
44.243531535 37.21382782
44.235004923 37.236772156
44.223171021 37.254057923
44.206892945 37.267519633
44.184465373 37.279172668
44.08803715 37.31116038
44.069024736 37.313726588
44.035585571 37.318240052
43.990368693 37.312503968
43.953781779 37.287466736
43.924171183 37.25307607
43.893630412 37.224912414
43.839990276 37.217109273
43.822006877 37.202381491
43.809397827 37.199694315
43.802059774 37.203570048
43.780562378 37.220364889
43.770640503 37.22584259
43.746921021 37.230648499
43.720824423 37.232612203
43.618298381 37.226979472
43.594217163 37.229459941
43.568895712 37.237702332
43.550602255 37.24873525
43.542437378 37.252300924
43.52951827 37.253902893
43.517115926 37.252300924
43.492414591 37.244756165
43.479598837 37.243360901
43.463269084 37.248683574
43.416760295 37.279172668
43.376039266 37.29552826
43.362505215 37.303908152
43.336145061 37.320229594
43.324156128 37.322219137
43.305655965 37.319971212
43.296870972 37.316741435
43.287517538 37.309144999
43.278629191 37.307749736
43.270309285 37.308679911
43.263384643 37.310695293
43.131971476 37.367255147
43.114814901 37.37113088
43.083705689 37.368831279
43.043501424 37.360252991
43.005157512 37.347256368
42.979629354 37.331830954
42.937047973 37.32015208
42.896740357 37.324906311
42.814058065 37.346817119
42.805479777 37.35185557
42.801138956 37.369089661
42.792457316 37.374334819
42.780468384 37.375497538
42.771580037 37.37490326
42.722177368 37.358909404
42.715666138 37.355292053
42.709464965 37.347178854
42.707397909 37.340150859
42.706157674 37.333226217
42.702333619 37.325345561
42.576966594 37.179230449
42.564667602 37.152048645
42.561256958 37.14662262
42.545237264 37.140886536
42.459144328 37.129311015
42.401886841 37.114143982
42.357238403 37.109984029
42.356514934 37.138276876
42.354551229 37.152410381
42.346696412 37.158430685
42.335327596 37.171168925
42.353207642 37.227031149
42.346696412 37.239769389
42.339875122 37.242637431
42.305768677 37.264548239
42.301427856 37.269922587
42.296363566 37.279689433
42.292022746 37.285063782
42.285821574 37.286562399
42.279206991 37.282273255
42.272902465 37.276743877
42.267218059 37.27452179
42.236832316 37.286304016
42.223189738 37.28813853
42.222156209 37.292401835
42.223809855 37.302375387
42.222569621 37.313950908
42.211200805 37.324906311
42.193010701 37.313227437
42.1785413 37.306302795
42.128311809 37.253282776
42.05296757 37.196645406
42.009249309 37.175613099
41.896365067 37.15428342
41.479772583 37.075567526
41.201339966 37.064973857
41.179739217 37.069624736
41.13509078 37.084249166
40.896449015 37.122696432
40.708966919 37.100475566
40.659460897 37.085256857
40.52572229 37.025880636
40.479833618 37.015157776
40.456992635 37.014124247
40.43518518 37.01061025
40.413894491 37.004021505
40.393740682 36.994022115
40.261409006 36.922784683
40.190135539 36.884416403
40.152721802 36.870360413
40.115204712 36.864727682
40.079237915 36.854857483
39.97981246 36.806953431
39.765251913 36.742151184
39.441707633 36.692372694
39.239599243 36.661277567
39.185855753 36.659520569
39.032170044 36.701171774
38.979976848 36.69817454
38.957962687 36.692903545
38.795388631 36.686650696
38.72500533 36.693937073
38.664130494 36.719516907
38.635191663 36.744039459
38.529358358 36.833721822
38.479955689 36.855735982
38.28988977 36.901702169
38.224260702 36.908394267
38.190050903 36.905526225
38.122974894 36.884623108
38.026005169 36.835005625
38.007943156 36.825763651
37.980037882 36.819665833
37.819737589 36.760547994
37.654062948 36.732125957
37.593394816 36.710525208
37.446116984 36.634199117
37.40446578 36.6344575
37.241891724 36.658590393
37.219670858 36.657143453
37.156108846 36.643914287
37.137401977 36.645877991
37.120968872 36.649908753
37.104432414 36.650993957
37.085622193 36.644172669
37.070119263 36.631511943
37.062367798 36.622106832
37.05306604 36.619936422
37.033325643 36.628721415
37.014515422 36.642260641
37.010794718 36.653732809
37.019476359 36.685823873
37.018442831 36.706649475
37.010588012 36.719516907
36.980098918 36.742254537
36.964699341 36.753830058
36.94588912 36.762666728
36.925942017 36.768971253
36.906821736 36.772588603
36.843673137 36.775844218
36.659562625 36.827243022
36.658568156 36.827520651
36.649163046 36.828554179
36.639861288 36.828089091
36.643271932 36.803646139
36.632006469 36.784319153
36.615676717 36.766594137
36.603274374 36.746957093
36.598933553 36.724787903
36.59810673 36.705460918
36.594696085 36.685823873
36.582810507 36.662414449
36.569271281 36.620143127
36.569994751 36.575701396
36.565343872 36.532499899
36.535474894 36.494000956
36.531237427 36.479014791
36.533821248 36.462478333
36.552734823 36.408166403
36.558005819 36.400621643
36.565033814 36.39560903
36.580846802 36.389872945
36.585704386 36.387030742
36.590561971 36.380364482
36.593352498 36.373491516
36.59448938 36.365946757
36.594282674 36.357110087
36.587771444 36.342123922
36.582190389 36.333080547
36.577642863 36.332873841
36.587771444 36.324812317
36.620741007 36.32202179
36.637070761 36.31680247
36.648646281 36.305898743
36.648761162 36.305718561
36.658464803 36.290499166
36.665492798 36.274014384
36.669110148 36.259855042
36.670040324 36.237324117
36.664252563 36.229004211
36.593455851 36.218100485
36.574438925 36.218358867
36.498577922 36.227867331
36.480181111 36.225541891
36.468915649 36.222389628
36.465298299 36.215930074
36.463954712 36.208798726
36.45920048 36.20311432
36.450725545 36.19991038
36.445247843 36.19991038
36.439253377 36.201408997
36.411864868 36.204457907
36.398118937 36.208230286
36.385613241 36.215464986
36.373004191 36.227608948
36.36142867 36.21815216
36.375794719 36.204509583
36.374451131 36.195879619
36.366286255 36.189213358
36.360498494 36.1816686
36.358638143 36.166992493
36.355537557 36.022401835
36.358018026 35.993979798
36.336727335 35.988243713
36.297349894 36.000749411
36.277506144 35.99423818
36.277506144 35.994186504
36.277402791 35.994031474
36.277402791 35.993979798
36.269031209 35.958736471
36.253114868 35.955635885
36.229033651 35.961165263
36.196890909 35.951708476
36.174876749 35.922666321
36.168778931 35.852076315
36.157616821 35.822569072
36.155307557 35.822232044
36.138496541 35.819778545
36.080308879 35.854195048
36.050749959 35.865408834
36.019434041 35.866183981
36.003931111 35.869181214
35.992355591 35.87734609
35.990081828 35.889283346
35.99307906 35.902357483
35.992769002 35.915276591
35.980263306 35.926852112
35.960729615 35.924371643
35.940575806 35.918377177
35.920835409 35.915121562
35.9113054189 35.9177504328
35.911306186 35.917751369
35.911387566 35.91787344
35.922699415 35.931586005
35.966075066 35.993638414
35.976735873 36.000962632
35.97543379 36.018500067
35.948415561 36.087836005
35.878265821 36.182074286
35.864512566 36.196844794
35.852224155 36.213527736
35.840993686 36.244533596
35.82691491 36.257554429
35.810801629 36.2695987
35.798594597 36.281683661
35.787364129 36.304266669
35.788747592 36.32025788
35.815928582 36.353013414
35.824473504 36.361070054
35.834239129 36.366278387
35.844981316 36.368963934
35.856781446 36.369777736
35.861827019 36.373521226
35.873545769 36.397691148
35.88184655 36.404689846
35.899424675 36.412298895
35.908457879 36.41815827
35.913259311 36.427191473
35.918711785 36.448187567
35.930837436 36.454575914
35.935557488 36.459458726
35.942393425 36.464341539
35.981781446 36.475653387
35.990244988 36.479641018
36.037445509 36.527044989
36.044932488 36.537665106
36.055430535 36.538275458
36.16293379 36.593410549
36.17872155 36.596340236
36.189138217 36.603989976
36.201182488 36.621975002
36.211192254 36.642401434
36.216156446 36.657782294
36.215586785 36.670477606
36.211599155 36.67991771
36.206553582 36.688706773
36.202484571 36.69936758
36.20191491 36.706284898
36.202484571 36.769191799
36.198741082 36.784572658
36.188975457 36.801743882
36.129893425 36.869289455
36.095469597 36.897121486
36.058604363 36.918443101
36.020274285 36.926336981
35.985036655 36.915594794
35.950856967 36.891017971
35.893809441 36.834906317
35.880137566 36.825913804
35.863617384 36.822251695
35.853851759 36.815822658
35.820648634 36.78514232
35.805430535 36.775091864
35.767100457 36.767726955
35.684092644 36.764634507
35.647715691 36.7539737
35.636241082 36.744614976
35.624522332 36.726019598
35.613536004 36.719875393
35.617442254 36.72679271
35.618174675 36.731634833
35.615000847 36.735663153
35.606700066 36.740383205
35.596853061 36.724920966
35.582286004 36.712795315
35.57300866 36.700669664
35.579437696 36.685126044
35.594493035 36.701727606
35.616872592 36.696234442
35.61980228 36.712388414
35.625498894 36.71092357
35.629161004 36.708238023
35.63168379 36.704331773
35.634043816 36.69936758
35.638682488 36.706284898
35.640472852 36.713364976
35.639170769 36.720363674
35.634043816 36.72671133
35.648122592 36.733221747
35.653819207 36.727362372
35.657399936 36.717515367
35.664805535 36.712388414
35.675791863 36.715318101
35.685557488 36.720770575
35.696055535 36.723944403
35.709157748 36.719875393
35.650157097 36.697821356
35.622569207 36.680731512
35.606700066 36.657782294
35.608653191 36.646877346
35.622080925 36.654242255
35.66675866 36.696112372
35.680023634 36.70307038
35.695567254 36.706203518
35.657969597 36.675197658
35.652191602 36.666734117
35.643728061 36.648871161
35.637461785 36.641017971
35.633148634 36.630926825
35.632985873 36.618150132
35.631358269 36.607163804
35.623545769 36.602525132
35.613942905 36.600531317
35.598806186 36.591498114
35.589366082 36.589504299
35.557139519 36.587469794
35.544688347 36.589504299
35.513356967 36.612982489
35.503672722 36.616848049
35.490000847 36.613918361
35.481211785 36.607245184
35.478688998 36.598537502
35.488536004 36.597072658
35.496836785 36.594427802
35.531016472 36.582709052
35.488780144 36.592027085
35.445485873 36.596340236
35.437185092 36.594224351
35.413259311 36.583685614
35.408050977 36.579291083
35.404470248 36.571926174
35.395355665 36.567613023
35.37403405 36.561590887
35.347992384 36.544378973
35.346039259 36.541083075
35.335785352 36.545599677
35.320160352 36.564683335
35.308848504 36.569037177
35.294688347 36.572495835
35.04184004 36.69521719
35.014170769 36.70307038
34.982269727 36.720770575
34.962412957 36.72671133
34.946462436 36.727972723
34.933278842 36.727484442
34.929860873 36.727362372
34.913910352 36.724676825
34.900401238 36.719875393
34.902598504 36.724514065
34.907888217 36.740383205
34.8935653 36.74599844
34.852549675 36.78131745
34.770762566 36.816066799
34.764984571 36.80857982
34.735850457 36.821682033
34.692881707 36.813869533
34.626719597 36.788763739
34.59652754 36.78506094
34.585134311 36.78131745
34.554698113 36.767645575
34.548838738 36.763373114
34.539073113 36.744574286
34.53386478 36.740383205
34.503184441 36.72671133
34.415212436 36.662909247
34.30746504 36.608587958
34.27621504 36.586981512
34.1904403 36.498521226
34.181651238 36.483384507
34.177744988 36.473374742
34.168223504 36.466945705
34.14747155 36.459173895
34.11198978 36.42959219
34.077321811 36.413885809
34.074880405 36.387274481
34.079925977 36.3555362
34.077891472 36.328843492
34.057790561 36.315904039
34.027191602 36.310777085
33.999766472 36.302923895
33.989268425 36.281683661
33.99480228 36.283270575
33.998301629 36.286037502
33.995860222 36.279527085
33.977061394 36.259426174
33.968760613 36.246893622
33.965179884 36.232367255
33.964366082 36.220526434
33.958994988 36.213568427
33.941416863 36.213364976
33.941416863 36.219631252
33.950938347 36.237697658
33.945974155 36.265204169
33.930918816 36.290472723
33.910411004 36.301499742
33.895274285 36.305568752
33.883148634 36.31248607
33.871104363 36.314886786
33.855479363 36.30491771
33.837657097 36.280422268
33.827891472 36.271714585
33.811045769 36.267401434
33.818695509 36.26577383
33.821787957 36.263983466
33.824717644 36.259914455
33.813731316 36.251654364
33.799082879 36.23065827
33.786875847 36.226385809
33.777028842 36.225043036
33.742849155 36.213364976
33.735606316 36.208726304
33.705251498 36.181708075
33.700368686 36.171128648
33.693858269 36.144110419
33.688243035 36.137030341
33.685313347 36.143215236
33.660329623 36.174872137
33.656586134 36.188666083
33.64722741 36.192572333
33.634125196 36.190334377
33.61988366 36.185451565
33.59652754 36.168768622
33.574066602 36.14476146
33.552256707 36.127508856
33.530528191 36.130804755
33.544200066 36.137030341
33.544200066 36.14447663
33.521006707 36.146633205
33.478282097 36.155951239
33.458262566 36.158148505
33.436696811 36.154689846
33.40113366 36.139837958
33.386485222 36.137030341
33.347829623 36.147894598
33.32683353 36.150091864
33.308360222 36.132228908
33.286468946 36.129950262
33.241953972 36.130804755
33.212412957 36.124090887
33.200938347 36.123358466
33.188649936 36.125799872
33.167246941 36.134955145
33.156911655 36.137030341
33.134043816 36.131781317
33.121429884 36.119086005
33.11215254 36.103420315
33.098643425 36.089260158
33.087738477 36.082831122
33.083750847 36.082749742
33.080414259 36.08588288
33.071136915 36.089260158
33.058360222 36.090643622
33.026866082 36.089260158
32.960459832 36.102687893
32.940928582 36.103501695
32.876719597 36.075140692
32.865244988 36.071844794
32.856700066 36.060980536
32.80372155 36.027167059
32.76059004 36.029486395
32.67066491 36.046698309
32.632334832 36.061957098
32.571787957 36.09398021
32.567881707 36.096096096
32.531423373 36.098822333
32.513438347 36.103013414
32.437266472 36.138657945
32.427012566 36.147609768
32.419606967 36.159491278
32.402028842 36.165513414
32.38152103 36.170152085
32.365489129 36.177964585
32.318695509 36.228583075
32.310313347 36.229478257
32.305918816 36.23456452
32.287282748 36.244818427
32.282969597 36.250637111
32.278981967 36.279038804
32.27613366 36.287827867
32.25269616 36.315334377
32.192149285 36.358384507
32.179942254 36.387152411
32.17839603 36.395331122
32.174327019 36.4024112
32.16285241 36.414780992
32.151621941 36.430324611
32.148448113 36.4336612
32.135020379 36.438218492
32.132090691 36.438666083
32.114512566 36.469671942
32.102061394 36.486151434
32.087168816 36.493312893
32.02605228 36.543443101
32.018809441 36.546535549
32.010020379 36.547756252
31.99870853 36.547919012
31.987803582 36.549953518
31.980153842 36.554388739
31.974131707 36.558986721
31.968272332 36.561590887
31.928070509 36.560248114
31.907969597 36.56264883
31.899424675 36.572455145
31.888031446 36.581122137
31.862478061 36.588690497
31.83464603 36.592352606
31.816742384 36.589504299
31.80738366 36.596828518
31.769053582 36.610012111
31.749359571 36.632269598
31.736582879 36.642279364
31.724294467 36.641017971
31.703461134 36.643622137
31.62761478 36.670843817
31.610687696 36.682033596
31.596202019 36.695705471
31.407562696 36.763413804
31.378591342 36.767645575
31.376312696 36.791937567
31.340830925 36.80857982
30.939707879 36.857001044
30.775889519 36.849554755
30.748057488 36.85565827
30.726898634 36.865871486
30.68653405 36.891180731
30.628591342 36.85956452
30.601735873 36.838120835
30.587657097 36.807074286
30.574473504 36.789536851
30.569834832 36.78131745
30.569834832 36.750555731
30.564626498 36.717962958
30.565765821 36.700181382
30.576670769 36.685126044
30.576670769 36.678900458
30.568858269 36.670599677
30.562673373 36.662543036
30.558360222 36.65232982
30.556162957 36.637884833
30.557871941 36.619614976
30.563812696 36.60932038
30.571055535 36.601141669
30.576670769 36.589504299
30.583506707 36.596340236
30.5810653 36.575181382
30.567230665 36.539862372
30.569834832 36.528021552
30.535980665 36.505194403
30.520843946 36.489732164
30.508799675 36.454291083
30.48698978 36.426947333
30.487966342 36.41815827
30.474619988 36.401597398
30.476328972 36.384222723
30.48715254 36.370266018
30.501638217 36.363592841
30.494151238 36.349310614
30.519867384 36.341864325
30.505625847 36.327378648
30.478770379 36.30857982
30.466807488 36.287827867
30.473643425 36.287827867
30.478200717 36.292303778
30.478851759 36.291937567
30.480642123 36.289536851
30.487966342 36.287827867
30.477793816 36.279486395
30.4638778 36.271144924
30.451670769 36.2617862
30.440765821 36.239325262
30.427419467 36.226385809
30.398610873 36.205959377
30.400401238 36.248114325
30.396006707 36.26552969
30.384287957 36.274237372
30.360524936 36.268622137
30.254567905 36.308294989
30.233734571 36.308905341
30.158539259 36.298651434
30.149261915 36.289862372
30.145518425 36.275132554
30.144704623 36.254339911
30.138438347 36.254339911
30.137217644 36.260646877
30.131032748 36.274237372
30.124766472 36.255072333
30.124766472 36.246893622
30.110606316 36.254339911
30.111094597 36.247219143
30.110606316 36.240057684
30.07300866 36.246893622
30.065603061 36.24994538
30.057871941 36.255601304
30.048187696 36.258775132
30.034841342 36.254339911
30.055918816 36.254339911
30.055918816 36.246893622
29.988454623 36.217759507
29.973399285 36.219631252
29.961273634 36.213853257
29.950043165 36.214422919
29.938324415 36.217678127
29.925547722 36.219631252
29.916514519 36.219061591
29.911631707 36.217027085
29.898203972 36.205959377
29.881358269 36.198431708
29.844004754 36.19139232
29.830088738 36.185451565
29.833343946 36.184475002
29.836110873 36.184271552
29.837575717 36.182847398
29.836924675 36.177964585
29.827321811 36.178045966
29.802582227 36.17182038
29.802582227 36.164984442
29.82309004 36.164984442
29.809580925 36.153998114
29.795258009 36.145209052
29.779551629 36.139349677
29.761729363 36.137030341
29.761729363 36.14447663
29.767263217 36.147772528
29.770192905 36.150824286
29.77222741 36.154201565
29.775401238 36.158148505
29.762380405 36.156561591
29.759287957 36.155015367
29.754893425 36.150702216
29.743418816 36.160956122
29.731455925 36.16425202
29.719248894 36.162665106
29.707041863 36.158148505
29.703868035 36.154445705
29.703135613 36.149969794
29.699961785 36.146144924
29.689300977 36.14447663
29.688731316 36.141262111
29.672373894 36.123358466
29.668223504 36.143784898
29.633962436 36.157049872
29.62387129 36.177964585
29.637380405 36.172430731
29.64323978 36.177923895
29.642100457 36.186957098
29.634532097 36.19163646
29.583506707 36.185451565
29.583506707 36.19163646
29.59253991 36.195786851
29.602305535 36.198675848
29.612966342 36.199855861
29.62387129 36.19912344
29.602224155 36.20701732
29.521494988 36.205959377
29.494476759 36.21100495
29.432139519 36.240057684
29.420420769 36.23061758
29.415212436 36.239732164
29.411631707 36.267401434
29.405772332 36.260158596
29.401866082 36.2617862
29.398122592 36.266180731
29.391856316 36.267401434
29.38160241 36.263902085
29.37761478 36.26162344
29.375254754 36.258856512
29.36996504 36.254339911
29.364919467 36.248277085
29.361338738 36.241522528
29.357106967 36.235663153
29.349619988 36.232611395
29.340830925 36.237372137
29.33472741 36.247707424
29.329356316 36.25409577
29.322276238 36.246893622
29.261241082 36.293565171
29.25668379 36.29702383
29.247813347 36.311712958
29.234629754 36.3242862
29.174978061 36.33982982
29.158457879 36.356756903
29.144704623 36.349310614
29.140798373 36.362453518
29.141774936 36.365423895
29.144704623 36.369777736
29.144704623 36.377183335
29.116872592 36.377183335
29.124278191 36.383449611
29.112803582 36.389390367
29.106211785 36.39085521
29.09636478 36.390936591
29.101410352 36.400213934
29.109060092 36.40648021
29.118907097 36.41010163
29.130381707 36.411363023
29.129893425 36.415961005
29.129161004 36.416896877
29.12769616 36.416815497
29.124278191 36.41815827
29.130137566 36.436509507
29.124196811 36.453599351
29.111338738 36.466782945
29.09636478 36.473456122
29.09636478 36.479641018
29.109548373 36.48851146
29.115570509 36.491359768
29.124278191 36.493312893
29.124278191 36.500799872
29.120290561 36.535630601
29.114919467 36.552679755
29.103770379 36.547919012
29.09636478 36.547919012
29.084320509 36.560248114
29.036387566 36.545314846
29.01441491 36.547919012
29.032725457 36.551825262
29.036875847 36.561468817
29.031423373 36.574774481
29.020518425 36.589504299
29.02613366 36.596258856
29.035004102 36.614691473
29.04175866 36.624253648
29.055837436 36.614243882
29.068207227 36.623928127
29.08090254 36.638617255
29.09636478 36.644110419
29.09636478 36.637884833
29.090586785 36.627101955
29.098806186 36.623602606
29.110606316 36.626369533
29.116872592 36.634222723
29.114512566 36.643133856
29.109222852 36.652004299
29.102386915 36.659613348
29.09636478 36.665228583
29.0341903 36.700995184
28.956309441 36.727525132
28.946136915 36.736965236
28.938975457 36.751288153
28.922699415 36.741359768
28.904144727 36.723049221
28.890879754 36.712388414
28.890879754 36.706203518
28.897715691 36.706203518
28.897715691 36.69936758
28.878916863 36.698065497
28.870860222 36.696234442
28.863536004 36.692572333
28.860036655 36.684230861
28.862640821 36.675116278
28.862478061 36.66791413
28.849945509 36.665228583
28.854991082 36.656642971
28.857920769 36.653753973
28.863536004 36.650946356
28.856781446 36.644110419
28.866872592 36.634914455
28.870371941 36.630519924
28.876638217 36.630519924
28.882334832 36.64061107
28.888031446 36.64842357
28.890147332 36.657619533
28.884043816 36.671454169
28.901703321 36.658270575
28.895355665 36.641424872
28.878428582 36.625921942
28.863536004 36.616848049
28.869639519 36.606634833
28.858734571 36.601304429
28.841563347 36.600165106
28.828868035 36.602525132
28.818614129 36.611721096
28.818614129 36.620794989
28.82715905 36.627752997
28.84253991 36.630519924
28.84253991 36.637884833
28.825450066 36.64472077
28.81519616 36.651800848
28.805023634 36.655259507
28.78785241 36.650946356
28.782725457 36.677394924
28.746348504 36.697699286
28.701670769 36.705064195
28.671722852 36.692572333
28.664886915 36.692572333
28.659922722 36.71100495
28.649180535 36.718329169
28.635915561 36.714504299
28.623383009 36.69936758
28.61622155 36.705959377
28.603526238 36.733547268
28.612559441 36.747137762
28.616709832 36.766994533
28.614105665 36.78534577
28.603526238 36.794989325
28.603037957 36.799627997
28.6045028 36.8008487
28.607188347 36.8008487
28.610362175 36.801743882
28.60840905 36.80475495
28.606293165 36.806870835
28.606211785 36.810126044
28.610362175 36.816066799
28.603526238 36.816066799
28.598887566 36.806870835
28.597422722 36.802557684
28.5966903 36.794989325
28.591075066 36.799017645
28.590993686 36.800197658
28.58855228 36.808010158
28.575856967 36.819525458
28.546153191 36.823431708
28.524424675 36.813299872
28.527842644 36.788763739
28.517751498 36.795640367
28.507985873 36.797674872
28.497894727 36.798488674
28.486827019 36.801743882
28.500498894 36.80857982
28.500498894 36.816066799
28.478037957 36.815985419
28.4638778 36.818752346
28.4560653 36.828517971
28.452647332 36.849554755
28.459483269 36.849107164
28.464121941 36.849920966
28.466319207 36.853338934
28.465179884 36.85936107
28.462575717 36.862046617
28.460134311 36.863755601
28.458832227 36.866929429
28.456716342 36.877508856
28.45199629 36.883612372
28.447438998 36.88304271
28.445160352 36.873765367
28.43620853 36.864732164
28.416188998 36.859686591
28.387217644 36.857001044
28.376719597 36.854437567
28.377452019 36.848374742
28.383799675 36.841376044
28.390635613 36.83592357
28.396739129 36.835394598
28.40512129 36.837551174
28.414724155 36.837103583
28.4248153 36.829087632
28.414235873 36.814601955
28.406504754 36.799750067
28.396006707 36.789496161
28.376963738 36.788763739
28.324961785 36.810126044
28.314952019 36.816066799
28.308767123 36.816066799
28.312836134 36.800360419
28.314952019 36.794989325
28.288584832 36.793687242
28.278168165 36.796454169
28.273936394 36.805161851
28.278330925 36.814154364
28.288910352 36.818426825
28.314952019 36.822251695
28.314952019 36.829087632
28.302744988 36.835679429
28.288584832 36.845892645
28.273122592 36.851996161
28.257172071 36.846177476
28.243174675 36.829779364
28.236664259 36.813218492
28.239512566 36.798814195
28.253428582 36.788763739
28.24887129 36.766831773
28.288584832 36.742580471
28.295095248 36.719875393
28.283050977 36.72662995
28.267263217 36.730902411
28.253103061 36.727850653
28.246592644 36.712388414
28.240000847 36.715480861
28.233571811 36.719875393
28.23324629 36.71503327
28.231944207 36.711859442
28.2295028 36.709295966
28.22543379 36.706203518
28.230316602 36.704738674
28.231618686 36.704575914
28.233571811 36.69936758
28.181895379 36.684637762
28.162282748 36.672674872
28.144297722 36.650946356
28.130707227 36.6289737
28.111501498 36.604193427
28.088145379 36.589056708
28.061696811 36.596340236
28.057871941 36.58999258
28.055023634 36.586574611
28.050629102 36.584662177
28.04184004 36.582709052
28.043955925 36.579494533
28.046153191 36.572495835
28.048024936 36.569037177
28.035899285 36.564764716
28.025889519 36.563706773
28.01832116 36.567043361
28.013845248 36.575873114
28.003672722 36.561916408
27.99089603 36.559759833
27.977712436 36.565741278
27.966075066 36.575873114
27.968028191 36.578924872
27.970876498 36.586411851
27.972911004 36.589504299
27.96762129 36.592596747
27.964610222 36.595648505
27.959239129 36.602525132
28.034434441 36.602525132
28.053965691 36.60960521
28.0654403 36.619533596
28.075368686 36.631252346
28.089610222 36.644110419
28.075938347 36.657782294
28.056651238 36.643011786
28.048024936 36.637884833
28.048024936 36.644110419
28.057790561 36.652777411
28.06120853 36.664740302
28.057953321 36.676662502
28.048024936 36.685126044
28.03793379 36.690619208
28.035329623 36.68756745
28.034434441 36.675197658
28.029633009 36.670355536
28.018890821 36.671332098
28.007334832 36.675197658
28.000173373 36.678900458
27.991465691 36.6758487
27.980153842 36.6758487
27.970225457 36.67983633
27.966075066 36.688788153
27.971202019 36.692531643
28.007009311 36.69936758
28.000173373 36.706203518
28.021332227 36.705064195
28.027517123 36.706203518
28.032237175 36.709214585
28.038259311 36.714056708
28.042491082 36.718451239
28.04184004 36.719875393
28.079763217 36.722072658
28.089610222 36.72671133
28.085948113 36.710598049
28.10059655 36.709621486
28.116384311 36.71881745
28.116872592 36.733547268
28.107432488 36.739203192
28.087657097 36.740871486
28.082204623 36.747137762
28.084157748 36.753729559
28.091644727 36.759344794
28.103282097 36.767645575
28.110036655 36.775091864
28.113454623 36.768215236
28.117523634 36.763861395
28.130544467 36.7539737
28.125254754 36.771307684
28.12370853 36.791896877
28.118418816 36.800604559
28.106700066 36.802964585
28.094981316 36.801418361
28.086273634 36.796698309
28.06910241 36.775091864
28.047211134 36.763332424
28.039317254 36.764471747
28.034434441 36.775091864
28.019704623 36.763128973
27.980723504 36.75381094
27.966075066 36.747137762
27.959239129 36.747137762
27.954112175 36.759588934
27.944672071 36.756252346
27.93230228 36.746568101
27.917653842 36.740383205
27.912445509 36.75413646
27.905446811 36.752875067
27.897715691 36.745347398
27.890310092 36.740383205
27.883148634 36.743841864
27.876800977 36.750799872
27.870371941 36.752590236
27.863047722 36.740383205
27.856211785 36.740383205
27.843760613 36.748928127
27.826182488 36.757473049
27.806488477 36.760809637
27.78785241 36.7539737
27.78785241 36.760809637
27.77605228 36.755926825
27.76449629 36.756496486
27.751719597 36.759222723
27.736094597 36.760809637
27.719411655 36.756252346
27.698496941 36.734198309
27.684255405 36.72671133
27.684255405 36.719875393
27.686859571 36.71112702
27.673106316 36.67963288
27.671153191 36.657782294
27.637950066 36.671332098
27.61988366 36.676459052
27.603037957 36.678900458
27.585134311 36.677069403
27.570323113 36.673814195
27.559743686 36.674627997
27.554535352 36.685126044
27.486338738 36.665228583
27.481944207 36.658351955
27.477712436 36.653469143
27.472666863 36.650946356
27.468028191 36.652980861
27.45573978 36.662909247
27.448415561 36.665228583
27.425629102 36.668646552
27.415782097 36.669012762
27.404307488 36.665228583
27.402028842 36.677476304
27.394053582 36.684149481
27.382985873 36.684759833
27.370290561 36.678900458
27.370616082 36.683172919
27.369151238 36.684475002
27.366384311 36.684475002
27.362803582 36.685126044
27.368662957 36.69135163
27.368662957 36.697414455
27.364024285 36.702582098
27.355804884 36.706203518
27.355804884 36.712388414
27.368337436 36.708238023
27.384776238 36.705023505
27.401621941 36.704738674
27.414317254 36.709295966
27.423106316 36.719671942
27.427256707 36.735663153
27.438487175 36.747137762
27.449554884 36.7539737
27.458832227 36.755682684
27.48316491 36.7539737
27.556651238 36.762681382
27.59245853 36.760809637
27.611501498 36.765326239
27.616953972 36.776190497
27.617849155 36.789618231
27.623383009 36.801743882
27.645355665 36.806463934
27.691172722 36.784328518
27.705414259 36.788763739
27.721202019 36.781683661
27.735199415 36.782416083
27.748220248 36.784409898
27.760020379 36.78131745
27.785655144 36.801092841
27.799082879 36.806626695
27.886485222 36.80882396
27.89714603 36.812323309
27.903656446 36.805812893
27.919688347 36.799709377
27.939952019 36.795640367
27.959239129 36.794989325
27.994151238 36.798407294
28.01050866 36.794338283
28.027517123 36.78131745
28.030772332 36.791734117
28.036875847 36.797349351
28.055430535 36.80857982
28.049082879 36.820624091
28.039561394 36.826646226
28.025726759 36.828802802
28.007009311 36.829087632
28.013845248 36.83592357
28.023285352 36.833238023
28.024587436 36.839097398
28.018728061 36.848618882
28.007009311 36.857001044
28.011566602 36.857652085
28.01449629 36.859076239
28.017344597 36.861070054
28.021250847 36.86322663
28.028656446 36.860174872
28.036306186 36.862616278
28.044932488 36.86725495
28.055430535 36.870672919
28.055430535 36.876898505
28.035492384 36.893377997
28.027517123 36.90253327
28.021250847 36.911607164
28.034434441 36.904201565
28.04184004 36.911607164
28.035899285 36.914618231
28.033213738 36.917669989
28.031097852 36.921332098
28.027517123 36.92593008
28.035899285 36.925441799
28.053233269 36.926499742
28.061696811 36.92593008
28.061696811 36.932114976
28.04184004 36.932114976
28.04184004 36.938910223
28.0654403 36.939276434
28.075043165 36.93740469
28.082204623 36.932114976
28.08855228 36.936672268
28.093516472 36.937892971
28.098155144 36.936224677
28.103282097 36.932114976
28.110036655 36.932114976
28.1201278 36.93768952
28.141937696 36.928697007
28.151703321 36.932114976
28.157237175 36.932114976
28.1591903 36.924627997
28.165293816 36.911607164
28.168142123 36.916815497
28.168467644 36.918890692
28.167165561 36.920803127
28.165293816 36.92593008
28.168467644 36.930161851
28.168142123 36.933417059
28.164235873 36.936183986
28.157237175 36.938910223
28.157237175 36.945786851
28.166514519 36.946926174
28.17448978 36.945990302
28.180674675 36.943304755
28.185231967 36.938910223
28.205088738 36.966294664
28.212412957 36.973089911
28.212412957 36.9805362
28.198903842 36.9805362
28.206879102 36.990179755
28.212412957 37.000433661
28.228526238 36.990545966
28.244639519 36.98818594
28.253103061 36.993719794
28.246592644 37.00787995
28.300059441 37.024969794
28.329600457 37.030462958
28.329356316 37.036769924
28.322764519 37.043850002
28.314952019 37.048814195
28.304698113 37.0508487
28.174327019 37.03514232
28.126231316 37.035874742
28.107269727 37.032131252
28.110036655 37.021470445
28.110036655 37.014105536
28.092946811 37.021429755
27.986582879 37.03514232
27.97559655 37.032294012
27.963145379 37.02358633
27.95183353 37.021470445
27.940928582 37.022202867
27.911387566 37.027736721
27.886241082 37.026190497
27.804698113 37.004584052
27.794118686 37.00787995
27.78785241 37.00787995
27.786387566 37.003566799
27.780446811 36.993597723
27.772959832 36.995835679
27.762868686 36.997300523
27.751231316 36.996893622
27.739512566 36.993597723
27.719737175 37.005194403
27.687673373 37.005438544
27.655772332 36.996527411
27.636485222 36.9805362
27.618011915 36.989243882
27.590342644 36.998277085
27.567149285 36.996649481
27.562022332 36.973089911
27.538747592 36.986721096
27.528330925 36.991278387
27.514170769 36.993597723
27.483734571 36.990790106
27.472666863 36.993597723
27.462738477 37.001125393
27.444834832 37.022528387
27.438487175 37.027736721
27.423513217 37.027167059
27.408050977 37.016831773
27.402354363 37.023871161
27.404307488 37.027736721
27.396820509 37.027736721
27.394786004 37.018296617
27.383311394 36.993597723
27.379405144 36.998968817
27.378916863 37.000718492
27.380625847 37.002427476
27.383311394 37.00787995
27.38184655 37.008978583
27.379893425 37.009182033
27.3779403 37.010199286
27.376475457 37.014105536
27.380869988 37.017971096
27.38168379 37.018947658
27.379893425 37.020900783
27.376475457 37.027736721
27.367442254 37.022772528
27.340993686 37.018459377
27.328623894 37.014105536
27.328623894 37.00787995
27.332692905 36.997056382
27.326508009 36.985988674
27.314626498 36.977118231
27.300629102 36.973089911
27.305430535 36.963283596
27.308116082 36.959418036
27.299001498 36.961493231
27.293955925 36.961615302
27.286957227 36.959418036
27.280935092 36.966864325
27.263194207 36.963364976
27.25269616 36.978338934
27.247406446 37.00023021
27.246104363 37.017767645
27.24122155 37.034369208
27.232432488 37.047308661
27.228770379 37.061835028
27.239105665 37.082953192
27.247731967 37.083441473
27.264170769 37.089016018
27.281911655 37.098334052
27.294444207 37.110296942
27.287445509 37.115423895
27.279063347 37.117580471
27.270030144 37.116034247
27.26042728 37.110296942
27.25660241 37.113674221
27.254893425 37.116522528
27.2529403 37.123968817
27.26042728 37.117743231
27.271657748 37.12885163
27.302989129 37.119574286
27.321787957 37.123968817
27.321299675 37.131089585
27.323496941 37.138861395
27.324717644 37.147853908
27.321787957 37.158677476
27.332530144 37.15619538
27.339610222 37.150539455
27.343028191 37.141791083
27.342295769 37.130113023
27.348968946 37.130113023
27.35425866 37.14085521
27.361582879 37.14862702
27.369313998 37.150702216
27.376475457 37.14443594
27.379405144 37.146673895
27.380544467 37.148098049
27.381114129 37.149481512
27.383311394 37.151841539
27.382985873 37.134711005
27.386566602 37.130072333
27.393809441 37.130804755
27.404307488 37.130113023
27.412445509 37.125677802
27.418223504 37.12124258
27.425466342 37.119614976
27.438487175 37.123968817
27.43620853 37.12124258
27.434906446 37.120347398
27.433360222 37.119696356
27.431000196 37.117743231
27.445567254 37.096991278
27.45980879 37.089504299
27.475108269 37.092515367
27.501312696 37.107489325
27.52222741 37.114976304
27.531016472 37.120835679
27.541514519 37.125962632
27.56511478 37.125637111
27.575531446 37.130113023
27.575531446 37.137600002
27.562347852 37.135809637
27.559092644 37.134344794
27.554535352 37.130113023
27.547211134 37.161810614
27.539561394 37.178290106
27.527842644 37.185370184
27.527842644 37.192816473
27.574717644 37.201157945
27.587657097 37.198797919
27.575531446 37.178534247
27.586680535 37.181463934
27.594737175 37.185939846
27.609873894 37.199652411
27.594248894 37.204291083
27.58855228 37.21112702
27.589366082 37.23069896
27.591644727 37.235052802
27.60425866 37.24225495
27.609873894 37.247463283
27.612803582 37.254624742
27.614024285 37.267523505
27.61597741 37.274725653
27.603770379 37.28148021
27.603037957 37.282171942
27.594411655 37.283840236
27.592051629 37.281073309
27.591563347 37.277004299
27.589366082 37.274725653
27.564789259 37.275539455
27.553233269 37.272935289
27.548350457 37.264837958
27.543223504 37.249823309
27.530528191 37.236314195
27.51465905 37.229315497
27.500010613 37.233832098
27.517751498 37.24599844
27.519867384 37.259100653
27.508799675 37.268052476
27.486338738 37.267889716
27.48316491 37.264105536
27.473643425 37.256415106
27.46363366 37.252020575
27.458832227 37.25800202
27.461436394 37.267523505
27.467946811 37.277004299
27.486338738 37.295233466
27.485118035 37.303045966
27.490000847 37.313788153
27.491384311 37.327337958
27.480153842 37.34369538
27.472666863 37.34369538
27.468516472 37.315619208
27.446136915 37.305609442
27.418304884 37.309475002
27.396820509 37.323146877
27.388682488 37.345282294
27.396739129 37.365627346
27.415212436 37.381659247
27.438487175 37.39081452
27.426524285 37.405951239
27.407237175 37.412746486
27.403493686 37.412583726
27.386566602 37.412054755
27.370290561 37.405096747
27.361175977 37.392157294
27.356455925 37.37913646
27.346202019 37.370591539
27.321787957 37.370917059
27.321787957 37.36351146
27.336436394 37.35569896
27.330332879 37.35162995
27.271494988 37.348578192
27.257660352 37.344549872
27.246104363 37.33616771
27.238780144 37.34389883
27.231700066 37.348089911
27.224945509 37.348211981
27.218760613 37.34369538
27.217051629 37.350978908
27.215586785 37.354152736
27.211924675 37.357326565
27.204112175 37.352932033
27.201345248 37.352280992
27.198578321 37.354193427
27.190765821 37.357326565
27.200694207 37.366522528
27.207530144 37.376410223
27.209483269 37.38694896
27.205088738 37.398260809
27.220388217 37.403998114
27.226247592 37.405096747
27.226247592 37.411932684
27.21745853 37.431301174
27.222504102 37.47675202
27.205088738 37.4727237
27.199392123 37.478583075
27.192637566 37.478664455
27.185313347 37.474107164
27.177744988 37.466538804
27.181895379 37.483343817
27.187836134 37.498277085
27.1904403 37.512681382
27.184580925 37.528021552
27.188243035 37.534491278
27.184255405 37.538763739
27.180430535 37.544582424
27.184580925 37.555894273
27.200368686 37.547552802
27.209320509 37.563299872
27.212168816 37.585598049
27.208506707 37.596869208
27.193858269 37.601019598
27.136241082 37.631048895
27.048838738 37.650132554
27.011485222 37.665716864
27.020762566 37.686265367
27.038340691 37.690130927
27.105479363 37.686265367
27.127207879 37.688544012
27.213145379 37.713446356
27.226410352 37.720933335
27.249522332 37.744330145
27.25660241 37.759507554
27.26050866 37.781968492
27.261566602 37.803534247
27.26042728 37.815985419
27.25269616 37.825262762
27.243337436 37.833807684
27.23715254 37.845445054
27.239105665 37.864406643
27.242523634 37.868068752
27.255544467 37.877101955
27.26042728 37.884222723
27.263438347 37.893500067
27.265391472 37.901678778
27.26465905 37.909816799
27.26042728 37.919012762
27.274750196 37.929022528
27.266286655 37.951361395
27.239105665 37.987941799
27.214040561 37.980943101
27.177500847 37.980943101
27.141123894 37.986029364
27.116384311 37.994086005
27.111175977 37.999701239
27.107595248 38.006740627
27.101898634 38.012681382
27.091807488 38.015285549
27.083750847 38.01557038
27.075938347 38.017035223
27.070160352 38.020005601
27.067881707 38.025132554
27.064707879 38.040594794
27.055918816 38.045721747
27.027028842 38.049383856
26.97543379 38.065252997
26.949229363 38.067368882
26.917735222 38.06240469
26.900075717 38.056789455
26.89340254 38.056219794
26.888519727 38.052883205
26.88559004 38.045599677
26.88152103 38.038397528
26.873057488 38.03510163
26.864919467 38.040350653
26.842051629 38.076076565
26.847422722 38.088771877
26.84644616 38.103420315
26.841563347 38.118231512
26.835215691 38.131293036
26.825043165 38.144964911
26.802989129 38.162420966
26.793630405 38.172267971
26.77605228 38.165228583
26.771494988 38.177476304
26.773692254 38.20701732
26.760264519 38.216742255
26.744639519 38.215643622
26.727305535 38.210272528
26.708262566 38.20701732
26.645762566 38.206732489
26.635915561 38.203599351
26.622894727 38.138739325
26.618174675 38.141506252
26.617686394 38.142320054
26.615489129 38.144964911
26.609222852 38.144964911
26.61215254 38.130764065
26.61215254 38.117865302
26.607106967 38.108303127
26.594981316 38.103949286
26.58863366 38.108221747
26.57683353 38.13271719
26.567637566 38.144964911
26.567149285 38.123968817
26.556895379 38.122300523
26.543304884 38.130519924
26.523773634 38.147406317
26.517344597 38.155666408
26.515472852 38.165716864
26.519297722 38.17967357
26.491709832 38.174017645
26.466563347 38.190619208
26.442230665 38.211981512
26.417491082 38.220648505
26.422048373 38.204779364
26.424164259 38.200181382
26.417491082 38.200181382
26.412119988 38.206366278
26.390147332 38.223822333
26.391856316 38.234035549
26.394541863 38.242865302
26.394867384 38.251654364
26.390147332 38.26166413
26.383311394 38.26166413
26.375010613 38.234808661
26.354014519 38.228257554
26.328623894 38.235052802
26.296071811 38.256577867
26.286631707 38.261053778
26.234629754 38.273830471
26.23308353 38.280259507
26.238780144 38.295803127
26.265391472 38.286688544
26.2763778 38.300482489
26.285899285 38.318670966
26.3076278 38.323065497
26.3076278 38.330511786
26.288910352 38.340643622
26.286143425 38.358954169
26.294118686 38.369859117
26.3076278 38.357855536
26.309336785 38.36713288
26.311778191 38.3711612
26.315684441 38.373480536
26.321136915 38.377671617
26.325205925 38.365545966
26.325938347 38.354925848
26.322764519 38.345526434
26.314300977 38.336737372
26.31934655 38.333644924
26.324473504 38.331732489
26.330577019 38.330755927
26.33863366 38.330511786
26.34636478 38.328802802
26.348317905 38.324774481
26.349782748 38.320135809
26.356130405 38.316880601
26.370616082 38.316066799
26.385020379 38.318426825
26.391856316 38.325018622
26.383311394 38.336737372
26.383311394 38.343573309
26.398936394 38.335516669
26.40528405 38.335353908
26.417491082 38.336737372
26.429209832 38.340765692
26.454600457 38.354803778
26.462168816 38.357855536
26.475922071 38.366888739
26.477061394 38.38686758
26.468028191 38.407619533
26.451508009 38.418687242
26.451508009 38.426092841
26.476898634 38.416693427
26.489105665 38.40619538
26.497894727 38.407294012
26.513031446 38.432928778
26.49887129 38.439642645
26.474294467 38.457342841
26.453868035 38.463202216
26.440765821 38.47280508
26.431000196 38.473944403
26.422048373 38.469712632
26.414235873 38.456284898
26.407237175 38.453436591
26.387868686 38.454250393
26.388194207 38.458441473
26.39722741 38.46869538
26.403819207 38.487534898
26.399912957 38.499579169
26.369639519 38.53534577
26.375824415 38.528550523
26.373057488 38.540716864
26.360687696 38.570949611
26.359141472 38.576971747
26.360118035 38.583563544
26.348643425 38.62132396
26.348968946 38.635484117
26.351084832 38.650213934
26.356293165 38.661688544
26.36597741 38.666327216
26.381032748 38.668361721
26.403005405 38.677313544
26.414073113 38.679388739
26.440603061 38.677679755
26.465586785 38.672674872
26.487640821 38.66429271
26.505625847 38.652655341
26.539561394 38.623683986
26.555837436 38.60541413
26.560801629 38.59003327
26.583994988 38.560939846
26.609222852 38.53534577
26.618011915 38.528631903
26.624766472 38.524644273
26.630381707 38.519232489
26.635915561 38.50804271
26.637950066 38.497015692
26.637461785 38.487209377
26.638031446 38.477728583
26.64332116 38.467718817
26.636729363 38.463446356
26.633148634 38.461900132
26.629161004 38.46088288
26.621348504 38.466620184
26.610850457 38.468410549
26.599294467 38.466376044
26.588145379 38.46088288
26.605235222 38.453802802
26.604991082 38.444769598
26.59636478 38.433172919
26.588145379 38.418687242
26.611827019 38.416245835
26.622080925 38.405340887
26.628265821 38.390082098
26.63965905 38.374579169
26.657074415 38.328802802
26.673106316 38.307196356
26.694590691 38.313177802
26.699961785 38.325751044
26.693614129 38.334377346
26.677500847 38.343573309
26.67066491 38.385158596
26.675954623 38.40232982
26.687266472 38.419745184
26.702403191 38.430161851
26.719086134 38.426092841
26.719086134 38.432928778
26.72535241 38.432928778
26.736664259 38.422919012
26.748220248 38.404689846
26.766856316 38.364081122
26.771494988 38.366115627
26.782969597 38.369370835
26.787364129 38.371527411
26.795095248 38.358628648
26.809825066 38.360052802
26.827647332 38.36725495
26.845469597 38.371527411
26.92457116 38.377671617
26.973806186 38.396185614
26.989756707 38.398871161
26.994476759 38.400783596
27.007497592 38.409735419
27.013356967 38.412502346
27.023610873 38.412095445
27.032969597 38.409002997
27.042491082 38.407619533
27.054372592 38.412502346
27.055837436 38.408514716
27.06120853 38.412502346
27.08863366 38.40224844
27.111827019 38.41400788
27.13542728 38.4336612
27.164235873 38.446600653
27.164235873 38.453436591
27.154470248 38.459418036
27.150157097 38.458726304
27.143077019 38.453436591
27.136241082 38.46088288
27.116953972 38.453924872
27.083343946 38.456732489
27.074717644 38.453436591
27.049082879 38.463202216
27.02230879 38.462469794
26.95964603 38.441961981
26.938649936 38.434230861
26.935394727 38.434881903
26.945078972 38.446600653
26.927907748 38.456040757
26.897634311 38.494696356
26.884043816 38.501206773
26.859222852 38.507473049
26.849294467 38.512396552
26.82691491 38.526190497
26.814707879 38.542792059
26.829274936 38.53131745
26.847015821 38.520697333
26.874196811 38.507473049
26.889821811 38.50804271
26.889821811 38.514878648
26.87777754 38.526353257
26.865082227 38.535549221
26.851247592 38.54291413
26.835215691 38.549017645
26.839366082 38.560777085
26.844574415 38.585435289
26.848887566 38.597398179
26.834239129 38.608221747
26.825043165 38.604803778
26.813731316 38.59764232
26.793630405 38.597398179
26.798106316 38.607733466
26.801036004 38.611721096
26.779307488 38.617743231
26.766937696 38.619045315
26.753184441 38.617905992
26.755137566 38.622544664
26.757578972 38.633775132
26.759450717 38.638413804
26.746429884 38.638657945
26.73698978 38.642482815
26.719086134 38.652655341
26.726084832 38.659002997
26.733653191 38.663641669
26.742442254 38.666245835
26.753184441 38.666327216
26.73316491 38.689642645
26.725840691 38.702704169
26.719086134 38.720933335
26.737559441 38.730780341
26.788910352 38.739406643
26.818207227 38.755438544
26.823741082 38.753729559
26.827484571 38.75018952
26.828949415 38.748277085
26.830577019 38.747259833
26.841807488 38.745835679
26.851573113 38.745672919
26.874522332 38.737534898
26.888519727 38.734035549
26.903493686 38.73456452
26.89722741 38.748277085
26.907074415 38.753648179
26.915293816 38.759955145
26.923024936 38.762152411
26.931407097 38.755072333
26.934418165 38.762884833
26.935069207 38.770453192
26.933848504 38.778957424
26.931407097 38.78925202
26.92457116 38.781724351
26.904470248 38.809759833
26.89722741 38.81655508
26.937673373 38.830226955
26.943858269 38.80874258
26.960785352 38.806138414
26.97144616 38.819159247
26.958750847 38.844468492
26.97535241 38.848618882
26.99089603 38.855047919
27.003916863 38.862860419
27.013356967 38.8711612
27.033539259 38.860500393
27.055023634 38.87107982
27.062673373 38.88686758
27.041270379 38.891669012
27.057871941 38.918524481
27.057790561 38.92975495
27.041270379 38.940090236
27.024099155 38.928168036
27.012868686 38.92206452
27.001231316 38.919867255
26.982595248 38.919623114
26.977549675 38.922756252
26.96753991 38.936916408
26.962412957 38.940090236
26.949961785 38.936997789
26.941661004 38.931870835
26.934255405 38.930894273
26.92457116 38.940090236
26.913422071 38.931952216
26.879161004 38.916205145
26.86622155 38.913397528
26.855642123 38.917547919
26.840098504 38.935858466
26.825205925 38.940090236
26.806488477 38.950140692
26.797211134 38.973130601
26.799164259 38.998358466
26.814707879 39.015122789
26.814707879 39.021958726
26.809580925 39.021551825
26.793630405 39.021958726
26.806407097 39.033880927
26.829112175 39.047349351
26.854014519 39.058417059
26.873057488 39.062933661
26.883148634 39.071600653
26.875254754 39.090887762
26.851898634 39.12128327
26.823741082 39.149074611
26.809825066 39.157456773
26.778737826 39.170030015
26.771169467 39.173081773
26.751638217 39.184637762
26.737803582 39.197211005
26.739024285 39.207586981
26.730967644 39.227606512
26.726573113 39.247503973
26.718760613 39.262884833
26.701426629 39.268988348
26.653330925 39.266913153
26.629079623 39.268377997
26.609222852 39.275213934
26.619313998 39.283148505
26.625173373 39.303290106
26.632578972 39.313421942
26.645518425 39.317572333
26.654795769 39.313218492
26.653819207 39.306463934
26.635915561 39.303168036
26.635915561 39.29694245
26.646739129 39.297308661
26.656016472 39.294256903
26.663910352 39.28900788
26.67066491 39.282660223
26.664805535 39.298081773
26.670258009 39.305975653
26.681162957 39.310614325
26.691172722 39.316229559
26.708750847 39.336900132
26.814707879 39.399359442
26.805430535 39.405096747
26.801036004 39.40619538
26.801036004 39.412420966
26.802582227 39.419175523
26.802744988 39.425116278
26.801036004 39.43353913
26.837412957 39.435614325
26.850840691 39.439764716
26.863047722 39.447170315
26.852061394 39.461818752
26.867930535 39.471502997
26.925954623 39.485825914
26.929860873 39.487738348
26.929698113 39.491441148
26.931407097 39.501776434
26.945078972 39.539618231
26.943858269 39.560980536
26.937673373 39.574774481
26.922211134 39.58218008
26.89340254 39.584377346
26.870453321 39.576849677
26.852061394 39.563381252
26.832855665 39.556830145
26.807871941 39.570705471
26.667246941 39.5508487
26.456797722 39.521185614
26.434255405 39.513983466
26.424164259 39.505194403
26.413910352 39.505316473
26.36996504 39.485785223
26.36215254 39.481350002
26.350108269 39.481350002
26.297373894 39.488714911
26.286631707 39.487616278
26.273610873 39.482407945
26.262950066 39.481350002
26.253916863 39.47284577
26.252289259 39.470770575
26.249278191 39.465643622
26.242523634 39.467596747
26.231781446 39.474514065
26.152842644 39.459214585
26.112966342 39.459173895
26.074229363 39.474514065
26.069997592 39.49628327
26.094981316 39.548570054
26.110687696 39.59788646
26.148203972 39.626044012
26.156748894 39.649237372
26.163584832 39.704169012
26.159353061 39.7149112
26.140635613 39.742743231
26.136403842 39.755682684
26.137868686 39.764553127
26.142100457 39.767889716
26.146739129 39.770209052
26.149912957 39.776109117
26.149912957 39.799994208
26.15495853 39.826157945
26.151703321 39.835150458
26.136403842 39.837591864
26.141856316 39.849025783
26.156748894 39.898993231
26.156016472 39.905096747
26.150645379 39.924709377
26.149912957 39.93378327
26.152598504 39.942613023
26.161631707 39.956203518
26.163584832 39.964544989
26.167653842 39.973578192
26.188649936 40.001776434
26.197764519 40.008856512
26.251149936 39.994859117
26.266937696 40.003078518
26.300303582 40.014390367
26.311045769 40.01947663
26.353200717 40.052150783
26.36215254 40.063462632
26.365000847 40.071763414
26.36622155 40.084621486
26.369639519 40.090806382
26.370371941 40.094712632
26.369476759 40.099188544
26.369395379 40.102932033
26.372813347 40.104478257
26.383799675 40.104152736
26.389008009 40.105169989
26.39323978 40.108221747
26.399587436 40.120835679
26.403493686 40.138983466
26.403005405 40.157904364
26.396332227 40.172756252
26.402842644 40.18744538
26.407969597 40.193670966
26.414886915 40.194891669
26.427582227 40.194484768
26.441416863 40.196600653
26.46753991 40.206000067
26.500743035 40.212958075
26.519379102 40.225165106
26.563649936 40.270168361
26.572520379 40.274562893
26.581390821 40.277004299
26.594981316 40.282619533
26.607595248 40.290432033
26.714610222 40.39061107
26.735606316 40.403550523
26.776703321 40.405503648
26.863047722 40.399888414
26.89722741 40.40615469
26.908213738 40.403713283
26.934418165 40.392482815
26.991465691 40.388617255
27.013356967 40.392482815
27.041270379 40.409613348
27.065765821 40.43353913
27.09636478 40.452297268
27.143077019 40.453924872
27.177012566 40.448797919
27.215342644 40.447699286
27.237559441 40.451849677
27.271494988 40.467840887
27.286957227 40.468207098
27.30339603 40.458441473
27.313731316 40.444077867
27.328623894 40.413560289
27.314952019 40.40615469
27.308116082 40.40615469
27.30355879 40.410467841
27.303233269 40.410956122
27.301768425 40.409002997
27.294444207 40.40615469
27.337575717 40.370306708
27.392914259 40.342108466
27.452321811 40.322007554
27.523285352 40.30878327
27.551280144 40.30882396
27.562022332 40.310492255
27.597015821 40.32831452
27.612966342 40.331000067
27.640879754 40.326117255
27.665049675 40.317450262
27.687998894 40.313788153
27.712250196 40.32420482
27.732595248 40.317287502
27.762705925 40.315375067
27.789805535 40.32046133
27.813243035 40.347113348
27.867360873 40.368882554
27.883555535 40.386297919
27.865244988 40.3867862
27.81527754 40.399888414
27.800547722 40.393011786
27.79175866 40.392889716
27.78785241 40.403021552
27.785817905 40.412909247
27.78012129 40.415716864
27.773448113 40.416489976
27.767425977 40.420396226
27.7607528 40.428412177
27.756358269 40.432603257
27.754079623 40.438299872
27.753184441 40.450832424
27.750173373 40.457586981
27.742686394 40.459051825
27.733734571 40.459051825
27.725840691 40.461371161
27.693207227 40.486273505
27.684255405 40.4961612
27.684255405 40.502346096
27.696299675 40.506415106
27.7060653 40.51190827
27.722422722 40.526271877
27.73316491 40.530585028
27.741953972 40.526312567
27.750173373 40.524725653
27.760020379 40.537054755
27.779063347 40.518255927
27.780446811 40.515326239
27.789398634 40.514227606
27.792246941 40.517035223
27.795176629 40.520900783
27.804698113 40.522772528
27.969899936 40.502997137
28.014170769 40.491156317
28.034434441 40.474432684
28.016774936 40.451076565
27.929942254 40.416937567
27.903981967 40.399888414
27.908457879 40.374212958
27.944672071 40.366034247
28.027517123 40.372015692
28.11198978 40.396063544
28.347992384 40.404038804
28.400401238 40.397406317
28.486827019 40.399888414
28.476084832 40.397935289
28.46753991 40.394354559
28.461680535 40.388373114
28.458832227 40.379461981
28.499522332 40.391099351
28.545420769 40.391302802
28.59278405 40.381903387
28.637705925 40.365179755
28.643809441 40.37124258
28.64747155 40.370021877
28.65121504 40.366359768
28.658050977 40.365179755
28.66684004 40.368109442
28.677419467 40.376044012
28.685394727 40.379461981
28.741872592 40.386419989
28.757090691 40.396185614
28.771983269 40.40253327
28.791270379 40.400458075
28.825450066 40.392482815
28.855642123 40.391180731
28.884043816 40.386297919
28.897959832 40.381333726
28.921397332 40.370021877
28.938731316 40.365179755
28.956553582 40.36318594
29.03394616 40.364447333
29.051605665 40.36733633
29.065684441 40.375718492
29.073903842 40.388657945
29.082692905 40.415676174
29.090098504 40.427232164
29.102793816 40.423041083
29.118988477 40.423651434
29.136403842 40.427883205
29.151540561 40.434068101
29.133555535 40.450751044
29.111501498 40.466131903
29.087901238 40.477484442
29.065684441 40.481878973
29.010996941 40.481878973
29.002452019 40.478664455
28.980316602 40.464544989
28.969493035 40.461371161
28.91667728 40.470892645
28.828461134 40.513006903
28.774180535 40.522772528
28.792653842 40.553290106
28.82683353 40.570624091
28.897715691 40.591742255
28.927744988 40.606431382
28.970062696 40.639471747
28.986338738 40.64476146
29.281586134 40.665920315
29.3232528 40.676743882
29.363780144 40.694159247
29.384532097 40.706488348
29.391856316 40.707831122
29.399180535 40.702582098
29.407237175 40.693101304
29.41684004 40.686753648
29.42872155 40.690985419
29.437754754 40.69546133
29.450368686 40.69936758
29.461436394 40.704169012
29.466156446 40.711493231
29.470062696 40.71893952
29.47925866 40.724066473
29.490570509 40.727240302
29.501149936 40.728908596
29.511241082 40.727484442
29.527517123 40.721502997
29.542246941 40.709662177
29.548838738 40.690985419
29.559906446 40.691066799
29.753265821 40.724554755
29.867198113 40.728908596
29.903575066 40.716253973
29.924164259 40.716457424
29.939300977 40.735052802
29.929209832 40.75804271
29.890147332 40.763495184
29.809418165 40.755560614
29.802500847 40.75385163
29.795258009 40.751125393
29.786631707 40.748846747
29.775401238 40.748724677
29.763845248 40.752752997
29.743825717 40.766791083
29.737559441 40.769842841
29.72152754 40.772040106
29.68653405 40.781561591
29.666188998 40.783514716
29.42872155 40.776068427
29.410166863 40.771226304
29.394297722 40.762111721
29.37777754 40.756537177
29.356944207 40.762396552
29.348480665 40.770941473
29.344248894 40.780218817
29.339528842 40.787583726
29.329112175 40.790350653
29.333018425 40.792425848
29.335622592 40.794501044
29.33863366 40.796372789
29.343435092 40.797796942
29.339528842 40.807806708
29.333343946 40.814846096
29.325205925 40.820054429
29.3154403 40.82444896
29.311045769 40.818182684
29.301768425 40.82444896
29.293467644 40.818670966
29.281586134 40.815375067
29.254567905 40.810777085
29.254567905 40.817043361
29.264170769 40.817938544
29.270762566 40.821844794
29.274099155 40.828843492
29.274587436 40.838771877
29.2841903 40.833929755
29.288259311 40.831284898
29.287608269 40.835598049
29.288422071 40.837795315
29.291026238 40.838568427
29.294932488 40.838771877
29.28386478 40.85162995
29.263926629 40.869777736
29.253672722 40.875474351
29.24097741 40.882554429
29.220469597 40.879706122
29.201345248 40.893947658
29.144786004 40.91412995
29.124278191 40.926906643
29.103526238 40.946722723
29.083181186 40.959662177
29.028086785 40.982123114
29.032074415 40.984035549
29.032888217 40.98456452
29.032888217 40.985663153
29.034841342 40.989569403
29.023285352 40.993353583
29.01832116 41.00389232
29.01465905 41.017523505
29.007578972 41.030503648
29.02605228 41.038275458
29.046153191 41.055487372
29.062347852 41.076320705
29.076182488 41.114406643
29.088145379 41.12885163
29.090586785 41.140936591
29.06910241 41.152777411
29.09262129 41.180365302
29.130056186 41.211900132
29.169688347 41.233099677
29.199961785 41.229193427
29.206228061 41.229193427
29.216156446 41.239406643
29.231781446 41.240708726
29.419606967 41.214300848
29.618825717 41.178900458
29.884613477 41.148993231
30.136892123 41.143784898
30.165212436 41.146633205
30.180023634 41.151556708
30.203461134 41.164496161
30.217051629 41.167141018
30.226410352 41.172919012
30.233653191 41.184475002
30.240489129 41.192328192
30.248301629 41.18756745
30.259043816 41.195746161
30.271250847 41.21116771
30.282481316 41.215521552
30.29558353 41.207424221
30.336680535 41.200832424
30.36996504 41.181341864
30.699229363 41.121527411
30.732432488 41.099432684
30.748057488 41.091986395
30.833262566 41.079901434
31.090586785 41.085150458
31.115244988 41.096014716
31.124766472 41.098130601
31.137054884 41.09760163
31.158457879 41.093085028
31.169444207 41.091986395
31.210459832 41.098130601
31.216481967 41.097235419
31.226084832 41.092962958
31.231211785 41.091986395
31.238780144 41.09369538
31.24097741 41.0977237
31.242930535 41.102362372
31.24887129 41.10565827
31.290212436 41.117865302
31.323578321 41.133856512
31.378591342 41.174505927
31.392751498 41.188421942
31.40105228 41.202093817
31.40503991 41.218166408
31.406016472 41.239406643
31.408050977 41.248358466
31.417491082 41.268296617
31.419606967 41.280340887
31.415049675 41.285874742
31.396169467 41.295477606
31.392832879 41.303656317
31.403575066 41.3164737
31.425140821 41.322577216
31.471039259 41.324774481
31.476573113 41.329006252
31.492686394 41.3477237
31.498301629 41.352036851
31.508555535 41.353827216
31.65894616 41.397935289
31.871592644 41.504584052
31.993337436 41.549505927
32.029633009 41.571193752
32.039398634 41.575588283
32.134125196 41.599432684
32.161875847 41.612005927
32.17839603 41.63690827
32.243418816 41.692938544
32.248220248 41.698065497
32.263356967 41.720160223
32.297048373 41.727362372
32.351817254 41.729437567
32.353688998 41.735744533
32.361827019 41.737860419
32.372325066 41.742499091
32.374359571 41.749416408
32.377207879 41.75405508
32.382578972 41.756089585
32.387217644 41.75385163
32.396250847 41.744289455
32.399668816 41.742499091
32.417246941 41.748928127
32.439463738 41.767523505
32.454274936 41.77724844
32.523203972 41.804510809
32.534841342 41.810736395
32.548350457 41.815741278
32.562836134 41.816880601
32.577810092 41.811346747
32.589366082 41.826971747
32.612559441 41.839544989
32.63965905 41.84389883
32.66309655 41.834947007
32.679209832 41.836330471
32.740407748 41.853176174
32.755381707 41.859116929
32.770274285 41.857977606
32.798513217 41.859686591
32.827484571 41.864691473
32.844574415 41.872788804
32.855642123 41.868312893
32.926117384 41.881822007
32.961924675 41.894110419
33.008067254 41.917303778
33.165537957 41.95697663
33.324473504 42.019029039
33.360850457 42.020656643
33.434336785 42.010646877
33.540537957 42.010646877
33.563243035 42.00771719
33.613454623 41.993719794
33.82715905 41.977687893
33.845225457 41.982652085
33.873545769 41.974432684
34.003591342 41.982652085
34.331309441 41.947943427
34.445485873 41.97284577
34.482676629 41.975246486
34.49870853 41.971909898
34.527028842 41.960638739
34.561778191 41.951849677
34.69418379 41.945949611
34.746348504 41.950384833
34.798594597 41.962225653
34.81511478 41.969142971
34.852875196 41.991522528
34.889008009 42.00779857
34.918793165 42.035549221
34.941905144 42.069281317
34.94809004 42.098781643
34.962087436 42.095038153
34.990733269 42.091131903
