19.706321249 49.387529196
19.726578409 49.388872783
19.760064738 49.397657776
19.76905606 49.393212628
19.769263143 49.39311025
19.778564901 49.374196676
19.783629191 49.357556865
19.789520305 49.309187725
19.787970011 49.305105286
19.780321899 49.297612203
19.779713206 49.293452792
19.779701783 49.293374735
19.783215779 49.290015768
19.796859623 49.283399017
19.796961711 49.283349508
19.798563188 49.281080748
19.798822062 49.28071401
19.806415196 49.275487567
19.806780233 49.275236308
19.808640585 49.270895488
19.806263469 49.265262757
19.800475708 49.26304067
19.79406783 49.261852112
19.789623657 49.259474996
19.751796508 49.219064026
19.747786945 49.205955836
19.747765747 49.205886536
19.760684855 49.194207663
19.785902954 49.18816152
19.831998332 49.185887756
19.854219197 49.191262106
19.868291823 49.200788191
19.887808878 49.213999736
19.90589563 49.222784729
19.937935018 49.225110168
19.965736939 49.215653382
20.017310018 49.183872376
20.050486287 49.173227031
20.070019979 49.183097229
20.080355265 49.208108623
20.086039673 49.243041891
20.098442017 49.252860413
20.105366659 49.263970846
20.111051066 49.275856425
20.130171346 49.303916728
20.135855754 49.308877665
20.138336222 49.307327373
20.160350382 49.30562205
20.170168904 49.311616516
20.191976359 49.328618063
20.20716923 49.334199117
20.28437382 49.338643291
20.289334757 49.343087464
20.296466105 49.356936747
20.301633748 49.371199443
20.303700806 49.380397848
20.307421509 49.38659902
20.317653443 49.391611633
20.329539021 49.391766663
20.370466756 49.381689758
20.422143188 49.38298167
20.421936483 49.400189922
20.437542765 49.402515361
20.522085408 49.374351705
20.543996215 49.370837708
20.567664022 49.376367086
20.579136189 49.383395081
20.595052531 49.396262512
20.605284464 49.400034892
20.61448287 49.400448303
20.636083618 49.39832957
20.673910766 49.402308655
20.689517049 49.40049998
20.77829716 49.331201884
20.794110148 49.323657126
20.816537719 49.321383362
20.833590943 49.322055156
20.849300578 49.320504862
20.868007446 49.311409811
20.884337199 49.300299378
20.900563599 49.292599589
20.918960408 49.290325826
20.942421509 49.295855205
20.964022258 49.308102519
20.996681763 49.339366761
21.017248983 49.352440898
21.032958618 49.354611308
21.054042602 49.354766337
21.072542766 49.35719513
21.080707641 49.366341858
21.068512003 49.381431376
21.045464315 49.390578105
21.033268677 49.399673157
21.053525838 49.414452616
21.068822062 49.419206848
21.109439738 49.424581198
21.124942667 49.423651022
21.143029419 49.415537822
21.157292114 49.405150859
21.172588338 49.398277893
21.194085734 49.400603333
21.21124231 49.411093649
21.242454875 49.441272685
21.260541626 49.449437561
21.27439091 49.447267151
21.330408163 49.427785136
21.427869913 49.409801738
21.444406372 49.409905091
21.481510051 49.415227764
21.496186157 49.41238556
21.514421954 49.417212682
21.529569133 49.421222229
21.601192668 49.426493226
21.619899536 49.423340963
21.630028117 49.41889679
21.648631632 49.407062887
21.658760213 49.402463684
21.666304972 49.40179189
21.681807902 49.404065654
21.691729777 49.402153626
21.708576294 49.390888164
21.742165975 49.357091777
21.757565552 49.348926901
21.768004191 49.353474427
21.782163533 49.364481506
21.799423461 49.374816793
21.81957727 49.377245586
21.837870727 49.370424297
21.874560995 49.34835846
21.928407836 49.330788472
21.964477986 49.308567607
21.993210083 49.278181865
22.005819133 49.242886861
22.012433716 49.21105418
22.040752401 49.197463278
22.111549113 49.188626608
22.144105265 49.174880677
22.155680786 49.171521708
22.165706014 49.171108297
22.189683878 49.173020325
22.197952108 49.171986796
22.208907511 49.163976949
22.209010864 49.156948954
22.206220337 49.1504894
22.2084941 49.144184876
22.215935506 49.139999085
22.262857707 49.130593974
22.318151489 49.131989238
22.339442179 49.12645986
22.390085083 49.093025208
22.42677535 49.085635478
22.505013469 49.083413392
22.539636678 49.072199606
22.531988566 49.055714824
22.524753865 49.032873841
22.520102986 49.009826152
22.520516398 48.992927958
22.505013469 48.984246318
22.466566203 48.980525615
22.448996216 48.971430562
22.427292114 48.9294693
22.414889771 48.911692607
22.413649536 48.906783346
22.413752889 48.893864238
22.411789184 48.887766419
22.402384074 48.878826396
22.37840621 48.8654422
22.370798705 48.858248147
22.368897746 48.856450501
22.362283162 48.844254862
22.361559693 48.836451722
22.363523396 48.828286845
22.365693807 48.794387106
22.363420044 48.787617493
22.356495402 48.776145325
22.347813761 48.767877096
22.33840865 48.762967835
22.330760539 48.756404928
22.327659953 48.743020732
22.328900187 48.721575013
22.322492309 48.700335999
22.310296671 48.681680807
22.294276978 48.667624817
22.282184692 48.662405497
22.255519654 48.656772766
22.243220663 48.651191711
22.235675903 48.644163717
22.225237264 48.628221538
22.219036092 48.620935161
22.153717081 48.585872701
22.138730916 48.569594625
22.136663859 48.549337463
22.148342733 48.508823141
22.144828735 48.493113506
22.133769979 48.476835429
22.132839803 48.404798483
22.113926229 48.388649598
22.096459595 48.379425354
22.077856079 48.375808004
22.018014771 48.379735413
21.999928019 48.378960267
21.98153121 48.374722799
21.929338012 48.372914124
21.914765259 48.369090068
21.884276164 48.357462871
21.841178019 48.353173727
21.789398234 48.335526225
21.759012492 48.333769226
21.727696574 48.340900574
21.70123824 48.353948873
21.677570434 48.372345683
21.621553182 48.429654846
21.613388305 48.440351868
21.600365844 48.481641337
21.591684204 48.493010153
21.574630981 48.495568136
21.537734008 48.495232239
21.521817667 48.500089824
21.515099732 48.507117819
21.506004679 48.52649648
21.499390096 48.535074769
21.490811809 48.54026825
21.472725057 48.544996644
21.439135376 48.558329163
21.424562622 48.56127472
21.372679484 48.550345154
21.338573038 48.549854228
21.321829874 48.547580465
21.302296183 48.539906515
21.293924601 48.530578918
21.288240194 48.519933574
21.27656132 48.508719788
21.261781861 48.50319041
21.250413045 48.506497701
21.238010702 48.513448182
21.21992395 48.518719177
21.18674768 48.513706564
21.109336385 48.489108582
21.084014933 48.493010153
21.063861124 48.506239319
21.035955851 48.514636739
21.006500285 48.518150737
20.981488891 48.516858826
20.945832154 48.51897756
20.891365193 48.541095072
20.859945922 48.54331716
20.845476521 48.545823466
20.81581425 48.563806864
20.80031132 48.56923289
20.78408492 48.569052023
20.572521606 48.536573385
20.510509888 48.533782858
20.481674439 48.526083069
20.480537557 48.51853831
20.480227498 48.510218404
20.482191203 48.492880962
20.48281132 48.489366964
20.482914673 48.485827128
20.482501261 48.482261455
20.481674439 48.478747457
20.468238566 48.465389099
20.465968043 48.463790392
20.43557906 48.442393087
20.420592895 48.429241435
20.409017374 48.413712667
20.370156697 48.334337667
20.349279419 48.30547638
20.324268026 48.279948223
20.295225871 48.260414531
20.272384888 48.25245636
20.260292602 48.255892843
20.24902714 48.26418691
20.229080037 48.270904847
20.217814575 48.267597555
20.187635539 48.248994039
20.170892375 48.244033102
20.153322387 48.245273336
20.143090454 48.247805481
20.134512167 48.2466686
20.122006469 48.236746725
20.118079061 48.22971873
20.112601359 48.211735332
20.105263305 48.202795309
20.096995077 48.198428651
20.078081502 48.193545228
20.038302702 48.177233057
20.034983357 48.175871887
19.996949504 48.167913717
19.973901815 48.158379415
19.92863326 48.130086568
19.905068806 48.124298808
19.884294881 48.12962148
19.846261027 48.152669169
19.821663045 48.157914327
19.785592895 48.148690084
19.776084432 48.149516907
19.766679321 48.158999532
19.76915979 48.167448629
19.774844197 48.176078593
19.774327433 48.185897116
19.75655074 48.20031484
19.73308964 48.202898662
19.686994263 48.196904195
19.676969034 48.200392354
19.655264933 48.218349915
19.643896118 48.224809469
19.633870891 48.226773173
19.623225545 48.227005717
19.531241495 48.210650127
19.513981567 48.203958029
19.503026164 48.189411112
19.493621053 48.150705465
19.481735473 48.134892477
19.481425415 48.134427389
19.481218709 48.133962301
19.481425415 48.133342183
19.481735473 48.13267039
19.483285767 48.127192688
19.483802531 48.121766663
19.483285767 48.116495666
19.481735473 48.111328023
19.42819869 48.085851543
19.293219849 48.087763571
19.233481893 48.062080384
19.222526489 48.060581767
19.098503052 48.070736186
19.038661743 48.064870911
19.019016511 48.065496862
18.996493774 48.066214498
18.981817668 48.061615296
18.93359517 48.054348892
18.838467244 48.040014547
18.82100061 48.030454407
18.794232218 47.993144023
18.784723754 47.987614645
18.765293416 47.985392558
18.756198364 47.981826885
18.743175903 47.971052348
18.74451949 47.967357483
18.751444133 47.96335256
18.754751424 47.951802877
18.744726196 47.910513408
18.742245727 47.889455262
18.748756958 47.870722555
18.778005819 47.851447245
18.816453085 47.832559509
18.81491638 47.832193555
18.79030481 47.826332499
18.767670532 47.822301738
18.750307251 47.813620097
18.717234334 47.788117778
18.692843058 47.777963359
18.66369755 47.775896301
18.633828572 47.779823711
18.597448364 47.790649923
18.552593221 47.792846172
18.347851196 47.776774801
18.273023722 47.756259257
18.235920044 47.753882141
18.112620076 47.762486267
17.883531848 47.752521425
17.825712524 47.750006409
17.741996704 47.765380148
17.719244921 47.773669069
17.676677693 47.789177145
17.666239054 47.797031963
17.658384236 47.807315573
17.639884074 47.819201152
17.619110148 47.82922638
17.604227335 47.834238993
17.592961873 47.833102112
17.582936646 47.829794821
17.572601359 47.829536438
17.560405721 47.837985535
17.526609334 47.872117818
17.517307576 47.876251933
17.49219283 47.879817607
17.481857544 47.882711488
17.472039022 47.888809307
17.369409628 47.981206767
17.337887003 47.998725077
17.272671346 48.005339661
17.262316384 48.007282508
17.22089156 48.01505483
17.184821411 48.02027415
17.14833785 48.005443014
17.124980103 48.019524841
17.092630656 48.027250468
17.06968632 48.035673726
17.075060669 48.052080994
17.063071737 48.058773092
17.059144327 48.060426737
17.064828735 48.079030254
17.069996378 48.089158834
17.080228312 48.097607931
17.067205851 48.106935527
17.062455296 48.112724488
17.047465454 48.130990906
17.036923462 48.135512594
17.020903768 48.13716624
17.007157837 48.142798971
16.981939738 48.161299134
16.97480839 48.176879578
16.974705037 48.198557842
16.969950805 48.216644593
16.954344523 48.252559713
16.953931112 48.257339784
16.955274699 48.268786113
16.954344523 48.273126933
16.95062382 48.276589254
16.944422648 48.278010356
16.933363892 48.284728292
16.924268839 48.28751882
16.916620727 48.290800273
16.913313435 48.296691386
16.912073201 48.301238912
16.908869263 48.306974996
16.905458618 48.31198761
16.902771444 48.314106344
16.898430623 48.316173401
16.900290975 48.321237691
16.904218384 48.327025452
16.906492147 48.331469625
16.901944621 48.339401958
16.891712687 48.347024231
16.881170695 48.352811992
16.875486287 48.355034078
16.855332479 48.35645518
16.847581014 48.359581604
16.844480428 48.365601909
16.845100545 48.376583151
16.846857544 48.381130676
16.849338012 48.384102071
16.851921834 48.390406596
16.860810181 48.443788351
16.864944295 48.458076885
16.875072876 48.471538595
16.90122115 48.496601665
16.906492147 48.509908346
16.913933553 48.519339295
16.930470012 48.528201803
16.946903117 48.539725647
16.949054879 48.544836083
16.954344523 48.557398987
16.945042766 48.604166158
16.947523234 48.623157247
16.963336222 48.635947164
16.97480839 48.649873963
17.025347941 48.746328024
17.049945923 48.774026592
17.084362426 48.793715312
17.098728475 48.805755921
17.104619588 48.824617818
17.113714641 48.833919576
17.16745813 48.859757792
17.21220992 48.866062318
17.260269002 48.857794088
17.374370565 48.819605205
17.391733846 48.821775614
17.411224719 48.830216334
17.429560994 48.838157043
17.453332153 48.842756247
17.467904907 48.838105367
17.498497355 48.816763001
17.535084269 48.812990621
17.727217244 48.862910054
17.744890584 48.872573548
17.779410441 48.911744283
17.795533488 48.920580953
17.820131469 48.923371481
17.841215454 48.920994365
17.860335734 48.921717835
17.878732544 48.933551738
17.88689742 48.947245992
17.894648885 48.978200176
17.900850057 48.993031311
17.914079223 49.010497946
17.935059855 49.019386292
17.959244426 49.02186676
18.012884562 49.01912791
18.046060832 49.029153138
18.075516398 49.047188212
18.096290323 49.070287578
18.102904907 49.092250062
18.101629686 49.136928332
18.101457967 49.142944641
18.105075318 49.16976471
18.117787719 49.202579245
18.136494588 49.233068339
18.160575806 49.25869985
18.190031372 49.276941631
18.324596802 49.311254781
18.361586366 49.330191418
18.38516158 49.342260641
18.387642049 49.389751282
18.416787557 49.385462138
18.439215129 49.395073955
18.481796509 49.429077047
18.514662719 49.440600891
18.522930949 49.446078594
18.527995239 49.454863587
18.530475708 49.473467102
18.535643351 49.481683655
18.556210571 49.49015859
18.600445598 49.485972799
18.628970988 49.495791321
18.63589563 49.496721497
18.642820272 49.495791321
18.67558313 49.485042623
18.704521932 49.479254863
18.732530558 49.480288391
18.773561645 49.504886373
18.792268514 49.509537252
18.833196249 49.510260722
18.932208293 49.504317932
18.961147095 49.492794088
18.952362101 49.475947571
18.95339563 49.461684876
18.958253214 49.44814565
18.960837036 49.433314515
18.956702922 49.400448303
18.962283977 49.389182841
18.981817668 49.386805726
19.00713912 49.388097637
19.045793091 49.402773743
19.067600545 49.406132711
19.076798951 49.404065654
19.0966427 49.394608867
19.106254517 49.391404928
19.116589803 49.39093984
19.141704549 49.394195456
19.172503703 49.402256978
19.179738403 49.410266825
19.182322225 49.422720846
19.18935022 49.442202861
19.1922441 49.442616272
19.204543091 49.442822978
19.208987264 49.444993388
19.21136438 49.451659648
19.209400676 49.45641388
19.206196737 49.459411113
19.204439738 49.460547995
19.220459432 49.493000794
19.23410201 49.507211813
19.248674764 49.516255189
19.265004517 49.521474508
19.28422815 49.524161683
19.315027303 49.523954977
19.32536259 49.525040182
19.339521931 49.528760885
19.347066691 49.532998353
19.433779745 49.595165101
19.437603801 49.600126038
19.443391561 49.601779684
19.448889797 49.600313488
19.457344197 49.598058981
19.474190714 49.578731995
19.481735473 49.573512675
19.505196574 49.563384095
19.517288859 49.543281963
19.535478963 49.492845765
19.55160201 49.461013082
19.556769654 49.453881735
19.573926229 49.44525177
19.594803507 49.441582743
19.634801066 49.441324362
19.630150187 49.435019836
19.628599894 49.429593811
19.629220012 49.413935852
19.627097479 49.402165448
19.627043767 49.401867588
19.684513794 49.389079489
19.706321249 49.387529196
