42.236832316 37.286304016
42.267218059 37.27452179
42.272902465 37.276743877
42.279206991 37.282273255
42.285821574 37.286562399
42.292022746 37.285063782
42.296363566 37.279689433
42.301427856 37.269922587
42.305768677 37.264548239
42.339875122 37.242637431
42.346696412 37.239769389
42.353207642 37.227031149
42.335327596 37.171168925
42.346696412 37.158430685
42.354551229 37.152410381
42.356514934 37.138276876
42.357238403 37.109984029
42.363646281 37.098150127
42.37119104 37.087944031
42.376875448 37.076756083
42.377185506 37.062235006
42.376805724 37.062000619
42.345869588 37.04290802
42.281894165 36.994125468
42.281894165 36.994022115
42.281894165 36.993970439
42.281584107 36.993970439
42.178437948 36.90531952
41.978553507 36.733624573
41.843781373 36.617869364
41.817323039 36.599730937
41.78993453 36.589292297
41.479772583 36.536117249
41.414866984 36.527383932
41.385411417 36.516376851
41.365360962 36.494155986
41.365360962 36.494052633
41.365257609 36.494000956
41.365257609 36.493897603
41.276994262 36.354784648
41.268829387 36.32796458
41.236583293 36.077023824
41.236686645 36.060332337
41.240614054 36.043020732
41.266245565 35.994289856
41.266348918 35.994341532
41.266348918 35.99423818
41.343656861 35.85765737
41.354508911 35.825566304
41.359263143 35.792751771
41.36350061 35.655240784
41.358022909 35.623924866
41.342209921 35.593694153
41.308457834 35.552247625
41.261284627 35.494320374
41.261284627 35.494165344
41.261181274 35.494165344
41.261077921 35.494165344
41.251879517 35.464089661
41.243094523 35.366524557
41.201339966 35.243017884
41.191521444 35.182143046
41.192325857 35.158904437
41.198032674 34.994040833
41.206507609 34.819322815
41.204233846 34.793122864
41.195655558 34.768473206
41.023986451 34.494329733
41.023986451 34.494174703
40.988019653 34.428519796
40.965282023 34.401854757
40.936033163 34.386067607
40.690466756 34.331497294
40.543809041 34.25798757
40.433221476 34.202538757
40.322633911 34.14716746
40.212046346 34.091796163
40.173110825 34.072282917
40.101458781 34.036373189
39.990871216 33.980976054
39.880387003 33.925604757
39.769696085 33.87023346
39.659211874 33.814810486
39.548624308 33.759490865
39.438036743 33.70409373
39.327449178 33.648722432
39.216861613 33.593325297
39.106274048 33.537928161
38.995686483 33.48247935
38.885098918 33.427108053
38.774511352 33.371685079
38.529565063 33.244250997
38.315742063 33.131180063
38.230875285 33.086301982
38.056725708 32.99434377
38.056725708 32.994292095
37.929394979 32.925329896
37.758035929 32.832519023
37.58667688 32.739837342
37.494605674 32.690055623
37.415214478 32.647129822
37.244062134 32.554396464
37.133371216 32.494580994
37.133371216 32.494529318
37.13316451 32.494529318
37.13316451 32.494477641
36.980098918 32.410038351
36.819385213 32.316788229
36.806569458 32.313041687
36.792513468 32.313532614
36.728641398 32.327795309
36.706937296 32.328337911
36.689574015 32.319656271
36.653503865 32.342858988
36.516683927 32.357014182
36.480181111 32.360790711
36.463954712 32.369394837
36.4076274 32.374226583
36.387887004 32.379316712
36.373107544 32.386422221
36.285257609 32.456934713
36.220765421 32.494580994
36.188209269 32.522279561
36.177357218 32.527318014
36.172189575 32.52592275
36.16082076 32.517215271
36.155859822 32.515199891
36.149865356 32.516130067
36.13953007 32.51954071
36.133225546 32.520109151
36.09622522 32.515871684
36.081905549 32.516264773
36.069870239 32.516595154
36.066252889 32.517318624
36.066046183 32.521607768
36.060465128 32.533260803
36.01540328 32.591164246
36.005998169 32.60790741
36.005274699 32.626691793
36.008271932 32.643719178
36.003621053 32.655087992
35.980263306 32.656612448
35.965793905 32.654364523
35.955355265 32.657439271
35.946570272 32.664441427
35.937475219 32.674001567
35.941195922 32.673536479
35.944399862 32.677618917
35.945743449 32.68410431
35.944193156 32.690770569
35.9403691 32.692501729
35.927449992 32.692372539
35.922489054 32.693767802
35.905229126 32.7085731
35.895720663 32.713275656
35.788233684 32.734411317
35.779035278 32.744281514
35.779035278 32.74435903
35.779138631 32.744462383
35.779138631 32.744514058
35.774901164 32.747278748
35.76973352 32.748053894
35.763842407 32.74696869
35.757590349 32.744346858
35.784202921 32.77794871
35.834225708 32.827945658
35.84187382 32.853577169
35.838049764 32.866031189
35.849728638 32.895822653
35.866885213 32.920782369
35.874016561 32.922332662
35.88807255 32.944941101
35.86461145 32.977729797
35.859030395 32.990209656
35.845801229 33.085423482
35.848901815 33.098678487
35.811488078 33.111907654
35.811488078 33.126764629
35.822443481 33.141569926
35.833398885 33.161129456
35.830194946 33.189990743
35.807664022 33.201721294
35.80363326 33.248462626
35.775624634 33.264895732
35.768596639 33.272698873
35.802082967 33.312489726
35.763842407 33.334400533
35.785753215 33.342875468
35.793504679 33.349929302
35.809937785 33.360032044
35.812314901 33.373364563
35.815415487 33.378868104
35.816965779 33.395197856
35.822443481 33.40137319
35.821099894 33.4067217
35.845116087 33.418742463
35.870089152 33.431242167
35.888485962 33.440414734
35.919491821 33.46235138
35.935408163 33.494261577
35.921868937 33.514570414
35.933237752 33.52782542
35.956802205 33.534207458
35.980263306 33.533949077
35.999280233 33.541261292
36.019847453 33.552630106
36.035247029 33.56779714
36.038450968 33.586348979
36.029665975 33.597640279
36.012922811 33.608027242
35.994526001 33.615701192
35.980263306 33.619008484
35.956905558 33.62993805
35.934788045 33.633400371
35.921558878 33.640299174
35.925382934 33.661667379
35.929413697 33.665078024
35.942436157 33.669212138
35.947190389 33.673087871
35.949877564 33.682699687
35.946983683 33.700838114
35.948430623 33.709209696
35.95587203 33.718123881
35.974165487 33.732154032
35.980263306 33.743548686
35.994009236 33.760705262
36.027082154 33.784295553
36.040518026 33.805612081
36.050439901 33.816438294
36.066459594 33.821993511
36.085063111 33.82605011
36.102426391 33.832277121
36.138289836 33.850622253
36.144904419 33.847418315
36.157616821 33.834059957
36.165678345 33.829796652
36.186555623 33.830210063
36.20267867 33.838297424
36.216631307 33.847754212
36.231824178 33.852534281
36.249187459 33.849743754
36.300553833 33.828685608
36.338277629 33.821192526
36.357501262 33.823776347
36.369593547 33.837005514
36.367629842 33.857546896
36.350369914 33.866409404
36.311095825 33.871990458
36.281640259 33.891110738
36.275335734 33.897208557
36.268927856 33.906768698
36.267170858 33.910386048
36.288564901 33.946507874
36.302310832 33.964387919
36.318020467 33.980510966
36.35781132 34.009553121
36.391090943 34.044718933
36.412174927 34.053633118
36.423647095 34.052806295
36.44514449 34.046140036
36.458890422 34.046708476
36.475220174 34.053503927
36.480697876 34.062754008
36.48266158 34.074510397
36.488449341 34.088643901
36.507983032 34.109185283
36.552734823 34.140992127
36.575885864 34.173264059
36.604101196 34.199102275
36.603553891 34.200100866
36.598210083 34.209850972
36.574025512 34.229746399
36.567514282 34.244138285
36.562760051 34.262948507
36.570304809 34.275867615
36.579916626 34.286900533
36.581983683 34.299897156
36.57681604 34.307674459
36.570304809 34.30896637
36.562966756 34.308501282
36.555835408 34.311085104
36.545190063 34.320722759
36.523589314 34.345889181
36.518628377 34.353640645
36.515941203 34.361650493
36.516768026 34.369867045
36.519971964 34.375060527
36.523589314 34.37978892
36.52627649 34.386687724
36.529790487 34.403094991
36.530617309 34.414179586
36.525139608 34.422938741
36.509223267 34.432421367
36.501885213 34.430302633
36.494650512 34.43425588
36.480181111 34.449138693
36.463231242 34.455236512
36.449795369 34.464538269
36.439873494 34.477457377
36.433465617 34.494174703
36.433465617 34.494329733
36.419719686 34.498334656
36.392331177 34.500143331
36.363082316 34.499032288
36.343651977 34.494174703
36.340964803 34.493477071
36.338174276 34.493296204
36.335383748 34.493477071
36.332696574 34.494174703
36.329851247 34.498603316
36.319880818 34.514121806
36.336623982 34.52884959
36.364012492 34.541096904
36.383546183 34.553809306
36.388093709 34.569518942
36.386853475 34.584246724
36.388920532 34.596235657
36.403699992 34.603832092
36.418479451 34.600318095
36.429124796 34.593186747
36.436256144 34.597837626
36.440183553 34.62936025
36.415998983 34.622900697
36.391194296 34.622487284
36.367526489 34.629205221
36.34737268 34.64413971
36.323808228 34.679486389
36.308925415 34.687547913
36.288151489 34.675558981
36.284844197 34.667910868
36.284430786 34.648325501
36.280710083 34.639127096
36.271511678 34.630962219
36.261589803 34.627241516
36.20123173 34.624450989
36.195133911 34.626207988
36.183351684 34.633494365
36.178287394 34.63530304
36.172189575 34.634062806
36.160200643 34.628068339
36.155859822 34.626931458
36.112139913 34.629532266
36.087233521 34.631013896
36.060775188 34.62791331
36.037934204 34.628430075
36.016230103 34.633649394
35.998763468 34.645379944
35.991425415 34.648222148
35.982640422 34.650237529
35.9698996554 34.6498489555
35.965668165 34.668443101
35.947438998 34.699530341
35.940928582 34.726223049
35.931162957 34.740952867
35.928965691 34.749823309
35.928965691 34.790716864
35.926036004 34.79694245
35.908457879 34.821763414
35.904551629 34.831773179
35.899099155 34.852769273
35.866872592 34.924221096
35.872894727 34.926906643
35.873545769 34.931626695
35.879567905 34.938055731
35.881358269 34.944973049
35.879567905 34.951890367
35.873545769 34.958319403
35.873545769 34.965155341
35.878591342 34.969549872
35.878916863 34.970160223
35.876638217 34.971665757
35.873545769 34.978827216
35.88160241 34.992865302
35.887380405 35.00018952
35.895355665 35.006781317
35.900563998 35.021918036
35.89730879 35.036566473
35.891449415 35.049953518
35.887868686 35.061346747
35.887868686 35.109198309
35.894216342 35.12107982
35.941254102 35.180568752
35.962412957 35.197943427
35.953298373 35.224798895
35.915293816 35.287909247
35.928965691 35.321478583
35.924082879 35.338527736
35.91667728 35.403306382
35.918955925 35.417669989
35.90886478 35.42572663
35.860606316 35.479071356
35.840098504 35.487372137
35.830088738 35.493475653
35.825856967 35.503322658
35.818369988 35.508937893
35.802256707 35.506903387
35.786794467 35.502183335
35.781260613 35.499579169
35.770518425 35.504217841
35.771983269 35.515448309
35.777110222 35.529120184
35.778086785 35.541164455
35.771983269 35.546332098
35.73707116 35.561672268
35.738780144 35.56659577
35.74089603 35.576483466
35.743337436 35.5820987
35.73707116 35.5820987
35.723399285 35.575913804
35.723399285 35.5820987
35.743418816 35.587958075
35.763356967 35.598293361
35.778493686 35.612738348
35.784353061 35.630560614
35.782074415 35.641750393
35.773203972 35.655462958
35.771169467 35.667792059
35.776621941 35.675116278
35.800059441 35.681463934
35.83855228 35.74209219
35.840342644 35.747463283
35.840098504 35.770819403
35.835948113 35.789984442
35.825368686 35.813462632
35.811859571 35.835394598
35.798594597 35.849676825
35.846853061 35.847235419
35.870860222 35.85179271
35.881032748 35.866685289
35.885264519 35.885972398
35.9113054189 35.9177504328
35.920835409 35.915121562
35.940575806 35.918377177
35.960729615 35.924371643
35.980263306 35.926852112
35.992769002 35.915276591
35.99307906 35.902357483
35.990081828 35.889283346
35.992355591 35.87734609
36.003931111 35.869181214
36.019434041 35.866183981
36.050749959 35.865408834
36.080308879 35.854195048
36.138496541 35.819778545
36.155307557 35.822232044
36.157616821 35.822569072
36.168778931 35.852076315
36.174876749 35.922666321
36.196890909 35.951708476
36.229033651 35.961165263
36.253114868 35.955635885
36.269031209 35.958736471
36.277402791 35.993979798
36.277402791 35.994031474
36.277506144 35.994186504
36.277506144 35.99423818
36.297349894 36.000749411
36.336727335 35.988243713
36.358018026 35.993979798
36.355537557 36.022401835
36.358638143 36.166992493
36.360498494 36.1816686
36.366286255 36.189213358
36.374451131 36.195879619
36.375794719 36.204509583
36.36142867 36.21815216
36.373004191 36.227608948
36.385613241 36.215464986
36.398118937 36.208230286
36.411864868 36.204457907
36.439253377 36.201408997
36.445247843 36.19991038
36.450725545 36.19991038
36.45920048 36.20311432
36.463954712 36.208798726
36.465298299 36.215930074
36.468915649 36.222389628
36.480181111 36.225541891
36.498577922 36.227867331
36.574438925 36.218358867
36.593455851 36.218100485
36.664252563 36.229004211
36.670040324 36.237324117
36.669110148 36.259855042
36.665492798 36.274014384
36.658464803 36.290499166
36.648761162 36.305718561
36.648646281 36.305898743
36.637070761 36.31680247
36.620741007 36.32202179
36.587771444 36.324812317
36.577642863 36.332873841
36.582190389 36.333080547
36.587771444 36.342123922
36.594282674 36.357110087
36.59448938 36.365946757
36.593352498 36.373491516
36.590561971 36.380364482
36.585704386 36.387030742
36.580846802 36.389872945
36.565033814 36.39560903
36.558005819 36.400621643
36.552734823 36.408166403
36.533821248 36.462478333
36.531237427 36.479014791
36.535474894 36.494000956
36.565343872 36.532499899
36.569994751 36.575701396
36.569271281 36.620143127
36.582810507 36.662414449
36.594696085 36.685823873
36.59810673 36.705460918
36.598933553 36.724787903
36.603274374 36.746957093
36.615676717 36.766594137
36.632006469 36.784319153
36.643271932 36.803646139
36.639861288 36.828089091
36.649163046 36.828554179
36.658568156 36.827520651
36.659562625 36.827243022
36.843673137 36.775844218
36.906821736 36.772588603
36.925942017 36.768971253
36.94588912 36.762666728
36.964699341 36.753830058
36.980098918 36.742254537
37.010588012 36.719516907
37.018442831 36.706649475
37.019476359 36.685823873
37.010794718 36.653732809
37.014515422 36.642260641
37.033325643 36.628721415
37.05306604 36.619936422
37.062367798 36.622106832
37.070119263 36.631511943
37.085622193 36.644172669
37.104432414 36.650993957
37.120968872 36.649908753
37.137401977 36.645877991
37.156108846 36.643914287
37.219670858 36.657143453
37.241891724 36.658590393
37.40446578 36.6344575
37.446116984 36.634199117
37.593394816 36.710525208
37.654062948 36.732125957
37.819737589 36.760547994
37.980037882 36.819665833
38.007943156 36.825763651
38.026005169 36.835005625
38.122974894 36.884623108
38.190050903 36.905526225
38.224260702 36.908394267
38.28988977 36.901702169
38.479955689 36.855735982
38.529358358 36.833721822
38.635191663 36.744039459
38.664130494 36.719516907
38.72500533 36.693937073
38.795388631 36.686650696
38.957962687 36.692903545
38.979976848 36.69817454
39.032170044 36.701171774
39.185855753 36.659520569
39.239599243 36.661277567
39.441707633 36.692372694
39.765251913 36.742151184
39.97981246 36.806953431
40.079237915 36.854857483
40.115204712 36.864727682
40.152721802 36.870360413
40.190135539 36.884416403
40.261409006 36.922784683
40.393740682 36.994022115
40.413894491 37.004021505
40.43518518 37.01061025
40.456992635 37.014124247
40.479833618 37.015157776
40.52572229 37.025880636
40.659460897 37.085256857
40.708966919 37.100475566
40.896449015 37.122696432
41.13509078 37.084249166
41.179739217 37.069624736
41.201339966 37.064973857
41.479772583 37.075567526
41.896365067 37.15428342
42.009249309 37.175613099
42.05296757 37.196645406
42.128311809 37.253282776
42.1785413 37.306302795
42.193010701 37.313227437
42.211200805 37.324906311
42.222569621 37.313950908
42.223809855 37.302375387
42.222156209 37.292401835
42.223189738 37.28813853
42.236832316 37.286304016
