-58.158796753 -20.165124613
-58.158331665 -20.181144308
-58.152337199 -20.184658305
-58.14406897 -20.183521424
-58.137040975 -20.18558848
-58.129909627 -20.192513122
-58.120504517 -20.203881938
-58.118540813 -20.21442393
-58.155282756 -20.226412862
-58.162672486 -20.243156026
-58.156316285 -20.261656188
-58.137040975 -20.274368591
-58.130943156 -20.272818299
-58.126240601 -20.267030538
-58.120039429 -20.26134613
-58.109755819 -20.260726013
-58.10308956 -20.264446716
-58.095079713 -20.272198181
-58.090325481 -20.281706645
-58.099937297 -20.309198507
-58.09771521 -20.334623311
-58.090790569 -20.359427999
-58.082987428 -20.376171162
-58.067122763 -20.393534444
-58.045625367 -20.409347432
-58.023146119 -20.420716247
-58.004180868 -20.425160421
-57.989401408 -20.433118592
-57.992140259 -20.450895284
-58.007901571 -20.479834086
-58.010020305 -20.500091247
-58.0089351 -20.525722757
-58.004749309 -20.549803975
-57.993328817 -20.57378184
-57.992553671 -20.585047302
-57.993638876 -20.606751404
-57.990951701 -20.620600687
-57.977825888 -20.640134379
-57.973123332 -20.651193136
-57.97358842 -20.661941833
-57.981081503 -20.681165466
-57.980616415 -20.692740987
-57.974415243 -20.704006449
-57.965010132 -20.711034444
-57.956380168 -20.709897562
-57.947181763 -20.675067647
-57.934004273 -20.667419535
-57.918087931 -20.669796651
-57.904290324 -20.678995056
-57.900207886 -20.685196228
-57.894471802 -20.699975688
-57.890647746 -20.706383565
-57.884343222 -20.71196462
-57.868943645 -20.722196553
-57.860210327 -20.730258077
-57.857678183 -20.739869893
-57.865274618 -20.747414652
-57.877005168 -20.75237559
-57.898760946 -20.756613057
-57.90666744 -20.762194112
-57.917932903 -20.774079691
-57.933074097 -20.784621684
-57.940412151 -20.793613383
-57.933952596 -20.799711202
-57.908011027 -20.801984965
-57.887650513 -20.805912374
-57.870700644 -20.816454366
-57.859641886 -20.831647237
-57.857109742 -20.849733988
-57.867393352 -20.860069275
-57.908682821 -20.881566671
-57.917932903 -20.894382426
-57.914832316 -20.905647889
-57.908011027 -20.910505473
-57.901138062 -20.912365824
-57.898089152 -20.914846293
-57.893024862 -20.914846293
-57.869925496 -20.932726339
-57.847032837 -20.955980733
-57.840314901 -20.955980733
-57.836025757 -20.938514099
-57.81757727 -20.953603617
-57.816026978 -20.975411071
-57.825380412 -20.998562114
-57.852458863 -21.037836202
-57.851735392 -21.051995544
-57.836025757 -21.082484639
-57.829876262 -21.127029724
-57.8339587 -21.173848572
-57.847859661 -21.216223246
-57.870700644 -21.247642517
-57.899019328 -21.267176208
-57.904290324 -21.274927673
-57.904910442 -21.28743337
-57.899949504 -21.295081481
-57.89364498 -21.300352478
-57.890647746 -21.305933532
-57.882327841 -21.316372172
-57.866308146 -21.320919698
-57.855559448 -21.33073822
-57.863310914 -21.356886495
-57.929921835 -21.453108012
-57.945269735 -21.487214457
-57.949145468 -21.508298441
-57.948111939 -21.530519308
-57.939792033 -21.548192647
-57.921601929 -21.555427347
-57.912093465 -21.564005636
-57.919328166 -21.583952738
-57.932143921 -21.606690369
-57.939016887 -21.623743591
-57.934831096 -21.640693461
-57.92434078 -21.658676859
-57.911783407 -21.673042908
-57.901138062 -21.678934021
-57.895608683 -21.688442485
-57.939016887 -21.755311788
-57.938448446 -21.774638773
-57.93477942 -21.79293223
-57.935709595 -21.81205251
-57.948938761 -21.833859965
-57.95591508 -21.851119894
-57.946664999 -21.865485942
-57.932764038 -21.881919047
-57.925374309 -21.904966736
-57.929921835 -21.91736908
-57.953227905 -21.958193461
-57.962633016 -21.966978455
-57.964855103 -21.976693624
-57.986817586 -22.035294698
-57.98836788 -22.049040629
-57.988006145 -22.064130147
-57.986249146 -22.074465434
-57.973133664 -22.081048494
-57.97286495 -22.08118337
-57.961392782 -22.090071716
-57.952452759 -22.105988057
-57.939998739 -22.118390401
-57.906254029 -22.128932393
-57.895505331 -22.128932393
-57.878193726 -22.122111104
-57.871372437 -22.121180929
-57.862845826 -22.125831807
-57.848686483 -22.140301208
-57.843880575 -22.143711853
-57.83178829 -22.141128031
-57.815768595 -22.128312277
-57.805484985 -22.128622335
-57.795304728 -22.130999451
-57.787501588 -22.129655864
-57.775409302 -22.123971456
-57.777786418 -22.12231781
-57.777424683 -22.117046814
-57.775616008 -22.1111557
-57.773652303 -22.107745056
-57.7699316 -22.107434997
-57.760268107 -22.110742289
-57.75618567 -22.110638936
-57.736341919 -22.103714294
-57.723267782 -22.104747823
-57.709935263 -22.108468526
-57.689626424 -22.109295349
-57.678515992 -22.106401469
-57.670816203 -22.102370707
-57.663684856 -22.100613709
-57.65448645 -22.104541117
-57.638931845 -22.144538676
-57.627201295 -22.165105896
-57.614075481 -22.176991475
-57.596712199 -22.181022237
-57.572734334 -22.177714945
-57.564001018 -22.174407654
-57.559970256 -22.171617126
-57.55469926 -22.170273539
-57.542296916 -22.171513773
-57.534597128 -22.174407654
-57.511187704 -22.188773702
-57.472482056 -22.180298767
-57.463955445 -22.18040212
-57.443181519 -22.187946879
-57.432277792 -22.188670349
-57.417860067 -22.193837992
-57.384993856 -22.213268331
-57.378637655 -22.213371684
-57.375020304 -22.207273865
-57.366648722 -22.209134217
-57.351249146 -22.217195739
-57.339932007 -22.216989034
-57.33481604 -22.211718038
-57.333059042 -22.205413513
-57.331767131 -22.20241628
-57.316315878 -22.203656514
-57.27166744 -22.213785095
-57.252443808 -22.210581157
-57.227484091 -22.191254171
-57.213789836 -22.188153585
-57.209449016 -22.192080993
-57.206400106 -22.20748057
-57.199527141 -22.21285492
-57.189967 -22.213578389
-57.1836108 -22.210891215
-57.177926392 -22.207377217
-57.170381633 -22.205723572
-57.154155233 -22.207997335
-57.124182902 -22.218539327
-57.115036174 -22.222880147
-57.114622762 -22.225050558
-57.113279175 -22.229391377
-57.108473267 -22.233525493
-57.090748251 -22.236419372
-57.085063843 -22.238073019
-57.079224406 -22.238589783
-57.07162797 -22.235695903
-57.059484009 -22.232698669
-57.027651327 -22.235075785
-57.011166545 -22.233835551
-56.986465211 -22.24138031
-56.975716513 -22.241690369
-56.964554403 -22.23486908
-56.965484579 -22.250888773
-56.960523641 -22.254816182
-56.952100383 -22.253575948
-56.942591919 -22.25398936
-56.924944418 -22.262360942
-56.914789999 -22.262877706
-56.903679566 -22.236936137
-56.892000692 -22.252232361
-56.881717082 -22.277243754
-56.879546672 -22.289956157
-56.856059733 -22.293160095
-56.842856405 -22.289025981
-56.84284042 -22.289009747
-56.819653687 -22.265461527
-56.813142456 -22.25615977
-56.811902222 -22.249648539
-56.808284872 -22.247994894
-56.794564779 -22.25254242
-56.786994181 -22.251818949
-56.754360515 -22.242620544
-56.746789917 -22.243964131
-56.745601359 -22.248408305
-56.743534302 -22.250372009
-56.733199016 -22.244067485
-56.728548136 -22.237452901
-56.72053829 -22.219469503
-56.715370647 -22.215438741
-56.698601644 -22.223500264
-56.664572713 -22.259983826
-56.648811402 -22.263497823
-56.644134685 -22.2554363
-56.654702515 -22.237349548
-56.648346314 -22.231355082
-56.637184205 -22.228254496
-56.629174357 -22.224740498
-56.595739706 -22.201486104
-56.584965169 -22.190530701
-56.567911947 -22.162315369
-56.565302287 -22.159938253
-56.55801591 -22.156424255
-56.554605266 -22.152083435
-56.549075887 -22.136270447
-56.545975301 -22.130069275
-56.530679078 -22.109088644
-56.521635702 -22.099890238
-56.511300415 -22.091415304
-56.493833782 -22.086557719
-56.421796835 -22.074465434
-56.407637492 -22.075809021
-56.397302206 -22.086247661
-56.370843873 -22.147329203
-56.347331096 -22.18040212
-56.316842 -22.207687276
-56.261083131 -22.238589783
-56.231524211 -22.265358174
-56.214264283 -22.275383402
-56.196797648 -22.279310812
-56.024715129 -22.287372334
-56.011356771 -22.283858338
-55.998566854 -22.277243754
-55.985234335 -22.28323822
-55.970868287 -22.293883565
-55.955262004 -22.301324971
-55.892940226 -22.306802674
-55.874388387 -22.317344665
-55.872011271 -22.310213317
-55.86103003 -22.289542745
-55.810774699 -22.353104757
-55.770157024 -22.381423441
-55.760235148 -22.391965434
-55.751579346 -22.416253357
-55.748297893 -22.500899353
-55.741269898 -22.537176209
-55.723932454 -22.569629007
-55.697913372 -22.595570577
-55.664685426 -22.612727152
-55.644350749 -22.619548442
-55.631199097 -22.626783142
-55.623680176 -22.638668722
-55.620476238 -22.659339294
-55.621509766 -22.667090759
-55.627013306 -22.683627218
-55.627788453 -22.692102152
-55.625669719 -22.700783793
-55.619184326 -22.71690684
-55.618331666 -22.725691834
-55.628589437 -22.758971456
-55.64592688 -22.787910258
-55.659001018 -22.818296
-55.656572225 -22.855709737
-55.634299683 -22.932810974
-55.63435136 -22.950070902
-55.63998409 -22.983763936
-55.63781368 -23.000713806
-55.6114587 -23.029135844
-55.600684164 -23.04453542
-55.5952323 -23.064069112
-55.600141562 -23.100552673
-55.599392253 -23.117089132
-55.588669393 -23.130111592
-55.560867473 -23.14592458
-55.55714677 -23.154709575
-55.535235963 -23.229123636
-55.535649374 -23.245866801
-55.559007121 -23.291342061
-55.562159384 -23.30787852
-55.555596477 -23.330306091
-55.524874837 -23.360485127
-55.513867758 -23.379398702
-55.515547242 -23.410197856
-55.542470663 -23.465801697
-55.539912679 -23.50052826
-55.533795621 -23.530444137
-55.533065552 -23.534014587
-55.533892375 -23.569981384
-55.530533407 -23.603467712
-55.511309774 -23.629409281
-55.466971396 -23.673230896
-55.44531897 -23.73544932
-55.430177775 -23.928564148
-55.420669312 -23.954505716
-55.398035034 -23.976829936
-55.367184204 -23.989645691
-55.304345663 -23.994089864
-55.272719686 -24.000394389
-55.272668009 -24.000497742
-55.272564657 -24.000497742
-55.272409628 -24.000601095
-55.272357951 -24.000601095
-55.236830404 -24.01269338
-55.200863607 -24.019514668
-55.165439413 -24.016827494
-55.131281291 -24.000601095
-55.131203777 -24.000601095
-55.131074585 -24.000601095
-55.131074585 -24.000394389
-55.105572266 -23.98850881
-55.042294474 -23.989025574
-55.011495321 -23.980550639
-54.99457129 -23.973109233
-54.961059123 -23.971765645
-54.943644165 -23.969181824
-54.926745972 -23.959880066
-54.904886841 -23.933008321
-54.891916057 -23.920605977
-54.827423869 -23.887016297
-54.696837524 -23.845158386
-54.679784302 -23.836683451
-54.654592041 -23.811465352
-54.639218303 -23.804437357
-54.612553264 -23.811155294
-54.443157919 -23.899935404
-54.422900757 -23.913784689
-54.367606975 -23.984684754
-54.273607544 -24.036464538
-54.245749848 -24.050393386
-54.245288859 -24.050623881
-54.266217815 -24.065920105
-54.30104773 -24.08989797
-54.324767212 -24.118216654
-54.334637411 -24.148912455
-54.331846883 -24.165035502
-54.318979452 -24.196764831
-54.314121867 -24.234178568
-54.306267049 -24.246684265
-54.28265092 -24.275313009
-54.274331014 -24.298257345
-54.261050171 -24.329469909
-54.262187052 -24.358512065
-54.271695516 -24.389414571
-54.28409786 -24.411325378
-54.32290686 -24.464345398
-54.334534058 -24.496694844
-54.33479244 -24.527287293
-54.320684774 -24.595913594
-54.321304891 -24.628366394
-54.358429465 -24.731421747
-54.371120972 -24.766652527
-54.399749716 -24.804789734
-54.407294475 -24.821222839
-54.453286499 -25.002813822
-54.462278198 -25.037230326
-54.464190226 -25.055937195
-54.463311727 -25.072783712
-54.455198527 -25.092110697
-54.429722046 -25.130557963
-54.426621461 -25.149471537
-54.435664836 -25.167041524
-54.469409546 -25.195463562
-54.481450155 -25.213240254
-54.503567668 -25.278662618
-54.528475709 -25.314319356
-54.547079224 -25.336643575
-54.575656291 -25.360311381
-54.59798051 -25.397518412
-54.609814413 -25.432761739
-54.611829793 -25.444027201
-54.612449911 -25.465524597
-54.608522502 -25.48764211
-54.598497274 -25.505832214
-54.591469279 -25.524745789
-54.594156454 -25.548620301
-54.599944215 -25.572701517
-54.600202613 -25.574944884
-54.602217977 -25.592441915
-54.58624996 -25.624688009
-54.583356079 -25.644841817
-54.598497274 -25.653833517
-54.633714763 -25.652076517
-54.64288733 -25.661584981
-54.643145711 -25.687939962
-54.624929769 -25.740236511
-54.622061727 -25.759976909
-54.617152466 -25.773516134
-54.594518189 -25.798734233
-54.587903605 -25.810826518
-54.589557251 -25.83294403
-54.599220744 -25.850720723
-54.610072795 -25.866533712
-54.615240438 -25.882863465
-54.607333944 -25.927925313
-54.606403768 -25.946632182
-54.615240438 -25.9617217
-54.623689534 -25.964305521
-54.64795162 -25.965649109
-54.656194011 -25.969163106
-54.662265991 -25.979911804
-54.661594198 -25.989937032
-54.658261068 -26.000375671
-54.653325969 -26.030761413
-54.642525595 -26.062800802
-54.643145711 -26.085228374
-54.663816284 -26.149203797
-54.659940552 -26.164396667
-54.641853801 -26.184033711
-54.638288127 -26.19695282
-54.644696005 -26.208218282
-54.656194011 -26.222997742
-54.664333049 -26.236226909
-54.664973818 -26.238863214
-54.666141724 -26.243668315
-54.663661255 -26.263305359
-54.663661255 -26.308367208
-54.679060832 -26.339889832
-54.680430258 -26.34526418
-54.683401652 -26.350845235
-54.693065145 -26.411926778
-54.697664348 -26.428153178
-54.706475179 -26.441795756
-54.737170981 -26.473215027
-54.765308798 -26.494092306
-54.78034664 -26.510422058
-54.789829265 -26.528508809
-54.788769898 -26.542564799
-54.783498902 -26.556724142
-54.78034664 -26.575224304
-54.781276815 -26.59816864
-54.784945842 -26.622766622
-54.793059042 -26.644987488
-54.807011679 -26.661213887
-54.817321127 -26.665761414
-54.822824667 -26.663280945
-54.827423869 -26.658113302
-54.834968628 -26.654392599
-54.879358684 -26.654392599
-54.903336549 -26.6598703
-54.919898845 -26.674132996
-54.930725057 -26.693976745
-54.943876709 -26.739968771
-54.951137248 -26.757538757
-54.961007446 -26.772318217
-54.975270142 -26.787821146
-54.991780762 -26.794642436
-55.040744182 -26.798466492
-55.06089799 -26.805184428
-55.125777751 -26.863578796
-55.132676555 -26.880632019
-55.118878947 -26.920009461
-55.12231543 -26.941713562
-55.138360963 -26.953702494
-55.16156368 -26.957319845
-55.201199504 -26.955459493
-55.216650757 -26.951222026
-55.235176758 -26.942230326
-55.256544963 -26.934582214
-55.280600342 -26.934272156
-55.329408732 -26.958456726
-55.37622758 -26.963831075
-55.396329712 -26.969308777
-55.414003052 -26.979850769
-55.430849569 -26.996387227
-55.442760987 -27.015507507
-55.448832967 -27.035868022
-55.451313436 -27.082066752
-55.461855429 -27.097983093
-55.486401734 -27.10005015
-55.513996949 -27.097466329
-55.533840699 -27.099430034
-55.545364543 -27.115243022
-55.549524496 -27.135810242
-55.555338095 -27.15379364
-55.571745362 -27.161545105
-55.59828121 -27.167539571
-55.598978842 -27.18262909
-55.574871786 -27.223556824
-55.570582642 -27.23533905
-55.568670614 -27.245984395
-55.570711833 -27.256423035
-55.584070191 -27.276783549
-55.583243368 -27.283501485
-55.580762899 -27.291666361
-55.581641398 -27.305515646
-55.591330729 -27.328356628
-55.607479615 -27.345513204
-55.628718629 -27.356365255
-55.653626668 -27.360085958
-55.68171281 -27.379412944
-55.717498739 -27.417343445
-55.754731608 -27.443698425
-55.815167196 -27.414139506
-55.842090617 -27.40742157
-55.854157064 -27.401220398
-55.862787028 -27.391091817
-55.877850709 -27.353574727
-55.892836874 -27.334867859
-55.913094035 -27.327839864
-55.936374268 -27.328253275
-55.960662191 -27.331560567
-55.966094416 -27.331723069
-55.984846761 -27.332284037
-56.00688676 -27.328253275
-56.006893545 -27.328250905
-56.073756063 -27.304895528
-56.074245978 -27.304811112
-56.098948324 -27.300554707
-56.124553996 -27.298901062
-56.1499788 -27.31182017
-56.168892375 -27.324739278
-56.205427613 -27.362153015
-56.228010213 -27.371248067
-56.256768148 -27.378276062
-56.279841675 -27.389644877
-56.285319377 -27.411348978
-56.281469483 -27.438634135
-56.285319377 -27.460958353
-56.296998251 -27.480905457
-56.316480266 -27.500439148
-56.335988119 -27.525657247
-56.349656535 -27.556353048
-56.367536581 -27.580640971
-56.399730998 -27.586842143
-56.40029863 -27.586636241
-56.431356975 -27.575369977
-56.461484335 -27.553872578
-56.487322551 -27.527207539
-56.506210287 -27.500129089
-56.546440389 -27.455067241
-56.546933345 -27.455002942
-56.612999634 -27.446385599
-56.638015875 -27.452911575
-56.683124553 -27.464679057
-56.734232544 -27.500439148
-56.771155355 -27.506743672
-56.77151065 -27.506548449
-56.807458049 -27.48679657
-56.869263062 -27.431502787
-56.904351359 -27.418687032
-56.904447153 -27.418695949
-56.94098995 -27.422097676
-56.977318482 -27.435326843
-57.076227174 -27.484006043
-57.108990031 -27.490620626
-57.148160767 -27.48896698
-57.156687378 -27.487726746
-57.180096802 -27.487313334
-57.180452507 -27.487214067
-57.191207235 -27.484212748
-57.20040564 -27.478941752
-57.227070679 -27.458684591
-57.237095907 -27.454240418
-57.237587624 -27.454120241
-57.283026317 -27.443014889
-57.292493042 -27.440701193
-57.302983358 -27.435533549
-57.31011575 -27.429207702
-57.32628943 -27.414862976
-57.335229451 -27.409488627
-57.356466097 -27.404342992
-57.360395875 -27.403390808
-57.386699178 -27.403494161
-57.487674927 -27.416413269
-57.513358114 -27.414139506
-57.519937905 -27.412098552
-57.535682333 -27.407214864
-57.697791301 -27.333524272
-57.698183456 -27.333398222
-57.709366822 -27.329803569
-57.811582804 -27.310683289
-57.81191293 -27.310582988
-57.854784302 -27.297557475
-57.855088471 -27.297499002
-57.899503522 -27.288960659
-57.913385376 -27.286292013
-57.944029501 -27.274613139
-57.944356434 -27.274551134
-58.003664134 -27.263303122
-58.02195756 -27.259833679
-58.022046213 -27.259831357
-58.053531861 -27.259006856
-58.113993286 -27.268928731
-58.128824423 -27.269652201
-58.238223429 -27.257043152
-58.510764933 -27.278437195
-58.600165161 -27.312957052
-58.604195923 -27.316264343
-58.604134634 -27.315548078
-58.59990678 -27.266138204
-58.601560425 -27.245674337
-58.614014445 -27.22665741
-58.63871578 -27.210120951
-58.652358358 -27.198028666
-58.6584045 -27.185109558
-58.653288534 -27.156274109
-58.638819133 -27.135913595
-58.616133179 -27.12382131
-58.565490275 -27.115966491
-58.560529338 -27.105527853
-58.56238969 -27.090128276
-58.562182983 -27.072144877
-58.559702515 -27.063359884
-58.556395224 -27.055505066
-58.551692668 -27.048167012
-58.54543982 -27.041035665
-58.536258597 -27.036293714
-58.536034709 -27.03617808
-58.530505331 -27.040518901
-58.528024862 -27.047753601
-58.528024862 -27.05168101
-58.52704301 -27.054161479
-58.520032094 -27.058368028
-58.519808309 -27.058502299
-58.51154008 -27.060155945
-58.507560995 -27.055091655
-58.506734172 -27.038451843
-58.50487382 -27.031527201
-58.501359823 -27.023672384
-58.492368124 -27.009719747
-58.474539755 -26.990082703
-58.466633261 -26.97592336
-58.481619426 -26.963831075
-58.483686483 -26.950601908
-58.475469931 -26.937992859
-58.459811971 -26.928174337
-58.415525269 -26.917528992
-58.393872843 -26.909674174
-58.384674439 -26.897065125
-58.374700887 -26.887556661
-58.328915568 -26.884146016
-58.315789754 -26.874120789
-58.322145956 -26.856757507
-58.340387737 -26.844458516
-58.352376668 -26.83050588
-58.340026002 -26.808595072
-58.323334513 -26.80384084
-58.305506144 -26.809111837
-58.288556275 -26.811488953
-58.274810344 -26.798363139
-58.27847937 -26.790198262
-58.286540894 -26.778726095
-58.287936158 -26.768597514
-58.271399699 -26.764256694
-58.259255737 -26.764463399
-58.251762655 -26.763223165
-58.247938599 -26.758158875
-58.245199748 -26.680230815
-58.240652222 -26.661213887
-58.235536255 -26.649845073
-58.23228064 -26.648604838
-58.227164673 -26.652015483
-58.195693726 -26.657493184
-58.183859823 -26.656769715
-58.178640503 -26.650671895
-58.181379354 -26.641576843
-58.187167115 -26.633618672
-58.192076376 -26.624626974
-58.192283082 -26.612844747
-58.188510702 -26.609744161
-58.171509155 -26.598582051
-58.164946249 -26.592277527
-58.170527303 -26.586799825
-58.179312297 -26.572640483
-58.185410116 -26.56499237
-58.207992717 -26.550212911
-58.213367066 -26.544528503
-58.217346151 -26.527578633
-58.214193889 -26.512385763
-58.208716187 -26.496882833
-58.20592566 -26.479416198
-58.20272172 -26.471561381
-58.188665731 -26.462052917
-58.185410116 -26.451717631
-58.209594687 -26.431253763
-58.213057007 -26.418644714
-58.206184042 -26.402728373
-58.172697714 -26.349294943
-58.167633423 -26.335032247
-58.164946249 -26.318599141
-58.170010539 -26.286559753
-58.169958863 -26.270333354
-58.161845663 -26.263305359
-58.145980998 -26.26010142
-58.123295044 -26.251523132
-58.105983439 -26.2395342
-58.106603557 -26.226098327
-58.121227987 -26.216693217
-58.137144328 -26.209458517
-58.148926555 -26.199329936
-58.15130367 -26.18144989
-58.14117509 -26.184757182
-58.133216919 -26.18899465
-58.127635865 -26.194679056
-58.124018515 -26.201913757
-58.115233521 -26.190958353
-58.106293498 -26.170287781
-58.096681681 -26.1366981
-58.086501424 -26.127189636
-58.021595826 -26.10569224
-57.98821285 -26.088535665
-57.872716024 -26.010297546
-57.859693563 -25.994277852
-57.859590211 -25.980945333
-57.905840618 -25.968646342
-57.898244182 -25.953556823
-57.863310914 -25.927615255
-57.857109742 -25.919863789
-57.851373657 -25.908391622
-57.852407186 -25.897952982
-57.875351522 -25.890201518
-57.878193726 -25.883173523
-57.875351522 -25.876145528
-57.854215861 -25.868910827
-57.83323523 -25.858782247
-57.819661966 -25.849779221
-57.81282304 -25.845243022
-57.801867635 -25.831393738
-57.817060507 -25.797493998
-57.82062618 -25.778270365
-57.805588339 -25.769898783
-57.787243205 -25.764111023
-57.76791622 -25.75067515
-57.751069703 -25.734862162
-57.740372681 -25.72214976
-57.751121379 -25.719565938
-57.760578166 -25.715638529
-57.76848466 -25.709954122
-57.774582479 -25.701685892
-57.7537052 -25.67274709
-57.741251181 -25.661895039
-57.719908813 -25.653833517
-57.708695028 -25.652903341
-57.698204712 -25.653626811
-57.688334514 -25.652696635
-57.67898108 -25.647012227
-57.675260376 -25.639260763
-57.670041057 -25.616936544
-57.668077352 -25.612285665
-57.638776815 -25.615799662
-57.62306718 -25.615386251
-57.616297567 -25.609185079
-57.611646688 -25.585930684
-57.600691284 -25.578799337
-57.587152059 -25.575698751
-57.575318157 -25.564433289
-57.57004716 -25.546656596
-57.556921346 -25.45984019
-57.558109905 -25.443510437
-57.565292928 -25.430384623
-57.5787288 -25.416742045
-57.640792196 -25.372610372
-57.641205608 -25.360518087
-57.671487997 -25.290134786
-57.671975554 -25.289830981
-57.702338827 -25.270911153
-57.721769165 -25.246106466
-57.754066935 -25.180890808
-57.766004192 -25.167868347
-57.79732011 -25.15391571
-57.812409628 -25.143683777
-57.856489624 -25.096761576
-57.870700644 -25.085289408
-57.890492716 -25.078674825
-57.969764364 -25.07846812
-57.983768677 -25.074230652
-57.989866496 -25.064102071
-57.993638876 -25.052733256
-58.000460165 -25.044361674
-58.009813599 -25.042501323
-58.032137817 -25.045085144
-58.042059693 -25.044361674
-58.111512818 -25.012322286
-58.124018515 -25.012942403
-58.133888713 -24.997852885
-58.224064088 -24.941215515
-58.242512573 -24.941732279
-58.259152385 -24.952997742
-58.287264364 -24.979766134
-58.299304973 -24.987724304
-58.311965699 -24.993615417
-58.323282837 -24.995269064
-58.335995239 -24.991858419
-58.341317912 -24.986174011
-58.344366821 -24.978319194
-58.350567993 -24.968604024
-58.414801799 -24.903078308
-58.438521281 -24.872795919
-58.450768596 -24.861737162
-58.473402873 -24.851298523
-58.694216268 -24.812024435
-58.699383912 -24.807270203
-58.701916056 -24.799312032
-58.708117228 -24.795074565
-58.715972046 -24.791870626
-58.723258424 -24.786702983
-58.737469442 -24.782775573
-58.788474081 -24.781638692
-58.80919633 -24.776781107
-59.000915894 -24.644179382
-59.0326969 -24.637048035
-59.042412069 -24.630536804
-59.062462525 -24.6123467
-59.072177694 -24.606765645
-59.07832719 -24.605628763
-59.097189088 -24.605422058
-59.116981161 -24.598807475
-59.154394898 -24.57627655
-59.177907675 -24.568731791
-59.206484742 -24.550231629
-59.24808427 -24.537209168
-59.257644409 -24.530181173
-59.263122112 -24.523463236
-59.270460165 -24.51819224
-59.28560136 -24.516125183
-59.295058146 -24.512921245
-59.308080607 -24.498761902
-59.340972657 -24.487599793
-59.357405762 -24.468996277
-59.377766277 -24.433546244
-59.387093872 -24.423831075
-59.426032065 -24.392515157
-59.450268311 -24.382386576
-59.453808147 -24.374531759
-59.456288615 -24.365436706
-59.459725098 -24.358512065
-59.465900432 -24.353551127
-59.487656209 -24.344766133
-59.510419678 -24.332673848
-59.521142538 -24.325025737
-59.532020427 -24.314070333
-59.539978598 -24.308799336
-59.558427083 -24.305388692
-59.575402792 -24.295880229
-59.600517538 -24.292882995
-59.610516928 -24.289575704
-59.61772579 -24.283477885
-59.635321615 -24.261463725
-59.673639689 -24.225393575
-60.033669393 -24.007008972
-60.051730307 -24.002874858
-60.072375041 -24.004838562
-60.119297242 -24.020238139
-60.143249268 -24.025199076
-60.218128419 -24.027369487
-60.296418213 -24.016414083
-60.328018351 -24.017964376
-60.337371786 -24.016414083
-60.348042969 -24.010833028
-60.36757666 -23.994709981
-60.378351197 -23.98850881
-60.387420411 -23.987165222
-60.423051311 -23.98850881
-60.484882162 -23.9773467
-60.517722534 -23.955745952
-60.535964315 -23.947581075
-60.571750244 -23.946030782
-60.577538005 -23.944170431
-60.593583537 -23.912234395
-60.594617066 -23.906549988
-60.603841309 -23.904689636
-60.621152914 -23.89580129
-60.632159994 -23.892287293
-60.643709677 -23.891357117
-60.689675863 -23.89363088
-60.699416871 -23.891253764
-60.719854899 -23.875027364
-60.729285849 -23.872133484
-60.787776138 -23.873445157
-60.816851563 -23.874097188
-60.837625488 -23.871823425
-60.866357585 -23.855907084
-60.899947266 -23.83048228
-60.936663371 -23.813842468
-60.974826417 -23.824074402
-61.00634904 -23.805470886
-61.015805827 -23.796685893
-61.030223551 -23.774620056
-61.036243856 -23.768832296
-61.038052531 -23.755396423
-61.049989787 -23.734725851
-61.066216187 -23.715708923
-61.092519491 -23.701859639
-61.109650228 -23.675608012
-61.118848633 -23.666409607
-61.109753581 -23.649976501
-61.106239584 -23.627238872
-61.109856934 -23.60698171
-61.12223344 -23.598196716
-61.139493368 -23.592719014
-61.154453695 -23.580316671
-61.167812052 -23.566570739
-61.180240234 -23.557165629
-61.187733317 -23.556235454
-61.207680421 -23.557579041
-61.214398356 -23.557165629
-61.223570923 -23.551274516
-61.242923747 -23.533084412
-61.251941284 -23.529260355
-61.272611857 -23.523575948
-61.282947144 -23.50993337
-61.288967449 -23.494120381
-61.296951457 -23.48140798
-61.361779541 -23.454742941
-61.384853068 -23.453709412
-61.398676514 -23.450092062
-61.40872758 -23.443580831
-61.420509807 -23.433658956
-61.435702678 -23.423737081
-61.451929078 -23.417432556
-61.470300049 -23.414125265
-61.491849122 -23.413195089
-61.501073364 -23.40782074
-61.510375123 -23.384359639
-61.52634314 -23.374747823
-61.52546464 -23.364722595
-61.520787924 -23.353250427
-61.51605953 -23.344982198
-61.533965414 -23.344568786
-61.545773479 -23.342605083
-61.554635986 -23.338367615
-61.6051497 -23.289275004
-61.619619101 -23.282867126
-61.66685136 -23.282867126
-61.68031307 -23.279249776
-61.688762167 -23.274495544
-61.704420125 -23.258372498
-61.718527792 -23.249277445
-61.732997193 -23.243386332
-61.744262655 -23.234808044
-61.748810181 -23.217341411
-61.749481975 -23.198841247
-61.752272502 -23.187059021
-61.758473674 -23.177447205
-61.769274049 -23.165561625
-61.780022747 -23.156879985
-61.802657023 -23.144994405
-61.81428422 -23.135175883
-61.836970175 -23.104686788
-61.844980022 -23.097245382
-61.956446086 -23.03440684
-61.992051148 -22.998129985
-62.005900431 -22.978906352
-62.006055461 -22.974358825
-62.008949341 -22.969707946
-62.003781698 -22.946350199
-62.006055461 -22.936841736
-62.017165894 -22.921752218
-62.035821086 -22.884855245
-62.050445516 -22.864494731
-62.071632854 -22.843927511
-62.080831259 -22.832351989
-62.084603638 -22.820156351
-62.08935787 -22.819949646
-62.099228069 -22.813748474
-62.107858032 -22.806513774
-62.108788208 -22.802999776
-62.11586788 -22.799795837
-62.119743612 -22.792147725
-62.12253414 -22.783156027
-62.12615149 -22.77571462
-62.153488323 -22.747809346
-62.15974117 -22.737164001
-62.164081991 -22.725898539
-62.170799927 -22.717320251
-62.184184123 -22.713702901
-62.188266561 -22.708328553
-62.175915894 -22.684867452
-62.195036174 -22.67360199
-62.194622763 -22.660579529
-62.187646444 -22.638565369
-62.192969117 -22.628230082
-62.196586467 -22.626473084
-62.202529257 -22.627196553
-62.2149316 -22.624302673
-62.239736288 -22.613760681
-62.252810425 -22.603632101
-62.252965455 -22.591126403
-62.238857789 -22.573039652
-62.233225057 -22.556296488
-62.241183228 -22.538416443
-62.263352417 -22.514438578
-62.268830119 -22.512991639
-62.275599732 -22.513508402
-62.281387492 -22.512061463
-62.283816285 -22.504826762
-62.283609579 -22.493768006
-62.284539754 -22.488703715
-62.287226929 -22.483949483
-62.294513306 -22.479815369
-62.305727092 -22.476714782
-62.341356967 -22.472261048
-62.348721884 -22.471340434
-62.368255575 -22.464415792
-62.438070435 -22.419664001
-62.454968628 -22.403851013
-62.461944947 -22.388761494
-62.470574911 -22.381836853
-62.510727499 -22.370157979
-62.523388225 -22.364886983
-62.547624471 -22.335328064
-62.564677694 -22.321995544
-62.588293823 -22.316414489
-62.599610962 -22.315174255
-62.613150187 -22.311453552
-62.625294149 -22.305045675
-62.632683879 -22.295950623
-62.630823527 -22.287682394
-62.624208944 -22.278897399
-62.620281535 -22.268458761
-62.626431031 -22.255022888
-62.619609741 -22.255022888
-62.624829061 -22.247271423
-62.631805379 -22.240760193
-62.640383668 -22.236212667
-62.650357219 -22.234455668
-62.627516235 -22.184536234
-62.599404257 -22.089865011
-62.57284257 -22.000774841
-62.529227662 -21.86507253
-62.492795777 -21.75179779
-62.446183635 -21.606897074
-62.411973837 -21.500857035
-62.375490276 -21.38448171
-62.340401978 -21.272860616
-62.307897502 -21.169301046
-62.275703085 -21.066568298
-62.271879028 -21.00093923
-62.271885774 -21.000423653
-62.273791057 -20.854798278
-62.275031291 -20.758680115
-62.276168173 -20.670726827
-62.277305054 -20.579776306
-62.268830119 -20.553111267
-62.232398235 -20.501021423
-62.210573102 -20.471305463
-62.189661825 -20.442833761
-62.144961711 -20.382062276
-62.100209921 -20.321187439
-62.055509807 -20.260415954
-62.010809693 -20.199541117
-61.994169881 -20.175666605
-61.977581747 -20.151792094
-61.960941936 -20.128020935
-61.944250448 -20.104146423
-61.931383017 -20.078308207
-61.924739799 -20.065127639
-61.918412232 -20.052573344
-61.9055448 -20.026735128
-61.892574016 -20.000896911
-61.892522339 -20.000896911
-61.86441036 -19.927413025
-61.836298381 -19.853825785
-61.808186401 -19.780341898
-61.780074422 -19.706961364
-61.761212525 -19.657765401
-61.753202678 -19.645879822
-61.73723466 -19.639575297
-61.648222006 -19.626759542
-61.62672461 -19.623658955
-61.579544027 -19.616837667
-61.53228593 -19.610016378
-61.510840211 -19.606915791
-61.172359579 -19.537462667
-60.833930624 -19.467906189
-60.49547583 -19.398453064
-60.156995199 -19.328999939
-60.006384237 -19.298097432
-59.924322063 -19.297063904
-59.735858114 -19.294790141
-59.547497518 -19.292413025
-59.359085246 -19.290139262
-59.17072465 -19.287762146
-59.089540975 -19.286728617
-59.069645549 -19.291482849
-59.039673218 -19.311636658
-59.011096151 -19.330963644
-58.960659953 -19.360522562
-58.867435669 -19.415299581
-58.774108033 -19.470076599
-58.680832072 -19.524750264
-58.587504435 -19.57942393
-58.494280152 -19.634200948
-58.401004191 -19.688874613
-58.307779908 -19.743651632
-58.214452271 -19.798325297
-58.175281535 -19.821372985
-58.164429484 -19.832948507
-58.161173869 -19.847211202
-58.164222779 -19.880284118
-58.162207398 -19.912323507
-58.145154176 -19.969580993
-58.141846884 -20.000896911
-58.144482382 -20.023117778
-58.143138794 -20.065285747
-58.144740763 -20.086163025
-58.159520224 -20.139079692
-58.158796753 -20.165124613
