19.054991495 43.506699524
19.076385538 43.507242127
19.096022583 43.512900696
19.122790975 43.535948385
19.147699015 43.538144633
19.195344686 43.532796122
19.175190877 43.509619243
19.175914347 43.480887146
19.1922441 43.454532165
19.218392375 43.438202413
19.355644979 43.393063049
19.37228479 43.384226379
19.414039347 43.338389384
19.473053833 43.293275859
19.485146118 43.280098369
19.502302693 43.251934713
19.512431274 43.240643413
19.547844736 43.218814866
19.549948364 43.217518209
19.580850871 43.187804261
19.598110799 43.176202902
19.618678019 43.168244731
19.663016398 43.158503723
19.684617147 43.156720887
19.697329549 43.160209046
19.705494425 43.166177673
19.713555949 43.165609233
19.74280481 43.126516012
19.761201619 43.108739319
19.781768839 43.096466166
19.805126587 43.089954936
19.838302856 43.088352967
19.872202596 43.090368348
19.883778117 43.09569102
19.907135864 43.113261007
19.916644328 43.117059225
19.929150024 43.113906963
19.936591431 43.105897116
19.942275838 43.095639343
19.949820598 43.085924174
19.959742472 43.078560282
20.01989384 43.047347718
20.054388424 43.022220673
20.056344255 43.020795978
20.116942179 42.976654358
20.129464296 42.973604791
20.140920044 42.970814922
20.194560181 42.966835836
20.223188924 42.957663269
20.275588827 42.929887187
20.337083781 42.906968689
20.353620239 42.890974834
20.355170532 42.866170146
20.34535201 42.82743866
20.264426717 42.817258403
20.226082805 42.806768087
20.21760787 42.802737325
20.209236288 42.791704407
20.208409464 42.782092591
20.209959757 42.772971701
20.208409464 42.763282369
20.183398071 42.742508443
20.149498331 42.749872335
20.112084595 42.766537985
20.076324503 42.773436789
20.065059041 42.769457703
20.055638448 42.763866229
20.034673299 42.751422628
20.026508423 42.743206075
20.024751424 42.723414002
20.036120239 42.707988587
20.037006251 42.707363097
20.094204549 42.666983337
20.101956014 42.65667389
20.103919718 42.653108216
20.090587199 42.627347514
20.079218384 42.611250305
20.075704386 42.60308543
20.075394328 42.586962382
20.078184855 42.572906393
20.077047973 42.55990977
20.064955688 42.546758118
20.039220825 42.557765199
20.017723429 42.546241353
19.981756632 42.510765483
19.956331828 42.50531362
19.907549276 42.506398824
19.882744588 42.493608907
19.882744588 42.493557231
19.882537883 42.493402202
19.873339477 42.486839295
19.835512329 42.47025116
19.829062799 42.468722537
19.819595988 42.46647878
19.801405884 42.468132426
19.784456014 42.474566143
19.751589803 42.493402202
19.734329875 42.524382223
19.73091923 42.533658143
19.730299113 42.540427755
19.732159464 42.555543111
19.733916464 42.562596945
19.74135787 42.574405009
19.746008749 42.579934387
19.747765747 42.578900859
19.746884654 42.588929772
19.746008749 42.598899639
19.737533814 42.624401957
19.722134237 42.646080221
19.699293254 42.654813538
19.676038859 42.6466745
19.658037166 42.634612704
19.64792688 42.627838441
19.621778605 42.604997457
19.605035441 42.584843649
19.599247681 42.571046041
19.593666626 42.544820252
19.588085572 42.532857158
19.575683227 42.522341004
19.561317179 42.516243185
19.549328247 42.508595072
19.543747192 42.493557231
19.543747192 42.493402202
19.531654907 42.474772848
19.517805623 42.458029684
19.501475871 42.444128724
19.481735473 42.434491069
19.468402954 42.41810964
19.417243286 42.374107158
19.412075643 42.368396912
19.402670532 42.352015483
19.400706828 42.344754944
19.401326945 42.33106069
19.400396769 42.325893047
19.304588663 42.215098776
19.274926392 42.191275941
19.272032511 42.180682271
19.281955677 42.164723366
19.282057739 42.164559225
19.297767375 42.151665955
19.355024861 42.120039979
19.369997877 42.106506676
19.372491496 42.104252828
19.374868612 42.09466685
19.356575155 42.064797872
19.35171757 42.047615458
19.350580689 42.027823385
19.354198039 42.008703105
19.363396443 41.993639425
19.363706503 41.993484395
19.371044556 41.986559754
19.365773559 41.969713237
19.359779093 41.965992534
19.351614217 41.965165711
19.346446574 41.961548361
19.352854452 41.938500672
19.350477336 41.931369324
19.346653279 41.926175843
19.345413045 41.921189067
19.34592981 41.91447113
19.345309692 41.910337016
19.347686808 41.906357931
19.356988566 41.899639994
19.364946737 41.88899465
19.364223267 41.862846375
19.3651220996 41.8523719103
19.365082227 41.852362372
19.346934441 41.863959052
19.310231967 41.89451732
19.293223504 41.900783596
19.220225457 41.918850002
19.202972852 41.927069403
19.17847741 41.933905341
19.170258009 41.937974351
19.162282748 41.947943427
19.161957227 41.953436591
19.163259311 41.958970445
19.160329623 41.96898021
19.155609571 41.970648505
19.145274285 41.977606512
19.137950066 41.985296942
19.142914259 41.988836981
19.1435653 41.993068752
19.139170769 42.042425848
19.082530144 42.081203518
19.074717644 42.095648505
19.083832227 42.110093492
19.076426629 42.115952867
19.063975457 42.120184637
19.048675977 42.140204169
19.01059004 42.139553127
19.002126498 42.150213934
18.999847852 42.161078192
18.99480228 42.163641669
18.988047722 42.163723049
18.981618686 42.167059637
18.968028191 42.188706773
18.953461134 42.199855861
18.913340691 42.222235419
18.901703321 42.237494208
18.894704623 42.270493882
18.885996941 42.284369208
18.871592644 42.290472723
18.854014519 42.290472723
18.8388778 42.285711981
18.831390821 42.27753327
18.826508009 42.282212632
18.820485873 42.286688544
18.817637566 42.291164455
18.801524285 42.284369208
18.793955925 42.280340887
18.788747592 42.276027736
18.786387566 42.274115302
18.778575066 42.271470445
18.771983269 42.276922919
18.762461785 42.291164455
18.7295028 42.311590887
18.714528842 42.325262762
18.714121941 42.338934637
18.708343946 42.342474677
18.699717644 42.349839585
18.693614129 42.353216864
18.693614129 42.35944245
18.695811394 42.373765367
18.67847741 42.385972398
18.658539259 42.38662344
18.653168165 42.366278387
18.646494988 42.366278387
18.638438347 42.370306708
18.616709832 42.368068752
18.6123153 42.369940497
18.607106967 42.376410223
18.594899936 42.383734442
18.58090254 42.389837958
18.570648634 42.392971096
18.57300866 42.396429755
18.57309004 42.397528387
18.574066602 42.398260809
18.578135613 42.400376695
18.552989129 42.413641669
18.545176629 42.423570054
18.550140821 42.435126044
18.562836134 42.438544012
18.644948764 42.418361721
18.656504754 42.415513414
18.685557488 42.403998114
18.700450066 42.392971096
18.708181186 42.408514716
18.706553582 42.421047268
18.683848504 42.458807684
18.683278842 42.468085028
18.687347852 42.482896226
18.654144727 42.451808986
18.608653191 42.44537995
18.502452019 42.455633856
18.502452019 42.448187567
18.521250847 42.437974351
18.512950066 42.409002997
18.529795769 42.400376695
18.510264519 42.405259507
18.496429884 42.416327216
18.497816202 42.431157939
18.492855265 42.442371724
18.475491984 42.449813131
18.467740519 42.453378805
18.454924764 42.464721782
18.444279419 42.47792511
18.437148071 42.493402202
18.436424602 42.510765483
18.442005656 42.543011577
18.437354777 42.559212138
18.447690064 42.566214295
18.458955525 42.569728292
18.470531047 42.569056499
18.481796509 42.563682149
18.492131795 42.564767355
18.495852498 42.570865174
18.493682088 42.579831034
18.486654093 42.589830424
18.506797873 42.598490208
18.517246542 42.602982077
18.538433878 42.618304139
18.542832323 42.626429044
18.549595988 42.638923035
18.5500094 42.668068543
18.539674113 42.695457052
18.522517537 42.711890157
18.502157023 42.727444763
18.46743046 42.769199321
18.453891235 42.793151347
18.444589477 42.817077536
18.443659302 42.834466655
18.453477824 42.845654603
18.46598352 42.852811788
18.473321574 42.862552795
18.467637166 42.881698914
18.44396936 42.916864726
18.434047486 42.936889344
18.433530721 42.954200949
18.452754354 42.993397522
18.483036743 43.014636536
18.538950643 43.023886617
18.59837854 43.024455058
18.638996215 43.020243429
18.62111617 43.096440328
18.620599406 43.122562765
18.621127821 43.124578152
18.629074341 43.154886373
18.645300741 43.180181986
18.688398885 43.22446869
18.664317667 43.233176168
18.679510539 43.249480082
18.807151326 43.31802887
18.833506307 43.324152527
18.830302368 43.32815745
18.82461796 43.337407532
18.821207316 43.341386617
18.839604126 43.347820333
18.899135376 43.351902771
18.923423299 43.346838481
18.950295044 43.333066712
18.957323038 43.32585785
18.957943156 43.318984884
18.957116333 43.311827698
18.959493449 43.303456116
18.968588501 43.292216492
18.988949015 43.272941183
18.989505697 43.272016109
18.992463013 43.267101746
19.002901652 43.273948873
19.010859823 43.282320455
19.017164347 43.291157125
19.022535153 43.296546325
19.024709106 43.298727723
19.036284627 43.303326925
19.062536255 43.304386292
19.069667603 43.308830465
19.039591919 43.350714213
19.009929647 43.410994772
18.975306437 43.444274394
18.968278443 43.44809845
18.946264282 43.443938497
18.946367635 43.449080303
18.950708455 43.457296855
18.951225219 43.463808085
18.9378927 43.47894928
18.930657999 43.48228241
18.915258423 43.485382996
18.905646607 43.490628154
18.905129842 43.499051413
18.911020955 43.507267965
18.920529419 43.512203064
18.938926229 43.518946839
18.962697388 43.538299662
18.977476847 43.546231995
19.000214477 43.547885641
19.014270467 43.537782898
19.025019165 43.523029277
19.038144979 43.511014507
19.054991495 43.506699524
