154.817637566 0.922186591
154.812836134 0.91815827
154.801768425 0.91819896
154.798594597 0.924465236
154.802989129 0.927069403
154.808116082 0.927801825
154.814300977 0.92576732
154.817637566 0.922186591
154.732920769 0.967027085
154.726817254 0.960638739
154.715098504 0.961371161
154.714854363 0.965562242
154.721934441 0.969183661
154.732920769 0.967027085
154.796560092 0.965806382
154.792328321 0.962876695
154.783702019 0.963690497
154.778168165 0.96881745
154.778493686 0.973700262
154.784353061 0.975490627
154.793142123 0.972113348
154.796560092 0.965806382
154.894297722 3.762844143
154.879242384 3.751939195
154.876719597 3.767971096
154.891856316 3.778794664
154.894297722 3.762844143
154.79175866 3.776556708
154.773692254 3.766262111
154.771250847 3.78148021
154.789317254 3.791815497
154.79175866 3.776556708
153.678233269 5.289496161
153.667735222 5.286037502
153.671722852 5.297674872
153.685313347 5.309719143
153.700856967 5.316961981
153.710703972 5.314601955
153.707692905 5.305365302
153.69410241 5.296454169
153.678233269 5.289496161
163.042979363 5.310939846
163.025726759 5.280015367
163.019216342 5.272691148
163.005544467 5.26976146
162.993418816 5.272853908
162.981455925 5.277655341
162.96762129 5.280178127
162.945974155 5.280015367
162.931325717 5.281927802
162.916188998 5.286932684
162.912119988 5.304185289
162.924082879 5.321030992
162.97144616 5.361761786
162.990733269 5.374823309
163.01059004 5.379706122
163.02605228 5.368841864
163.027354363 5.362697658
163.025726759 5.34760163
163.02605228 5.340887762
163.030446811 5.335679429
163.037282748 5.333685614
163.043711785 5.330959377
163.046560092 5.323553778
163.042979363 5.310939846
157.162445509 5.775824286
157.161875847 5.773871161
157.160655144 5.776190497
157.15894616 5.777899481
157.158457879 5.779201565
157.160899285 5.779933986
157.163910352 5.778713283
157.163828972 5.77728913
157.162445509 5.775824286
149.321055535 6.702215887
149.315765821 6.696926174
149.316091342 6.703924872
149.316905144 6.709906317
149.318858269 6.71507396
149.323496941 6.719468492
149.325694207 6.712551174
149.324717644 6.7070987
149.321055535 6.702215887
157.945811394 6.72260163
157.93637129 6.717189846
157.939219597 6.727362372
157.942067905 6.7305362
157.948903842 6.731675523
157.9482528 6.725775458
157.945811394 6.72260163
158.201670769 6.970038153
158.208262566 6.965277411
158.218028191 6.970851955
158.22527103 6.970200914
158.232432488 6.967108466
158.242360873 6.965277411
158.267344597 6.966376044
158.276621941 6.965277411
158.277354363 6.963202216
158.293955925 6.952297268
158.297048373 6.951646226
158.30347741 6.942857164
158.300791863 6.940741278
158.290782097 6.937974351
158.296234571 6.928127346
158.304698113 6.924383856
158.314707879 6.92576732
158.324961785 6.931138414
158.338226759 6.87909577
158.33863366 6.869086005
158.33073978 6.866603908
158.308848504 6.868475653
158.304453972 6.865952867
158.306407097 6.855210679
158.315603061 6.836615302
158.317556186 6.824693101
158.313812696 6.8086612
158.304535352 6.799302476
158.292491082 6.795070705
158.244476759 6.788275458
158.22535241 6.789496161
158.215098504 6.80076732
158.193532748 6.793443101
158.180186394 6.802476304
158.17058353 6.817531643
158.160492384 6.82811107
158.164561394 6.841213283
158.166026238 6.853989976
158.16293379 6.865790106
158.153086785 6.875921942
158.155935092 6.879868882
158.160492384 6.890204169
158.132985873 6.891913153
158.125824415 6.907416083
158.132497592 6.94135163
158.141856316 6.950995184
158.161143425 6.951361395
158.178233269 6.956040757
158.180918816 6.978949286
158.201670769 6.970038153
151.861827019 7.327134507
151.856781446 7.31659577
151.853200717 7.353827216
151.8545028 7.370062567
151.862640821 7.361761786
151.865570509 7.350653387
151.865244988 7.338771877
151.861827019 7.327134507
149.186696811 7.376125393
149.185720248 7.371649481
149.180837436 7.381170966
149.187266472 7.381577867
149.188243035 7.379787502
149.186696811 7.376125393
151.636403842 7.387111721
151.650157097 7.369370835
151.650726759 7.354234117
151.644541863 7.33608633
151.634287957 7.327866929
151.622731967 7.342678127
151.61589603 7.342678127
151.607432488 7.33612702
151.595957879 7.336737372
151.582692905 7.340399481
151.568125847 7.342678127
151.571136915 7.346258856
151.574229363 7.3477237
151.581797722 7.348863023
151.591075066 7.353420315
151.617360873 7.358954169
151.622731967 7.365912177
151.618418816 7.375881252
151.596934441 7.372748114
151.58863366 7.383612372
151.622406446 7.391750393
151.636403842 7.387111721
151.870290561 7.463527736
151.876719597 7.458726304
151.883799675 7.463568427
151.892263217 7.462469794
151.903168165 7.459540106
151.917653842 7.458726304
151.907481316 7.446926174
151.890635613 7.435248114
151.871918165 7.426743882
151.856211785 7.424627997
151.855642123 7.436957098
151.856781446 7.447170315
151.863047722 7.465562242
151.867442254 7.46474844
151.870290561 7.463527736
150.408457879 8.579291083
150.407481316 8.575506903
150.404633009 8.58600495
150.409353061 8.584662177
150.409841342 8.582342841
150.408457879 8.579291083
149.67448978 8.581732489
149.668711785 8.574693101
149.665293816 8.587591864
149.667816602 8.604234117
149.675547722 8.616441148
149.687266472 8.616034247
149.688812696 8.607326565
149.682953321 8.594305731
149.67448978 8.581732489
150.122813347 8.978216864
150.118174675 8.976304429
150.124278191 8.985500393
150.127452019 8.987494208
150.132985873 8.986070054
150.130544467 8.980943101
150.127126498 8.979152736
150.122813347 8.978216864
138.184255405 9.544378973
138.197520379 9.53900788
138.219004754 9.548570054
138.214121941 9.537054755
138.202403191 9.521185614
138.188731316 9.506822007
138.177989129 9.50018952
138.164073113 9.504828192
138.156586134 9.525783596
138.143809441 9.521307684
138.134450717 9.51186758
138.079844597 9.425441799
138.068125847 9.412054755
138.063812696 9.436102606
138.07300866 9.470404364
138.089121941 9.501166083
138.105967644 9.514471747
138.112966342 9.521470445
138.121267123 9.55487702
138.126231316 9.565985419
138.141123894 9.57436758
138.14722741 9.567368882
138.150075717 9.541164455
138.151866082 9.5508487
138.15495853 9.560736395
138.1591903 9.569525458
138.164398634 9.575873114
138.173187696 9.582342841
138.184906446 9.588812567
138.193614129 9.588853257
138.192393425 9.575873114
138.181651238 9.55874258
138.184255405 9.544378973
140.524668816 9.764471747
140.515391472 9.761175848
140.514170769 9.767808335
140.521739129 9.774725653
140.531260613 9.775580145
140.532888217 9.771918036
140.524668816 9.764471747
