-27.152943489 -59.470798435
-27.214222786 -59.471856378
-27.234608528 -59.467950128
-27.252919075 -59.458265883
-27.249989387 -59.446709894
-27.24339759 -59.440687758
-27.231312629 -59.438246352
-27.136830207 -59.437188409
-27.136830207 -59.444024347
-27.146351692 -59.452732029
-27.148182746 -59.462985935
-27.152943489 -59.470798435
-27.301340299 -59.471937758
-27.312123176 -59.47275156
-27.322621223 -59.471856378
-27.332753059 -59.469170831
-27.342274543 -59.464532159
-27.371408658 -59.455824477
-27.399240689 -59.443617446
-27.40721595 -59.431735935
-27.377064582 -59.423516534
-27.330922004 -59.424574477
-27.329945442 -59.427504165
-27.330962694 -59.431817316
-27.328602668 -59.437188409
-27.323231575 -59.447360935
-27.32144121 -59.457777602
-27.316477017 -59.466566665
-27.301340299 -59.471937758
-26.569447395 -59.064141534
-26.595570442 -59.067315363
-26.629790819 -59.062758071
-26.653675911 -59.045586847
-26.657053189 -59.023695571
-26.629750129 -59.005954685
-26.59504147 -59.001885675
-26.562652148 -59.00790781
-26.499379036 -59.033135675
-26.522084114 -59.04664479
-26.545236783 -59.057224217
-26.569447395 -59.064141534
-26.245676236 -58.488539321
-26.246205207 -58.498711847
-26.249379036 -58.494724217
-26.252552864 -58.493584894
-26.256011523 -58.493096613
-26.301014778 -58.477227472
-26.430287239 -58.452406508
-26.457834439 -58.426690363
-26.454701301 -58.421482029
-26.447865364 -58.41383229
-26.441029426 -58.403985284
-26.437977668 -58.392266534
-26.43089759 -58.385023696
-26.414540168 -58.381931248
-26.312367317 -58.382094008
-26.276844856 -58.386895441
-26.246205207 -58.402520441
-26.259836392 -58.436700128
-26.25511634 -58.444919529
-26.242014127 -58.461195571
-26.23932858 -58.467705988
-26.245676236 -58.488539321
-26.403187629 -57.784356378
-26.388172981 -57.786390883
-26.356027799 -57.786228123
-26.371937629 -57.797051691
-26.388661262 -57.803480727
-26.424305793 -57.812758071
-26.452381965 -57.811781508
-26.478749153 -57.802666925
-26.499989387 -57.788506769
-26.513050911 -57.772556248
-26.47765052 -57.744886977
-26.458729621 -57.738457941
-26.437977668 -57.744561456
-26.433216926 -57.750909113
-26.424794075 -57.770603123
-26.416859504 -57.778741144
-26.403187629 -57.784356378
-26.650257942 -57.079766534
-26.655018684 -57.080010675
-26.657826301 -57.08180104
-26.660267707 -57.084242446
-26.663889127 -57.086683852
-26.670725064 -57.079766534
-26.683216926 -57.081312758
-26.699533658 -57.075860284
-26.732818163 -57.059340102
-26.713205533 -57.048435154
-26.690337694 -57.05055104
-26.668120898 -57.06243255
-26.650257942 -57.079766534
-28.168568489 -56.715997003
-28.187123176 -56.726250909
-28.210113085 -56.725030206
-28.213286913 -56.713962498
-28.193104621 -56.704034113
-28.171457486 -56.704847915
-28.168568489 -56.715997003
-27.107085741 -56.7147763
-27.164173957 -56.724216404
-27.19627845 -56.719496352
-27.207590299 -56.713148696
-27.21198483 -56.699639581
-27.204579231 -56.690199477
-27.187367317 -56.682549738
-27.166981575 -56.677504165
-27.150502082 -56.6757138
-27.134917773 -56.678643488
-27.112212694 -56.685967706
-27.094227668 -56.695896092
-27.092437304 -56.706475519
-27.107085741 -56.7147763
-27.556467252 -56.310804946
-27.568999804 -56.320570571
-27.582508918 -56.313246352
-27.602162239 -56.296563409
-27.609771288 -56.292168878
-27.593332486 -56.2772763
-27.572499153 -56.272556248
-27.549875455 -56.275567316
-27.527902799 -56.284763279
-27.527902799 -56.292168878
-27.543120898 -56.297133071
-27.556467252 -56.310804946
-37.018177864 -54.496514581
-37.018177864 -54.503350519
-37.025502082 -54.502862238
-37.029937304 -54.504978123
-37.033680793 -54.508070571
-37.038685676 -54.510837498
-37.063059049 -54.513929946
-37.074574348 -54.513360284
-37.086496549 -54.510837498
-37.086496549 -54.503350519
-37.066639778 -54.503350519
-37.107574023 -54.489678644
-37.109974739 -54.476983331
-37.102935351 -54.471774998
-37.092111783 -54.469496352
-37.08307858 -54.465915623
-37.068267382 -54.464288019
-37.048736132 -54.474541925
-37.018177864 -54.496514581
-38.065785286 -54.002373956
-38.076324023 -54.0038388
-38.08702552 -54.00367604
-38.077992317 -53.99195729
-38.062367317 -53.98805104
-38.026193814 -53.989434503
-38.065785286 -54.002373956
-37.687163866 -53.993747654
-37.689808723 -54.00367604
-37.492421028 -54.000420831
-37.421620246 -53.985935154
-37.381947395 -53.982598566
-37.381947395 -53.989434503
-37.443348762 -54.009942316
-37.436512825 -54.017347915
-37.443348762 -54.030450128
-37.463856575 -54.030450128
-37.442779101 -54.0429013
-37.426340299 -54.049086196
-37.408843554 -54.051364842
-37.384999153 -54.051446222
-37.37629147 -54.050388279
-37.359242317 -54.045179946
-37.350575325 -54.044040623
-37.292551236 -54.044040623
-37.232818163 -54.067559503
-37.2236222 -54.068536066
-37.217396614 -54.052422784
-37.202381965 -54.048923435
-37.1845597 -54.049004816
-37.169667121 -54.044040623
-37.171376106 -54.034112238
-37.155995246 -54.031426691
-37.135365364 -54.031833592
-37.121205207 -54.030450128
-37.139719205 -54.045993748
-37.133452929 -54.050388279
-37.117583788 -54.050062758
-37.107574023 -54.051446222
-37.108143684 -54.062188409
-37.117787239 -54.069919529
-37.14171302 -54.078789972
-37.137562629 -54.087985935
-37.138539192 -54.096774998
-37.142933723 -54.10523854
-37.149159309 -54.113539321
-37.122425911 -54.111911717
-37.101796028 -54.098809503
-37.082590299 -54.080987238
-37.05980384 -54.065118097
-37.037261523 -54.057793878
-37.005238411 -54.052015883
-36.978138801 -54.05478281
-36.970366991 -54.071954034
-37.013295051 -54.096449477
-37.031483528 -54.110528253
-37.018177864 -54.119805597
-36.996327278 -54.11695729
-36.915760871 -54.085625909
-36.921131965 -54.082452081
-36.931019661 -54.074883722
-36.936268684 -54.071954034
-36.914784309 -54.067966404
-36.891428189 -54.069512628
-36.840077278 -54.078789972
-36.812652148 -54.088474217
-36.80597897 -54.092461847
-36.804066536 -54.103122654
-36.816273567 -54.115655206
-36.813384569 -54.126641534
-36.818226692 -54.135349217
-36.813221809 -54.141289972
-36.802967903 -54.143487238
-36.791656054 -54.140313409
-36.788075325 -54.132989191
-36.784250455 -54.108086847
-36.77863522 -54.099297784
-36.753529426 -54.093926691
-36.655100064 -54.106133722
-36.662587043 -54.113539321
-36.642933723 -54.114027602
-36.631581184 -54.115655206
-36.621571418 -54.119805597
-36.621571418 -54.126641534
-36.629790819 -54.135186456
-36.632313606 -54.139418227
-36.635243293 -54.147719008
-36.652088996 -54.141289972
-36.670074023 -54.140232029
-36.687733528 -54.1444638
-36.703480598 -54.153903904
-36.675404426 -54.158135675
-36.664133267 -54.161797784
-36.668771939 -54.168226821
-36.680490689 -54.170993748
-36.705189582 -54.170505467
-36.717152473 -54.174411717
-36.691558398 -54.184177342
-36.659169075 -54.182061456
-36.599842903 -54.168226821
-36.541818814 -54.161309503
-36.533355273 -54.166924738
-36.52440345 -54.177015883
-36.513050911 -54.182712498
-36.497466601 -54.174411717
-36.492665168 -54.181410415
-36.491118944 -54.184991144
-36.492665168 -54.188571873
-36.497466601 -54.195489191
-36.512562629 -54.188164972
-36.528879361 -54.187758071
-36.558949348 -54.195489191
-36.573109504 -54.202325128
-36.65746009 -54.239434503
-36.664296028 -54.241143488
-36.669992642 -54.243584894
-36.675648567 -54.249444269
-36.674143033 -54.25400156
-36.6689347 -54.259942316
-36.667062955 -54.267673435
-36.675648567 -54.27743906
-36.650461392 -54.279066665
-36.630848762 -54.277764581
-36.613270637 -54.272719008
-36.545074023 -54.237725519
-36.519032356 -54.231866144
-36.504261848 -54.242771092
-36.491851366 -54.234633071
-36.477406379 -54.238864842
-36.468861457 -54.250909113
-36.47386634 -54.266534113
-36.48167884 -54.269707941
-36.491851366 -54.270114842
-36.500559049 -54.272149347
-36.504261848 -54.280531508
-36.50108802 -54.286309503
-36.495187955 -54.289239191
-36.492095507 -54.293877863
-36.497466601 -54.30478281
-36.487700976 -54.314222915
-36.485829231 -54.324883722
-36.489735481 -54.335625909
-36.497466601 -54.345798435
-36.45811927 -54.318291925
-36.436634895 -54.310153904
-36.4189347 -54.314629816
-36.392811653 -54.343194269
-36.375070767 -54.356052342
-36.354074674 -54.35930755
-36.336537239 -54.35149505
-36.338490364 -54.338148696
-36.348255989 -54.320733331
-36.354074674 -54.301039321
-36.357492642 -54.293552342
-36.380726692 -54.27743906
-36.38780677 -54.26930104
-36.39191647 -54.262872003
-36.393788215 -54.254978123
-36.394439257 -54.242771092
-36.32921302 -54.257256769
-36.298898892 -54.268161717
-36.291981575 -54.283623956
-36.280344205 -54.282159113
-36.269032356 -54.282159113
-36.260609504 -54.285414321
-36.257232226 -54.294203383
-36.255482551 -54.305108331
-36.253041145 -54.312920831
-36.254628059 -54.319105727
-36.264719205 -54.325290623
-36.234689908 -54.338799738
-36.23534095 -54.34351979
-36.248850064 -54.350274347
-36.257232226 -54.369886977
-36.243885871 -54.375258071
-36.161691861 -54.372979425
-36.164458788 -54.386163019
-36.16527259 -54.399346613
-36.171009895 -54.409763279
-36.188954231 -54.414646092
-36.183949348 -54.423923435
-36.176258918 -54.430271092
-36.166371223 -54.433851821
-36.154855924 -54.435153904
-36.155018684 -54.443942967
-36.146351692 -54.449802342
-36.133412239 -54.453383071
-36.120716926 -54.455661717
-36.114816861 -54.454847915
-36.100209114 -54.448663019
-36.092925585 -54.451755467
-36.076039192 -54.462497654
-36.051503059 -54.461195571
-36.041981575 -54.463962498
-36.038156705 -54.4725888
-36.035064257 -54.484063409
-36.027251757 -54.491469008
-36.016224739 -54.495375258
-36.033518033 -54.504489842
-36.056385871 -54.514825128
-36.100209114 -54.545017185
-36.088449674 -54.551527602
-36.069813606 -54.566664321
-36.059234179 -54.571709894
-36.043283658 -54.573500258
-35.950591601 -54.570570571
-35.935780403 -54.565524998
-35.910145637 -54.552015883
-35.898304817 -54.548597915
-35.887318489 -54.551202081
-35.891224739 -54.56243255
-35.908436653 -54.592705988
-35.931792773 -54.617608331
-35.935780403 -54.620049738
-35.911936002 -54.664808852
-35.908802864 -54.68726979
-35.935780403 -54.689060154
-35.914784309 -54.715264581
-35.871490038 -54.736911717
-35.822417773 -54.751560154
-35.784291145 -54.757256769
-35.784291145 -54.764743748
-35.797189908 -54.766696873
-35.810943163 -54.772067967
-35.822010871 -54.779473566
-35.826527473 -54.787692967
-35.835113085 -54.790704034
-35.854603645 -54.789727472
-35.887318489 -54.784437758
-35.90733802 -54.80462005
-35.937367317 -54.809991144
-35.96983802 -54.806084894
-35.99718177 -54.798109633
-36.046864387 -54.775974217
-36.075550911 -54.766696873
-36.1064347 -54.764743748
-36.096587694 -54.775160415
-36.083973762 -54.783379816
-36.069935676 -54.788750909
-36.05581621 -54.790704034
-36.043080207 -54.794122003
-36.023019986 -54.811130467
-36.010853645 -54.818617446
-36.000070767 -54.822198175
-35.989165819 -54.82398854
-35.963042773 -54.824883722
-35.953480598 -54.827813409
-35.933827278 -54.841566665
-35.922027148 -54.845961196
-35.922027148 -54.852227472
-35.933176236 -54.853122654
-35.943837043 -54.852715753
-35.953846809 -54.850518488
-35.963042773 -54.845961196
-35.961008267 -54.850681248
-35.95807858 -54.861911717
-35.956166145 -54.866469008
-35.985178189 -54.86695729
-35.996205207 -54.86305104
-36.004017707 -54.852227472
-36.007720507 -54.865329685
-36.007476366 -54.870782159
-36.004017707 -54.879489842
-36.01667233 -54.879652602
-36.037831184 -54.874688409
-36.048980273 -54.873304946
-36.055165168 -54.876234633
-36.062611457 -54.882256769
-36.072621223 -54.887302342
-36.101796028 -54.887465102
-36.115956184 -54.884535415
-36.127308723 -54.877618097
-36.134388801 -54.866469008
-36.125152148 -54.865899347
-36.118967252 -54.864190363
-36.1064347 -54.859063409
-36.147368944 -54.845961196
-36.1923722 -54.811211847
-36.211781379 -54.806410415
-36.235015429 -54.795098566
-36.271555142 -54.770928644
-36.273060676 -54.756605727
-36.283436653 -54.758477472
-36.298817512 -54.743584894
-36.294992642 -54.728448175
-36.303822395 -54.71103281
-36.312326627 -54.690362238
-36.346424934 -54.654229425
-36.421742317 -54.593357029
-36.435658332 -54.58587005
-36.448475715 -54.584893488
-36.464466926 -54.581719659
-36.478016731 -54.576348566
-36.483754036 -54.568536066
-36.480458137 -54.557549738
-36.466297981 -54.545342706
-36.463286913 -54.537530206
-36.474436002 -54.523858331
-36.499012825 -54.510511977
-36.525298632 -54.500583592
-36.541818814 -54.496514581
-36.570139127 -54.496677342
-36.580677864 -54.499607029
-36.600819465 -54.513767185
-36.614654101 -54.516045831
-36.629139778 -54.514906508
-36.641468879 -54.510837498
-36.658518033 -54.498793227
-36.670033332 -54.487237238
-36.684315559 -54.476983331
-36.785511848 -54.448663019
-36.792632616 -54.448337498
-36.80190996 -54.44931406
-36.809966601 -54.44898854
-36.813384569 -54.445000909
-36.812245246 -54.440524998
-36.807240364 -54.429294529
-36.80597897 -54.427666925
-36.80589759 -54.422621352
-36.800445116 -54.415297133
-36.799061653 -54.410902602
-36.800282356 -54.403252863
-36.803374804 -54.402764581
-36.807932095 -54.403741144
-36.813384569 -54.400974217
-36.828236457 -54.390069269
-36.847279426 -54.383558852
-36.86815345 -54.380547784
-36.888498502 -54.379815363
-36.881011523 -54.372979425
-36.901478645 -54.366794529
-36.89565996 -54.356622003
-36.886138476 -54.351983331
-36.874134895 -54.351250909
-36.86050371 -54.352634373
-36.884510871 -54.336358331
-36.923573371 -54.33570729
-37.001454231 -54.345798435
-37.014475064 -54.343438409
-37.052967903 -54.331231378
-37.073068814 -54.321709894
-37.082427538 -54.315687758
-37.086496549 -54.311618748
-37.085682746 -54.30478281
-37.081166145 -54.295505467
-37.080230273 -54.287286066
-37.089914517 -54.283623956
-37.103016731 -54.28118255
-37.118967252 -54.275160415
-37.134266731 -54.267510675
-37.145415819 -54.260023696
-37.15339108 -54.257500909
-37.172271288 -54.2616513
-37.182972786 -54.260023696
-37.200062629 -54.253187758
-37.2236222 -54.249444269
-37.241566536 -54.250420831
-37.270375129 -54.260674738
-37.331166145 -54.264743748
-37.350168424 -54.268812758
-37.36827552 -54.27743906
-37.374256965 -54.270440363
-37.382557746 -54.266534113
-37.392201301 -54.266045831
-37.402455207 -54.269952081
-37.413685676 -54.255303644
-37.409657356 -54.248467706
-37.334584114 -54.229668878
-37.319203254 -54.229099217
-37.338490364 -54.213799738
-37.394398567 -54.200941665
-37.409250455 -54.181817316
-37.367543098 -54.182386977
-37.321197069 -54.173760675
-37.237294075 -54.147719008
-37.262115038 -54.141045831
-37.353423632 -54.141208592
-37.388091601 -54.147719008
-37.400786913 -54.145114842
-37.424305793 -54.135511977
-37.436268684 -54.133477472
-37.529042121 -54.133477472
-37.553212043 -54.137627863
-37.562001106 -54.146905206
-37.555165168 -54.156426691
-37.532704231 -54.161309503
-37.551136848 -54.165948175
-37.629709439 -54.175469659
-37.668771939 -54.173109633
-37.689808723 -54.174411717
-37.685047981 -54.170017185
-37.680409309 -54.164239191
-37.676136848 -54.161309503
-37.689442512 -54.15618255
-37.724517382 -54.133477472
-37.688140429 -54.120293878
-37.670074023 -54.111260675
-37.655629036 -54.099297784
-37.671742317 -54.096123956
-37.706288215 -54.098321222
-37.724517382 -54.092461847
-37.66128496 -54.073174738
-37.631581184 -54.059014581
-37.614654101 -54.037855727
-37.734486457 -54.037855727
-37.792836067 -54.044040623
-37.807850715 -54.041192316
-37.82917233 -54.032159113
-37.840646939 -54.030450128
-37.896595832 -54.043226821
-37.927723762 -54.045586847
-37.953602668 -54.034112238
-37.973215299 -54.028090102
-38.012277799 -54.052015883
-38.03237871 -54.051446222
-38.029896614 -54.041924738
-38.025217252 -54.032891534
-38.017323371 -54.026136977
-38.00511634 -54.023614191
-38.009917773 -54.01572031
-38.014556444 -54.011163019
-38.021392382 -54.009454034
-38.03237871 -54.009942316
-38.015858528 -54.004082941
-37.964182095 -54.00367604
-37.912464973 -53.990980727
-37.89183509 -53.989434503
-37.870432095 -53.992608331
-37.837269661 -54.006768488
-37.820139127 -54.009942316
-37.798939582 -54.00790781
-37.776844856 -54.002373956
-37.755848762 -53.993747654
-37.738189257 -53.982598566
-37.738270637 -53.973239842
-37.716664192 -53.97242604
-37.68879147 -53.976820571
-37.669911262 -53.982598566
-37.679107226 -53.984958592
-37.684234179 -53.987969659
-37.687163866 -53.993747654
